0.000000000000000000e+00 0.000000000000000000e+00
1.000000000000000021e-02 1.415698111051474917e-02
2.000000000000000042e-02 1.415698111051474917e-02
2.999999999999999889e-02 1.415698111051474917e-02
4.000000000000000083e-02 1.415698111051474917e-02
5.000000000000000278e-02 1.415698111051474917e-02
5.999999999999999778e-02 1.415698111051474917e-02
7.000000000000000666e-02 1.415698111051474917e-02
8.000000000000000167e-02 1.415698111051474917e-02
8.999999999999999667e-02 1.415698111051474917e-02
1.000000000000000056e-01 1.415698111051474917e-02
1.100000000000000006e-01 1.415698111051474917e-02
1.199999999999999956e-01 1.415698111051474917e-02
1.300000000000000044e-01 1.415698111051474917e-02
1.400000000000000133e-01 1.415698111051474917e-02
1.499999999999999944e-01 1.415698111051474917e-02
1.600000000000000033e-01 1.415698111051474917e-02
1.700000000000000122e-01 1.415698111051474917e-02
1.799999999999999933e-01 1.415698111051474917e-02
1.900000000000000022e-01 1.415698111051474917e-02
2.000000000000000111e-01 1.415698111051474917e-02
2.099999999999999922e-01 1.415698111051474917e-02
2.200000000000000011e-01 1.415698111051474917e-02
2.300000000000000100e-01 1.415698111051474917e-02
2.399999999999999911e-01 1.415698111051474917e-02
2.500000000000000000e-01 1.415698111051474917e-02
2.600000000000000089e-01 1.415698111051474917e-02
2.700000000000000178e-01 1.415698111051474917e-02
2.800000000000000266e-01 1.415698111051474917e-02
2.899999999999999800e-01 1.415698111051474917e-02
2.999999999999999889e-01 1.415698111051474917e-02
3.099999999999999978e-01 1.415698111051474917e-02
3.200000000000000067e-01 1.415698111051474917e-02
3.300000000000000155e-01 1.415698111051474917e-02
3.400000000000000244e-01 1.415698111051474917e-02
3.499999999999999778e-01 1.415698111051474917e-02
3.599999999999999867e-01 1.415698111051474917e-02
3.699999999999999956e-01 1.415698111051474917e-02
3.800000000000000044e-01 1.415698111051474917e-02
3.900000000000000133e-01 1.415698111051474917e-02
4.000000000000000222e-01 1.415698111051474917e-02
4.099999999999999756e-01 1.415698111051474917e-02
4.199999999999999845e-01 1.415698111051474917e-02
4.299999999999999933e-01 1.415698111051474917e-02
4.400000000000000022e-01 1.415698111051474917e-02
4.500000000000000111e-01 1.415698111051474917e-02
4.600000000000000200e-01 1.415698111051474917e-02
4.699999999999999734e-01 1.415698111051474917e-02
4.799999999999999822e-01 1.415698111051474917e-02
4.899999999999999911e-01 1.415698111051474917e-02
5.000000000000000000e-01 1.415698111051474917e-02
5.100000000000000089e-01 1.415698111051474917e-02
5.200000000000000178e-01 1.415698111051474917e-02
5.300000000000000266e-01 1.415698111051474917e-02
5.400000000000000355e-01 1.415698111051474917e-02
5.500000000000000444e-01 1.415698111051474917e-02
5.600000000000000533e-01 1.415698111051474917e-02
5.699999999999999512e-01 1.415698111051474917e-02
5.799999999999999600e-01 1.415698111051474917e-02
5.899999999999999689e-01 1.415698111051474917e-02
5.999999999999999778e-01 1.415698111051474917e-02
6.099999999999999867e-01 1.415698111051474917e-02
6.199999999999999956e-01 1.415698111051474917e-02
6.300000000000000044e-01 1.415698111051474917e-02
6.400000000000000133e-01 1.415698111051474917e-02
6.500000000000000222e-01 1.415698111051474917e-02
6.600000000000000311e-01 1.415698111051474917e-02
6.700000000000000400e-01 1.415698111051474917e-02
6.800000000000000488e-01 1.415698111051474917e-02
6.899999999999999467e-01 1.415698111051474917e-02
6.999999999999999556e-01 1.415698111051474917e-02
7.099999999999999645e-01 1.415698111051474917e-02
7.199999999999999734e-01 1.415698111051474917e-02
7.299999999999999822e-01 1.415698111051474917e-02
7.399999999999999911e-01 1.415698111051474917e-02
7.500000000000000000e-01 1.415698111051474917e-02
7.600000000000000089e-01 1.415698111051474917e-02
7.700000000000000178e-01 1.415698111051474917e-02
7.800000000000000266e-01 1.415698111051474917e-02
7.900000000000000355e-01 1.415698111051474917e-02
8.000000000000000444e-01 1.415698111051474917e-02
8.100000000000000533e-01 1.415698111051474917e-02
8.199999999999999512e-01 1.415698111051474917e-02
8.299999999999999600e-01 1.415698111051476478e-02
8.399999999999999689e-01 1.415698111051532163e-02
8.499999999999999778e-01 1.415698111053291519e-02
8.599999999999999867e-01 1.415698111099945172e-02
8.699999999999999956e-01 1.415698112139636596e-02
8.800000000000000044e-01 1.415698131606884722e-02
8.900000000000000133e-01 1.415698437777960540e-02
9.000000000000000222e-01 1.415702481059964192e-02
9.100000000000000311e-01 1.415747296536155192e-02
9.200000000000000400e-01 1.416163985253273382e-02
9.300000000000000488e-01 1.419411766893198014e-02
9.399999999999999467e-01 1.440613343772535054e-02
9.499999999999999556e-01 1.556397856135376470e-02
9.599999999999999645e-01 2.084547708133780569e-02
9.699999999999999734e-01 4.092527104258983361e-02
9.799999999999999822e-01 1.043619287436539506e-01
9.899999999999999911e-01 2.701517174762345652e-01
1.000000000000000000e+00 6.261014064820898950e-01
1.010000000000000009e+00 1.246644931892560315e+00
1.020000000000000018e+00 2.106238271726843081e+00
1.030000000000000027e+00 3.008277181700341529e+00
1.040000000000000036e+00 3.628845898136503045e+00
1.050000000000000044e+00 3.697702560674884786e+00
1.060000000000000053e+00 3.185448108095973563e+00
1.070000000000000062e+00 2.323671009522893183e+00
1.080000000000000071e+00 1.439529423927207175e+00
1.090000000000000080e+00 7.619103627138658075e-01
1.100000000000000089e+00 3.493149072674553435e-01
1.110000000000000098e+00 1.437223055688930107e-01
1.120000000000000107e+00 5.812315517778466473e-02
1.129999999999999893e+00 2.767475121096679008e-02
1.139999999999999902e+00 1.811498444590984441e-02
1.149999999999999911e+00 1.532855688450975896e-02
1.159999999999999920e+00 1.452643374825670491e-02
1.169999999999999929e+00 1.428867636388414346e-02
1.179999999999999938e+00 1.421516239785921253e-02
1.189999999999999947e+00 1.418960547521685989e-02
1.199999999999999956e+00 1.417744825745550011e-02
1.209999999999999964e+00 1.416950855288101434e-02
1.219999999999999973e+00 1.416400038718712041e-02
1.229999999999999982e+00 1.416054452998847558e-02
1.239999999999999991e+00 1.415865875622151701e-02
1.250000000000000000e+00 1.415775242840383065e-02
1.260000000000000009e+00 1.415735016967944494e-02
1.270000000000000018e+00 1.415717048104506853e-02
1.280000000000000027e+00 1.415708210631469628e-02
1.290000000000000036e+00 1.415703392657749124e-02
1.300000000000000044e+00 1.415700702518929953e-02
1.310000000000000053e+00 1.415699279517806768e-02
1.320000000000000062e+00 1.415698594050239685e-02
1.330000000000000071e+00 1.415698296803118844e-02
1.340000000000000080e+00 1.415698180594904439e-02
1.350000000000000089e+00 1.415698139984058676e-02
1.360000000000000098e+00 1.415698129096283793e-02
1.370000000000000107e+00 1.415698131160058465e-02
1.379999999999999893e+00 1.415698142266825013e-02
1.389999999999999902e+00 1.415698165459337507e-02
1.399999999999999911e+00 1.415698210673117102e-02
1.409999999999999920e+00 1.415698296714243583e-02
1.419999999999999929e+00 1.415698451221996876e-02
1.429999999999999938e+00 1.415698704683827393e-02
1.439999999999999947e+00 1.415699078914946923e-02
1.449999999999999956e+00 1.415699587029157699e-02
1.459999999999999964e+00 1.415700329512113373e-02
1.469999999999999973e+00 1.415702136961199779e-02
1.479999999999999982e+00 1.415710262498784226e-02
1.489999999999999991e+00 1.415754148792091813e-02
1.500000000000000000e+00 1.415984523900885340e-02
1.510000000000000009e+00 1.417105840530781188e-02
1.520000000000000018e+00 1.422112424067409689e-02
1.530000000000000027e+00 1.442544040956862325e-02
1.540000000000000036e+00 1.518607530783305098e-02
1.550000000000000044e+00 1.776536560666421016e-02
1.560000000000000053e+00 2.571990371381904089e-02
1.570000000000000062e+00 4.799392739979645855e-02
1.580000000000000071e+00 1.045152043413586362e-01
1.590000000000000080e+00 2.341759806787076792e-01
1.600000000000000089e+00 5.022153883810097641e-01
1.610000000000000098e+00 9.993267616996234226e-01
1.620000000000000107e+00 1.821223543249037791e+00
1.629999999999999893e+00 3.021281618470491814e+00
1.639999999999999902e+00 4.545842080532572105e+00
1.649999999999999911e+00 6.187148905545433841e+00
1.659999999999999920e+00 7.601796915847396363e+00
1.669999999999999929e+00 8.418005127871232673e+00
1.679999999999999938e+00 8.394151082128644248e+00
1.689999999999999947e+00 7.537883923412733722e+00
1.699999999999999956e+00 6.105178436948007992e+00
1.709999999999999964e+00 4.477092508074851374e+00
1.719999999999999973e+00 2.995216289540258980e+00
1.729999999999999982e+00 1.853142036922776903e+00
1.739999999999999991e+00 1.085052274528407912e+00
1.750000000000000000e+00 6.229528996739180924e-01
1.760000000000000009e+00 3.668050750589925135e-01
1.770000000000000018e+00 2.302082799839096638e-01
1.780000000000000027e+00 1.556787800868732752e-01
1.790000000000000036e+00 1.113427713653806772e-01
1.800000000000000044e+00 8.192631250369813989e-02
1.810000000000000053e+00 6.091922733854392841e-02
1.820000000000000062e+00 4.565301214632173227e-02
1.830000000000000071e+00 3.479626455233941762e-02
1.840000000000000080e+00 2.735302430383708058e-02
1.850000000000000089e+00 2.242286500125551668e-02
1.860000000000000098e+00 1.923585487256340362e-02
1.870000000000000107e+00 1.720759132793616558e-02
1.879999999999999893e+00 1.593671795270438368e-02
1.889999999999999902e+00 1.516122406763968471e-02
1.899999999999999911e+00 1.470934503035604100e-02
1.909999999999999920e+00 1.446474046414172009e-02
1.919999999999999929e+00 1.434733186720029210e-02
1.929999999999999938e+00 1.430322889012827087e-02
1.939999999999999947e+00 1.429772566575120314e-02
1.949999999999999956e+00 1.430895038760598981e-02
1.959999999999999964e+00 1.432261474640333758e-02
1.969999999999999973e+00 1.432905928967866983e-02
1.979999999999999982e+00 1.432275652879137599e-02
1.989999999999999991e+00 1.430292269687269240e-02
2.000000000000000000e+00 1.427334640169872736e-02
2.009999999999999787e+00 1.424051181038796764e-02
2.020000000000000018e+00 1.421073435811225950e-02
2.029999999999999805e+00 1.418789623911948482e-02
2.040000000000000036e+00 1.417283712219453116e-02
2.049999999999999822e+00 1.416422251239106075e-02
2.060000000000000053e+00 1.415992327280879252e-02
2.069999999999999840e+00 1.415804422088495426e-02
2.080000000000000071e+00 1.415732281551341197e-02
2.089999999999999858e+00 1.415707888586528046e-02
2.100000000000000089e+00 1.415700605221874818e-02
2.109999999999999876e+00 1.415698679455066472e-02
2.120000000000000107e+00 1.415698227113548237e-02
2.129999999999999893e+00 1.415698132369259780e-02
2.140000000000000124e+00 1.415698114593006741e-02
2.149999999999999911e+00 1.415698111588739247e-02
2.160000000000000142e+00 1.415698111129368164e-02
2.169999999999999929e+00 1.415698111068635842e-02
2.180000000000000160e+00 1.415698111069180372e-02
2.189999999999999947e+00 1.415698111085568131e-02
2.200000000000000178e+00 1.415698111115105962e-02
2.209999999999999964e+00 1.415698111159178867e-02
2.220000000000000195e+00 1.415698111215649667e-02
2.229999999999999982e+00 1.415698111276508103e-02
2.240000000000000213e+00 1.415698111328889293e-02
2.250000000000000000e+00 1.415698111359487213e-02
2.259999999999999787e+00 1.415698111360261247e-02
2.270000000000000018e+00 1.415698111331972590e-02
2.279999999999999805e+00 1.415698111283364251e-02
2.290000000000000036e+00 1.415698111226820592e-02
2.299999999999999822e+00 1.415698111173419906e-02
2.310000000000000053e+00 1.415698111129938021e-02
2.319999999999999840e+00 1.415698111098492515e-02
2.330000000000000071e+00 1.415698111077918868e-02
2.339999999999999858e+00 1.415698111065574749e-02
2.350000000000000089e+00 1.415698111058701081e-02
2.359999999999999876e+00 1.415698111055106213e-02
2.370000000000000107e+00 1.415698111053318754e-02
2.379999999999999893e+00 1.415698111052472209e-02
2.390000000000000124e+00 1.415698111052149551e-02
2.399999999999999911e+00 1.415698111052427280e-02
2.410000000000000142e+00 1.415698111054804025e-02
2.419999999999999929e+00 1.415698111066839883e-02
2.430000000000000160e+00 1.415698111120889009e-02
2.439999999999999947e+00 1.415698111339601384e-02
2.450000000000000178e+00 1.415698112132990523e-02
2.459999999999999964e+00 1.415698114700840449e-02
2.470000000000000195e+00 1.415698122091213831e-02
2.479999999999999982e+00 1.415698140959763957e-02
2.490000000000000213e+00 1.415698183620731423e-02
2.500000000000000000e+00 1.415698268934572832e-02
2.509999999999999787e+00 1.415698419750261589e-02
2.520000000000000018e+00 1.415698655499142943e-02
2.529999999999999805e+00 1.415698981946936393e-02
2.540000000000000036e+00 1.415699384061986504e-02
2.549999999999999822e+00 1.415699828022675549e-02
2.560000000000000053e+00 1.415700272433286985e-02
2.569999999999999840e+00 1.415700681317434186e-02
2.580000000000000071e+00 1.415701030054986737e-02
2.589999999999999858e+00 1.415701302007596474e-02
2.600000000000000089e+00 1.415701481566707977e-02
2.609999999999999876e+00 1.415701551361184252e-02
2.620000000000000107e+00 1.415701496790931421e-02
2.629999999999999893e+00 1.415701314917020177e-02
2.640000000000000124e+00 1.415701021642944667e-02
2.649999999999999911e+00 1.415700652160359341e-02
2.660000000000000142e+00 1.415700253376283441e-02
2.669999999999999929e+00 1.415699871415772824e-02
2.680000000000000160e+00 1.415699540201967657e-02
2.689999999999999947e+00 1.415699276578177498e-02
2.700000000000000178e+00 1.415699083096746101e-02
2.709999999999999964e+00 1.415698954296909333e-02
2.720000000000000195e+00 1.415698880504197288e-02
2.729999999999999982e+00 1.415698846837427048e-02
2.740000000000000213e+00 1.415698831112399865e-02
2.750000000000000000e+00 1.415698806676470370e-02
2.759999999999999787e+00 1.415698751725213457e-02
2.770000000000000018e+00 1.415698659337430443e-02
2.779999999999999805e+00 1.415698540210800181e-02
2.790000000000000036e+00 1.415698415701266769e-02
2.799999999999999822e+00 1.415698306449549027e-02
2.810000000000000053e+00 1.415698224172988982e-02
2.819999999999999840e+00 1.415698170198550869e-02
2.830000000000000071e+00 1.415698139024493436e-02
2.839999999999999858e+00 1.415698123042349182e-02
2.850000000000000089e+00 1.415698115721077122e-02
2.859999999999999876e+00 1.415698112707491733e-02
2.870000000000000107e+00 1.415698111587467001e-02
2.879999999999999893e+00 1.415698111210077735e-02
2.890000000000000124e+00 1.415698111094431874e-02
2.899999999999999911e+00 1.415698111062154742e-02
2.910000000000000142e+00 1.415698111054010909e-02
2.919999999999999929e+00 1.415698111052385300e-02
2.930000000000000160e+00 1.415698111052953075e-02
2.939999999999999947e+00 1.415698111056535799e-02
2.950000000000000178e+00 1.415698111072810107e-02
2.959999999999999964e+00 1.415698111154894794e-02
2.970000000000000195e+00 1.415698111575667065e-02
2.979999999999999982e+00 1.415698113594630013e-02
2.990000000000000213e+00 1.415698122293117429e-02
3.000000000000000000e+00 1.415698155356722235e-02
3.009999999999999787e+00 1.415698265454978788e-02
3.020000000000000018e+00 1.415698585703158673e-02
3.029999999999999805e+00 1.415699398266651900e-02
3.040000000000000036e+00 1.415701194485484600e-02
3.049999999999999822e+00 1.415704647315920925e-02
3.060000000000000053e+00 1.415710399157175947e-02
3.069999999999999840e+00 1.415718648269399110e-02
3.080000000000000071e+00 1.415728702472610762e-02
3.089999999999999858e+00 1.415738829076378623e-02
3.100000000000000089e+00 1.415746664430619917e-02
3.109999999999999876e+00 1.415750105263060242e-02
3.120000000000000107e+00 1.415748222088752430e-02
3.129999999999999893e+00 1.415741653889356078e-02
3.140000000000000124e+00 1.415732264390906492e-02
3.149999999999999911e+00 1.415722306854141910e-02
3.160000000000000142e+00 1.415713593149337500e-02
3.169999999999999929e+00 1.415707054990185398e-02
3.180000000000000160e+00 1.415702775791428079e-02
3.189999999999999947e+00 1.415700313793953440e-02
3.200000000000000178e+00 1.415699067211603768e-02
3.209999999999999964e+00 1.415698518392935999e-02
3.220000000000000195e+00 1.415698323560665023e-02
3.229999999999999982e+00 1.415698298395866479e-02
3.240000000000000213e+00 1.415698365864791197e-02
3.250000000000000000e+00 1.415698508535019433e-02
3.259999999999999787e+00 1.415698738522638486e-02
3.270000000000000018e+00 1.415699082115112577e-02
3.279999999999999805e+00 1.415699573671755189e-02
3.290000000000000036e+00 1.415700259492753271e-02
3.299999999999999822e+00 1.415701223072635996e-02
3.310000000000000053e+00 1.415702651876434709e-02
3.319999999999999840e+00 1.415704953029686512e-02
3.330000000000000071e+00 1.415708863360777385e-02
3.339999999999999858e+00 1.415715396624137729e-02
3.350000000000000089e+00 1.415725431385479564e-02
3.359999999999999876e+00 1.415738927119005938e-02
3.370000000000000107e+00 1.415754169082620618e-02
3.379999999999999893e+00 1.415767747081178585e-02
3.390000000000000124e+00 1.415775697613138630e-02
3.399999999999999911e+00 1.415775368523588054e-02
3.410000000000000142e+00 1.415766818048876108e-02
3.419999999999999929e+00 1.415752752582846372e-02
3.430000000000000160e+00 1.415737081992003536e-02
3.439999999999999947e+00 1.415723144892957509e-02
3.450000000000000178e+00 1.415712682208489573e-02
3.459999999999999964e+00 1.415705875036953401e-02
3.470000000000000195e+00 1.415702043742460628e-02
3.479999999999999982e+00 1.415700500222606684e-02
3.490000000000000213e+00 1.415701518045066158e-02
3.500000000000000000e+00 1.415708198128455206e-02
3.509999999999999787e+00 1.415731091219205387e-02
3.520000000000000018e+00 1.415798526902282625e-02
3.529999999999999805e+00 1.415975159243524142e-02
3.540000000000000036e+00 1.416385845654386487e-02
3.549999999999999822e+00 1.417228800865859804e-02
3.560000000000000053e+00 1.418746302737063959e-02
3.569999999999999840e+00 1.421123010480659227e-02
3.580000000000000071e+00 1.424324510154554788e-02
3.589999999999999858e+00 1.427962799231236903e-02
3.600000000000000089e+00 1.431315465093617283e-02
3.609999999999999876e+00 1.433557237972170502e-02
3.620000000000000107e+00 1.434105566376042175e-02
3.629999999999999893e+00 1.432871824586211783e-02
3.640000000000000124e+00 1.430265812162611998e-02
3.649999999999999911e+00 1.426977970696402184e-02
3.660000000000000142e+00 1.423695983273800571e-02
3.669999999999999929e+00 1.420903877333551564e-02
3.680000000000000160e+00 1.418816866617579955e-02
3.689999999999999947e+00 1.417424703201539821e-02
3.700000000000000178e+00 1.416586821237676187e-02
3.709999999999999964e+00 1.416126729705657200e-02
3.720000000000000195e+00 1.415893241138523918e-02
3.729999999999999982e+00 1.415782304977593851e-02
3.740000000000000213e+00 1.415732501551726120e-02
3.750000000000000000e+00 1.415711330575087495e-02
3.759999999999999787e+00 1.415702852252982528e-02
3.770000000000000018e+00 1.415699683429889888e-02
3.779999999999999805e+00 1.415698589345186671e-02
3.790000000000000036e+00 1.415698243575559505e-02
3.799999999999999822e+00 1.415698144311536809e-02
3.810000000000000053e+00 1.415698118609471853e-02
3.819999999999999840e+00 1.415698112735491385e-02
3.830000000000000071e+00 1.415698111923749045e-02
3.839999999999999858e+00 1.415698113189677206e-02
3.850000000000000089e+00 1.415698117841350696e-02
3.859999999999999876e+00 1.415698131131265004e-02
3.870000000000000107e+00 1.415698165065087770e-02
3.879999999999999893e+00 1.415698242605821673e-02
3.890000000000000124e+00 1.415698400158703178e-02
3.899999999999999911e+00 1.415698682367389633e-02
3.910000000000000142e+00 1.415699122928839454e-02
3.919999999999999929e+00 1.415699712971961802e-02
3.930000000000000160e+00 1.415700374832181037e-02
3.939999999999999947e+00 1.415700970016597372e-02
3.950000000000000178e+00 1.415701354774579618e-02
3.959999999999999964e+00 1.415701455690482509e-02
3.970000000000000195e+00 1.415701309629796047e-02
3.979999999999999982e+00 1.415701035330506341e-02
3.990000000000000213e+00 1.415700760291373726e-02
4.000000000000000000e+00 1.415700557447076464e-02
4.009999999999999787e+00 1.415700425914995925e-02
4.019999999999999574e+00 1.415700311997478665e-02
4.030000000000000249e+00 1.415700148482028527e-02
4.040000000000000036e+00 1.415699892471843774e-02
4.049999999999999822e+00 1.415699547462032429e-02
4.059999999999999609e+00 1.415699160619333236e-02
4.070000000000000284e+00 1.415698797366329691e-02
4.080000000000000071e+00 1.415698509286859343e-02
4.089999999999999858e+00 1.415698315195092032e-02
4.099999999999999645e+00 1.415698203572682279e-02
4.110000000000000320e+00 1.415698148447737913e-02
4.120000000000000107e+00 1.415698124818095920e-02
4.129999999999999893e+00 1.415698115840534344e-02
4.139999999999999680e+00 1.415698112700441297e-02
4.150000000000000355e+00 1.415698111631378923e-02
4.160000000000000142e+00 1.415698111258375906e-02
4.169999999999999929e+00 1.415698111123733088e-02
4.179999999999999716e+00 1.415698111075262659e-02
4.190000000000000391e+00 1.415698111058668468e-02
4.200000000000000178e+00 1.415698111053444175e-02
4.209999999999999964e+00 1.415698111051958905e-02
4.219999999999999751e+00 1.415698111051581255e-02
4.230000000000000426e+00 1.415698111051495560e-02
4.240000000000000213e+00 1.415698111051478386e-02
4.250000000000000000e+00 1.415698111051475611e-02
4.259999999999999787e+00 1.415698111051474917e-02
4.269999999999999574e+00 1.415698111051474917e-02
4.280000000000000249e+00 1.415698111051474917e-02
4.290000000000000036e+00 1.415698111051474917e-02
4.299999999999999822e+00 1.415698111051474917e-02
4.309999999999999609e+00 1.415698111051474917e-02
4.320000000000000284e+00 1.415698111051474917e-02
4.330000000000000071e+00 1.415698111051474917e-02
4.339999999999999858e+00 1.415698111051474917e-02
4.349999999999999645e+00 1.415698111051474917e-02
4.360000000000000320e+00 1.415698111051474917e-02
4.370000000000000107e+00 1.415698111051474917e-02
4.379999999999999893e+00 1.415698111051474917e-02
4.389999999999999680e+00 1.415698111051474917e-02
4.400000000000000355e+00 1.415698111051474917e-02
4.410000000000000142e+00 1.415698111051474917e-02
4.419999999999999929e+00 1.415698111051474917e-02
4.429999999999999716e+00 1.415698111051474917e-02
4.440000000000000391e+00 1.415698111051474917e-02
4.450000000000000178e+00 1.415698111051474917e-02
4.459999999999999964e+00 1.415698111051474917e-02
4.469999999999999751e+00 1.415698111051474917e-02
4.480000000000000426e+00 1.415698111051474917e-02
4.490000000000000213e+00 1.415698111051474917e-02
4.500000000000000000e+00 1.415698111051474917e-02
4.509999999999999787e+00 1.415698111051474917e-02
4.519999999999999574e+00 1.415698111051474917e-02
4.530000000000000249e+00 1.415698111051474917e-02
4.540000000000000036e+00 1.415698111051474917e-02
4.549999999999999822e+00 1.415698111051474917e-02
4.559999999999999609e+00 1.415698111051474917e-02
4.570000000000000284e+00 1.415698111051474917e-02
4.580000000000000071e+00 1.415698111051474917e-02
4.589999999999999858e+00 1.415698111051474917e-02
4.599999999999999645e+00 1.415698111051474917e-02
4.610000000000000320e+00 1.415698111051474917e-02
4.620000000000000107e+00 1.415698111051474917e-02
4.629999999999999893e+00 1.415698111051474917e-02
4.639999999999999680e+00 1.415698111051474917e-02
4.650000000000000355e+00 1.415698111051474917e-02
4.660000000000000142e+00 1.415698111051474917e-02
4.669999999999999929e+00 1.415698111051474917e-02
4.679999999999999716e+00 1.415698111051474917e-02
4.690000000000000391e+00 1.415698111051474917e-02
4.700000000000000178e+00 1.415698111051474917e-02
4.709999999999999964e+00 1.415698111051474917e-02
4.719999999999999751e+00 1.415698111051474917e-02
4.730000000000000426e+00 1.415698111051474917e-02
4.740000000000000213e+00 1.415698111051474917e-02
4.750000000000000000e+00 1.415698111051474917e-02
4.759999999999999787e+00 1.415698111051474917e-02
4.769999999999999574e+00 1.415698111051474917e-02
4.780000000000000249e+00 1.415698111051474917e-02
4.790000000000000036e+00 1.415698111051474917e-02
4.799999999999999822e+00 1.415698111051474917e-02
4.809999999999999609e+00 1.415698111051474917e-02
4.820000000000000284e+00 1.415698111051474917e-02
4.830000000000000071e+00 1.415698111051474917e-02
4.839999999999999858e+00 1.415698111051474917e-02
4.849999999999999645e+00 1.415698111051474917e-02
4.860000000000000320e+00 1.415698111051474917e-02
4.870000000000000107e+00 1.415698111051474917e-02
4.879999999999999893e+00 1.415698111051474917e-02
4.889999999999999680e+00 1.415698111051474917e-02
4.900000000000000355e+00 1.415698111051474917e-02
4.910000000000000142e+00 1.415698111051474917e-02
4.919999999999999929e+00 1.415698111051474917e-02
4.929999999999999716e+00 1.415698111051474917e-02
4.940000000000000391e+00 1.415698111051474917e-02
4.950000000000000178e+00 1.415698111051474917e-02
4.959999999999999964e+00 1.415698111051474917e-02
4.969999999999999751e+00 1.415698111051474917e-02
4.980000000000000426e+00 1.415698111051474917e-02
4.990000000000000213e+00 1.415698111051474917e-02
5.000000000000000000e+00 1.415698111051474917e-02
5.009999999999999787e+00 1.415698111051474917e-02
5.019999999999999574e+00 1.415698111051474917e-02
5.030000000000000249e+00 1.415698111051474917e-02
5.040000000000000036e+00 1.415698111051474917e-02
5.049999999999999822e+00 1.415698111051474917e-02
5.059999999999999609e+00 1.415698111051474917e-02
5.070000000000000284e+00 1.415698111051474917e-02
5.080000000000000071e+00 1.415698111051474917e-02
5.089999999999999858e+00 1.415698111051474917e-02
5.099999999999999645e+00 1.415698111051474917e-02
5.110000000000000320e+00 1.415698111051474917e-02
5.120000000000000107e+00 1.415698111051474917e-02
5.129999999999999893e+00 1.415698111051474917e-02
5.139999999999999680e+00 1.415698111051474917e-02
5.150000000000000355e+00 1.415698111051474917e-02
5.160000000000000142e+00 1.415698111051474917e-02
5.169999999999999929e+00 1.415698111051474917e-02
5.179999999999999716e+00 1.415698111051474917e-02
5.190000000000000391e+00 1.415698111051474917e-02
5.200000000000000178e+00 1.415698111051474917e-02
5.209999999999999964e+00 1.415698111051474917e-02
5.219999999999999751e+00 1.415698111051474917e-02
5.230000000000000426e+00 1.415698111051474917e-02
5.240000000000000213e+00 1.415698111051474917e-02
5.250000000000000000e+00 1.415698111051474917e-02
5.259999999999999787e+00 1.415698111051474917e-02
5.269999999999999574e+00 1.415698111051474917e-02
5.280000000000000249e+00 1.415698111051474917e-02
5.290000000000000036e+00 1.415698111051474917e-02
5.299999999999999822e+00 1.415698111051474917e-02
5.309999999999999609e+00 1.415698111051474917e-02
5.320000000000000284e+00 1.415698111051474917e-02
5.330000000000000071e+00 1.415698111051474917e-02
5.339999999999999858e+00 1.415698111051474917e-02
5.349999999999999645e+00 1.415698111051474917e-02
5.360000000000000320e+00 1.415698111051474917e-02
5.370000000000000107e+00 1.415698111051474917e-02
5.379999999999999893e+00 1.415698111051474917e-02
5.389999999999999680e+00 1.415698111051474917e-02
5.400000000000000355e+00 1.415698111051474917e-02
5.410000000000000142e+00 1.415698111051474917e-02
5.419999999999999929e+00 1.415698111051474917e-02
5.429999999999999716e+00 1.415698111051474917e-02
5.440000000000000391e+00 1.415698111051474917e-02
5.450000000000000178e+00 1.415698111051474917e-02
5.459999999999999964e+00 1.415698111051474917e-02
5.469999999999999751e+00 1.415698111051474917e-02
5.480000000000000426e+00 1.415698111051474917e-02
5.490000000000000213e+00 1.415698111051474917e-02
5.500000000000000000e+00 1.415698111051474917e-02
5.509999999999999787e+00 1.415698111051474917e-02
5.519999999999999574e+00 1.415698111051474917e-02
5.530000000000000249e+00 1.415698111051474917e-02
5.540000000000000036e+00 1.415698111051474917e-02
5.549999999999999822e+00 1.415698111051474917e-02
5.559999999999999609e+00 1.415698111051474917e-02
5.570000000000000284e+00 1.415698111051474917e-02
5.580000000000000071e+00 1.415698111051474917e-02
5.589999999999999858e+00 1.415698111051474917e-02
5.599999999999999645e+00 1.415698111051474917e-02
5.610000000000000320e+00 1.415698111051474917e-02
5.620000000000000107e+00 1.415698111051474917e-02
5.629999999999999893e+00 1.415698111051474917e-02
5.639999999999999680e+00 1.415698111051474917e-02
5.650000000000000355e+00 1.415698111051474917e-02
5.660000000000000142e+00 1.415698111051474917e-02
5.669999999999999929e+00 1.415698111051474917e-02
5.679999999999999716e+00 1.415698111051474917e-02
5.690000000000000391e+00 1.415698111051474917e-02
5.700000000000000178e+00 1.415698111051474917e-02
5.709999999999999964e+00 1.415698111051474917e-02
5.719999999999999751e+00 1.415698111051474917e-02
5.730000000000000426e+00 1.415698111051474917e-02
5.740000000000000213e+00 1.415698111051474917e-02
5.750000000000000000e+00 1.415698111051474917e-02
5.759999999999999787e+00 1.415698111051474917e-02
5.769999999999999574e+00 1.415698111051474917e-02
5.780000000000000249e+00 1.415698111051474917e-02
5.790000000000000036e+00 1.415698111051474917e-02
5.799999999999999822e+00 1.415698111051474917e-02
5.809999999999999609e+00 1.415698111051474917e-02
5.820000000000000284e+00 1.415698111051474917e-02
5.830000000000000071e+00 1.415698111051474917e-02
5.839999999999999858e+00 1.415698111051474917e-02
5.849999999999999645e+00 1.415698111051474917e-02
5.860000000000000320e+00 1.415698111051474917e-02
5.870000000000000107e+00 1.415698111051474917e-02
5.879999999999999893e+00 1.415698111051474917e-02
5.889999999999999680e+00 1.415698111051474917e-02
5.900000000000000355e+00 1.415698111051474917e-02
5.910000000000000142e+00 1.415698111051474917e-02
5.919999999999999929e+00 1.415698111051474917e-02
5.929999999999999716e+00 1.415698111051474917e-02
5.940000000000000391e+00 1.415698111051474917e-02
5.950000000000000178e+00 1.415698111051474917e-02
5.959999999999999964e+00 1.415698111051474917e-02
5.969999999999999751e+00 1.415698111051474917e-02
5.980000000000000426e+00 1.415698111051474917e-02
5.990000000000000213e+00 1.415698111051474917e-02
6.000000000000000000e+00 1.415698111051474917e-02
6.200000000000000178e+00 1.415698111051474917e-02
6.400000000000000355e+00 1.415698111051474917e-02
6.599999999999999645e+00 1.415698111051474917e-02
6.799999999999999822e+00 1.415698111051474917e-02
7.000000000000000000e+00 0.000000000000000000e+00
