0.000000000000000000e+00 0.000000000000000000e+00
1.000000000000000021e-02 1.683738335740324332e-02
2.000000000000000042e-02 1.683738335740324332e-02
2.999999999999999889e-02 1.683738335740324332e-02
4.000000000000000083e-02 1.683738335740324332e-02
5.000000000000000278e-02 1.683738335740324332e-02
5.999999999999999778e-02 1.683738335740324332e-02
7.000000000000000666e-02 1.683738335740324332e-02
8.000000000000000167e-02 1.683738335740324332e-02
8.999999999999999667e-02 1.683738335740324332e-02
1.000000000000000056e-01 1.683738335740324332e-02
1.100000000000000006e-01 1.683738335740324332e-02
1.199999999999999956e-01 1.683738335740324332e-02
1.300000000000000044e-01 1.683738335740324332e-02
1.400000000000000133e-01 1.683738335740324332e-02
1.499999999999999944e-01 1.683738335740324332e-02
1.600000000000000033e-01 1.683738335740324332e-02
1.700000000000000122e-01 1.683738335740324332e-02
1.799999999999999933e-01 1.683738335740324332e-02
1.900000000000000022e-01 1.683738335740324332e-02
2.000000000000000111e-01 1.683738335740324332e-02
2.099999999999999922e-01 1.683738335740324332e-02
2.200000000000000011e-01 1.683738335740324332e-02
2.300000000000000100e-01 1.683738335740324332e-02
2.399999999999999911e-01 1.683738335740324332e-02
2.500000000000000000e-01 1.683738335740324332e-02
2.600000000000000089e-01 1.683738335740324332e-02
2.700000000000000178e-01 1.683738335740324332e-02
2.800000000000000266e-01 1.683738335740324332e-02
2.899999999999999800e-01 1.683738335740324332e-02
2.999999999999999889e-01 1.683738335740324332e-02
3.099999999999999978e-01 1.683738335740324332e-02
3.200000000000000067e-01 1.683738335740324332e-02
3.300000000000000155e-01 1.683738335740324332e-02
3.400000000000000244e-01 1.683738335740324332e-02
3.499999999999999778e-01 1.683738335740324332e-02
3.599999999999999867e-01 1.683738335740324332e-02
3.699999999999999956e-01 1.683738335740324332e-02
3.800000000000000044e-01 1.683738335740324332e-02
3.900000000000000133e-01 1.683738335740324332e-02
4.000000000000000222e-01 1.683738335740324332e-02
4.099999999999999756e-01 1.683738335740324332e-02
4.199999999999999845e-01 1.683738335740324332e-02
4.299999999999999933e-01 1.683738335740324332e-02
4.400000000000000022e-01 1.683738335740324332e-02
4.500000000000000111e-01 1.683738335740324332e-02
4.600000000000000200e-01 1.683738335740324332e-02
4.699999999999999734e-01 1.683738335740324332e-02
4.799999999999999822e-01 1.683738335740324332e-02
4.899999999999999911e-01 1.683738335740324332e-02
5.000000000000000000e-01 1.683738335740324332e-02
5.100000000000000089e-01 1.683738335740324332e-02
5.200000000000000178e-01 1.683738335740324332e-02
5.300000000000000266e-01 1.683738335740324332e-02
5.400000000000000355e-01 1.683738335740324332e-02
5.500000000000000444e-01 1.683738335740324332e-02
5.600000000000000533e-01 1.683738335740324332e-02
5.699999999999999512e-01 1.683738335740324332e-02
5.799999999999999600e-01 1.683738335740324332e-02
5.899999999999999689e-01 1.683738335740324332e-02
5.999999999999999778e-01 1.683738335740324332e-02
6.099999999999999867e-01 1.683738335740324332e-02
6.199999999999999956e-01 1.683738335740324332e-02
6.300000000000000044e-01 1.683738335740324332e-02
6.400000000000000133e-01 1.683738335740324332e-02
6.500000000000000222e-01 1.683738335740324332e-02
6.600000000000000311e-01 1.683738335740324332e-02
6.700000000000000400e-01 1.683738335740324332e-02
6.800000000000000488e-01 1.683738335740324332e-02
6.899999999999999467e-01 1.683738335740324332e-02
6.999999999999999556e-01 1.683738335740324332e-02
7.099999999999999645e-01 1.683738335740324332e-02
7.199999999999999734e-01 1.683738335740324332e-02
7.299999999999999822e-01 1.683738335740324332e-02
7.399999999999999911e-01 1.683738335740324332e-02
7.500000000000000000e-01 1.683738335740324332e-02
7.600000000000000089e-01 1.683738335740324332e-02
7.700000000000000178e-01 1.683738335740324332e-02
7.800000000000000266e-01 1.683738335740324332e-02
7.900000000000000355e-01 1.683738335740324332e-02
8.000000000000000444e-01 1.683738335740324332e-02
8.100000000000000533e-01 1.683738335740324332e-02
8.199999999999999512e-01 1.683738335740324332e-02
8.299999999999999600e-01 1.683738335740324332e-02
8.399999999999999689e-01 1.683738335740324332e-02
8.499999999999999778e-01 1.683738335740324332e-02
8.599999999999999867e-01 1.683738335740324332e-02
8.699999999999999956e-01 1.683738335740324332e-02
8.800000000000000044e-01 1.683738335740324332e-02
8.900000000000000133e-01 1.683738335740324332e-02
9.000000000000000222e-01 1.683738335740324332e-02
9.100000000000000311e-01 1.683738335740326067e-02
9.200000000000000400e-01 1.683738335740370476e-02
9.300000000000000488e-01 1.683738335741485556e-02
9.399999999999999467e-01 1.683738335764874833e-02
9.499999999999999556e-01 1.683738336175518227e-02
9.599999999999999645e-01 1.683738342212653255e-02
9.699999999999999734e-01 1.683738416557178583e-02
9.799999999999999822e-01 1.683739183736225956e-02
9.899999999999999911e-01 1.683745821301166692e-02
1.000000000000000000e+00 1.683794004941186959e-02
1.010000000000000009e+00 1.684087767346739012e-02
1.020000000000000018e+00 1.685593980136738598e-02
1.030000000000000027e+00 1.692101105456291985e-02
1.040000000000000036e+00 1.715850837221145203e-02
1.050000000000000044e+00 1.789358171641574138e-02
1.060000000000000053e+00 1.983322212850358382e-02
1.070000000000000062e+00 2.422932787476717031e-02
1.080000000000000071e+00 3.287422082253246836e-02
1.090000000000000080e+00 4.781629408670837883e-02
1.100000000000000089e+00 7.086028847522073126e-02
1.110000000000000098e+00 1.030548974801989842e-01
1.120000000000000107e+00 1.443082561721298895e-01
1.129999999999999893e+00 1.931574767250625324e-01
1.139999999999999902e+00 2.468010653549205513e-01
1.149999999999999911e+00 3.016596536885906010e-01
1.159999999999999920e+00 3.546129649497542502e-01
1.169999999999999929e+00 4.047193802045181421e-01
1.179999999999999938e+00 4.551045345463354264e-01
1.189999999999999947e+00 5.149409952341088559e-01
1.199999999999999956e+00 6.015593593639039227e-01
1.209999999999999964e+00 7.422002657022315208e-01
1.219999999999999973e+00 9.737761724264537566e-01
1.229999999999999982e+00 1.338020684819012818e+00
1.239999999999999991e+00 1.869852801903179040e+00
1.250000000000000000e+00 2.579831063008840797e+00
1.260000000000000009e+00 3.436779193584483583e+00
1.270000000000000018e+00 4.360872617727594047e+00
1.280000000000000027e+00 5.236112172149737454e+00
1.290000000000000036e+00 5.941953575133717358e+00
1.300000000000000044e+00 6.390745906798692033e+00
1.310000000000000053e+00 6.550606572522181814e+00
1.320000000000000062e+00 6.441489394424269044e+00
1.330000000000000071e+00 6.111695362078913618e+00
1.340000000000000080e+00 5.615054474511702587e+00
1.350000000000000089e+00 5.002281111164196048e+00
1.360000000000000098e+00 4.322774122918315420e+00
1.370000000000000107e+00 3.625816158015610746e+00
1.379999999999999893e+00 2.957352980371688478e+00
1.389999999999999902e+00 2.355969907995728363e+00
1.399999999999999911e+00 1.849911621977971876e+00
1.409999999999999920e+00 1.453463321816848675e+00
1.419999999999999929e+00 1.163678581072541629e+00
1.429999999999999938e+00 9.620053475971491741e-01
1.439999999999999947e+00 8.222400205065055756e-01
1.449999999999999956e+00 7.200659028122012861e-01
1.459999999999999964e+00 6.384743370655743266e-01
1.469999999999999973e+00 5.679110337766665184e-01
1.479999999999999982e+00 5.038610603135424970e-01
1.489999999999999991e+00 4.445522015793922921e-01
1.500000000000000000e+00 3.895465722258192875e-01
1.510000000000000009e+00 3.388998082364490516e-01
1.520000000000000018e+00 2.926435467353882269e-01
1.530000000000000027e+00 2.506069370904641658e-01
1.540000000000000036e+00 2.125222229411547203e-01
1.550000000000000044e+00 1.781961542904915985e-01
1.560000000000000053e+00 1.475655708538126665e-01
1.570000000000000062e+00 1.206330747321031488e-01
1.580000000000000071e+00 9.738358746514420849e-02
1.590000000000000080e+00 7.774655574179380191e-02
1.600000000000000089e+00 6.158992116730718780e-02
1.610000000000000098e+00 4.870936501088225096e-02
1.620000000000000107e+00 3.880859590448001301e-02
1.629999999999999893e+00 3.149510964786747524e-02
1.639999999999999902e+00 2.630871430321533519e-02
1.649999999999999911e+00 2.277410360867382008e-02
1.659999999999999920e+00 2.045380553113937058e-02
1.669999999999999929e+00 1.898285997363493086e-02
1.679999999999999938e+00 1.808046576724475774e-02
1.689999999999999947e+00 1.754414965879837890e-02
1.699999999999999956e+00 1.723514419404652623e-02
1.709999999999999964e+00 1.706209010029461140e-02
1.719999999999999973e+00 1.696702492553933336e-02
1.729999999999999982e+00 1.691476850401396961e-02
1.739999999999999991e+00 1.688519524836039343e-02
1.750000000000000000e+00 1.686757981949885132e-02
1.760000000000000009e+00 1.685655343371388060e-02
1.770000000000000018e+00 1.684946659476172989e-02
1.780000000000000027e+00 1.684490997643844218e-02
1.790000000000000036e+00 1.684202377850181273e-02
1.800000000000000044e+00 1.684022856240329630e-02
1.810000000000000053e+00 1.683912703037223485e-02
1.820000000000000062e+00 1.683845547954217897e-02
1.830000000000000071e+00 1.683804609901554464e-02
1.840000000000000080e+00 1.683779535384994849e-02
1.850000000000000089e+00 1.683764044562841705e-02
1.860000000000000098e+00 1.683754368589888278e-02
1.870000000000000107e+00 1.683748265496464586e-02
1.879999999999999893e+00 1.683744402488295336e-02
1.889999999999999902e+00 1.683741972215603219e-02
1.899999999999999911e+00 1.683740466828783852e-02
1.909999999999999920e+00 1.683739554758843793e-02
1.919999999999999929e+00 1.683739016067831162e-02
1.929999999999999938e+00 1.683738706238632754e-02
1.939999999999999947e+00 1.683738532704878374e-02
1.949999999999999956e+00 1.683738438015435976e-02
1.959999999999999964e+00 1.683738387646412094e-02
1.969999999999999973e+00 1.683738361501712494e-02
1.979999999999999982e+00 1.683738348245324146e-02
1.989999999999999991e+00 1.683738341674645422e-02
2.000000000000000000e+00 1.683738338490999367e-02
2.009999999999999787e+00 1.683738336984507908e-02
2.020000000000000018e+00 1.683738336289314699e-02
2.029999999999999805e+00 1.683738335976835143e-02
2.040000000000000036e+00 1.683738335840029299e-02
2.049999999999999822e+00 1.683738335781583689e-02
2.060000000000000053e+00 1.683738335757129986e-02
2.069999999999999840e+00 1.683738335747067549e-02
2.080000000000000071e+00 1.683738335742984010e-02
2.089999999999999858e+00 1.683738335741351289e-02
2.100000000000000089e+00 1.683738335740710482e-02
2.109999999999999876e+00 1.683738335740465192e-02
2.120000000000000107e+00 1.683738335740374292e-02
2.129999999999999893e+00 1.683738335740341333e-02
2.140000000000000124e+00 1.683738335740329883e-02
2.149999999999999911e+00 1.683738335740326067e-02
2.160000000000000142e+00 1.683738335740325026e-02
2.169999999999999929e+00 1.683738335740324679e-02
2.180000000000000160e+00 1.683738335740324332e-02
2.189999999999999947e+00 1.683738335740324332e-02
2.200000000000000178e+00 1.683738335740324332e-02
2.209999999999999964e+00 1.683738335740324332e-02
2.220000000000000195e+00 1.683738335740324332e-02
2.229999999999999982e+00 1.683738335740324332e-02
2.240000000000000213e+00 1.683738335740324332e-02
2.250000000000000000e+00 1.683738335740324332e-02
2.259999999999999787e+00 1.683738335740324332e-02
2.270000000000000018e+00 1.683738335740324332e-02
2.279999999999999805e+00 1.683738335740324332e-02
2.290000000000000036e+00 1.683738335740324332e-02
2.299999999999999822e+00 1.683738335740324332e-02
2.310000000000000053e+00 1.683738335740324332e-02
2.319999999999999840e+00 1.683738335740324332e-02
2.330000000000000071e+00 1.683738335740324332e-02
2.339999999999999858e+00 1.683738335740324332e-02
2.350000000000000089e+00 1.683738335740324332e-02
2.359999999999999876e+00 1.683738335740324332e-02
2.370000000000000107e+00 1.683738335740324332e-02
2.379999999999999893e+00 1.683738335740324332e-02
2.390000000000000124e+00 1.683738335740324332e-02
2.399999999999999911e+00 1.683738335740324332e-02
2.410000000000000142e+00 1.683738335740324332e-02
2.419999999999999929e+00 1.683738335740324332e-02
2.430000000000000160e+00 1.683738335740324332e-02
2.439999999999999947e+00 1.683738335740324332e-02
2.450000000000000178e+00 1.683738335740324332e-02
2.459999999999999964e+00 1.683738335740324332e-02
2.470000000000000195e+00 1.683738335740324332e-02
2.479999999999999982e+00 1.683738335740324332e-02
2.490000000000000213e+00 1.683738335740324332e-02
2.500000000000000000e+00 1.683738335740324332e-02
2.509999999999999787e+00 1.683738335740324332e-02
2.520000000000000018e+00 1.683738335740324332e-02
2.529999999999999805e+00 1.683738335740324332e-02
2.540000000000000036e+00 1.683738335740324332e-02
2.549999999999999822e+00 1.683738335740324332e-02
2.560000000000000053e+00 1.683738335740324332e-02
2.569999999999999840e+00 1.683738335740324332e-02
2.580000000000000071e+00 1.683738335740324332e-02
2.589999999999999858e+00 1.683738335740324332e-02
2.600000000000000089e+00 1.683738335740324332e-02
2.609999999999999876e+00 1.683738335740324332e-02
2.620000000000000107e+00 1.683738335740324332e-02
2.629999999999999893e+00 1.683738335740324332e-02
2.640000000000000124e+00 1.683738335740324332e-02
2.649999999999999911e+00 1.683738335740324332e-02
2.660000000000000142e+00 1.683738335740324332e-02
2.669999999999999929e+00 1.683738335740324332e-02
2.680000000000000160e+00 1.683738335740324332e-02
2.689999999999999947e+00 1.683738335740324332e-02
2.700000000000000178e+00 1.683738335740324332e-02
2.709999999999999964e+00 1.683738335740324332e-02
2.720000000000000195e+00 1.683738335740324332e-02
2.729999999999999982e+00 1.683738335740324332e-02
2.740000000000000213e+00 1.683738335740324332e-02
2.750000000000000000e+00 1.683738335740324332e-02
2.759999999999999787e+00 1.683738335740324332e-02
2.770000000000000018e+00 1.683738335740324332e-02
2.779999999999999805e+00 1.683738335740324332e-02
2.790000000000000036e+00 1.683738335740324332e-02
2.799999999999999822e+00 1.683738335740324332e-02
2.810000000000000053e+00 1.683738335740324332e-02
2.819999999999999840e+00 1.683738335740324332e-02
2.830000000000000071e+00 1.683738335740324332e-02
2.839999999999999858e+00 1.683738335740324332e-02
2.850000000000000089e+00 1.683738335740324332e-02
2.859999999999999876e+00 1.683738335740324332e-02
2.870000000000000107e+00 1.683738335740324332e-02
2.879999999999999893e+00 1.683738335740324332e-02
2.890000000000000124e+00 1.683738335740324332e-02
2.899999999999999911e+00 1.683738335740324332e-02
2.910000000000000142e+00 1.683738335740324332e-02
2.919999999999999929e+00 1.683738335740324332e-02
2.930000000000000160e+00 1.683738335740324332e-02
2.939999999999999947e+00 1.683738335740324332e-02
2.950000000000000178e+00 1.683738335740324332e-02
2.959999999999999964e+00 1.683738335740324332e-02
2.970000000000000195e+00 1.683738335740324332e-02
2.979999999999999982e+00 1.683738335740324332e-02
2.990000000000000213e+00 1.683738335740324332e-02
3.000000000000000000e+00 1.683738335740324332e-02
3.009999999999999787e+00 1.683738335740324332e-02
3.020000000000000018e+00 1.683738335740324332e-02
3.029999999999999805e+00 1.683738335740324332e-02
3.040000000000000036e+00 1.683738335740324332e-02
3.049999999999999822e+00 1.683738335740324332e-02
3.060000000000000053e+00 1.683738335740324332e-02
3.069999999999999840e+00 1.683738335740324332e-02
3.080000000000000071e+00 1.683738335740324332e-02
3.089999999999999858e+00 1.683738335740324332e-02
3.100000000000000089e+00 1.683738335740324332e-02
3.109999999999999876e+00 1.683738335740324332e-02
3.120000000000000107e+00 1.683738335740324332e-02
3.129999999999999893e+00 1.683738335740324332e-02
3.140000000000000124e+00 1.683738335740324332e-02
3.149999999999999911e+00 1.683738335740324332e-02
3.160000000000000142e+00 1.683738335740324332e-02
3.169999999999999929e+00 1.683738335740324332e-02
3.180000000000000160e+00 1.683738335740324332e-02
3.189999999999999947e+00 1.683738335740324332e-02
3.200000000000000178e+00 1.683738335740324332e-02
3.209999999999999964e+00 1.683738335740324332e-02
3.220000000000000195e+00 1.683738335740324332e-02
3.229999999999999982e+00 1.683738335740324332e-02
3.240000000000000213e+00 1.683738335740324332e-02
3.250000000000000000e+00 1.683738335740324332e-02
3.259999999999999787e+00 1.683738335740324332e-02
3.270000000000000018e+00 1.683738335740324332e-02
3.279999999999999805e+00 1.683738335740324332e-02
3.290000000000000036e+00 1.683738335740324332e-02
3.299999999999999822e+00 1.683738335740324332e-02
3.310000000000000053e+00 1.683738335740324332e-02
3.319999999999999840e+00 1.683738335740324332e-02
3.330000000000000071e+00 1.683738335740324332e-02
3.339999999999999858e+00 1.683738335740324332e-02
3.350000000000000089e+00 1.683738335740324332e-02
3.359999999999999876e+00 1.683738335740324332e-02
3.370000000000000107e+00 1.683738335740324332e-02
3.379999999999999893e+00 1.683738335740324332e-02
3.390000000000000124e+00 1.683738335740324332e-02
3.399999999999999911e+00 1.683738335740324332e-02
3.410000000000000142e+00 1.683738335740324332e-02
3.419999999999999929e+00 1.683738335740324332e-02
3.430000000000000160e+00 1.683738335740324332e-02
3.439999999999999947e+00 1.683738335740324332e-02
3.450000000000000178e+00 1.683738335740324332e-02
3.459999999999999964e+00 1.683738335740324332e-02
3.470000000000000195e+00 1.683738335740324332e-02
3.479999999999999982e+00 1.683738335740324332e-02
3.490000000000000213e+00 1.683738335740324332e-02
3.500000000000000000e+00 1.683738335740324332e-02
3.509999999999999787e+00 1.683738335740324332e-02
3.520000000000000018e+00 1.683738335740324332e-02
3.529999999999999805e+00 1.683738335740324332e-02
3.540000000000000036e+00 1.683738335740324332e-02
3.549999999999999822e+00 1.683738335740324332e-02
3.560000000000000053e+00 1.683738335740324332e-02
3.569999999999999840e+00 1.683738335740324332e-02
3.580000000000000071e+00 1.683738335740324332e-02
3.589999999999999858e+00 1.683738335740324332e-02
3.600000000000000089e+00 1.683738335740324332e-02
3.609999999999999876e+00 1.683738335740324332e-02
3.620000000000000107e+00 1.683738335740324332e-02
3.629999999999999893e+00 1.683738335740324332e-02
3.640000000000000124e+00 1.683738335740324332e-02
3.649999999999999911e+00 1.683738335740324332e-02
3.660000000000000142e+00 1.683738335740324332e-02
3.669999999999999929e+00 1.683738335740324332e-02
3.680000000000000160e+00 1.683738335740324332e-02
3.689999999999999947e+00 1.683738335740324332e-02
3.700000000000000178e+00 1.683738335740324332e-02
3.709999999999999964e+00 1.683738335740324332e-02
3.720000000000000195e+00 1.683738335740324332e-02
3.729999999999999982e+00 1.683738335740324332e-02
3.740000000000000213e+00 1.683738335740324332e-02
3.750000000000000000e+00 1.683738335740324332e-02
3.759999999999999787e+00 1.683738335740324332e-02
3.770000000000000018e+00 1.683738335740324332e-02
3.779999999999999805e+00 1.683738335740324332e-02
3.790000000000000036e+00 1.683738335740324332e-02
3.799999999999999822e+00 1.683738335740324332e-02
3.810000000000000053e+00 1.683738335740324332e-02
3.819999999999999840e+00 1.683738335740324332e-02
3.830000000000000071e+00 1.683738335740324332e-02
3.839999999999999858e+00 1.683738335740324332e-02
3.850000000000000089e+00 1.683738335740324332e-02
3.859999999999999876e+00 1.683738335740324332e-02
3.870000000000000107e+00 1.683738335740324332e-02
3.879999999999999893e+00 1.683738335740324332e-02
3.890000000000000124e+00 1.683738335740324332e-02
3.899999999999999911e+00 1.683738335740324332e-02
3.910000000000000142e+00 1.683738335740324332e-02
3.919999999999999929e+00 1.683738335740324332e-02
3.930000000000000160e+00 1.683738335740324332e-02
3.939999999999999947e+00 1.683738335740324332e-02
3.950000000000000178e+00 1.683738335740324332e-02
3.959999999999999964e+00 1.683738335740324332e-02
3.970000000000000195e+00 1.683738335740324332e-02
3.979999999999999982e+00 1.683738335740324332e-02
3.990000000000000213e+00 1.683738335740324332e-02
4.000000000000000000e+00 1.683738335740324332e-02
4.009999999999999787e+00 1.683738335740324332e-02
4.019999999999999574e+00 1.683738335740324332e-02
4.030000000000000249e+00 1.683738335740324332e-02
4.040000000000000036e+00 1.683738335740324332e-02
4.049999999999999822e+00 1.683738335740324332e-02
4.059999999999999609e+00 1.683738335740324332e-02
4.070000000000000284e+00 1.683738335740324332e-02
4.080000000000000071e+00 1.683738335740324332e-02
4.089999999999999858e+00 1.683738335740324332e-02
4.099999999999999645e+00 1.683738335740324332e-02
4.110000000000000320e+00 1.683738335740324332e-02
4.120000000000000107e+00 1.683738335740324332e-02
4.129999999999999893e+00 1.683738335740324332e-02
4.139999999999999680e+00 1.683738335740324332e-02
4.150000000000000355e+00 1.683738335740324332e-02
4.160000000000000142e+00 1.683738335740324332e-02
4.169999999999999929e+00 1.683738335740324332e-02
4.179999999999999716e+00 1.683738335740324332e-02
4.190000000000000391e+00 1.683738335740324332e-02
4.200000000000000178e+00 1.683738335740324332e-02
4.209999999999999964e+00 1.683738335740324332e-02
4.219999999999999751e+00 1.683738335740324332e-02
4.230000000000000426e+00 1.683738335740324332e-02
4.240000000000000213e+00 1.683738335740324332e-02
4.250000000000000000e+00 1.683738335740324332e-02
4.259999999999999787e+00 1.683738335740324332e-02
4.269999999999999574e+00 1.683738335740324332e-02
4.280000000000000249e+00 1.683738335740324332e-02
4.290000000000000036e+00 1.683738335740324332e-02
4.299999999999999822e+00 1.683738335740324332e-02
4.309999999999999609e+00 1.683738335740324332e-02
4.320000000000000284e+00 1.683738335740324332e-02
4.330000000000000071e+00 1.683738335740324332e-02
4.339999999999999858e+00 1.683738335740324332e-02
4.349999999999999645e+00 1.683738335740324332e-02
4.360000000000000320e+00 1.683738335740324332e-02
4.370000000000000107e+00 1.683738335740324332e-02
4.379999999999999893e+00 1.683738335740324332e-02
4.389999999999999680e+00 1.683738335740324332e-02
4.400000000000000355e+00 1.683738335740324332e-02
4.410000000000000142e+00 1.683738335740324332e-02
4.419999999999999929e+00 1.683738335740324332e-02
4.429999999999999716e+00 1.683738335740324332e-02
4.440000000000000391e+00 1.683738335740324332e-02
4.450000000000000178e+00 1.683738335740324332e-02
4.459999999999999964e+00 1.683738335740324332e-02
4.469999999999999751e+00 1.683738335740324332e-02
4.480000000000000426e+00 1.683738335740324332e-02
4.490000000000000213e+00 1.683738335740324332e-02
4.500000000000000000e+00 1.683738335740324332e-02
4.509999999999999787e+00 1.683738335740324332e-02
4.519999999999999574e+00 1.683738335740324332e-02
4.530000000000000249e+00 1.683738335740324332e-02
4.540000000000000036e+00 1.683738335740324332e-02
4.549999999999999822e+00 1.683738335740324332e-02
4.559999999999999609e+00 1.683738335740324332e-02
4.570000000000000284e+00 1.683738335740324332e-02
4.580000000000000071e+00 1.683738335740324332e-02
4.589999999999999858e+00 1.683738335740324332e-02
4.599999999999999645e+00 1.683738335740324332e-02
4.610000000000000320e+00 1.683738335740324332e-02
4.620000000000000107e+00 1.683738335740324332e-02
4.629999999999999893e+00 1.683738335740324332e-02
4.639999999999999680e+00 1.683738335740324332e-02
4.650000000000000355e+00 1.683738335740324332e-02
4.660000000000000142e+00 1.683738335740324332e-02
4.669999999999999929e+00 1.683738335740324332e-02
4.679999999999999716e+00 1.683738335740324332e-02
4.690000000000000391e+00 1.683738335740324332e-02
4.700000000000000178e+00 1.683738335740324332e-02
4.709999999999999964e+00 1.683738335740324332e-02
4.719999999999999751e+00 1.683738335740324332e-02
4.730000000000000426e+00 1.683738335740324332e-02
4.740000000000000213e+00 1.683738335740324332e-02
4.750000000000000000e+00 1.683738335740324332e-02
4.759999999999999787e+00 1.683738335740324332e-02
4.769999999999999574e+00 1.683738335740324332e-02
4.780000000000000249e+00 1.683738335740324332e-02
4.790000000000000036e+00 1.683738335740324332e-02
4.799999999999999822e+00 1.683738335740324332e-02
4.809999999999999609e+00 1.683738335740324332e-02
4.820000000000000284e+00 1.683738335740324332e-02
4.830000000000000071e+00 1.683738335740324332e-02
4.839999999999999858e+00 1.683738335740324332e-02
4.849999999999999645e+00 1.683738335740324332e-02
4.860000000000000320e+00 1.683738335740324332e-02
4.870000000000000107e+00 1.683738335740324332e-02
4.879999999999999893e+00 1.683738335740324332e-02
4.889999999999999680e+00 1.683738335740324332e-02
4.900000000000000355e+00 1.683738335740324332e-02
4.910000000000000142e+00 1.683738335740324332e-02
4.919999999999999929e+00 1.683738335740324332e-02
4.929999999999999716e+00 1.683738335740324332e-02
4.940000000000000391e+00 1.683738335740324332e-02
4.950000000000000178e+00 1.683738335740324332e-02
4.959999999999999964e+00 1.683738335740324332e-02
4.969999999999999751e+00 1.683738335740324332e-02
4.980000000000000426e+00 1.683738335740324332e-02
4.990000000000000213e+00 1.683738335740324332e-02
5.000000000000000000e+00 1.683738335740324332e-02
5.009999999999999787e+00 1.683738335740324332e-02
5.019999999999999574e+00 1.683738335740324332e-02
5.030000000000000249e+00 1.683738335740324332e-02
5.040000000000000036e+00 1.683738335740324332e-02
5.049999999999999822e+00 1.683738335740324332e-02
5.059999999999999609e+00 1.683738335740324332e-02
5.070000000000000284e+00 1.683738335740324332e-02
5.080000000000000071e+00 1.683738335740324332e-02
5.089999999999999858e+00 1.683738335740324332e-02
5.099999999999999645e+00 1.683738335740324332e-02
5.110000000000000320e+00 1.683738335740324332e-02
5.120000000000000107e+00 1.683738335740324332e-02
5.129999999999999893e+00 1.683738335740324332e-02
5.139999999999999680e+00 1.683738335740324332e-02
5.150000000000000355e+00 1.683738335740324332e-02
5.160000000000000142e+00 1.683738335740324332e-02
5.169999999999999929e+00 1.683738335740324332e-02
5.179999999999999716e+00 1.683738335740324332e-02
5.190000000000000391e+00 1.683738335740324332e-02
5.200000000000000178e+00 1.683738335740324332e-02
5.209999999999999964e+00 1.683738335740324332e-02
5.219999999999999751e+00 1.683738335740324332e-02
5.230000000000000426e+00 1.683738335740324332e-02
5.240000000000000213e+00 1.683738335740324332e-02
5.250000000000000000e+00 1.683738335740324332e-02
5.259999999999999787e+00 1.683738335740324332e-02
5.269999999999999574e+00 1.683738335740324332e-02
5.280000000000000249e+00 1.683738335740324332e-02
5.290000000000000036e+00 1.683738335740324332e-02
5.299999999999999822e+00 1.683738335740324332e-02
5.309999999999999609e+00 1.683738335740324332e-02
5.320000000000000284e+00 1.683738335740324332e-02
5.330000000000000071e+00 1.683738335740324332e-02
5.339999999999999858e+00 1.683738335740324332e-02
5.349999999999999645e+00 1.683738335740324332e-02
5.360000000000000320e+00 1.683738335740324332e-02
5.370000000000000107e+00 1.683738335740324332e-02
5.379999999999999893e+00 1.683738335740324332e-02
5.389999999999999680e+00 1.683738335740324332e-02
5.400000000000000355e+00 1.683738335740324332e-02
5.410000000000000142e+00 1.683738335740324332e-02
5.419999999999999929e+00 1.683738335740324332e-02
5.429999999999999716e+00 1.683738335740324332e-02
5.440000000000000391e+00 1.683738335740324332e-02
5.450000000000000178e+00 1.683738335740324332e-02
5.459999999999999964e+00 1.683738335740324332e-02
5.469999999999999751e+00 1.683738335740324332e-02
5.480000000000000426e+00 1.683738335740324332e-02
5.490000000000000213e+00 1.683738335740324332e-02
5.500000000000000000e+00 1.683738335740324332e-02
5.509999999999999787e+00 1.683738335740324332e-02
5.519999999999999574e+00 1.683738335740324332e-02
5.530000000000000249e+00 1.683738335740324332e-02
5.540000000000000036e+00 1.683738335740324332e-02
5.549999999999999822e+00 1.683738335740324332e-02
5.559999999999999609e+00 1.683738335740324332e-02
5.570000000000000284e+00 1.683738335740324332e-02
5.580000000000000071e+00 1.683738335740324332e-02
5.589999999999999858e+00 1.683738335740324332e-02
5.599999999999999645e+00 1.683738335740324332e-02
5.610000000000000320e+00 1.683738335740324332e-02
5.620000000000000107e+00 1.683738335740324332e-02
5.629999999999999893e+00 1.683738335740324332e-02
5.639999999999999680e+00 1.683738335740324332e-02
5.650000000000000355e+00 1.683738335740324332e-02
5.660000000000000142e+00 1.683738335740324332e-02
5.669999999999999929e+00 1.683738335740324332e-02
5.679999999999999716e+00 1.683738335740324332e-02
5.690000000000000391e+00 1.683738335740324332e-02
5.700000000000000178e+00 1.683738335740324332e-02
5.709999999999999964e+00 1.683738335740324332e-02
5.719999999999999751e+00 1.683738335740324332e-02
5.730000000000000426e+00 1.683738335740324332e-02
5.740000000000000213e+00 1.683738335740324332e-02
5.750000000000000000e+00 1.683738335740324332e-02
5.759999999999999787e+00 1.683738335740324332e-02
5.769999999999999574e+00 1.683738335740324332e-02
5.780000000000000249e+00 1.683738335740324332e-02
5.790000000000000036e+00 1.683738335740324332e-02
5.799999999999999822e+00 1.683738335740324332e-02
5.809999999999999609e+00 1.683738335740324332e-02
5.820000000000000284e+00 1.683738335740324332e-02
5.830000000000000071e+00 1.683738335740324332e-02
5.839999999999999858e+00 1.683738335740324332e-02
5.849999999999999645e+00 1.683738335740324332e-02
5.860000000000000320e+00 1.683738335740324332e-02
5.870000000000000107e+00 1.683738335740324332e-02
5.879999999999999893e+00 1.683738335740324332e-02
5.889999999999999680e+00 1.683738335740324332e-02
5.900000000000000355e+00 1.683738335740324332e-02
5.910000000000000142e+00 1.683738335740324332e-02
5.919999999999999929e+00 1.683738335740324332e-02
5.929999999999999716e+00 1.683738335740324332e-02
5.940000000000000391e+00 1.683738335740324332e-02
5.950000000000000178e+00 1.683738335740324332e-02
5.959999999999999964e+00 1.683738335740324332e-02
5.969999999999999751e+00 1.683738335740324332e-02
5.980000000000000426e+00 1.683738335740324332e-02
5.990000000000000213e+00 1.683738335740324332e-02
6.000000000000000000e+00 1.683738335740324332e-02
6.200000000000000178e+00 1.683738335740324332e-02
6.400000000000000355e+00 1.683738335740324332e-02
6.599999999999999645e+00 1.683738335740324332e-02
6.799999999999999822e+00 1.683738335740324332e-02
7.000000000000000000e+00 0.000000000000000000e+00
