0.000000000000000000e+00 0.000000000000000000e+00
1.000000000000000021e-02 1.279566184906614501e-01
2.000000000000000042e-02 1.647784167067660455e-01
2.999999999999999889e-02 1.954507298605065724e-01
4.000000000000000083e-02 2.166412913095294157e-01
5.000000000000000278e-02 2.287079675085973707e-01
5.999999999999999778e-02 2.343373156990676831e-01
7.000000000000000666e-02 2.365340294556512735e-01
8.000000000000000167e-02 2.374145761115004638e-01
8.999999999999999667e-02 2.380602613835773873e-01
1.000000000000000056e-01 2.388916447192465375e-01
1.100000000000000006e-01 2.400432439112923089e-01
1.199999999999999956e-01 2.415580156148117441e-01
1.300000000000000044e-01 2.434461463596221675e-01
1.400000000000000133e-01 2.456933451432149751e-01
1.499999999999999944e-01 2.482636093550299738e-01
1.600000000000000033e-01 2.511028557808834827e-01
1.700000000000000122e-01 2.541347972672625688e-01
1.799999999999999933e-01 2.572432892525757242e-01
1.900000000000000022e-01 2.602501434286230153e-01
2.000000000000000111e-01 2.629134892336651430e-01
2.099999999999999922e-01 2.649679794403861366e-01
2.200000000000000011e-01 2.661983641836694892e-01
2.300000000000000100e-01 2.665095906880922128e-01
2.399999999999999911e-01 2.659576751969655040e-01
2.500000000000000000e-01 2.647289213054189183e-01
2.600000000000000089e-01 2.630770510325589062e-01
2.700000000000000178e-01 2.612420868511016181e-01
2.800000000000000266e-01 2.593839924193409585e-01
2.899999999999999800e-01 2.575594315638795040e-01
2.999999999999999889e-01 2.557453371713653834e-01
3.099999999999999978e-01 2.538854587292289078e-01
3.200000000000000067e-01 2.519299759720542986e-01
3.300000000000000155e-01 2.498544487926053492e-01
3.400000000000000244e-01 2.476620869711100015e-01
3.499999999999999778e-01 2.453776011805946788e-01
3.599999999999999867e-01 2.430357988813806880e-01
3.699999999999999956e-01 2.406656150641950653e-01
3.800000000000000044e-01 2.382746055842763777e-01
3.900000000000000133e-01 2.358431583305255208e-01
4.000000000000000222e-01 2.333339916976453488e-01
4.099999999999999756e-01 2.307130574061835027e-01
4.199999999999999845e-01 2.279722446776561995e-01
4.299999999999999933e-01 2.251467469133486277e-01
4.400000000000000022e-01 2.223250504245794235e-01
4.500000000000000111e-01 2.196496895527131066e-01
4.600000000000000200e-01 2.173022315173515906e-01
4.699999999999999734e-01 2.154652334066912145e-01
4.799999999999999822e-01 2.142659656340597241e-01
4.899999999999999911e-01 2.137265840075398271e-01
5.000000000000000000e-01 2.137522773614411176e-01
5.100000000000000089e-01 2.141680846532210414e-01
5.200000000000000178e-01 2.147816729978327122e-01
5.300000000000000266e-01 2.154351979594160138e-01
5.400000000000000355e-01 2.160252688723705294e-01
5.500000000000000444e-01 2.164957580476659094e-01
5.600000000000000533e-01 2.168204246513451561e-01
5.699999999999999512e-01 2.169882256468599613e-01
5.799999999999999600e-01 2.169950769251884071e-01
5.899999999999999689e-01 2.168404189370563562e-01
5.999999999999999778e-01 2.165260294723627965e-01
6.099999999999999867e-01 2.160555022964249783e-01
6.199999999999999956e-01 2.154337999048197561e-01
6.300000000000000044e-01 2.146667945233417807e-01
6.400000000000000133e-01 2.137608582864107265e-01
6.500000000000000222e-01 2.127225667500700634e-01
6.600000000000000311e-01 2.115585674110270764e-01
6.700000000000000400e-01 2.102756234456180096e-01
6.800000000000000488e-01 2.088806110675557881e-01
6.899999999999999467e-01 2.073795255708828222e-01
6.999999999999999556e-01 2.057728943208337324e-01
7.099999999999999645e-01 2.040421711663367998e-01
7.199999999999999734e-01 2.021194197103581558e-01
7.299999999999999822e-01 1.998376856666577717e-01
7.399999999999999911e-01 1.968824929893810693e-01
7.500000000000000000e-01 1.928037564862677411e-01
7.600000000000000089e-01 1.871619996249035967e-01
7.700000000000000178e-01 1.798095565859073874e-01
7.800000000000000266e-01 1.711524038722150032e-01
7.900000000000000355e-01 1.621510779289489779e-01
8.000000000000000444e-01 1.539654041699900500e-01
8.100000000000000533e-01 1.474503998932227278e-01
8.199999999999999512e-01 1.428553573848036218e-01
8.299999999999999600e-01 1.398929684974396237e-01
8.399999999999999689e-01 1.380393789535420690e-01
8.499999999999999778e-01 1.368122407690380293e-01
8.599999999999999867e-01 1.358928217582215936e-01
8.699999999999999956e-01 1.351166312583263751e-01
8.800000000000000044e-01 1.344140565893158223e-01
8.900000000000000133e-01 1.337564232189321634e-01
9.000000000000000222e-01 1.331248647786056061e-01
9.100000000000000311e-01 1.325005331507879969e-01
9.200000000000000400e-01 1.318703757588111924e-01
9.300000000000000488e-01 1.312444653992755061e-01
9.399999999999999467e-01 1.306841454363411037e-01
9.499999999999999556e-01 1.303389311592832445e-01
9.599999999999999645e-01 1.304792785041391512e-01
9.699999999999999734e-01 1.314982218497193767e-01
9.799999999999999822e-01 1.338531024196811525e-01
9.899999999999999911e-01 1.379360208349892092e-01
1.000000000000000000e+00 1.438917391928740408e-01
1.010000000000000009e+00 1.514462848185699761e-01
1.020000000000000018e+00 1.598666267586902612e-01
1.030000000000000027e+00 1.681726165424548558e-01
1.040000000000000036e+00 1.755669813298040560e-01
1.050000000000000044e+00 1.818075440089567396e-01
1.060000000000000053e+00 1.872044036447414739e-01
1.070000000000000062e+00 1.922305766022763540e-01
1.080000000000000071e+00 1.970945234419739511e-01
1.090000000000000080e+00 2.016244169317484847e-01
1.100000000000000089e+00 2.054765386677051553e-01
1.110000000000000098e+00 2.084091024935309788e-01
1.120000000000000107e+00 2.104028326862091014e-01
1.129999999999999893e+00 2.116141725219039815e-01
1.139999999999999902e+00 2.122699913145939532e-01
1.149999999999999911e+00 2.125938363411944976e-01
1.159999999999999920e+00 2.127819231303214598e-01
1.169999999999999929e+00 2.130014617914119945e-01
1.179999999999999938e+00 2.133806610964576467e-01
1.189999999999999947e+00 2.139834331204629736e-01
1.199999999999999956e+00 2.147891643769084813e-01
1.209999999999999964e+00 2.157043602186294040e-01
1.219999999999999973e+00 2.166103668410331029e-01
1.229999999999999982e+00 2.174210184254299350e-01
1.239999999999999991e+00 2.181157100624560030e-01
1.250000000000000000e+00 2.187324046320080484e-01
1.260000000000000009e+00 2.193310755481103769e-01
1.270000000000000018e+00 2.199511075456085929e-01
1.280000000000000027e+00 2.205828944173563733e-01
1.290000000000000036e+00 2.211624142909222879e-01
1.300000000000000044e+00 2.215871940284080410e-01
1.310000000000000053e+00 2.217477079411868945e-01
1.320000000000000062e+00 2.215680909839543578e-01
1.330000000000000071e+00 2.210471515173182411e-01
1.340000000000000080e+00 2.202818771185877933e-01
1.350000000000000089e+00 2.194510862332683387e-01
1.360000000000000098e+00 2.187529742465503524e-01
1.370000000000000107e+00 2.183243911723536101e-01
1.379999999999999893e+00 2.181905451902141913e-01
1.389999999999999902e+00 2.182747194951174252e-01
1.399999999999999911e+00 2.184539735593254151e-01
1.409999999999999920e+00 2.186204715139673238e-01
1.419999999999999929e+00 2.187171010928025683e-01
1.429999999999999938e+00 2.187411552647610669e-01
1.439999999999999947e+00 2.187267865325176475e-01
1.449999999999999956e+00 2.187206459582226314e-01
1.459999999999999964e+00 2.187619413219511755e-01
1.469999999999999973e+00 2.188724474532681707e-01
1.479999999999999982e+00 2.190557746194733424e-01
1.489999999999999991e+00 2.193013589569864641e-01
1.500000000000000000e+00 2.195889653571792277e-01
1.510000000000000009e+00 2.198922140330872299e-01
1.520000000000000018e+00 2.201815909043402242e-01
1.530000000000000027e+00 2.204274717900551184e-01
1.540000000000000036e+00 2.206030674160731897e-01
1.550000000000000044e+00 2.206871710394030239e-01
1.560000000000000053e+00 2.206673138302699677e-01
1.570000000000000062e+00 2.205449404545726799e-01
1.580000000000000071e+00 2.203447467798604620e-01
1.590000000000000080e+00 2.201285293324296011e-01
1.600000000000000089e+00 2.200077048556138004e-01
1.610000000000000098e+00 2.201406654413681219e-01
1.620000000000000107e+00 2.207015821962249047e-01
1.629999999999999893e+00 2.218242333789432752e-01
1.639999999999999902e+00 2.235475817946668831e-01
1.649999999999999911e+00 2.257949370048421001e-01
1.659999999999999920e+00 2.283969947973472081e-01
1.669999999999999929e+00 2.311413630549976894e-01
1.679999999999999938e+00 2.338210388629536896e-01
1.689999999999999947e+00 2.362624290135207361e-01
1.699999999999999956e+00 2.383271621983995003e-01
1.709999999999999964e+00 2.398948333916981479e-01
1.719999999999999973e+00 2.408447332627274284e-01
1.729999999999999982e+00 2.410578474911435620e-01
1.739999999999999991e+00 2.404497599563687471e-01
1.750000000000000000e+00 2.390239512847795178e-01
1.760000000000000009e+00 2.369159980779561858e-01
1.770000000000000018e+00 2.343948346253914294e-01
1.780000000000000027e+00 2.318032879380772793e-01
1.790000000000000036e+00 2.294533208033192606e-01
1.800000000000000044e+00 2.275252486896825188e-01
1.810000000000000053e+00 2.260269117311372589e-01
1.820000000000000062e+00 2.248338344800448751e-01
1.830000000000000071e+00 2.237786411995368319e-01
1.840000000000000080e+00 2.227319557807018735e-01
1.850000000000000089e+00 2.216349518352097314e-01
1.860000000000000098e+00 2.204818162998478659e-01
1.870000000000000107e+00 2.192774300203883253e-01
1.879999999999999893e+00 2.180004035933752193e-01
1.889999999999999902e+00 2.165889868322731782e-01
1.899999999999999911e+00 2.149481364581549148e-01
1.909999999999999920e+00 2.129638414809667535e-01
1.919999999999999929e+00 2.105139070807915680e-01
1.929999999999999938e+00 2.074775498573106225e-01
1.939999999999999947e+00 2.037557110690112749e-01
1.949999999999999956e+00 1.993092841673666515e-01
1.959999999999999964e+00 1.942039249434503456e-01
1.969999999999999973e+00 1.886344110677904973e-01
1.979999999999999982e+00 1.829117480627716896e-01
1.989999999999999991e+00 1.774283909422236238e-01
2.000000000000000000e+00 1.726273495367578736e-01
2.009999999999999787e+00 1.689648246537384657e-01
2.020000000000000018e+00 1.668268091799242903e-01
2.029999999999999805e+00 1.664045177092197680e-01
2.040000000000000036e+00 1.676114321780112770e-01
2.049999999999999822e+00 1.701237918434427565e-01
2.060000000000000053e+00 1.735283358700793754e-01
2.069999999999999840e+00 1.774767473163147702e-01
2.080000000000000071e+00 1.817616050237008118e-01
2.089999999999999858e+00 1.863052341962109781e-01
2.100000000000000089e+00 1.911051699466854992e-01
2.109999999999999876e+00 1.961798090771671443e-01
2.120000000000000107e+00 2.015335749018075662e-01
2.129999999999999893e+00 2.071421080877697829e-01
2.140000000000000124e+00 2.129511687543524656e-01
2.149999999999999911e+00 2.188826534779261812e-01
2.160000000000000142e+00 2.248429074558442320e-01
2.169999999999999929e+00 2.307309050354099111e-01
2.180000000000000160e+00 2.364459703293353421e-01
2.189999999999999947e+00 2.418954132579728133e-01
2.200000000000000178e+00 2.470017091723542557e-01
2.209999999999999964e+00 2.517079123530304718e-01
2.220000000000000195e+00 2.559799461393994502e-01
2.229999999999999982e+00 2.598051076417542959e-01
2.240000000000000213e+00 2.631869689887907926e-01
2.250000000000000000e+00 2.661378372503795386e-01
2.259999999999999787e+00 2.686711230889573532e-01
2.270000000000000018e+00 2.707965230497353382e-01
2.279999999999999805e+00 2.725197437242991572e-01
2.290000000000000036e+00 2.738460329825876949e-01
2.299999999999999822e+00 2.747850820146618966e-01
2.310000000000000053e+00 2.753551367157415775e-01
2.319999999999999840e+00 2.755851325108213401e-01
2.330000000000000071e+00 2.755135307526052069e-01
2.339999999999999858e+00 2.751820938786027626e-01
2.350000000000000089e+00 2.746248745593398155e-01
2.359999999999999876e+00 2.738574407985948644e-01
2.370000000000000107e+00 2.728742853941126256e-01
2.379999999999999893e+00 2.716586057064391269e-01
2.390000000000000124e+00 2.701995144097877888e-01
2.399999999999999911e+00 2.685050664589873626e-01
2.410000000000000142e+00 2.666021416044218606e-01
2.419999999999999929e+00 2.645247335755866458e-01
2.430000000000000160e+00 2.623014372848842535e-01
2.439999999999999947e+00 2.599525822174245104e-01
2.450000000000000178e+00 2.574980561510090693e-01
2.459999999999999964e+00 2.549674187636797873e-01
2.470000000000000195e+00 2.524033799664745503e-01
2.479999999999999982e+00 2.498585808824851651e-01
2.490000000000000213e+00 2.473957608231884542e-01
2.500000000000000000e+00 2.451033334117516671e-01
2.509999999999999787e+00 2.431273117482876944e-01
2.520000000000000018e+00 2.416985590032120490e-01
2.529999999999999805e+00 2.411152268692438594e-01
2.540000000000000036e+00 2.416507407438089894e-01
2.549999999999999822e+00 2.434131400857429128e-01
2.560000000000000053e+00 2.462455853568865372e-01
2.569999999999999840e+00 2.497555774810713280e-01
2.580000000000000071e+00 2.534692103754905834e-01
2.589999999999999858e+00 2.570083692932411124e-01
2.600000000000000089e+00 2.601823625524519734e-01
2.609999999999999876e+00 2.629674501283245092e-01
2.620000000000000107e+00 2.654269961312322179e-01
2.629999999999999893e+00 2.676382847198585102e-01
2.640000000000000124e+00 2.696564036239346152e-01
2.649999999999999911e+00 2.715095366555742573e-01
2.660000000000000142e+00 2.732075273527225234e-01
2.669999999999999929e+00 2.747509896006767871e-01
2.680000000000000160e+00 2.761375666631365466e-01
2.689999999999999947e+00 2.773668387205115993e-01
2.700000000000000178e+00 2.784448959590380968e-01
2.709999999999999964e+00 2.793871886272131233e-01
2.720000000000000195e+00 2.802177330974980896e-01
2.729999999999999982e+00 2.809648126360352327e-01
2.740000000000000213e+00 2.816555108876016567e-01
2.750000000000000000e+00 2.823114403764934166e-01
2.759999999999999787e+00 2.829464214550606593e-01
2.770000000000000018e+00 2.835658504706985439e-01
2.779999999999999805e+00 2.841677604930039069e-01
2.790000000000000036e+00 2.847456097991482582e-01
2.799999999999999822e+00 2.852916159389027873e-01
2.810000000000000053e+00 2.857984046650386967e-01
2.819999999999999840e+00 2.862578205524733965e-01
2.830000000000000071e+00 2.866584049587480032e-01
2.839999999999999858e+00 2.869845571841683762e-01
2.850000000000000089e+00 2.872191401298646030e-01
2.859999999999999876e+00 2.873485585523207209e-01
2.870000000000000107e+00 2.873675879327772242e-01
2.879999999999999893e+00 2.872815430854849250e-01
2.890000000000000124e+00 2.871049646021680002e-01
2.899999999999999911e+00 2.868575146371142304e-01
2.910000000000000142e+00 2.865584761640240230e-01
2.919999999999999929e+00 2.862213093728665503e-01
2.930000000000000160e+00 2.858497834574512120e-01
2.939999999999999947e+00 2.854375218379893719e-01
2.950000000000000178e+00 2.849725351986333588e-01
2.959999999999999964e+00 2.844462039278318755e-01
2.970000000000000195e+00 2.838625654300500623e-01
2.979999999999999982e+00 2.832416842826994130e-01
2.990000000000000213e+00 2.826135554026403263e-01
3.000000000000000000e+00 2.820055458206240928e-01
3.009999999999999787e+00 2.814313189418181649e-01
3.020000000000000018e+00 2.808877792060606171e-01
3.029999999999999805e+00 2.803603206240476986e-01
3.040000000000000036e+00 2.798316118788339302e-01
3.049999999999999822e+00 2.792890678392522252e-01
3.060000000000000053e+00 2.787292248897057512e-01
3.069999999999999840e+00 2.781595677184117155e-01
3.080000000000000071e+00 2.775985529856175860e-01
3.089999999999999858e+00 2.770739331544411210e-01
3.100000000000000089e+00 2.766193616273551759e-01
3.109999999999999876e+00 2.762697409021629413e-01
3.120000000000000107e+00 2.760562684033484593e-01
3.129999999999999893e+00 2.760021515266517511e-01
3.140000000000000124e+00 2.761193866106501638e-01
3.149999999999999911e+00 2.764062530244170146e-01
3.160000000000000142e+00 2.768450774690175420e-01
3.169999999999999929e+00 2.774007357255028894e-01
3.180000000000000160e+00 2.780215143508362186e-01
3.189999999999999947e+00 2.786440194789592817e-01
3.200000000000000178e+00 2.792022394931821805e-01
3.209999999999999964e+00 2.796385464496847773e-01
3.220000000000000195e+00 2.799130122956450251e-01
3.229999999999999982e+00 2.800079476775040876e-01
3.240000000000000213e+00 2.799266821351348300e-01
3.250000000000000000e+00 2.796879496244520369e-01
3.259999999999999787e+00 2.793185291634268652e-01
3.270000000000000018e+00 2.788465867323651204e-01
3.279999999999999805e+00 2.782970144650817601e-01
3.290000000000000036e+00 2.776889130318311860e-01
3.299999999999999822e+00 2.770348012376491753e-01
3.310000000000000053e+00 2.763410988883864272e-01
3.319999999999999840e+00 2.756095412302955738e-01
3.330000000000000071e+00 2.748392259873219667e-01
3.339999999999999858e+00 2.740289706992895535e-01
3.350000000000000089e+00 2.731795913086859096e-01
3.359999999999999876e+00 2.722955833910276624e-01
3.370000000000000107e+00 2.713855742043331243e-01
3.379999999999999893e+00 2.704610644053505042e-01
3.390000000000000124e+00 2.695336172238843031e-01
3.399999999999999911e+00 2.686116083674580102e-01
3.410000000000000142e+00 2.676982129812073841e-01
3.419999999999999929e+00 2.667917667908923929e-01
3.430000000000000160e+00 2.658881632030116737e-01
3.439999999999999947e+00 2.649836781939816088e-01
3.450000000000000178e+00 2.640765956651618396e-01
3.459999999999999964e+00 2.631671279570121369e-01
3.470000000000000195e+00 2.622563516257557792e-01
3.479999999999999982e+00 2.613453452567073843e-01
3.490000000000000213e+00 2.604353083690243986e-01
3.500000000000000000e+00 2.595284827012881990e-01
3.509999999999999787e+00 2.586286695888587173e-01
3.520000000000000018e+00 2.577397373712896345e-01
3.529999999999999805e+00 2.568613200795642482e-01
3.540000000000000036e+00 2.559825556098083710e-01
3.549999999999999822e+00 2.550758206819933038e-01
3.560000000000000053e+00 2.540920761589694488e-01
3.569999999999999840e+00 2.529587676687583553e-01
3.580000000000000071e+00 2.515825902638895162e-01
3.589999999999999858e+00 2.498629076051485653e-01
3.600000000000000089e+00 2.477224415519945488e-01
3.609999999999999876e+00 2.451532860561739247e-01
3.620000000000000107e+00 2.422582860127178439e-01
3.629999999999999893e+00 2.392540964557684779e-01
3.640000000000000124e+00 2.364136956236053966e-01
3.649999999999999911e+00 2.339666812804441220e-01
3.660000000000000142e+00 2.320144840797476737e-01
3.669999999999999929e+00 2.305128548415310563e-01
3.680000000000000160e+00 2.293240475672402578e-01
3.689999999999999947e+00 2.282939999130192410e-01
3.700000000000000178e+00 2.273075866978193083e-01
3.709999999999999964e+00 2.263075807500999348e-01
3.720000000000000195e+00 2.252904271751914600e-01
3.729999999999999982e+00 2.242940809095290422e-01
3.740000000000000213e+00 2.233816365355264510e-01
3.750000000000000000e+00 2.226193801525213067e-01
3.759999999999999787e+00 2.220550588035097861e-01
3.770000000000000018e+00 2.217100967621827012e-01
3.779999999999999805e+00 2.215939538683523169e-01
3.790000000000000036e+00 2.217304701501941477e-01
3.799999999999999822e+00 2.221718176720023641e-01
3.810000000000000053e+00 2.229818520246898972e-01
3.819999999999999840e+00 2.241955549051051766e-01
3.830000000000000071e+00 2.257839533450668457e-01
3.839999999999999858e+00 2.276520173267010949e-01
3.850000000000000089e+00 2.296708896685951684e-01
3.859999999999999876e+00 2.317207675953871782e-01
3.870000000000000107e+00 2.337191032301343119e-01
3.879999999999999893e+00 2.356259888841530370e-01
3.890000000000000124e+00 2.374343101012084956e-01
3.899999999999999911e+00 2.391551880485371928e-01
3.910000000000000142e+00 2.408024710700220339e-01
3.919999999999999929e+00 2.423699050350253958e-01
3.930000000000000160e+00 2.437860366864577077e-01
3.939999999999999947e+00 2.448368715936372897e-01
3.950000000000000178e+00 2.450862292077503057e-01
3.959999999999999964e+00 2.438948952676175397e-01
3.970000000000000195e+00 2.406588251369404796e-01
3.979999999999999982e+00 2.352365215438900758e-01
3.990000000000000213e+00 2.282716623722703952e-01
4.000000000000000000e+00 2.210543284301965949e-01
4.009999999999999787e+00 2.149135188434543597e-01
4.019999999999999574e+00 2.105812066485917566e-01
4.030000000000000249e+00 2.079814446682612394e-01
4.040000000000000036e+00 2.064659508476872907e-01
4.049999999999999822e+00 2.051728535187189173e-01
4.059999999999999609e+00 2.032623457179270898e-01
4.070000000000000284e+00 2.000522294751533314e-01
4.080000000000000071e+00 1.951583745924251878e-01
4.089999999999999858e+00 1.885925943842923780e-01
4.099999999999999645e+00 1.806608408792864939e-01
4.110000000000000320e+00 1.716595031976106689e-01
4.120000000000000107e+00 1.616372561375472028e-01
4.129999999999999893e+00 1.504965505067456522e-01
4.139999999999999680e+00 1.383531015860780256e-01
4.150000000000000355e+00 1.257540562083938607e-01
4.160000000000000142e+00 1.134985051549449453e-01
4.169999999999999929e+00 1.022391855689377821e-01
4.179999999999999716e+00 9.221119294909478625e-02
4.190000000000000391e+00 8.320169170722419016e-02
4.200000000000000178e+00 7.468125783784036742e-02
4.209999999999999964e+00 6.607800675411348856e-02
4.219999999999999751e+00 5.717148011558641219e-02
4.230000000000000426e+00 4.836203860457006370e-02
4.240000000000000213e+00 4.051561010181133071e-02
4.250000000000000000e+00 3.443907754253933834e-02
4.259999999999999787e+00 3.041419492121897467e-02
4.269999999999999574e+00 2.813371369103134095e-02
4.280000000000000249e+00 2.697558046437097470e-02
4.290000000000000036e+00 2.631407872145250654e-02
4.299999999999999822e+00 2.567865204483153058e-02
4.309999999999999609e+00 2.478725050387813045e-02
4.320000000000000284e+00 2.354990022069619604e-02
4.330000000000000071e+00 2.206333372648905389e-02
4.339999999999999858e+00 2.055318196582464271e-02
4.349999999999999645e+00 1.925598734841095852e-02
4.360000000000000320e+00 1.830800057812226322e-02
4.370000000000000107e+00 1.771253382081655614e-02
4.379999999999999893e+00 1.738620130027057967e-02
4.389999999999999680e+00 1.722671804726168959e-02
4.400000000000000355e+00 1.715425619012839187e-02
4.410000000000000142e+00 1.711974167004970751e-02
4.419999999999999929e+00 1.709689423004296868e-02
4.429999999999999716e+00 1.707288582785243536e-02
4.440000000000000391e+00 1.704283840023691765e-02
4.450000000000000178e+00 1.700730776279356024e-02
4.459999999999999964e+00 1.697038386128903523e-02
4.469999999999999751e+00 1.693719842401146189e-02
4.480000000000000426e+00 1.691144320090538083e-02
4.490000000000000213e+00 1.689413765082480035e-02
4.500000000000000000e+00 1.688401330141944129e-02
4.509999999999999787e+00 1.687876457262388677e-02
4.519999999999999574e+00 1.687616753229529906e-02
4.530000000000000249e+00 1.687459083457936923e-02
4.540000000000000036e+00 1.687301366589431459e-02
4.549999999999999822e+00 1.687089157941597251e-02
4.559999999999999609e+00 1.686808587622432021e-02
4.570000000000000284e+00 1.686483188144086848e-02
4.580000000000000071e+00 1.686161253328471304e-02
4.589999999999999858e+00 1.685891054541347259e-02
4.599999999999999645e+00 1.685698007928511377e-02
4.610000000000000320e+00 1.685578927326564225e-02
4.620000000000000107e+00 1.685513160662632098e-02
4.629999999999999893e+00 1.685477877189343540e-02
4.639999999999999680e+00 1.685456808836248432e-02
4.650000000000000355e+00 1.685441133318780690e-02
4.660000000000000142e+00 1.685426631217748494e-02
4.669999999999999929e+00 1.685410704486947284e-02
4.679999999999999716e+00 1.685390565814466959e-02
4.690000000000000391e+00 1.685362859415627176e-02
4.700000000000000178e+00 1.685324833655046581e-02
4.709999999999999964e+00 1.685276546792646019e-02
4.719999999999999751e+00 1.685222365048264989e-02
4.730000000000000426e+00 1.685169874832935510e-02
4.740000000000000213e+00 1.685126369210793867e-02
4.750000000000000000e+00 1.685095474239822061e-02
4.759999999999999787e+00 1.685076383686259088e-02
4.769999999999999574e+00 1.685065666833641257e-02
4.780000000000000249e+00 1.685059663262157212e-02
4.790000000000000036e+00 1.685055822932119557e-02
4.799999999999999822e+00 1.685052818791671000e-02
4.809999999999999609e+00 1.685050097390595678e-02
4.820000000000000284e+00 1.685047429716691331e-02
4.830000000000000071e+00 1.685044636048705843e-02
4.839999999999999858e+00 1.685041458838968526e-02
4.849999999999999645e+00 1.685037561738012002e-02
4.860000000000000320e+00 1.685032669561459251e-02
4.870000000000000107e+00 1.685026802640288840e-02
4.879999999999999893e+00 1.685020428770768117e-02
4.889999999999999680e+00 1.685014342609199647e-02
4.900000000000000355e+00 1.685009295564211113e-02
4.910000000000000142e+00 1.685005646603854323e-02
4.919999999999999929e+00 1.685003288951508402e-02
4.929999999999999716e+00 1.685001844344690553e-02
4.940000000000000391e+00 1.685000915265475949e-02
4.950000000000000178e+00 1.685000224807977481e-02
4.959999999999999964e+00 1.684999628335370758e-02
4.969999999999999751e+00 1.684999067714264276e-02
4.980000000000000426e+00 1.684998527004274299e-02
4.990000000000000213e+00 1.684998007126337766e-02
5.000000000000000000e+00 1.684997514457798815e-02
5.009999999999999787e+00 1.684997055743303607e-02
5.019999999999999574e+00 1.684996635535039589e-02
5.030000000000000249e+00 1.684996255116633090e-02
5.040000000000000036e+00 1.684995912630867995e-02
5.049999999999999822e+00 1.684995604007005765e-02
5.059999999999999609e+00 1.684995324117339113e-02
5.070000000000000284e+00 1.684995067685762793e-02
5.080000000000000071e+00 1.684994829765136537e-02
5.089999999999999858e+00 1.684994605892580974e-02
5.099999999999999645e+00 1.684994392152569520e-02
5.110000000000000320e+00 1.684994185285102614e-02
5.120000000000000107e+00 1.684993982741524871e-02
5.129999999999999893e+00 1.684993782318457839e-02
5.139999999999999680e+00 1.684993580836211327e-02
5.150000000000000355e+00 1.684993371649312274e-02
5.160000000000000142e+00 1.684993142179744621e-02
5.169999999999999929e+00 1.684992874869014126e-02
5.179999999999999716e+00 1.684992555187455471e-02
5.190000000000000391e+00 1.684992185073562118e-02
5.200000000000000178e+00 1.684991791769380534e-02
5.209999999999999964e+00 1.684991420951544028e-02
5.219999999999999751e+00 1.684991115420553590e-02
5.230000000000000426e+00 1.684990895027711766e-02
5.240000000000000213e+00 1.684990752625993224e-02
5.250000000000000000e+00 1.684990665507579699e-02
5.259999999999999787e+00 1.684990610104132244e-02
5.269999999999999574e+00 1.684990570054481149e-02
5.280000000000000249e+00 1.684990536764180077e-02
5.290000000000000036e+00 1.684990506627116399e-02
5.299999999999999822e+00 1.684990478375470585e-02
5.309999999999999609e+00 1.684990451599154004e-02
5.320000000000000284e+00 1.684990426136913355e-02
5.330000000000000071e+00 1.684990401867491813e-02
5.339999999999999858e+00 1.684990378640053785e-02
5.349999999999999645e+00 1.684990356251434007e-02
5.360000000000000320e+00 1.684990334445343046e-02
5.370000000000000107e+00 1.684990312918709446e-02
5.379999999999999893e+00 1.684990291295886469e-02
5.389999999999999680e+00 1.684990268971436542e-02
5.400000000000000355e+00 1.684990244655048403e-02
5.410000000000000142e+00 1.684990215530064034e-02
5.419999999999999929e+00 1.684990176419880539e-02
5.429999999999999716e+00 1.684990120178737200e-02
5.440000000000000391e+00 1.684990040669583078e-02
5.450000000000000178e+00 1.684989937807238047e-02
5.459999999999999964e+00 1.684989821025006246e-02
5.469999999999999751e+00 1.684989707009827697e-02
5.480000000000000426e+00 1.684989611995419204e-02
5.490000000000000213e+00 1.684989544257552499e-02
5.500000000000000000e+00 1.684989502312147711e-02
5.509999999999999787e+00 1.684989478813753508e-02
5.519999999999999574e+00 1.684989465809781650e-02
5.530000000000000249e+00 1.684989457717975259e-02
5.540000000000000036e+00 1.684989451618792294e-02
5.549999999999999822e+00 1.684989446317335104e-02
5.559999999999999609e+00 1.684989441421428855e-02
5.570000000000000284e+00 1.684989436825308148e-02
5.580000000000000071e+00 1.684989432502671108e-02
5.589999999999999858e+00 1.684989428442748918e-02
5.599999999999999645e+00 1.684989424634563207e-02
5.610000000000000320e+00 1.684989421064128287e-02
5.620000000000000107e+00 1.684989417714834181e-02
5.629999999999999893e+00 1.684989414568652255e-02
5.639999999999999680e+00 1.684989411607432444e-02
5.650000000000000355e+00 1.684989408813925699e-02
5.660000000000000142e+00 1.684989406172402240e-02
5.669999999999999929e+00 1.684989403668953750e-02
5.679999999999999716e+00 1.684989401291657474e-02
5.690000000000000391e+00 1.684989399030716040e-02
5.700000000000000178e+00 1.684989396878554604e-02
5.709999999999999964e+00 1.684989394829793444e-02
5.719999999999999751e+00 1.684989392881005785e-02
5.730000000000000426e+00 1.684989391030253941e-02
5.740000000000000213e+00 1.684989389276467242e-02
5.750000000000000000e+00 1.684989387618773121e-02
5.759999999999999787e+00 1.684989386055901067e-02
5.769999999999999574e+00 1.684989384585730901e-02
5.780000000000000249e+00 1.684989383205029445e-02
5.790000000000000036e+00 1.684989381909371420e-02
5.799999999999999822e+00 1.684989380693233119e-02
5.809999999999999609e+00 1.684989379550231453e-02
5.820000000000000284e+00 1.684989378473478530e-02
5.830000000000000071e+00 1.684989377455999027e-02
5.839999999999999858e+00 1.684989376491159013e-02
5.849999999999999645e+00 1.684989375573046552e-02
5.860000000000000320e+00 1.684989374696730866e-02
5.870000000000000107e+00 1.684989373858373357e-02
5.879999999999999893e+00 1.684989373055167244e-02
5.889999999999999680e+00 1.684989372285142922e-02
5.900000000000000355e+00 1.684989371546896306e-02
5.910000000000000142e+00 1.684989370839308151e-02
5.919999999999999929e+00 1.684989370161229724e-02
5.929999999999999716e+00 1.684989369510812851e-02
5.940000000000000391e+00 1.684989368883438657e-02
5.950000000000000178e+00 1.684989368266051266e-02
5.959999999999999964e+00 1.684989367625445641e-02
5.969999999999999751e+00 1.684989366892113843e-02
5.980000000000000426e+00 1.684989365951870821e-02
5.990000000000000213e+00 1.684989364667276862e-02
6.000000000000000000e+00 1.684989362940522359e-02
6.200000000000000178e+00 1.684989360790865864e-02
6.400000000000000355e+00 1.684989358386011077e-02
6.599999999999999645e+00 1.684989355988688806e-02
6.799999999999999822e+00 1.684989353850664673e-02
7.000000000000000000e+00 0.000000000000000000e+00
