0.000000000000000000e+00 0.000000000000000000e+00
1.000000000000000021e-02 1.683738335740323638e-02
2.000000000000000042e-02 1.683738335740323638e-02
2.999999999999999889e-02 1.683738335740323638e-02
4.000000000000000083e-02 1.683738335740323638e-02
5.000000000000000278e-02 1.683738335740323638e-02
5.999999999999999778e-02 1.683738335740323638e-02
7.000000000000000666e-02 1.683738335740323638e-02
8.000000000000000167e-02 1.683738335740323638e-02
8.999999999999999667e-02 1.683738335740323638e-02
1.000000000000000056e-01 1.683738335740323638e-02
1.100000000000000006e-01 1.683738335740323638e-02
1.199999999999999956e-01 1.683738335740323638e-02
1.300000000000000044e-01 1.683738335740323638e-02
1.400000000000000133e-01 1.683738335740323638e-02
1.499999999999999944e-01 1.683738335740323638e-02
1.600000000000000033e-01 1.683738335740323638e-02
1.700000000000000122e-01 1.683738335740323638e-02
1.799999999999999933e-01 1.683738335740323638e-02
1.900000000000000022e-01 1.683738335740323638e-02
2.000000000000000111e-01 1.683738335740323638e-02
2.099999999999999922e-01 1.683738335740323638e-02
2.200000000000000011e-01 1.683738335740323638e-02
2.300000000000000100e-01 1.683738335740323638e-02
2.399999999999999911e-01 1.683738335740323638e-02
2.500000000000000000e-01 1.683738335740323638e-02
2.600000000000000089e-01 1.683738335740323638e-02
2.700000000000000178e-01 1.683738335740323638e-02
2.800000000000000266e-01 1.683738335740323638e-02
2.899999999999999800e-01 1.683738335740323638e-02
2.999999999999999889e-01 1.683738335740323638e-02
3.099999999999999978e-01 1.683738335740323638e-02
3.200000000000000067e-01 1.683738335740323638e-02
3.300000000000000155e-01 1.683738335740323638e-02
3.400000000000000244e-01 1.683738335740323638e-02
3.499999999999999778e-01 1.683738335740323638e-02
3.599999999999999867e-01 1.683738335740323638e-02
3.699999999999999956e-01 1.683738335740323638e-02
3.800000000000000044e-01 1.683738335740323638e-02
3.900000000000000133e-01 1.683738335740323638e-02
4.000000000000000222e-01 1.683738335740323638e-02
4.099999999999999756e-01 1.683738335740323638e-02
4.199999999999999845e-01 1.683738335740323638e-02
4.299999999999999933e-01 1.683738335740323638e-02
4.400000000000000022e-01 1.683738335740323638e-02
4.500000000000000111e-01 1.683738335740323638e-02
4.600000000000000200e-01 1.683738335740323638e-02
4.699999999999999734e-01 1.683738335740323638e-02
4.799999999999999822e-01 1.683738335740323638e-02
4.899999999999999911e-01 1.683738335740323638e-02
5.000000000000000000e-01 1.683738335740323638e-02
5.100000000000000089e-01 1.683738335740323638e-02
5.200000000000000178e-01 1.683738335740323638e-02
5.300000000000000266e-01 1.683738335740323638e-02
5.400000000000000355e-01 1.683738335740323638e-02
5.500000000000000444e-01 1.683738335740323638e-02
5.600000000000000533e-01 1.683738335740323638e-02
5.699999999999999512e-01 1.683738335740323638e-02
5.799999999999999600e-01 1.683738335740323638e-02
5.899999999999999689e-01 1.683738335740323638e-02
5.999999999999999778e-01 1.683738335740323638e-02
6.099999999999999867e-01 1.683738335740323638e-02
6.199999999999999956e-01 1.683738335740323638e-02
6.300000000000000044e-01 1.683738335740323638e-02
6.400000000000000133e-01 1.683738335740323638e-02
6.500000000000000222e-01 1.683738335740323638e-02
6.600000000000000311e-01 1.683738335740323638e-02
6.700000000000000400e-01 1.683738335740323638e-02
6.800000000000000488e-01 1.683738335740323638e-02
6.899999999999999467e-01 1.683738335740323638e-02
6.999999999999999556e-01 1.683738335740323638e-02
7.099999999999999645e-01 1.683738335740323638e-02
7.199999999999999734e-01 1.683738335740323638e-02
7.299999999999999822e-01 1.683738335740323638e-02
7.399999999999999911e-01 1.683738335740323638e-02
7.500000000000000000e-01 1.683738335740323638e-02
7.600000000000000089e-01 1.683738335740323638e-02
7.700000000000000178e-01 1.683738335740323638e-02
7.800000000000000266e-01 1.683738335740323638e-02
7.900000000000000355e-01 1.683738335740323638e-02
8.000000000000000444e-01 1.683738335740323638e-02
8.100000000000000533e-01 1.683738335740323638e-02
8.199999999999999512e-01 1.683738335740323638e-02
8.299999999999999600e-01 1.683738335740323638e-02
8.399999999999999689e-01 1.683738335740323638e-02
8.499999999999999778e-01 1.683738335740323638e-02
8.599999999999999867e-01 1.683738335740323638e-02
8.699999999999999956e-01 1.683738335740323638e-02
8.800000000000000044e-01 1.683738335740323638e-02
8.900000000000000133e-01 1.683738335740323638e-02
9.000000000000000222e-01 1.683738335740323638e-02
9.100000000000000311e-01 1.683738335740323638e-02
9.200000000000000400e-01 1.683738335740323638e-02
9.300000000000000488e-01 1.683738335740323638e-02
9.399999999999999467e-01 1.683738335740323638e-02
9.499999999999999556e-01 1.683738335740323638e-02
9.599999999999999645e-01 1.683738335740323638e-02
9.699999999999999734e-01 1.683738335740323638e-02
9.799999999999999822e-01 1.683738335740323638e-02
9.899999999999999911e-01 1.683738335740323638e-02
1.000000000000000000e+00 1.683738335740323638e-02
1.010000000000000009e+00 1.683738335740323638e-02
1.020000000000000018e+00 1.683738335740323638e-02
1.030000000000000027e+00 1.683738335740323638e-02
1.040000000000000036e+00 1.683738335740323638e-02
1.050000000000000044e+00 1.683738335740323638e-02
1.060000000000000053e+00 1.683738335740323638e-02
1.070000000000000062e+00 1.683738335740323638e-02
1.080000000000000071e+00 1.683738335740323638e-02
1.090000000000000080e+00 1.683738335740323638e-02
1.100000000000000089e+00 1.683738335740323638e-02
1.110000000000000098e+00 1.683738335740323638e-02
1.120000000000000107e+00 1.683738335740323638e-02
1.129999999999999893e+00 1.683738335740323638e-02
1.139999999999999902e+00 1.683738335740323638e-02
1.149999999999999911e+00 1.683738335740323638e-02
1.159999999999999920e+00 1.683738335740323638e-02
1.169999999999999929e+00 1.683738335740323638e-02
1.179999999999999938e+00 1.683738335740323638e-02
1.189999999999999947e+00 1.683738335740323638e-02
1.199999999999999956e+00 1.683738335740323638e-02
1.209999999999999964e+00 1.683738335740323638e-02
1.219999999999999973e+00 1.683738335740323638e-02
1.229999999999999982e+00 1.683738335740323638e-02
1.239999999999999991e+00 1.683738335740323638e-02
1.250000000000000000e+00 1.683738335740323638e-02
1.260000000000000009e+00 1.683738335740323638e-02
1.270000000000000018e+00 1.683738335740323638e-02
1.280000000000000027e+00 1.683738335740323638e-02
1.290000000000000036e+00 1.683738335740323638e-02
1.300000000000000044e+00 1.683738335740323638e-02
1.310000000000000053e+00 1.683738335740323638e-02
1.320000000000000062e+00 1.683738335740323638e-02
1.330000000000000071e+00 1.683738335740323638e-02
1.340000000000000080e+00 1.683738335740323638e-02
1.350000000000000089e+00 1.683738335740323638e-02
1.360000000000000098e+00 1.683738335740323638e-02
1.370000000000000107e+00 1.683738335740323638e-02
1.379999999999999893e+00 1.683738335740323638e-02
1.389999999999999902e+00 1.683738335740323638e-02
1.399999999999999911e+00 1.683738335740323638e-02
1.409999999999999920e+00 1.683738335740324332e-02
1.419999999999999929e+00 1.683738335740339251e-02
1.429999999999999938e+00 1.683738335740593561e-02
1.439999999999999947e+00 1.683738335744238909e-02
1.449999999999999956e+00 1.683738335788069126e-02
1.459999999999999964e+00 1.683738336230099567e-02
1.469999999999999973e+00 1.683738339968447739e-02
1.479999999999999982e+00 1.683738366483182591e-02
1.489999999999999991e+00 1.683738524254241656e-02
1.500000000000000000e+00 1.683739312479802519e-02
1.510000000000000009e+00 1.683742624037497942e-02
1.520000000000000018e+00 1.683754356738048283e-02
1.530000000000000027e+00 1.683789588897690107e-02
1.540000000000000036e+00 1.683880087661139557e-02
1.550000000000000044e+00 1.684082404028744775e-02
1.560000000000000053e+00 1.684489460823385479e-02
1.570000000000000062e+00 1.685272612281045468e-02
1.580000000000000071e+00 1.686836468292393643e-02
1.590000000000000080e+00 1.690235436847335043e-02
1.600000000000000089e+00 1.697961165065441438e-02
1.610000000000000098e+00 1.714836792011822583e-02
1.620000000000000107e+00 1.748030347227430212e-02
1.629999999999999893e+00 1.804898678564275522e-02
1.639999999999999902e+00 1.888721774716746807e-02
1.649999999999999911e+00 1.995019227513554483e-02
1.659999999999999920e+00 2.112025411158107227e-02
1.669999999999999929e+00 2.225776940431075518e-02
1.679999999999999938e+00 2.325933054378577849e-02
1.689999999999999947e+00 2.408055988941687833e-02
1.699999999999999956e+00 2.471956128952601875e-02
1.709999999999999964e+00 2.518993181949542165e-02
1.719999999999999973e+00 2.550817228036108761e-02
1.729999999999999982e+00 2.569799772184842498e-02
1.739999999999999991e+00 2.580224799730468713e-02
1.750000000000000000e+00 2.589467138585171968e-02
1.760000000000000009e+00 2.608556428016571907e-02
1.770000000000000018e+00 2.651174406824896232e-02
1.780000000000000027e+00 2.730128374816333942e-02
1.790000000000000036e+00 2.851780382710973269e-02
1.800000000000000044e+00 3.011342549945434516e-02
1.810000000000000053e+00 3.192904826058995393e-02
1.820000000000000062e+00 3.375524895532575759e-02
1.830000000000000071e+00 3.542359332750997375e-02
1.840000000000000080e+00 3.687982765696679044e-02
1.850000000000000089e+00 3.821452744692058895e-02
1.860000000000000098e+00 3.966029265935906711e-02
1.870000000000000107e+00 4.156661785688718636e-02
1.879999999999999893e+00 4.433936834888323186e-02
1.889999999999999902e+00 4.832767605867877708e-02
1.899999999999999911e+00 5.368379791473058132e-02
1.909999999999999920e+00 6.027484887719165157e-02
1.919999999999999929e+00 6.772604552026625924e-02
1.929999999999999938e+00 7.560897033933601519e-02
1.939999999999999947e+00 8.370267329243265275e-02
1.949999999999999956e+00 9.220084699752742474e-02
1.959999999999999964e+00 1.017375137385103934e-01
1.969999999999999973e+00 1.131659756606861744e-01
1.979999999999999982e+00 1.271408126302085162e-01
1.989999999999999991e+00 1.436703893417863864e-01
2.000000000000000000e+00 1.618610972919855284e-01
2.009999999999999787e+00 1.800243280203093765e-01
2.020000000000000018e+00 1.961654096766907440e-01
2.029999999999999805e+00 2.086739592468017657e-01
2.040000000000000036e+00 2.168975592440748057e-01
2.049999999999999822e+00 2.213186798967178015e-01
2.060000000000000053e+00 2.232777774285462646e-01
2.069999999999999840e+00 2.244548437583107625e-01
2.080000000000000071e+00 2.264410618522098850e-01
2.089999999999999858e+00 2.306025180515346995e-01
2.100000000000000089e+00 2.381574503236624785e-01
2.109999999999999876e+00 2.502102771458304398e-01
2.120000000000000107e+00 2.675966567205048663e-01
2.129999999999999893e+00 2.906773625417717333e-01
2.140000000000000124e+00 3.193396259758177202e-01
2.149999999999999911e+00 3.532801419103779872e-01
2.160000000000000142e+00 3.923852027009084309e-01
2.169999999999999929e+00 4.369556862071812819e-01
2.180000000000000160e+00 4.876271975189621632e-01
2.189999999999999947e+00 5.449635056478816519e-01
2.200000000000000178e+00 6.088358647594125372e-01
2.209999999999999964e+00 6.778515137219576214e-01
2.220000000000000195e+00 7.491421879886982493e-01
2.229999999999999982e+00 8.186602316025554105e-01
2.240000000000000213e+00 8.818574262139562414e-01
2.250000000000000000e+00 9.344606471317842278e-01
2.259999999999999787e+00 9.731009141862633216e-01
2.270000000000000018e+00 9.956903744241366594e-01
2.279999999999999805e+00 1.001534745588987141e+00
2.290000000000000036e+00 9.912090592715948612e-01
2.299999999999999822e+00 9.662798024079529702e-01
2.310000000000000053e+00 9.290101599051923120e-01
2.319999999999999840e+00 8.821651617473437179e-01
2.330000000000000071e+00 8.289676905491749626e-01
2.339999999999999858e+00 7.732305934660682611e-01
2.350000000000000089e+00 7.196589418931246263e-01
2.359999999999999876e+00 6.741384599170775482e-01
2.370000000000000107e+00 6.435700817307254962e-01
2.379999999999999893e+00 6.348602549981883225e-01
2.390000000000000124e+00 6.532759028490311426e-01
2.399999999999999911e+00 7.010866117013658805e-01
2.410000000000000142e+00 7.774280835012471469e-01
2.419999999999999929e+00 8.794444601311216525e-01
2.430000000000000160e+00 1.003797719422827361e+00
2.439999999999999947e+00 1.147453990956640579e+00
2.450000000000000178e+00 1.307315915355560687e+00
2.459999999999999964e+00 1.479093469630805568e+00
2.470000000000000195e+00 1.656149989564280389e+00
2.479999999999999982e+00 1.828878424135149006e+00
2.490000000000000213e+00 1.984957718567698315e+00
2.500000000000000000e+00 2.110905662491317170e+00
2.509999999999999787e+00 2.195160338865659977e+00
2.520000000000000018e+00 2.231890628658554476e+00
2.529999999999999805e+00 2.223492635280670093e+00
2.540000000000000036e+00 2.179825247886646000e+00
2.549999999999999822e+00 2.114200227917411912e+00
2.560000000000000053e+00 2.038453972206576648e+00
2.569999999999999840e+00 1.959954789948766152e+00
2.580000000000000071e+00 1.881690258532166204e+00
2.589999999999999858e+00 1.804329957864842626e+00
2.600000000000000089e+00 1.728289668848826954e+00
2.609999999999999876e+00 1.654590063688584856e+00
2.620000000000000107e+00 1.584576136022805892e+00
2.629999999999999893e+00 1.519297154078887990e+00
2.640000000000000124e+00 1.459267068872287965e+00
2.649999999999999911e+00 1.404747951355644453e+00
2.660000000000000142e+00 1.356186929846472378e+00
2.669999999999999929e+00 1.314357588091611628e+00
2.680000000000000160e+00 1.280009815612264790e+00
2.689999999999999947e+00 1.253144669898057728e+00
2.700000000000000178e+00 1.232293240121818734e+00
2.709999999999999964e+00 1.214303308863749153e+00
2.720000000000000195e+00 1.194946412008080605e+00
2.729999999999999982e+00 1.170158147022840600e+00
2.740000000000000213e+00 1.137271292188382965e+00
2.750000000000000000e+00 1.095604063091123459e+00
2.759999999999999787e+00 1.046254988622840054e+00
2.770000000000000018e+00 9.914788950181629978e-01
2.779999999999999805e+00 9.340845650526857780e-01
2.790000000000000036e+00 8.769538435391189823e-01
2.799999999999999822e+00 8.225423421670907675e-01
2.810000000000000053e+00 7.723528113159845443e-01
2.819999999999999840e+00 7.266049801611587089e-01
2.830000000000000071e+00 6.843165935448383141e-01
2.839999999999999858e+00 6.437799515137757611e-01
2.850000000000000089e+00 6.032181948010426620e-01
2.859999999999999876e+00 5.613759882508769783e-01
2.870000000000000107e+00 5.178797054740233996e-01
2.879999999999999893e+00 4.732885447069367091e-01
2.890000000000000124e+00 4.288383040893212761e-01
2.899999999999999911e+00 3.859847388133528789e-01
2.910000000000000142e+00 3.459411128488611431e-01
2.919999999999999929e+00 3.093907155615079341e-01
2.930000000000000160e+00 2.764414763248106421e-01
2.939999999999999947e+00 2.467706122101576416e-01
2.950000000000000178e+00 2.198579862903973225e-01
2.959999999999999964e+00 1.952222521800314192e-01
2.970000000000000195e+00 1.726018816746816009e-01
2.979999999999999982e+00 1.520304286264301530e-01
2.990000000000000213e+00 1.337643636820352311e-01
3.000000000000000000e+00 1.180779645320694238e-01
3.009999999999999787e+00 1.050309846059783725e-01
3.020000000000000018e+00 9.435408540365872176e-02
3.029999999999999805e+00 8.552112312814154349e-02
3.040000000000000036e+00 7.794281329635616151e-02
3.049999999999999822e+00 7.114737944889973353e-02
3.060000000000000053e+00 6.485938869753340996e-02
3.069999999999999840e+00 5.897911857708928313e-02
3.080000000000000071e+00 5.351515470250984424e-02
3.089999999999999858e+00 4.851742398840053899e-02
3.100000000000000089e+00 4.403206790577849500e-02
3.109999999999999876e+00 4.008046906633216944e-02
3.120000000000000107e+00 3.665565170956986557e-02
3.129999999999999893e+00 3.372679623817225608e-02
3.140000000000000124e+00 3.124538895983981768e-02
3.149999999999999911e+00 2.915156651202864199e-02
3.160000000000000142e+00 2.738154280587226305e-02
3.169999999999999929e+00 2.587536623709271039e-02
3.180000000000000160e+00 2.458248978840667232e-02
3.189999999999999947e+00 2.346375684257930375e-02
3.200000000000000178e+00 2.249071019999761625e-02
3.209999999999999964e+00 2.164375556660642214e-02
3.220000000000000195e+00 2.090977562478685964e-02
3.229999999999999982e+00 2.027922132942668390e-02
3.240000000000000213e+00 1.974316441010802795e-02
3.250000000000000000e+00 1.929133174657163621e-02
3.259999999999999787e+00 1.891183533860772703e-02
3.270000000000000018e+00 1.859232156711087408e-02
3.279999999999999805e+00 1.832151032371400270e-02
3.290000000000000036e+00 1.809019844792287071e-02
3.299999999999999822e+00 1.789147532817352004e-02
3.310000000000000053e+00 1.772042007079621326e-02
3.319999999999999840e+00 1.757360133586960069e-02
3.330000000000000071e+00 1.744853025702713598e-02
3.339999999999999858e+00 1.734314392688640627e-02
3.350000000000000089e+00 1.725543336024471658e-02
3.359999999999999876e+00 1.718330186132286178e-02
3.370000000000000107e+00 1.712460854220286544e-02
3.379999999999999893e+00 1.707726231133401690e-02
3.390000000000000124e+00 1.703927786232881103e-02
3.399999999999999911e+00 1.700880316134171372e-02
3.410000000000000142e+00 1.698416052382857935e-02
3.419999999999999929e+00 1.696390881429890932e-02
3.430000000000000160e+00 1.694690051011409418e-02
3.439999999999999947e+00 1.693230634067274809e-02
3.450000000000000178e+00 1.691959564483876133e-02
3.459999999999999964e+00 1.690847359023178731e-02
3.470000000000000195e+00 1.689878768359133129e-02
3.479999999999999982e+00 1.689043062062905998e-02
3.490000000000000213e+00 1.688327400352926388e-02
3.500000000000000000e+00 1.687715231924606651e-02
3.509999999999999787e+00 1.687188626632196015e-02
3.520000000000000018e+00 1.686731603746805322e-02
3.529999999999999805e+00 1.686332143609824488e-02
3.540000000000000036e+00 1.685982345057484427e-02
3.549999999999999822e+00 1.685677334489802184e-02
3.560000000000000053e+00 1.685413674903774028e-02
3.569999999999999840e+00 1.685187828687920858e-02
3.580000000000000071e+00 1.684995174872032375e-02
3.589999999999999858e+00 1.684829980465868057e-02
3.600000000000000089e+00 1.684686270150144438e-02
3.609999999999999876e+00 1.684558982200334495e-02
3.620000000000000107e+00 1.684444699233644815e-02
3.629999999999999893e+00 1.684341677647117896e-02
3.640000000000000124e+00 1.684249389153078674e-02
3.649999999999999911e+00 1.684167930858451040e-02
3.660000000000000142e+00 1.684097506346845727e-02
3.669999999999999929e+00 1.684038017873600371e-02
3.680000000000000160e+00 1.683988802985269401e-02
3.689999999999999947e+00 1.683948601382213514e-02
3.700000000000000178e+00 1.683915778458038373e-02
3.709999999999999964e+00 1.683888677572040887e-02
3.720000000000000195e+00 1.683865902102913564e-02
3.729999999999999982e+00 1.683846420106488787e-02
3.740000000000000213e+00 1.683829527723357602e-02
3.750000000000000000e+00 1.683814766741370886e-02
3.759999999999999787e+00 1.683801853179361235e-02
3.770000000000000018e+00 1.683790616847999702e-02
3.779999999999999805e+00 1.683780940108334928e-02
3.790000000000000036e+00 1.683772706734557728e-02
3.799999999999999822e+00 1.683765780418086666e-02
3.810000000000000053e+00 1.683760012354123745e-02
3.819999999999999840e+00 1.683755257823259938e-02
3.830000000000000071e+00 1.683751385044504612e-02
3.839999999999999858e+00 1.683748274839971804e-02
3.850000000000000089e+00 1.683745817551171239e-02
3.859999999999999876e+00 1.683743911245803512e-02
3.870000000000000107e+00 1.683742461026741313e-02
3.879999999999999893e+00 1.683741378689631793e-02
3.890000000000000124e+00 1.683740583429798807e-02
3.899999999999999911e+00 1.683740004210370483e-02
3.910000000000000142e+00 1.683739582635735213e-02
3.919999999999999929e+00 1.683739274312961651e-02
3.930000000000000160e+00 1.683739047794467411e-02
3.939999999999999947e+00 1.683738881758093525e-02
3.950000000000000178e+00 1.683738761646386833e-02
3.959999999999999964e+00 1.683738676723210009e-02
3.970000000000000195e+00 1.683738618113885324e-02
3.979999999999999982e+00 1.683738578018917353e-02
3.990000000000000213e+00 1.683738549829185902e-02
4.000000000000000000e+00 1.683738528526578654e-02
4.009999999999999787e+00 1.683738510822241005e-02
4.019999999999999574e+00 1.683738494884264372e-02
4.030000000000000249e+00 1.683738479859172785e-02
4.040000000000000036e+00 1.683738465455662109e-02
4.049999999999999822e+00 1.683738451702375058e-02
4.059999999999999609e+00 1.683738438817407312e-02
4.070000000000000284e+00 1.683738427079422423e-02
4.080000000000000071e+00 1.683738416674728997e-02
4.089999999999999858e+00 1.683738407594271777e-02
4.099999999999999645e+00 1.683738399649044315e-02
4.110000000000000320e+00 1.683738392577163734e-02
4.120000000000000107e+00 1.683738386151596017e-02
4.129999999999999893e+00 1.683738380227888659e-02
4.139999999999999680e+00 1.683738374740465296e-02
4.150000000000000355e+00 1.683738369684566194e-02
4.160000000000000142e+00 1.683738365098769521e-02
4.169999999999999929e+00 1.683738361038093767e-02
4.179999999999999716e+00 1.683738357535425473e-02
4.190000000000000391e+00 1.683738354572089646e-02
4.200000000000000178e+00 1.683738352078465242e-02
4.209999999999999964e+00 1.683738349960037933e-02
4.219999999999999751e+00 1.683738348125920353e-02
4.230000000000000426e+00 1.683738346504289399e-02
4.240000000000000213e+00 1.683738345046414606e-02
4.250000000000000000e+00 1.683738343726841682e-02
4.259999999999999787e+00 1.683738342541205718e-02
4.269999999999999574e+00 1.683738341498391619e-02
4.280000000000000249e+00 1.683738340607862302e-02
4.290000000000000036e+00 1.683738339869281925e-02
4.299999999999999822e+00 1.683738339270252071e-02
4.309999999999999609e+00 1.683738338790348107e-02
4.320000000000000284e+00 1.683738338405521562e-02
4.330000000000000071e+00 1.683738338090408349e-02
4.339999999999999858e+00 1.683738337820680359e-02
4.349999999999999645e+00 1.683738337577153979e-02
4.360000000000000320e+00 1.683738337349537442e-02
4.370000000000000107e+00 1.683738337136391275e-02
4.379999999999999893e+00 1.683738336940920552e-02
4.389999999999999680e+00 1.683738336765940036e-02
4.400000000000000355e+00 1.683738336611465686e-02
4.410000000000000142e+00 1.683738336475345404e-02
4.419999999999999929e+00 1.683738336354968432e-02
4.429999999999999716e+00 1.683738336248333592e-02
4.440000000000000391e+00 1.683738336154273416e-02
4.450000000000000178e+00 1.683738336072339303e-02
4.459999999999999964e+00 1.683738336002593358e-02
4.469999999999999751e+00 1.683738335945184419e-02
4.480000000000000426e+00 1.683738335899761379e-02
4.490000000000000213e+00 1.683738335865091543e-02
4.500000000000000000e+00 1.683738335839187611e-02
4.509999999999999787e+00 1.683738335819818382e-02
4.519999999999999574e+00 1.683738335805015293e-02
4.530000000000000249e+00 1.683738335793309032e-02
4.540000000000000036e+00 1.683738335783732665e-02
4.549999999999999822e+00 1.683738335775724487e-02
4.559999999999999609e+00 1.683738335769017699e-02
4.570000000000000284e+00 1.683738335763518279e-02
4.580000000000000071e+00 1.683738335759166899e-02
4.589999999999999858e+00 1.683738335755839699e-02
4.599999999999999645e+00 1.683738335753325391e-02
4.610000000000000320e+00 1.683738335751376602e-02
4.620000000000000107e+00 1.683738335749774412e-02
4.629999999999999893e+00 1.683738335748367551e-02
4.639999999999999680e+00 1.683738335747075876e-02
4.650000000000000355e+00 1.683738335745875100e-02
4.660000000000000142e+00 1.683738335744778408e-02
4.669999999999999929e+00 1.683738335743816331e-02
4.679999999999999716e+00 1.683738335743013154e-02
4.690000000000000391e+00 1.683738335742375816e-02
4.700000000000000178e+00 1.683738335741888706e-02
4.709999999999999964e+00 1.683738335741526149e-02
4.719999999999999751e+00 1.683738335741258307e-02
4.730000000000000426e+00 1.683738335741059855e-02
4.740000000000000213e+00 1.683738335740910669e-02
4.750000000000000000e+00 1.683738335740796177e-02
4.759999999999999787e+00 1.683738335740707706e-02
4.769999999999999574e+00 1.683738335740638664e-02
4.780000000000000249e+00 1.683738335740586275e-02
4.790000000000000036e+00 1.683738335740547071e-02
4.799999999999999822e+00 1.683738335740517927e-02
4.809999999999999609e+00 1.683738335740495723e-02
4.820000000000000284e+00 1.683738335740478029e-02
4.830000000000000071e+00 1.683738335740462763e-02
4.839999999999999858e+00 1.683738335740449232e-02
4.849999999999999645e+00 1.683738335740436395e-02
4.860000000000000320e+00 1.683738335740424599e-02
4.870000000000000107e+00 1.683738335740414191e-02
4.879999999999999893e+00 1.683738335740404476e-02
4.889999999999999680e+00 1.683738335740396150e-02
4.900000000000000355e+00 1.683738335740389211e-02
4.910000000000000142e+00 1.683738335740382619e-02
4.919999999999999929e+00 1.683738335740376721e-02
4.929999999999999716e+00 1.683738335740371170e-02
4.940000000000000391e+00 1.683738335740365272e-02
4.950000000000000178e+00 1.683738335740360068e-02
4.959999999999999964e+00 1.683738335740354863e-02
4.969999999999999751e+00 1.683738335740350006e-02
4.980000000000000426e+00 1.683738335740346190e-02
4.990000000000000213e+00 1.683738335740342720e-02
5.000000000000000000e+00 1.683738335740339598e-02
5.009999999999999787e+00 1.683738335740337169e-02
5.019999999999999574e+00 1.683738335740334741e-02
5.030000000000000249e+00 1.683738335740332659e-02
5.040000000000000036e+00 1.683738335740331271e-02
5.049999999999999822e+00 1.683738335740329536e-02
5.059999999999999609e+00 1.683738335740328149e-02
5.070000000000000284e+00 1.683738335740327108e-02
5.080000000000000071e+00 1.683738335740326067e-02
5.089999999999999858e+00 1.683738335740325720e-02
5.099999999999999645e+00 1.683738335740325026e-02
5.110000000000000320e+00 1.683738335740324679e-02
5.120000000000000107e+00 1.683738335740324332e-02
5.129999999999999893e+00 1.683738335740323985e-02
5.139999999999999680e+00 1.683738335740323985e-02
5.150000000000000355e+00 1.683738335740323985e-02
5.160000000000000142e+00 1.683738335740323638e-02
5.169999999999999929e+00 1.683738335740323638e-02
5.179999999999999716e+00 1.683738335740323638e-02
5.190000000000000391e+00 1.683738335740323638e-02
5.200000000000000178e+00 1.683738335740323638e-02
5.209999999999999964e+00 1.683738335740323638e-02
5.219999999999999751e+00 1.683738335740323638e-02
5.230000000000000426e+00 1.683738335740323638e-02
5.240000000000000213e+00 1.683738335740323638e-02
5.250000000000000000e+00 1.683738335740323638e-02
5.259999999999999787e+00 1.683738335740323638e-02
5.269999999999999574e+00 1.683738335740323638e-02
5.280000000000000249e+00 1.683738335740323638e-02
5.290000000000000036e+00 1.683738335740323638e-02
5.299999999999999822e+00 1.683738335740323638e-02
5.309999999999999609e+00 1.683738335740323638e-02
5.320000000000000284e+00 1.683738335740323638e-02
5.330000000000000071e+00 1.683738335740323638e-02
5.339999999999999858e+00 1.683738335740323638e-02
5.349999999999999645e+00 1.683738335740323638e-02
5.360000000000000320e+00 1.683738335740323638e-02
5.370000000000000107e+00 1.683738335740323638e-02
5.379999999999999893e+00 1.683738335740323638e-02
5.389999999999999680e+00 1.683738335740323638e-02
5.400000000000000355e+00 1.683738335740323638e-02
5.410000000000000142e+00 1.683738335740323638e-02
5.419999999999999929e+00 1.683738335740323638e-02
5.429999999999999716e+00 1.683738335740323638e-02
5.440000000000000391e+00 1.683738335740323638e-02
5.450000000000000178e+00 1.683738335740323638e-02
5.459999999999999964e+00 1.683738335740323638e-02
5.469999999999999751e+00 1.683738335740323638e-02
5.480000000000000426e+00 1.683738335740323638e-02
5.490000000000000213e+00 1.683738335740323638e-02
5.500000000000000000e+00 1.683738335740323638e-02
5.509999999999999787e+00 1.683738335740323638e-02
5.519999999999999574e+00 1.683738335740323638e-02
5.530000000000000249e+00 1.683738335740323638e-02
5.540000000000000036e+00 1.683738335740323638e-02
5.549999999999999822e+00 1.683738335740323638e-02
5.559999999999999609e+00 1.683738335740323638e-02
5.570000000000000284e+00 1.683738335740323638e-02
5.580000000000000071e+00 1.683738335740323638e-02
5.589999999999999858e+00 1.683738335740323638e-02
5.599999999999999645e+00 1.683738335740323638e-02
5.610000000000000320e+00 1.683738335740323638e-02
5.620000000000000107e+00 1.683738335740323638e-02
5.629999999999999893e+00 1.683738335740323638e-02
5.639999999999999680e+00 1.683738335740323638e-02
5.650000000000000355e+00 1.683738335740323638e-02
5.660000000000000142e+00 1.683738335740323638e-02
5.669999999999999929e+00 1.683738335740323638e-02
5.679999999999999716e+00 1.683738335740323638e-02
5.690000000000000391e+00 1.683738335740323638e-02
5.700000000000000178e+00 1.683738335740323638e-02
5.709999999999999964e+00 1.683738335740323638e-02
5.719999999999999751e+00 1.683738335740323638e-02
5.730000000000000426e+00 1.683738335740323638e-02
5.740000000000000213e+00 1.683738335740323638e-02
5.750000000000000000e+00 1.683738335740323638e-02
5.759999999999999787e+00 1.683738335740323638e-02
5.769999999999999574e+00 1.683738335740323638e-02
5.780000000000000249e+00 1.683738335740323638e-02
5.790000000000000036e+00 1.683738335740323638e-02
5.799999999999999822e+00 1.683738335740323638e-02
5.809999999999999609e+00 1.683738335740323638e-02
5.820000000000000284e+00 1.683738335740323638e-02
5.830000000000000071e+00 1.683738335740323638e-02
5.839999999999999858e+00 1.683738335740323638e-02
5.849999999999999645e+00 1.683738335740323638e-02
5.860000000000000320e+00 1.683738335740323638e-02
5.870000000000000107e+00 1.683738335740323638e-02
5.879999999999999893e+00 1.683738335740323638e-02
5.889999999999999680e+00 1.683738335740323638e-02
5.900000000000000355e+00 1.683738335740323638e-02
5.910000000000000142e+00 1.683738335740323638e-02
5.919999999999999929e+00 1.683738335740323638e-02
5.929999999999999716e+00 1.683738335740323638e-02
5.940000000000000391e+00 1.683738335740323638e-02
5.950000000000000178e+00 1.683738335740323638e-02
5.959999999999999964e+00 1.683738335740323638e-02
5.969999999999999751e+00 1.683738335740323638e-02
5.980000000000000426e+00 1.683738335740323638e-02
5.990000000000000213e+00 1.683738335740323638e-02
6.000000000000000000e+00 1.683738335740323638e-02
6.200000000000000178e+00 1.683738335740323638e-02
6.400000000000000355e+00 1.683738335740323638e-02
6.599999999999999645e+00 1.683738335740323638e-02
6.799999999999999822e+00 1.683738335740323638e-02
7.000000000000000000e+00 0.000000000000000000e+00
