0.000000000000000000e+00 0.000000000000000000e+00
1.000000000000000021e-02 1.415698111051474743e-02
2.000000000000000042e-02 1.415698111051474743e-02
2.999999999999999889e-02 1.415698111051474743e-02
4.000000000000000083e-02 1.415698111051474743e-02
5.000000000000000278e-02 1.415698111051474743e-02
5.999999999999999778e-02 1.415698111051474743e-02
7.000000000000000666e-02 1.415698111051474743e-02
8.000000000000000167e-02 1.415698111051474743e-02
8.999999999999999667e-02 1.415698111051474743e-02
1.000000000000000056e-01 1.415698111051474743e-02
1.100000000000000006e-01 1.415698111051474743e-02
1.199999999999999956e-01 1.415698111051474743e-02
1.300000000000000044e-01 1.415698111051474743e-02
1.400000000000000133e-01 1.415698111051474743e-02
1.499999999999999944e-01 1.415698111051474743e-02
1.600000000000000033e-01 1.415698111051474743e-02
1.700000000000000122e-01 1.415698111051474743e-02
1.799999999999999933e-01 1.415698111051474743e-02
1.900000000000000022e-01 1.415698111051474743e-02
2.000000000000000111e-01 1.415698111051474743e-02
2.099999999999999922e-01 1.415698111051474743e-02
2.200000000000000011e-01 1.415698111051474743e-02
2.300000000000000100e-01 1.415698111051474743e-02
2.399999999999999911e-01 1.415698111051474743e-02
2.500000000000000000e-01 1.415698111051474743e-02
2.600000000000000089e-01 1.415698111051474743e-02
2.700000000000000178e-01 1.415698111051474743e-02
2.800000000000000266e-01 1.415698111051474743e-02
2.899999999999999800e-01 1.415698111051474743e-02
2.999999999999999889e-01 1.415698111051474743e-02
3.099999999999999978e-01 1.415698111051474743e-02
3.200000000000000067e-01 1.415698111051474743e-02
3.300000000000000155e-01 1.415698111051474743e-02
3.400000000000000244e-01 1.415698111051474743e-02
3.499999999999999778e-01 1.415698111051474743e-02
3.599999999999999867e-01 1.415698111051474743e-02
3.699999999999999956e-01 1.415698111051474743e-02
3.800000000000000044e-01 1.415698111051474743e-02
3.900000000000000133e-01 1.415698111051474743e-02
4.000000000000000222e-01 1.415698111051474743e-02
4.099999999999999756e-01 1.415698111051474743e-02
4.199999999999999845e-01 1.415698111051474743e-02
4.299999999999999933e-01 1.415698111051474743e-02
4.400000000000000022e-01 1.415698111051474743e-02
4.500000000000000111e-01 1.415698111051474743e-02
4.600000000000000200e-01 1.415698111051474743e-02
4.699999999999999734e-01 1.415698111051474743e-02
4.799999999999999822e-01 1.415698111051474743e-02
4.899999999999999911e-01 1.415698111051474743e-02
5.000000000000000000e-01 1.415698111051474743e-02
5.100000000000000089e-01 1.415698111051474743e-02
5.200000000000000178e-01 1.415698111051474743e-02
5.300000000000000266e-01 1.415698111051474743e-02
5.400000000000000355e-01 1.415698111051474743e-02
5.500000000000000444e-01 1.415698111051474743e-02
5.600000000000000533e-01 1.415698111051474743e-02
5.699999999999999512e-01 1.415698111051474743e-02
5.799999999999999600e-01 1.415698111051474743e-02
5.899999999999999689e-01 1.415698111051474743e-02
5.999999999999999778e-01 1.415698111051474743e-02
6.099999999999999867e-01 1.415698111051474743e-02
6.199999999999999956e-01 1.415698111051474743e-02
6.300000000000000044e-01 1.415698111051474743e-02
6.400000000000000133e-01 1.415698111051474743e-02
6.500000000000000222e-01 1.415698111051474743e-02
6.600000000000000311e-01 1.415698111051474743e-02
6.700000000000000400e-01 1.415698111051474743e-02
6.800000000000000488e-01 1.415698111051474743e-02
6.899999999999999467e-01 1.415698111051474743e-02
6.999999999999999556e-01 1.415698111051474743e-02
7.099999999999999645e-01 1.415698111051474743e-02
7.199999999999999734e-01 1.415698111051474743e-02
7.299999999999999822e-01 1.415698111051474743e-02
7.399999999999999911e-01 1.415698111051474743e-02
7.500000000000000000e-01 1.415698111051474743e-02
7.600000000000000089e-01 1.415698111051474743e-02
7.700000000000000178e-01 1.415698111051474743e-02
7.800000000000000266e-01 1.415698111051474743e-02
7.900000000000000355e-01 1.415698111051474743e-02
8.000000000000000444e-01 1.415698111051474743e-02
8.100000000000000533e-01 1.415698111051474743e-02
8.199999999999999512e-01 1.415698111051474743e-02
8.299999999999999600e-01 1.415698111051474743e-02
8.399999999999999689e-01 1.415698111051474743e-02
8.499999999999999778e-01 1.415698111051474743e-02
8.599999999999999867e-01 1.415698111051474743e-02
8.699999999999999956e-01 1.415698111051474743e-02
8.800000000000000044e-01 1.415698111051474743e-02
8.900000000000000133e-01 1.415698111051474743e-02
9.000000000000000222e-01 1.415698111051474743e-02
9.100000000000000311e-01 1.415698111051474743e-02
9.200000000000000400e-01 1.415698111051474743e-02
9.300000000000000488e-01 1.415698111051474743e-02
9.399999999999999467e-01 1.415698111051474743e-02
9.499999999999999556e-01 1.415698111051474743e-02
9.599999999999999645e-01 1.415698111051474743e-02
9.699999999999999734e-01 1.415698111051474743e-02
9.799999999999999822e-01 1.415698111051474743e-02
9.899999999999999911e-01 1.415698111051475611e-02
1.000000000000000000e+00 1.415698111051499029e-02
1.010000000000000009e+00 1.415698111052030896e-02
1.020000000000000018e+00 1.415698111062110333e-02
1.030000000000000027e+00 1.415698111223289042e-02
1.040000000000000036e+00 1.415698113400476466e-02
1.050000000000000044e+00 1.415698138326283023e-02
1.060000000000000053e+00 1.415698381680849209e-02
1.070000000000000062e+00 1.415700430173485146e-02
1.080000000000000071e+00 1.415715569240651867e-02
1.090000000000000080e+00 1.415816356422560686e-02
1.100000000000000089e+00 1.416437770204659330e-02
1.110000000000000098e+00 1.420044971807128860e-02
1.120000000000000107e+00 1.439646788910498194e-02
1.129999999999999893e+00 1.537007638991278423e-02
1.139999999999999902e+00 1.966768156783112523e-02
1.149999999999999911e+00 3.615305854820578813e-02
1.159999999999999920e+00 9.031040126557063341e-02
1.169999999999999929e+00 2.413624799129474030e-01
1.179999999999999938e+00 5.971965277570088215e-01
1.189999999999999947e+00 1.302599642363087673e+00
1.199999999999999956e+00 2.475079164132881537e+00
1.209999999999999964e+00 4.100025897220199056e+00
1.219999999999999973e+00 5.957234072731268704e+00
1.229999999999999982e+00 7.662894760957357221e+00
1.239999999999999991e+00 8.829460183407267237e+00
1.250000000000000000e+00 9.238430264654788004e+00
1.260000000000000009e+00 8.907788423816953127e+00
1.270000000000000018e+00 8.030927517892836320e+00
1.280000000000000027e+00 6.859113553040271150e+00
1.290000000000000036e+00 5.609265770220876135e+00
1.300000000000000044e+00 4.427150901608606581e+00
1.310000000000000053e+00 3.391121670042189340e+00
1.320000000000000062e+00 2.531123046989852909e+00
1.330000000000000071e+00 1.847342832353150666e+00
1.340000000000000080e+00 1.323576915926171882e+00
1.350000000000000089e+00 9.357421300109781681e-01
1.360000000000000098e+00 6.573013044079629719e-01
1.370000000000000107e+00 4.629136151553448486e-01
1.379999999999999893e+00 3.307858316136302879e-01
1.389999999999999902e+00 2.437216362933428693e-01
1.399999999999999911e+00 1.889429904058789467e-01
1.409999999999999920e+00 1.571140661831824936e-01
1.419999999999999929e+00 1.412149126436499369e-01
1.429999999999999938e+00 1.357804825583235619e-01
1.439999999999999947e+00 1.366375805777956809e-01
1.449999999999999956e+00 1.409041250820785018e-01
1.459999999999999964e+00 1.469015762552022542e-01
1.469999999999999973e+00 1.538135104198062875e-01
1.479999999999999982e+00 1.612092531322616984e-01
1.489999999999999991e+00 1.686925365807509236e-01
1.500000000000000000e+00 1.758405299480515771e-01
1.510000000000000009e+00 1.823727455794010299e-01
1.520000000000000018e+00 1.883150871766321732e-01
1.530000000000000027e+00 1.939320172928663266e-01
1.540000000000000036e+00 1.993885774995285964e-01
1.550000000000000044e+00 2.043414410632955758e-01
1.560000000000000053e+00 2.077683656407672830e-01
1.570000000000000062e+00 2.082298933468613722e-01
1.580000000000000071e+00 2.044721381205596433e-01
1.590000000000000080e+00 1.960231372533680072e-01
1.600000000000000089e+00 1.834183716328085523e-01
1.610000000000000098e+00 1.679463008804090440e-01
1.620000000000000107e+00 1.511241169481143953e-01
1.629999999999999893e+00 1.342360827050822214e-01
1.639999999999999902e+00 1.181321441379641068e-01
1.649999999999999911e+00 1.032630619736086830e-01
1.659999999999999920e+00 8.981172230829707892e-02
1.669999999999999929e+00 7.780685731990602538e-02
1.679999999999999938e+00 6.718774916672289044e-02
1.689999999999999947e+00 5.784135818610756929e-02
1.699999999999999956e+00 4.963729202961369297e-02
1.709999999999999964e+00 4.246470580415763474e-02
1.719999999999999973e+00 3.625670601219069256e-02
1.729999999999999982e+00 3.098754206373482284e-02
1.739999999999999991e+00 2.664406994017782387e-02
1.750000000000000000e+00 2.319023329742769812e-02
1.760000000000000009e+00 2.054638761109820605e-02
1.770000000000000018e+00 1.859286798574014826e-02
1.780000000000000027e+00 1.719106977117392313e-02
1.790000000000000036e+00 1.620757150070104360e-02
1.800000000000000044e+00 1.553001204043247784e-02
1.810000000000000053e+00 1.507169403158251098e-02
1.820000000000000062e+00 1.476834773518440926e-02
1.830000000000000071e+00 1.457233244977355381e-02
1.840000000000000080e+00 1.444792624297618067e-02
1.850000000000000089e+00 1.436872614724086714e-02
1.860000000000000098e+00 1.431635610899186645e-02
1.870000000000000107e+00 1.427927838050066685e-02
1.879999999999999893e+00 1.425114029647562425e-02
1.889999999999999902e+00 1.422888040855784138e-02
1.899999999999999911e+00 1.421111293116279761e-02
1.909999999999999920e+00 1.419709618102995424e-02
1.919999999999999929e+00 1.418625161534008139e-02
1.929999999999999938e+00 1.417802512903798204e-02
1.939999999999999947e+00 1.417189182609019174e-02
1.949999999999999956e+00 1.416738866220122219e-02
1.959999999999999964e+00 1.416413174282051164e-02
1.969999999999999973e+00 1.416181425814441730e-02
1.979999999999999982e+00 1.416019464216152976e-02
1.989999999999999991e+00 1.415908404734204581e-02
2.000000000000000000e+00 1.415833675555669066e-02
2.009999999999999787e+00 1.415784290249681894e-02
2.020000000000000018e+00 1.415752198211581159e-02
2.029999999999999805e+00 1.415731661889450300e-02
2.040000000000000036e+00 1.415718695370195984e-02
2.049999999999999822e+00 1.415710599204332391e-02
2.060000000000000053e+00 1.415705592479116724e-02
2.069999999999999840e+00 1.415702527296622965e-02
2.080000000000000071e+00 1.415700674450309435e-02
2.089999999999999858e+00 1.415699572600271489e-02
2.100000000000000089e+00 1.415698929817378257e-02
2.109999999999999876e+00 1.415698562368986578e-02
2.120000000000000107e+00 1.415698356471266697e-02
2.129999999999999893e+00 1.415698243326376712e-02
2.140000000000000124e+00 1.415698182351529319e-02
2.149999999999999911e+00 1.415698150093654129e-02
2.160000000000000142e+00 1.415698133233880308e-02
2.169999999999999929e+00 1.415698124369969141e-02
2.180000000000000160e+00 1.415698119527696724e-02
2.189999999999999947e+00 1.415698116680909509e-02
2.200000000000000178e+00 1.415698114859039597e-02
2.209999999999999964e+00 1.415698113619389548e-02
2.220000000000000195e+00 1.415698112757408922e-02
2.229999999999999982e+00 1.415698112165306513e-02
2.240000000000000213e+00 1.415698111772031864e-02
2.250000000000000000e+00 1.415698111521780135e-02
2.259999999999999787e+00 1.415698111368592603e-02
2.270000000000000018e+00 1.415698111276416857e-02
2.279999999999999805e+00 1.415698111219560948e-02
2.290000000000000036e+00 1.415698111181709455e-02
2.299999999999999822e+00 1.415698111153735651e-02
2.310000000000000053e+00 1.415698111131254849e-02
2.319999999999999840e+00 1.415698111112572918e-02
2.330000000000000071e+00 1.415698111097227034e-02
2.339999999999999858e+00 1.415698111085081368e-02
2.350000000000000089e+00 1.415698111075891844e-02
2.359999999999999876e+00 1.415698111069213852e-02
2.370000000000000107e+00 1.415698111064491241e-02
2.379999999999999893e+00 1.415698111061183817e-02
2.390000000000000124e+00 1.415698111058852696e-02
2.399999999999999911e+00 1.415698111057181810e-02
2.410000000000000142e+00 1.415698111055963167e-02
2.419999999999999929e+00 1.415698111055065447e-02
2.430000000000000160e+00 1.415698111054406426e-02
2.439999999999999947e+00 1.415698111053931806e-02
2.450000000000000178e+00 1.415698111053605504e-02
2.459999999999999964e+00 1.415698111053401327e-02
2.470000000000000195e+00 1.415698111053304183e-02
2.479999999999999982e+00 1.415698111053302621e-02
2.490000000000000213e+00 1.415698111053386582e-02
2.500000000000000000e+00 1.415698111053540452e-02
2.509999999999999787e+00 1.415698111053738037e-02
2.520000000000000018e+00 1.415698111053947245e-02
2.529999999999999805e+00 1.415698111054137197e-02
2.540000000000000036e+00 1.415698111054287250e-02
2.549999999999999822e+00 1.415698111054390987e-02
2.560000000000000053e+00 1.415698111054459508e-02
2.569999999999999840e+00 1.415698111054513979e-02
2.580000000000000071e+00 1.415698111054583368e-02
2.589999999999999858e+00 1.415698111054698380e-02
2.600000000000000089e+00 1.415698111054889720e-02
2.609999999999999876e+00 1.415698111055183929e-02
2.620000000000000107e+00 1.415698111055598354e-02
2.629999999999999893e+00 1.415698111056134210e-02
2.640000000000000124e+00 1.415698111056771027e-02
2.649999999999999911e+00 1.415698111057465264e-02
2.660000000000000142e+00 1.415698111058158112e-02
2.669999999999999929e+00 1.415698111058780531e-02
2.680000000000000160e+00 1.415698111059265560e-02
2.689999999999999947e+00 1.415698111059557861e-02
2.700000000000000178e+00 1.415698111059619270e-02
2.709999999999999964e+00 1.415698111059435736e-02
2.720000000000000195e+00 1.415698111059017494e-02
2.729999999999999982e+00 1.415698111058397504e-02
2.740000000000000213e+00 1.415698111057626246e-02
2.750000000000000000e+00 1.415698111056767211e-02
2.759999999999999787e+00 1.415698111055888747e-02
2.770000000000000018e+00 1.415698111055055733e-02
2.779999999999999805e+00 1.415698111054316914e-02
2.790000000000000036e+00 1.415698111053700567e-02
2.799999999999999822e+00 1.415698111053211028e-02
2.810000000000000053e+00 1.415698111052838062e-02
2.819999999999999840e+00 1.415698111052561374e-02
2.830000000000000071e+00 1.415698111052359973e-02
2.839999999999999858e+00 1.415698111052215644e-02
2.850000000000000089e+00 1.415698111052112775e-02
2.859999999999999876e+00 1.415698111052039916e-02
2.870000000000000107e+00 1.415698111051987701e-02
2.879999999999999893e+00 1.415698111051948670e-02
2.890000000000000124e+00 1.415698111051917445e-02
2.899999999999999911e+00 1.415698111051889169e-02
2.910000000000000142e+00 1.415698111051861413e-02
2.919999999999999929e+00 1.415698111051831402e-02
2.930000000000000160e+00 1.415698111051798963e-02
2.939999999999999947e+00 1.415698111051763922e-02
2.950000000000000178e+00 1.415698111051726105e-02
2.959999999999999964e+00 1.415698111051686900e-02
2.970000000000000195e+00 1.415698111051647869e-02
2.979999999999999982e+00 1.415698111051611092e-02
2.990000000000000213e+00 1.415698111051578133e-02
3.000000000000000000e+00 1.415698111051550030e-02
3.009999999999999787e+00 1.415698111051527479e-02
3.020000000000000018e+00 1.415698111051509958e-02
3.029999999999999805e+00 1.415698111051497468e-02
3.040000000000000036e+00 1.415698111051488794e-02
3.049999999999999822e+00 1.415698111051482896e-02
3.060000000000000053e+00 1.415698111051479427e-02
3.069999999999999840e+00 1.415698111051477172e-02
3.080000000000000071e+00 1.415698111051475958e-02
3.089999999999999858e+00 1.415698111051475264e-02
3.100000000000000089e+00 1.415698111051475090e-02
3.109999999999999876e+00 1.415698111051474743e-02
3.120000000000000107e+00 1.415698111051474743e-02
3.129999999999999893e+00 1.415698111051474743e-02
3.140000000000000124e+00 1.415698111051474743e-02
3.149999999999999911e+00 1.415698111051474743e-02
3.160000000000000142e+00 1.415698111051474743e-02
3.169999999999999929e+00 1.415698111051474743e-02
3.180000000000000160e+00 1.415698111051474743e-02
3.189999999999999947e+00 1.415698111051474743e-02
3.200000000000000178e+00 1.415698111051474743e-02
3.209999999999999964e+00 1.415698111051474743e-02
3.220000000000000195e+00 1.415698111051474743e-02
3.229999999999999982e+00 1.415698111051474743e-02
3.240000000000000213e+00 1.415698111051474743e-02
3.250000000000000000e+00 1.415698111051474743e-02
3.259999999999999787e+00 1.415698111051474743e-02
3.270000000000000018e+00 1.415698111051474743e-02
3.279999999999999805e+00 1.415698111051474743e-02
3.290000000000000036e+00 1.415698111051474743e-02
3.299999999999999822e+00 1.415698111051474743e-02
3.310000000000000053e+00 1.415698111051474743e-02
3.319999999999999840e+00 1.415698111051474743e-02
3.330000000000000071e+00 1.415698111051474743e-02
3.339999999999999858e+00 1.415698111051474743e-02
3.350000000000000089e+00 1.415698111051474743e-02
3.359999999999999876e+00 1.415698111051474743e-02
3.370000000000000107e+00 1.415698111051474743e-02
3.379999999999999893e+00 1.415698111051474743e-02
3.390000000000000124e+00 1.415698111051474743e-02
3.399999999999999911e+00 1.415698111051474743e-02
3.410000000000000142e+00 1.415698111051474743e-02
3.419999999999999929e+00 1.415698111051474743e-02
3.430000000000000160e+00 1.415698111051474743e-02
3.439999999999999947e+00 1.415698111051474743e-02
3.450000000000000178e+00 1.415698111051474743e-02
3.459999999999999964e+00 1.415698111051474743e-02
3.470000000000000195e+00 1.415698111051474743e-02
3.479999999999999982e+00 1.415698111051474743e-02
3.490000000000000213e+00 1.415698111051474743e-02
3.500000000000000000e+00 1.415698111051474743e-02
3.509999999999999787e+00 1.415698111051474743e-02
3.520000000000000018e+00 1.415698111051474743e-02
3.529999999999999805e+00 1.415698111051474743e-02
3.540000000000000036e+00 1.415698111051474743e-02
3.549999999999999822e+00 1.415698111051474743e-02
3.560000000000000053e+00 1.415698111051474743e-02
3.569999999999999840e+00 1.415698111051474743e-02
3.580000000000000071e+00 1.415698111051474743e-02
3.589999999999999858e+00 1.415698111051474743e-02
3.600000000000000089e+00 1.415698111051474743e-02
3.609999999999999876e+00 1.415698111051474743e-02
3.620000000000000107e+00 1.415698111051474743e-02
3.629999999999999893e+00 1.415698111051474743e-02
3.640000000000000124e+00 1.415698111051474743e-02
3.649999999999999911e+00 1.415698111051474743e-02
3.660000000000000142e+00 1.415698111051474743e-02
3.669999999999999929e+00 1.415698111051474743e-02
3.680000000000000160e+00 1.415698111051474743e-02
3.689999999999999947e+00 1.415698111051474743e-02
3.700000000000000178e+00 1.415698111051474743e-02
3.709999999999999964e+00 1.415698111051474743e-02
3.720000000000000195e+00 1.415698111051474743e-02
3.729999999999999982e+00 1.415698111051474743e-02
3.740000000000000213e+00 1.415698111051474743e-02
3.750000000000000000e+00 1.415698111051474743e-02
3.759999999999999787e+00 1.415698111051474743e-02
3.770000000000000018e+00 1.415698111051474743e-02
3.779999999999999805e+00 1.415698111051474743e-02
3.790000000000000036e+00 1.415698111051474743e-02
3.799999999999999822e+00 1.415698111051474743e-02
3.810000000000000053e+00 1.415698111051474743e-02
3.819999999999999840e+00 1.415698111051474743e-02
3.830000000000000071e+00 1.415698111051474743e-02
3.839999999999999858e+00 1.415698111051474743e-02
3.850000000000000089e+00 1.415698111051474743e-02
3.859999999999999876e+00 1.415698111051474743e-02
3.870000000000000107e+00 1.415698111051474743e-02
3.879999999999999893e+00 1.415698111051474743e-02
3.890000000000000124e+00 1.415698111051474743e-02
3.899999999999999911e+00 1.415698111051474743e-02
3.910000000000000142e+00 1.415698111051474743e-02
3.919999999999999929e+00 1.415698111051474743e-02
3.930000000000000160e+00 1.415698111051474743e-02
3.939999999999999947e+00 1.415698111051474743e-02
3.950000000000000178e+00 1.415698111051474743e-02
3.959999999999999964e+00 1.415698111051474743e-02
3.970000000000000195e+00 1.415698111051474743e-02
3.979999999999999982e+00 1.415698111051474743e-02
3.990000000000000213e+00 1.415698111051474743e-02
4.000000000000000000e+00 1.415698111051474743e-02
4.009999999999999787e+00 1.415698111051474743e-02
4.019999999999999574e+00 1.415698111051474743e-02
4.030000000000000249e+00 1.415698111051474743e-02
4.040000000000000036e+00 1.415698111051474743e-02
4.049999999999999822e+00 1.415698111051474743e-02
4.059999999999999609e+00 1.415698111051474743e-02
4.070000000000000284e+00 1.415698111051474743e-02
4.080000000000000071e+00 1.415698111051474743e-02
4.089999999999999858e+00 1.415698111051474743e-02
4.099999999999999645e+00 1.415698111051474743e-02
4.110000000000000320e+00 1.415698111051474743e-02
4.120000000000000107e+00 1.415698111051474743e-02
4.129999999999999893e+00 1.415698111051474743e-02
4.139999999999999680e+00 1.415698111051474743e-02
4.150000000000000355e+00 1.415698111051474743e-02
4.160000000000000142e+00 1.415698111051474743e-02
4.169999999999999929e+00 1.415698111051474743e-02
4.179999999999999716e+00 1.415698111051474743e-02
4.190000000000000391e+00 1.415698111051474743e-02
4.200000000000000178e+00 1.415698111051474743e-02
4.209999999999999964e+00 1.415698111051474743e-02
4.219999999999999751e+00 1.415698111051474743e-02
4.230000000000000426e+00 1.415698111051474743e-02
4.240000000000000213e+00 1.415698111051474743e-02
4.250000000000000000e+00 1.415698111051474743e-02
4.259999999999999787e+00 1.415698111051474743e-02
4.269999999999999574e+00 1.415698111051474743e-02
4.280000000000000249e+00 1.415698111051474743e-02
4.290000000000000036e+00 1.415698111051474743e-02
4.299999999999999822e+00 1.415698111051474743e-02
4.309999999999999609e+00 1.415698111051474743e-02
4.320000000000000284e+00 1.415698111051474743e-02
4.330000000000000071e+00 1.415698111051474743e-02
4.339999999999999858e+00 1.415698111051474743e-02
4.349999999999999645e+00 1.415698111051474743e-02
4.360000000000000320e+00 1.415698111051474743e-02
4.370000000000000107e+00 1.415698111051474743e-02
4.379999999999999893e+00 1.415698111051474743e-02
4.389999999999999680e+00 1.415698111051474743e-02
4.400000000000000355e+00 1.415698111051474743e-02
4.410000000000000142e+00 1.415698111051474743e-02
4.419999999999999929e+00 1.415698111051474743e-02
4.429999999999999716e+00 1.415698111051474743e-02
4.440000000000000391e+00 1.415698111051474743e-02
4.450000000000000178e+00 1.415698111051474743e-02
4.459999999999999964e+00 1.415698111051474743e-02
4.469999999999999751e+00 1.415698111051474743e-02
4.480000000000000426e+00 1.415698111051474743e-02
4.490000000000000213e+00 1.415698111051474743e-02
4.500000000000000000e+00 1.415698111051474743e-02
4.509999999999999787e+00 1.415698111051474743e-02
4.519999999999999574e+00 1.415698111051474743e-02
4.530000000000000249e+00 1.415698111051474743e-02
4.540000000000000036e+00 1.415698111051474743e-02
4.549999999999999822e+00 1.415698111051474743e-02
4.559999999999999609e+00 1.415698111051474743e-02
4.570000000000000284e+00 1.415698111051474743e-02
4.580000000000000071e+00 1.415698111051474743e-02
4.589999999999999858e+00 1.415698111051474743e-02
4.599999999999999645e+00 1.415698111051474743e-02
4.610000000000000320e+00 1.415698111051474743e-02
4.620000000000000107e+00 1.415698111051474743e-02
4.629999999999999893e+00 1.415698111051474743e-02
4.639999999999999680e+00 1.415698111051474743e-02
4.650000000000000355e+00 1.415698111051474743e-02
4.660000000000000142e+00 1.415698111051474743e-02
4.669999999999999929e+00 1.415698111051474743e-02
4.679999999999999716e+00 1.415698111051474743e-02
4.690000000000000391e+00 1.415698111051474743e-02
4.700000000000000178e+00 1.415698111051474743e-02
4.709999999999999964e+00 1.415698111051474743e-02
4.719999999999999751e+00 1.415698111051474743e-02
4.730000000000000426e+00 1.415698111051474743e-02
4.740000000000000213e+00 1.415698111051474743e-02
4.750000000000000000e+00 1.415698111051474743e-02
4.759999999999999787e+00 1.415698111051474743e-02
4.769999999999999574e+00 1.415698111051474743e-02
4.780000000000000249e+00 1.415698111051474743e-02
4.790000000000000036e+00 1.415698111051474743e-02
4.799999999999999822e+00 1.415698111051474743e-02
4.809999999999999609e+00 1.415698111051474743e-02
4.820000000000000284e+00 1.415698111051474743e-02
4.830000000000000071e+00 1.415698111051474743e-02
4.839999999999999858e+00 1.415698111051474743e-02
4.849999999999999645e+00 1.415698111051474743e-02
4.860000000000000320e+00 1.415698111051474743e-02
4.870000000000000107e+00 1.415698111051474743e-02
4.879999999999999893e+00 1.415698111051474743e-02
4.889999999999999680e+00 1.415698111051474743e-02
4.900000000000000355e+00 1.415698111051474743e-02
4.910000000000000142e+00 1.415698111051474743e-02
4.919999999999999929e+00 1.415698111051474743e-02
4.929999999999999716e+00 1.415698111051474743e-02
4.940000000000000391e+00 1.415698111051474743e-02
4.950000000000000178e+00 1.415698111051474743e-02
4.959999999999999964e+00 1.415698111051474743e-02
4.969999999999999751e+00 1.415698111051474743e-02
4.980000000000000426e+00 1.415698111051474743e-02
4.990000000000000213e+00 1.415698111051474743e-02
5.000000000000000000e+00 1.415698111051474743e-02
5.009999999999999787e+00 1.415698111051474743e-02
5.019999999999999574e+00 1.415698111051474743e-02
5.030000000000000249e+00 1.415698111051474743e-02
5.040000000000000036e+00 1.415698111051474743e-02
5.049999999999999822e+00 1.415698111051474743e-02
5.059999999999999609e+00 1.415698111051474743e-02
5.070000000000000284e+00 1.415698111051474743e-02
5.080000000000000071e+00 1.415698111051474743e-02
5.089999999999999858e+00 1.415698111051474743e-02
5.099999999999999645e+00 1.415698111051474743e-02
5.110000000000000320e+00 1.415698111051474743e-02
5.120000000000000107e+00 1.415698111051474743e-02
5.129999999999999893e+00 1.415698111051474743e-02
5.139999999999999680e+00 1.415698111051474743e-02
5.150000000000000355e+00 1.415698111051474743e-02
5.160000000000000142e+00 1.415698111051474743e-02
5.169999999999999929e+00 1.415698111051474743e-02
5.179999999999999716e+00 1.415698111051474743e-02
5.190000000000000391e+00 1.415698111051474743e-02
5.200000000000000178e+00 1.415698111051474743e-02
5.209999999999999964e+00 1.415698111051474743e-02
5.219999999999999751e+00 1.415698111051474743e-02
5.230000000000000426e+00 1.415698111051474743e-02
5.240000000000000213e+00 1.415698111051474743e-02
5.250000000000000000e+00 1.415698111051474743e-02
5.259999999999999787e+00 1.415698111051474743e-02
5.269999999999999574e+00 1.415698111051474743e-02
5.280000000000000249e+00 1.415698111051474743e-02
5.290000000000000036e+00 1.415698111051474743e-02
5.299999999999999822e+00 1.415698111051474743e-02
5.309999999999999609e+00 1.415698111051474743e-02
5.320000000000000284e+00 1.415698111051474743e-02
5.330000000000000071e+00 1.415698111051474743e-02
5.339999999999999858e+00 1.415698111051474743e-02
5.349999999999999645e+00 1.415698111051474743e-02
5.360000000000000320e+00 1.415698111051474743e-02
5.370000000000000107e+00 1.415698111051474743e-02
5.379999999999999893e+00 1.415698111051474743e-02
5.389999999999999680e+00 1.415698111051474743e-02
5.400000000000000355e+00 1.415698111051474743e-02
5.410000000000000142e+00 1.415698111051474743e-02
5.419999999999999929e+00 1.415698111051474743e-02
5.429999999999999716e+00 1.415698111051474743e-02
5.440000000000000391e+00 1.415698111051474743e-02
5.450000000000000178e+00 1.415698111051474743e-02
5.459999999999999964e+00 1.415698111051474743e-02
5.469999999999999751e+00 1.415698111051474743e-02
5.480000000000000426e+00 1.415698111051474743e-02
5.490000000000000213e+00 1.415698111051474743e-02
5.500000000000000000e+00 1.415698111051474743e-02
5.509999999999999787e+00 1.415698111051474743e-02
5.519999999999999574e+00 1.415698111051474743e-02
5.530000000000000249e+00 1.415698111051474743e-02
5.540000000000000036e+00 1.415698111051474743e-02
5.549999999999999822e+00 1.415698111051474743e-02
5.559999999999999609e+00 1.415698111051474743e-02
5.570000000000000284e+00 1.415698111051474743e-02
5.580000000000000071e+00 1.415698111051474743e-02
5.589999999999999858e+00 1.415698111051474743e-02
5.599999999999999645e+00 1.415698111051474743e-02
5.610000000000000320e+00 1.415698111051474743e-02
5.620000000000000107e+00 1.415698111051474743e-02
5.629999999999999893e+00 1.415698111051474743e-02
5.639999999999999680e+00 1.415698111051474743e-02
5.650000000000000355e+00 1.415698111051474743e-02
5.660000000000000142e+00 1.415698111051474743e-02
5.669999999999999929e+00 1.415698111051474743e-02
5.679999999999999716e+00 1.415698111051474743e-02
5.690000000000000391e+00 1.415698111051474743e-02
5.700000000000000178e+00 1.415698111051474743e-02
5.709999999999999964e+00 1.415698111051474743e-02
5.719999999999999751e+00 1.415698111051474743e-02
5.730000000000000426e+00 1.415698111051474743e-02
5.740000000000000213e+00 1.415698111051474743e-02
5.750000000000000000e+00 1.415698111051474743e-02
5.759999999999999787e+00 1.415698111051474743e-02
5.769999999999999574e+00 1.415698111051474743e-02
5.780000000000000249e+00 1.415698111051474743e-02
5.790000000000000036e+00 1.415698111051474743e-02
5.799999999999999822e+00 1.415698111051474743e-02
5.809999999999999609e+00 1.415698111051474743e-02
5.820000000000000284e+00 1.415698111051474743e-02
5.830000000000000071e+00 1.415698111051474743e-02
5.839999999999999858e+00 1.415698111051474743e-02
5.849999999999999645e+00 1.415698111051474743e-02
5.860000000000000320e+00 1.415698111051474743e-02
5.870000000000000107e+00 1.415698111051474743e-02
5.879999999999999893e+00 1.415698111051474743e-02
5.889999999999999680e+00 1.415698111051474743e-02
5.900000000000000355e+00 1.415698111051474743e-02
5.910000000000000142e+00 1.415698111051474743e-02
5.919999999999999929e+00 1.415698111051474743e-02
5.929999999999999716e+00 1.415698111051474743e-02
5.940000000000000391e+00 1.415698111051474743e-02
5.950000000000000178e+00 1.415698111051474743e-02
5.959999999999999964e+00 1.415698111051474743e-02
5.969999999999999751e+00 1.415698111051474743e-02
5.980000000000000426e+00 1.415698111051474743e-02
5.990000000000000213e+00 1.415698111051474743e-02
6.000000000000000000e+00 1.415698111051474743e-02
6.200000000000000178e+00 1.415698111051474743e-02
6.400000000000000355e+00 1.415698111051474743e-02
6.599999999999999645e+00 1.415698111051474743e-02
6.799999999999999822e+00 1.415698111051474743e-02
7.000000000000000000e+00 0.000000000000000000e+00
