0.000000000000000000e+00 0.000000000000000000e+00
1.000000000000000021e-02 1.415698111051474396e-02
2.000000000000000042e-02 1.415698111051474396e-02
2.999999999999999889e-02 1.415698111051474396e-02
4.000000000000000083e-02 1.415698111051474396e-02
5.000000000000000278e-02 1.415698111051474396e-02
5.999999999999999778e-02 1.415698111051474396e-02
7.000000000000000666e-02 1.415698111051474396e-02
8.000000000000000167e-02 1.415698111051474396e-02
8.999999999999999667e-02 1.415698111051474396e-02
1.000000000000000056e-01 1.415698111051474396e-02
1.100000000000000006e-01 1.415698111051474396e-02
1.199999999999999956e-01 1.415698111051474396e-02
1.300000000000000044e-01 1.415698111051474396e-02
1.400000000000000133e-01 1.415698111051474396e-02
1.499999999999999944e-01 1.415698111051474396e-02
1.600000000000000033e-01 1.415698111051474396e-02
1.700000000000000122e-01 1.415698111051474396e-02
1.799999999999999933e-01 1.415698111051474396e-02
1.900000000000000022e-01 1.415698111051474396e-02
2.000000000000000111e-01 1.415698111051474396e-02
2.099999999999999922e-01 1.415698111051474396e-02
2.200000000000000011e-01 1.415698111051474396e-02
2.300000000000000100e-01 1.415698111051474396e-02
2.399999999999999911e-01 1.415698111051474396e-02
2.500000000000000000e-01 1.415698111051474396e-02
2.600000000000000089e-01 1.415698111051474396e-02
2.700000000000000178e-01 1.415698111051474396e-02
2.800000000000000266e-01 1.415698111051474396e-02
2.899999999999999800e-01 1.415698111051474396e-02
2.999999999999999889e-01 1.415698111051474396e-02
3.099999999999999978e-01 1.415698111051474396e-02
3.200000000000000067e-01 1.415698111051474396e-02
3.300000000000000155e-01 1.415698111051474396e-02
3.400000000000000244e-01 1.415698111051474396e-02
3.499999999999999778e-01 1.415698111051474396e-02
3.599999999999999867e-01 1.415698111051474396e-02
3.699999999999999956e-01 1.415698111051474396e-02
3.800000000000000044e-01 1.415698111051474396e-02
3.900000000000000133e-01 1.415698111051474396e-02
4.000000000000000222e-01 1.415698111051474396e-02
4.099999999999999756e-01 1.415698111051474396e-02
4.199999999999999845e-01 1.415698111051474396e-02
4.299999999999999933e-01 1.415698111051474396e-02
4.400000000000000022e-01 1.415698111051474396e-02
4.500000000000000111e-01 1.415698111051474396e-02
4.600000000000000200e-01 1.415698111051474396e-02
4.699999999999999734e-01 1.415698111051474396e-02
4.799999999999999822e-01 1.415698111051474396e-02
4.899999999999999911e-01 1.415698111051474396e-02
5.000000000000000000e-01 1.415698111051474396e-02
5.100000000000000089e-01 1.415698111051474396e-02
5.200000000000000178e-01 1.415698111051474396e-02
5.300000000000000266e-01 1.415698111051474396e-02
5.400000000000000355e-01 1.415698111051474396e-02
5.500000000000000444e-01 1.415698111051474396e-02
5.600000000000000533e-01 1.415698111051474396e-02
5.699999999999999512e-01 1.415698111051474396e-02
5.799999999999999600e-01 1.415698111051474396e-02
5.899999999999999689e-01 1.415698111051474396e-02
5.999999999999999778e-01 1.415698111051474396e-02
6.099999999999999867e-01 1.415698111051474396e-02
6.199999999999999956e-01 1.415698111051474396e-02
6.300000000000000044e-01 1.415698111051474396e-02
6.400000000000000133e-01 1.415698111051474396e-02
6.500000000000000222e-01 1.415698111051474396e-02
6.600000000000000311e-01 1.415698111051474396e-02
6.700000000000000400e-01 1.415698111051474396e-02
6.800000000000000488e-01 1.415698111051474396e-02
6.899999999999999467e-01 1.415698111051474396e-02
6.999999999999999556e-01 1.415698111051474396e-02
7.099999999999999645e-01 1.415698111051474396e-02
7.199999999999999734e-01 1.415698111051474396e-02
7.299999999999999822e-01 1.415698111051474396e-02
7.399999999999999911e-01 1.415698111051474396e-02
7.500000000000000000e-01 1.415698111051474396e-02
7.600000000000000089e-01 1.415698111051474396e-02
7.700000000000000178e-01 1.415698111051474396e-02
7.800000000000000266e-01 1.415698111051474396e-02
7.900000000000000355e-01 1.415698111051474396e-02
8.000000000000000444e-01 1.415698111051474396e-02
8.100000000000000533e-01 1.415698111051474396e-02
8.199999999999999512e-01 1.415698111051474396e-02
8.299999999999999600e-01 1.415698111051474396e-02
8.399999999999999689e-01 1.415698111051474396e-02
8.499999999999999778e-01 1.415698111051474396e-02
8.599999999999999867e-01 1.415698111051474396e-02
8.699999999999999956e-01 1.415698111051474396e-02
8.800000000000000044e-01 1.415698111051474396e-02
8.900000000000000133e-01 1.415698111051474396e-02
9.000000000000000222e-01 1.415698111051474396e-02
9.100000000000000311e-01 1.415698111051474396e-02
9.200000000000000400e-01 1.415698111051474396e-02
9.300000000000000488e-01 1.415698111051474396e-02
9.399999999999999467e-01 1.415698111051474396e-02
9.499999999999999556e-01 1.415698111051474396e-02
9.599999999999999645e-01 1.415698111051474396e-02
9.699999999999999734e-01 1.415698111051474396e-02
9.799999999999999822e-01 1.415698111051474396e-02
9.899999999999999911e-01 1.415698111051474396e-02
1.000000000000000000e+00 1.415698111051474396e-02
1.010000000000000009e+00 1.415698111051474396e-02
1.020000000000000018e+00 1.415698111051474396e-02
1.030000000000000027e+00 1.415698111051474396e-02
1.040000000000000036e+00 1.415698111051474396e-02
1.050000000000000044e+00 1.415698111051474396e-02
1.060000000000000053e+00 1.415698111051474396e-02
1.070000000000000062e+00 1.415698111051474743e-02
1.080000000000000071e+00 1.415698111051484978e-02
1.090000000000000080e+00 1.415698111051706329e-02
1.100000000000000089e+00 1.415698111055712499e-02
1.110000000000000098e+00 1.415698111117183987e-02
1.120000000000000107e+00 1.415698111915369463e-02
1.129999999999999893e+00 1.415698120681147844e-02
1.139999999999999902e+00 1.415698202065017799e-02
1.149999999999999911e+00 1.415698840615059635e-02
1.159999999999999920e+00 1.415703073641071119e-02
1.169999999999999929e+00 1.415726778777153319e-02
1.179999999999999938e+00 1.415838916935703226e-02
1.189999999999999947e+00 1.416287061210431790e-02
1.199999999999999956e+00 1.417800346859374346e-02
1.209999999999999964e+00 1.422119474991334967e-02
1.219999999999999973e+00 1.432542941614703066e-02
1.229999999999999982e+00 1.453821205033681285e-02
1.239999999999999991e+00 1.490569847484854785e-02
1.250000000000000000e+00 1.544235022487495772e-02
1.260000000000000009e+00 1.610343830859897740e-02
1.270000000000000018e+00 1.678579257225127838e-02
1.280000000000000027e+00 1.736594917584931286e-02
1.290000000000000036e+00 1.775558581589580312e-02
1.300000000000000044e+00 1.794137474378498798e-02
1.310000000000000053e+00 1.799080536550856299e-02
1.320000000000000062e+00 1.802771789046257386e-02
1.330000000000000071e+00 1.819147918954338791e-02
1.340000000000000080e+00 1.859368960270089272e-02
1.350000000000000089e+00 1.928542581913298901e-02
1.360000000000000098e+00 2.024542697360000310e-02
1.370000000000000107e+00 2.139098296721139020e-02
1.379999999999999893e+00 2.260440063100366270e-02
1.389999999999999902e+00 2.376897427638090948e-02
1.399999999999999911e+00 2.481700512078273066e-02
1.409999999999999920e+00 2.579255743149167640e-02
1.419999999999999929e+00 2.691420818572760540e-02
1.429999999999999938e+00 2.860431359177136729e-02
1.439999999999999947e+00 3.146041526626959517e-02
1.449999999999999956e+00 3.618518989865254776e-02
1.459999999999999964e+00 4.352844474771965649e-02
1.469999999999999973e+00 5.429634643199057753e-02
1.479999999999999982e+00 6.946864634457088072e-02
1.489999999999999991e+00 9.047781353504151525e-02
1.500000000000000000e+00 1.197318726810602668e-01
1.510000000000000009e+00 1.614053215698214583e-01
1.520000000000000018e+00 2.222687465141981455e-01
1.530000000000000027e+00 3.119093776997525214e-01
1.540000000000000036e+00 4.414338491245419771e-01
1.550000000000000044e+00 6.201895852505210360e-01
1.560000000000000053e+00 8.514366473228514032e-01
1.570000000000000062e+00 1.129446852968220671e+00
1.580000000000000071e+00 1.440510307746130314e+00
1.590000000000000080e+00 1.767919864713934919e+00
1.600000000000000089e+00 2.097794367547931582e+00
1.610000000000000098e+00 2.421677569106050143e+00
1.620000000000000107e+00 2.734452613631646489e+00
1.629999999999999893e+00 3.029953127835968818e+00
1.639999999999999902e+00 3.298220160178752192e+00
1.649999999999999911e+00 3.526525683816631229e+00
1.659999999999999920e+00 3.703110416115685144e+00
1.669999999999999929e+00 3.820863492577474041e+00
1.679999999999999938e+00 3.878846786054217510e+00
1.689999999999999947e+00 3.881433465053652387e+00
1.699999999999999956e+00 3.836186169538950974e+00
1.709999999999999964e+00 3.751772007185542712e+00
1.719999999999999973e+00 3.636635167299258065e+00
1.729999999999999982e+00 3.498488001583511142e+00
1.739999999999999991e+00 3.344247601835088179e+00
1.750000000000000000e+00 3.179910787199194289e+00
1.760000000000000009e+00 3.010085517364037511e+00
1.770000000000000018e+00 2.837390983337360062e+00
1.780000000000000027e+00 2.662303107594480966e+00
1.790000000000000036e+00 2.483842405089168981e+00
1.800000000000000044e+00 2.300853772071924652e+00
1.810000000000000053e+00 2.113107742056472116e+00
1.820000000000000062e+00 1.921581344221261478e+00
1.830000000000000071e+00 1.727954205332990822e+00
1.840000000000000080e+00 1.533966965733817522e+00
1.850000000000000089e+00 1.341308173123679559e+00
1.860000000000000098e+00 1.152154814292249307e+00
1.870000000000000107e+00 9.698996016161774980e-01
1.879999999999999893e+00 7.994325584702762777e-01
1.889999999999999902e+00 6.466336574394377923e-01
1.899999999999999911e+00 5.171513605865257768e-01
1.909999999999999920e+00 4.148428834356050476e-01
1.919999999999999929e+00 3.404377220160624273e-01
1.929999999999999938e+00 2.910377084591880270e-01
1.939999999999999947e+00 2.608077616963369594e-01
1.949999999999999956e+00 2.426349956630393379e-01
1.959999999999999964e+00 2.300238389637454250e-01
1.969999999999999973e+00 2.184472800156501138e-01
1.979999999999999982e+00 2.057565409812820156e-01
1.989999999999999991e+00 1.917309896621386400e-01
2.000000000000000000e+00 1.771741782981733626e-01
2.009999999999999787e+00 1.630457706846186738e-01
2.020000000000000018e+00 1.499627876220668843e-01
2.029999999999999805e+00 1.381106489313675412e-01
2.040000000000000036e+00 1.273763926431947247e-01
2.049999999999999822e+00 1.174924518667158496e-01
2.060000000000000053e+00 1.081100466020432083e-01
2.069999999999999840e+00 9.884688004648932436e-02
2.080000000000000071e+00 8.937282172067016750e-02
2.089999999999999858e+00 7.953120411088979158e-02
2.100000000000000089e+00 6.942733982493429212e-02
2.109999999999999876e+00 5.941436808313113604e-02
2.120000000000000107e+00 4.997013389040726172e-02
2.129999999999999893e+00 4.153158683631235498e-02
2.140000000000000124e+00 3.437389623105182451e-02
2.149999999999999911e+00 2.857918897986880605e-02
2.160000000000000142e+00 2.407815267741090365e-02
2.169999999999999929e+00 2.071615097701358724e-02
2.180000000000000160e+00 1.830567335839455509e-02
2.189999999999999947e+00 1.665511952406192181e-02
2.200000000000000178e+00 1.558269099054019821e-02
2.209999999999999964e+00 1.492557975919752908e-02
2.220000000000000195e+00 1.454771107208870963e-02
2.229999999999999982e+00 1.434438617632659112e-02
2.240000000000000213e+00 1.424208065889709038e-02
2.250000000000000000e+00 1.419384185983287028e-02
2.259999999999999787e+00 1.417240483657897579e-02
2.270000000000000018e+00 1.416333287123008357e-02
2.279999999999999805e+00 1.415961807921298742e-02
2.290000000000000036e+00 1.415811540780505078e-02
2.299999999999999822e+00 1.415750287532817689e-02
2.310000000000000053e+00 1.415724968281440593e-02
2.319999999999999840e+00 1.415714647703160758e-02
2.330000000000000071e+00 1.415710931169601380e-02
2.339999999999999858e+00 1.415710292987202613e-02
2.350000000000000089e+00 1.415711179069980424e-02
2.359999999999999876e+00 1.415712885652109683e-02
2.370000000000000107e+00 1.415715045937493595e-02
2.379999999999999893e+00 1.415717333225875382e-02
2.390000000000000124e+00 1.415719313608253781e-02
2.399999999999999911e+00 1.415720466298092672e-02
2.410000000000000142e+00 1.415720341255914325e-02
2.419999999999999929e+00 1.415718750402602741e-02
2.430000000000000160e+00 1.415715871739320689e-02
2.439999999999999947e+00 1.415712200829253621e-02
2.450000000000000178e+00 1.415708373569289809e-02
2.459999999999999964e+00 1.415704952346152901e-02
2.470000000000000195e+00 1.415702275952966660e-02
2.479999999999999982e+00 1.415700424763373377e-02
2.490000000000000213e+00 1.415699285616252301e-02
2.500000000000000000e+00 1.415698658552908516e-02
2.509999999999999787e+00 1.415698347557949044e-02
2.520000000000000018e+00 1.415698207079530389e-02
2.529999999999999805e+00 1.415698148363542415e-02
2.540000000000000036e+00 1.415698125180092810e-02
2.549999999999999822e+00 1.415698116333562531e-02
2.560000000000000053e+00 1.415698113007644171e-02
2.569999999999999840e+00 1.415698111764006166e-02
2.580000000000000071e+00 1.415698111303090138e-02
2.589999999999999858e+00 1.415698111136155964e-02
2.600000000000000089e+00 1.415698111078209087e-02
2.609999999999999876e+00 1.415698111059298867e-02
2.620000000000000107e+00 1.415698111053586422e-02
2.629999999999999893e+00 1.415698111052003660e-02
2.640000000000000124e+00 1.415698111051601031e-02
2.649999999999999911e+00 1.415698111051505621e-02
2.660000000000000142e+00 1.415698111051483764e-02
2.669999999999999929e+00 1.415698111051479080e-02
2.680000000000000160e+00 1.415698111051478213e-02
2.689999999999999947e+00 1.415698111051478560e-02
2.700000000000000178e+00 1.415698111051479080e-02
2.709999999999999964e+00 1.415698111051479774e-02
2.720000000000000195e+00 1.415698111051479774e-02
2.729999999999999982e+00 1.415698111051479427e-02
2.740000000000000213e+00 1.415698111051478733e-02
2.750000000000000000e+00 1.415698111051477519e-02
2.759999999999999787e+00 1.415698111051476651e-02
2.770000000000000018e+00 1.415698111051475611e-02
2.779999999999999805e+00 1.415698111051475090e-02
2.790000000000000036e+00 1.415698111051474743e-02
2.799999999999999822e+00 1.415698111051474743e-02
2.810000000000000053e+00 1.415698111051474396e-02
2.819999999999999840e+00 1.415698111051474396e-02
2.830000000000000071e+00 1.415698111051474396e-02
2.839999999999999858e+00 1.415698111051474396e-02
2.850000000000000089e+00 1.415698111051474396e-02
2.859999999999999876e+00 1.415698111051474396e-02
2.870000000000000107e+00 1.415698111051474396e-02
2.879999999999999893e+00 1.415698111051474396e-02
2.890000000000000124e+00 1.415698111051474396e-02
2.899999999999999911e+00 1.415698111051474396e-02
2.910000000000000142e+00 1.415698111051474396e-02
2.919999999999999929e+00 1.415698111051474396e-02
2.930000000000000160e+00 1.415698111051474396e-02
2.939999999999999947e+00 1.415698111051474396e-02
2.950000000000000178e+00 1.415698111051474396e-02
2.959999999999999964e+00 1.415698111051474396e-02
2.970000000000000195e+00 1.415698111051474396e-02
2.979999999999999982e+00 1.415698111051474396e-02
2.990000000000000213e+00 1.415698111051474396e-02
3.000000000000000000e+00 1.415698111051474396e-02
3.009999999999999787e+00 1.415698111051474396e-02
3.020000000000000018e+00 1.415698111051474396e-02
3.029999999999999805e+00 1.415698111051474396e-02
3.040000000000000036e+00 1.415698111051474396e-02
3.049999999999999822e+00 1.415698111051474396e-02
3.060000000000000053e+00 1.415698111051474396e-02
3.069999999999999840e+00 1.415698111051474396e-02
3.080000000000000071e+00 1.415698111051474396e-02
3.089999999999999858e+00 1.415698111051474396e-02
3.100000000000000089e+00 1.415698111051474396e-02
3.109999999999999876e+00 1.415698111051474396e-02
3.120000000000000107e+00 1.415698111051474396e-02
3.129999999999999893e+00 1.415698111051474396e-02
3.140000000000000124e+00 1.415698111051474396e-02
3.149999999999999911e+00 1.415698111051474396e-02
3.160000000000000142e+00 1.415698111051474396e-02
3.169999999999999929e+00 1.415698111051474396e-02
3.180000000000000160e+00 1.415698111051474396e-02
3.189999999999999947e+00 1.415698111051474396e-02
3.200000000000000178e+00 1.415698111051474396e-02
3.209999999999999964e+00 1.415698111051474396e-02
3.220000000000000195e+00 1.415698111051474396e-02
3.229999999999999982e+00 1.415698111051474396e-02
3.240000000000000213e+00 1.415698111051474396e-02
3.250000000000000000e+00 1.415698111051474396e-02
3.259999999999999787e+00 1.415698111051474396e-02
3.270000000000000018e+00 1.415698111051474396e-02
3.279999999999999805e+00 1.415698111051474396e-02
3.290000000000000036e+00 1.415698111051474396e-02
3.299999999999999822e+00 1.415698111051474396e-02
3.310000000000000053e+00 1.415698111051474396e-02
3.319999999999999840e+00 1.415698111051474396e-02
3.330000000000000071e+00 1.415698111051474396e-02
3.339999999999999858e+00 1.415698111051474396e-02
3.350000000000000089e+00 1.415698111051474396e-02
3.359999999999999876e+00 1.415698111051474396e-02
3.370000000000000107e+00 1.415698111051474396e-02
3.379999999999999893e+00 1.415698111051474396e-02
3.390000000000000124e+00 1.415698111051474396e-02
3.399999999999999911e+00 1.415698111051474396e-02
3.410000000000000142e+00 1.415698111051474396e-02
3.419999999999999929e+00 1.415698111051474396e-02
3.430000000000000160e+00 1.415698111051474396e-02
3.439999999999999947e+00 1.415698111051474396e-02
3.450000000000000178e+00 1.415698111051474396e-02
3.459999999999999964e+00 1.415698111051474396e-02
3.470000000000000195e+00 1.415698111051474396e-02
3.479999999999999982e+00 1.415698111051474396e-02
3.490000000000000213e+00 1.415698111051474396e-02
3.500000000000000000e+00 1.415698111051474396e-02
3.509999999999999787e+00 1.415698111051474396e-02
3.520000000000000018e+00 1.415698111051474396e-02
3.529999999999999805e+00 1.415698111051474396e-02
3.540000000000000036e+00 1.415698111051474396e-02
3.549999999999999822e+00 1.415698111051474396e-02
3.560000000000000053e+00 1.415698111051474396e-02
3.569999999999999840e+00 1.415698111051474396e-02
3.580000000000000071e+00 1.415698111051474396e-02
3.589999999999999858e+00 1.415698111051474396e-02
3.600000000000000089e+00 1.415698111051474396e-02
3.609999999999999876e+00 1.415698111051474396e-02
3.620000000000000107e+00 1.415698111051474396e-02
3.629999999999999893e+00 1.415698111051474396e-02
3.640000000000000124e+00 1.415698111051474396e-02
3.649999999999999911e+00 1.415698111051474396e-02
3.660000000000000142e+00 1.415698111051474396e-02
3.669999999999999929e+00 1.415698111051474396e-02
3.680000000000000160e+00 1.415698111051474396e-02
3.689999999999999947e+00 1.415698111051474396e-02
3.700000000000000178e+00 1.415698111051474396e-02
3.709999999999999964e+00 1.415698111051474396e-02
3.720000000000000195e+00 1.415698111051474396e-02
3.729999999999999982e+00 1.415698111051474396e-02
3.740000000000000213e+00 1.415698111051474396e-02
3.750000000000000000e+00 1.415698111051474396e-02
3.759999999999999787e+00 1.415698111051474396e-02
3.770000000000000018e+00 1.415698111051474396e-02
3.779999999999999805e+00 1.415698111051474396e-02
3.790000000000000036e+00 1.415698111051474396e-02
3.799999999999999822e+00 1.415698111051474396e-02
3.810000000000000053e+00 1.415698111051474396e-02
3.819999999999999840e+00 1.415698111051474396e-02
3.830000000000000071e+00 1.415698111051474396e-02
3.839999999999999858e+00 1.415698111051474396e-02
3.850000000000000089e+00 1.415698111051474396e-02
3.859999999999999876e+00 1.415698111051474396e-02
3.870000000000000107e+00 1.415698111051474396e-02
3.879999999999999893e+00 1.415698111051474396e-02
3.890000000000000124e+00 1.415698111051474396e-02
3.899999999999999911e+00 1.415698111051474396e-02
3.910000000000000142e+00 1.415698111051474396e-02
3.919999999999999929e+00 1.415698111051474396e-02
3.930000000000000160e+00 1.415698111051474396e-02
3.939999999999999947e+00 1.415698111051474396e-02
3.950000000000000178e+00 1.415698111051474396e-02
3.959999999999999964e+00 1.415698111051474396e-02
3.970000000000000195e+00 1.415698111051474396e-02
3.979999999999999982e+00 1.415698111051474396e-02
3.990000000000000213e+00 1.415698111051474396e-02
4.000000000000000000e+00 1.415698111051474396e-02
4.009999999999999787e+00 1.415698111051474396e-02
4.019999999999999574e+00 1.415698111051474396e-02
4.030000000000000249e+00 1.415698111051474396e-02
4.040000000000000036e+00 1.415698111051474396e-02
4.049999999999999822e+00 1.415698111051474396e-02
4.059999999999999609e+00 1.415698111051474396e-02
4.070000000000000284e+00 1.415698111051474396e-02
4.080000000000000071e+00 1.415698111051474396e-02
4.089999999999999858e+00 1.415698111051474396e-02
4.099999999999999645e+00 1.415698111051474396e-02
4.110000000000000320e+00 1.415698111051474396e-02
4.120000000000000107e+00 1.415698111051474396e-02
4.129999999999999893e+00 1.415698111051474396e-02
4.139999999999999680e+00 1.415698111051474396e-02
4.150000000000000355e+00 1.415698111051474396e-02
4.160000000000000142e+00 1.415698111051474396e-02
4.169999999999999929e+00 1.415698111051474396e-02
4.179999999999999716e+00 1.415698111051474396e-02
4.190000000000000391e+00 1.415698111051474396e-02
4.200000000000000178e+00 1.415698111051474396e-02
4.209999999999999964e+00 1.415698111051474396e-02
4.219999999999999751e+00 1.415698111051474396e-02
4.230000000000000426e+00 1.415698111051474396e-02
4.240000000000000213e+00 1.415698111051474396e-02
4.250000000000000000e+00 1.415698111051474396e-02
4.259999999999999787e+00 1.415698111051474396e-02
4.269999999999999574e+00 1.415698111051474396e-02
4.280000000000000249e+00 1.415698111051474396e-02
4.290000000000000036e+00 1.415698111051474396e-02
4.299999999999999822e+00 1.415698111051474396e-02
4.309999999999999609e+00 1.415698111051474396e-02
4.320000000000000284e+00 1.415698111051474396e-02
4.330000000000000071e+00 1.415698111051474396e-02
4.339999999999999858e+00 1.415698111051474396e-02
4.349999999999999645e+00 1.415698111051474396e-02
4.360000000000000320e+00 1.415698111051474396e-02
4.370000000000000107e+00 1.415698111051474396e-02
4.379999999999999893e+00 1.415698111051474396e-02
4.389999999999999680e+00 1.415698111051474396e-02
4.400000000000000355e+00 1.415698111051474396e-02
4.410000000000000142e+00 1.415698111051474396e-02
4.419999999999999929e+00 1.415698111051474396e-02
4.429999999999999716e+00 1.415698111051474396e-02
4.440000000000000391e+00 1.415698111051474396e-02
4.450000000000000178e+00 1.415698111051474396e-02
4.459999999999999964e+00 1.415698111051474396e-02
4.469999999999999751e+00 1.415698111051474396e-02
4.480000000000000426e+00 1.415698111051474396e-02
4.490000000000000213e+00 1.415698111051474396e-02
4.500000000000000000e+00 1.415698111051474396e-02
4.509999999999999787e+00 1.415698111051474396e-02
4.519999999999999574e+00 1.415698111051474396e-02
4.530000000000000249e+00 1.415698111051474396e-02
4.540000000000000036e+00 1.415698111051474396e-02
4.549999999999999822e+00 1.415698111051474396e-02
4.559999999999999609e+00 1.415698111051474396e-02
4.570000000000000284e+00 1.415698111051474396e-02
4.580000000000000071e+00 1.415698111051474396e-02
4.589999999999999858e+00 1.415698111051474396e-02
4.599999999999999645e+00 1.415698111051474396e-02
4.610000000000000320e+00 1.415698111051474396e-02
4.620000000000000107e+00 1.415698111051474396e-02
4.629999999999999893e+00 1.415698111051474396e-02
4.639999999999999680e+00 1.415698111051474396e-02
4.650000000000000355e+00 1.415698111051474396e-02
4.660000000000000142e+00 1.415698111051474396e-02
4.669999999999999929e+00 1.415698111051474396e-02
4.679999999999999716e+00 1.415698111051474396e-02
4.690000000000000391e+00 1.415698111051474396e-02
4.700000000000000178e+00 1.415698111051474396e-02
4.709999999999999964e+00 1.415698111051474396e-02
4.719999999999999751e+00 1.415698111051474396e-02
4.730000000000000426e+00 1.415698111051474396e-02
4.740000000000000213e+00 1.415698111051474396e-02
4.750000000000000000e+00 1.415698111051474396e-02
4.759999999999999787e+00 1.415698111051474396e-02
4.769999999999999574e+00 1.415698111051474396e-02
4.780000000000000249e+00 1.415698111051474396e-02
4.790000000000000036e+00 1.415698111051474396e-02
4.799999999999999822e+00 1.415698111051474396e-02
4.809999999999999609e+00 1.415698111051474396e-02
4.820000000000000284e+00 1.415698111051474396e-02
4.830000000000000071e+00 1.415698111051474396e-02
4.839999999999999858e+00 1.415698111051474396e-02
4.849999999999999645e+00 1.415698111051474396e-02
4.860000000000000320e+00 1.415698111051474396e-02
4.870000000000000107e+00 1.415698111051474396e-02
4.879999999999999893e+00 1.415698111051474396e-02
4.889999999999999680e+00 1.415698111051474396e-02
4.900000000000000355e+00 1.415698111051474396e-02
4.910000000000000142e+00 1.415698111051474396e-02
4.919999999999999929e+00 1.415698111051474396e-02
4.929999999999999716e+00 1.415698111051474396e-02
4.940000000000000391e+00 1.415698111051474396e-02
4.950000000000000178e+00 1.415698111051474396e-02
4.959999999999999964e+00 1.415698111051474396e-02
4.969999999999999751e+00 1.415698111051474396e-02
4.980000000000000426e+00 1.415698111051474396e-02
4.990000000000000213e+00 1.415698111051474396e-02
5.000000000000000000e+00 1.415698111051474396e-02
5.009999999999999787e+00 1.415698111051474396e-02
5.019999999999999574e+00 1.415698111051474396e-02
5.030000000000000249e+00 1.415698111051474396e-02
5.040000000000000036e+00 1.415698111051474396e-02
5.049999999999999822e+00 1.415698111051474396e-02
5.059999999999999609e+00 1.415698111051474396e-02
5.070000000000000284e+00 1.415698111051474396e-02
5.080000000000000071e+00 1.415698111051474396e-02
5.089999999999999858e+00 1.415698111051474396e-02
5.099999999999999645e+00 1.415698111051474396e-02
5.110000000000000320e+00 1.415698111051474396e-02
5.120000000000000107e+00 1.415698111051474396e-02
5.129999999999999893e+00 1.415698111051474396e-02
5.139999999999999680e+00 1.415698111051474396e-02
5.150000000000000355e+00 1.415698111051474396e-02
5.160000000000000142e+00 1.415698111051474396e-02
5.169999999999999929e+00 1.415698111051474396e-02
5.179999999999999716e+00 1.415698111051474396e-02
5.190000000000000391e+00 1.415698111051474396e-02
5.200000000000000178e+00 1.415698111051474396e-02
5.209999999999999964e+00 1.415698111051474396e-02
5.219999999999999751e+00 1.415698111051474396e-02
5.230000000000000426e+00 1.415698111051474396e-02
5.240000000000000213e+00 1.415698111051474396e-02
5.250000000000000000e+00 1.415698111051474396e-02
5.259999999999999787e+00 1.415698111051474396e-02
5.269999999999999574e+00 1.415698111051474396e-02
5.280000000000000249e+00 1.415698111051474396e-02
5.290000000000000036e+00 1.415698111051474396e-02
5.299999999999999822e+00 1.415698111051474396e-02
5.309999999999999609e+00 1.415698111051474396e-02
5.320000000000000284e+00 1.415698111051474396e-02
5.330000000000000071e+00 1.415698111051474396e-02
5.339999999999999858e+00 1.415698111051474396e-02
5.349999999999999645e+00 1.415698111051474396e-02
5.360000000000000320e+00 1.415698111051474396e-02
5.370000000000000107e+00 1.415698111051474396e-02
5.379999999999999893e+00 1.415698111051474396e-02
5.389999999999999680e+00 1.415698111051474396e-02
5.400000000000000355e+00 1.415698111051474396e-02
5.410000000000000142e+00 1.415698111051474396e-02
5.419999999999999929e+00 1.415698111051474396e-02
5.429999999999999716e+00 1.415698111051474396e-02
5.440000000000000391e+00 1.415698111051474396e-02
5.450000000000000178e+00 1.415698111051474396e-02
5.459999999999999964e+00 1.415698111051474396e-02
5.469999999999999751e+00 1.415698111051474396e-02
5.480000000000000426e+00 1.415698111051474396e-02
5.490000000000000213e+00 1.415698111051474396e-02
5.500000000000000000e+00 1.415698111051474396e-02
5.509999999999999787e+00 1.415698111051474396e-02
5.519999999999999574e+00 1.415698111051474396e-02
5.530000000000000249e+00 1.415698111051474396e-02
5.540000000000000036e+00 1.415698111051474396e-02
5.549999999999999822e+00 1.415698111051474396e-02
5.559999999999999609e+00 1.415698111051474396e-02
5.570000000000000284e+00 1.415698111051474396e-02
5.580000000000000071e+00 1.415698111051474396e-02
5.589999999999999858e+00 1.415698111051474396e-02
5.599999999999999645e+00 1.415698111051474396e-02
5.610000000000000320e+00 1.415698111051474396e-02
5.620000000000000107e+00 1.415698111051474396e-02
5.629999999999999893e+00 1.415698111051474396e-02
5.639999999999999680e+00 1.415698111051474396e-02
5.650000000000000355e+00 1.415698111051474396e-02
5.660000000000000142e+00 1.415698111051474396e-02
5.669999999999999929e+00 1.415698111051474396e-02
5.679999999999999716e+00 1.415698111051474396e-02
5.690000000000000391e+00 1.415698111051474396e-02
5.700000000000000178e+00 1.415698111051474396e-02
5.709999999999999964e+00 1.415698111051474396e-02
5.719999999999999751e+00 1.415698111051474396e-02
5.730000000000000426e+00 1.415698111051474396e-02
5.740000000000000213e+00 1.415698111051474396e-02
5.750000000000000000e+00 1.415698111051474396e-02
5.759999999999999787e+00 1.415698111051474396e-02
5.769999999999999574e+00 1.415698111051474396e-02
5.780000000000000249e+00 1.415698111051474396e-02
5.790000000000000036e+00 1.415698111051474396e-02
5.799999999999999822e+00 1.415698111051474396e-02
5.809999999999999609e+00 1.415698111051474396e-02
5.820000000000000284e+00 1.415698111051474396e-02
5.830000000000000071e+00 1.415698111051474396e-02
5.839999999999999858e+00 1.415698111051474396e-02
5.849999999999999645e+00 1.415698111051474396e-02
5.860000000000000320e+00 1.415698111051474396e-02
5.870000000000000107e+00 1.415698111051474396e-02
5.879999999999999893e+00 1.415698111051474396e-02
5.889999999999999680e+00 1.415698111051474396e-02
5.900000000000000355e+00 1.415698111051474396e-02
5.910000000000000142e+00 1.415698111051474396e-02
5.919999999999999929e+00 1.415698111051474396e-02
5.929999999999999716e+00 1.415698111051474396e-02
5.940000000000000391e+00 1.415698111051474396e-02
5.950000000000000178e+00 1.415698111051474396e-02
5.959999999999999964e+00 1.415698111051474396e-02
5.969999999999999751e+00 1.415698111051474396e-02
5.980000000000000426e+00 1.415698111051474396e-02
5.990000000000000213e+00 1.415698111051474396e-02
6.000000000000000000e+00 1.415698111051474396e-02
6.200000000000000178e+00 1.415698111051474396e-02
6.400000000000000355e+00 1.415698111051474396e-02
6.599999999999999645e+00 1.415698111051474396e-02
6.799999999999999822e+00 1.415698111051474396e-02
7.000000000000000000e+00 0.000000000000000000e+00
