0.000000000000000000e+00 0.000000000000000000e+00
1.000000000000000021e-02 1.688485710957864788e-02
2.000000000000000042e-02 1.695091890462425976e-02
2.999999999999999889e-02 1.709820281500594452e-02
4.000000000000000083e-02 1.738893699166993781e-02
5.000000000000000278e-02 1.787779153422200396e-02
5.999999999999999778e-02 1.855528165082277747e-02
7.000000000000000666e-02 1.929397941079894277e-02
8.000000000000000167e-02 1.986084501874002192e-02
8.999999999999999667e-02 2.002784601845857340e-02
1.000000000000000056e-01 1.971784034464947252e-02
1.100000000000000006e-01 1.906225840804567223e-02
1.199999999999999956e-01 1.831406284043880436e-02
1.300000000000000044e-01 1.769400695856100311e-02
1.400000000000000133e-01 1.729672798847489007e-02
1.499999999999999944e-01 1.710397489650031244e-02
1.600000000000000033e-01 1.705689701704995315e-02
1.700000000000000122e-01 1.712933063417803464e-02
1.799999999999999933e-01 1.741529555581738248e-02
1.900000000000000022e-01 1.836625419770023665e-02
2.000000000000000111e-01 2.149737299984149502e-02
2.099999999999999922e-01 3.104023499970790662e-02
2.200000000000000011e-01 5.666091956987910627e-02
2.300000000000000100e-01 1.156392220180837704e-01
2.399999999999999911e-01 2.300408611522986591e-01
2.500000000000000000e-01 4.140441452803424460e-01
2.600000000000000089e-01 6.541552076080818789e-01
2.700000000000000178e-01 8.982954687614843614e-01
2.800000000000000266e-01 1.072393514785941804e+00
2.899999999999999800e-01 1.121717676466135627e+00
2.999999999999999889e-01 1.045451236464548073e+00
3.099999999999999978e-01 8.932772446229293450e-01
3.200000000000000067e-01 7.279607436940656040e-01
3.300000000000000155e-01 5.886730304642404654e-01
3.400000000000000244e-01 4.827708571451235220e-01
3.499999999999999778e-01 4.030416339285178839e-01
3.599999999999999867e-01 3.484246930287093758e-01
3.699999999999999956e-01 3.314023764155821228e-01
3.800000000000000044e-01 3.709494637759238045e-01
3.900000000000000133e-01 4.799350733168469829e-01
4.000000000000000222e-01 6.555719254872309776e-01
4.099999999999999756e-01 8.760375564653893887e-01
4.199999999999999845e-01 1.102790369850336294e+00
4.299999999999999933e-01 1.288498161522926733e+00
4.400000000000000022e-01 1.390846651755333507e+00
4.500000000000000111e-01 1.388522641332072149e+00
4.600000000000000200e-01 1.290268188194755528e+00
4.699999999999999734e-01 1.129454900234460046e+00
4.799999999999999822e-01 9.470811788175652612e-01
4.899999999999999911e-01 7.752308067857411888e-01
5.000000000000000000e-01 6.306159363222311187e-01
5.100000000000000089e-01 5.175511008142722469e-01
5.200000000000000178e-01 4.336180365191201758e-01
5.300000000000000266e-01 3.736316862483782253e-01
5.400000000000000355e-01 3.319410152663247460e-01
5.500000000000000444e-01 3.039056273222925375e-01
5.600000000000000533e-01 2.861129887205980937e-01
5.699999999999999512e-01 2.752032189929476957e-01
5.799999999999999600e-01 2.667907126957745345e-01
5.899999999999999689e-01 2.560736859890260786e-01
5.999999999999999778e-01 2.397237132652725866e-01
6.099999999999999867e-01 2.171147599583468923e-01
6.199999999999999956e-01 1.898162736897759661e-01
6.300000000000000044e-01 1.601960000964906261e-01
6.400000000000000133e-01 1.305013839440028467e-01
6.500000000000000222e-01 1.027099277201044963e-01
6.600000000000000311e-01 7.851995559462121577e-02
6.700000000000000400e-01 5.907339113794988356e-02
6.800000000000000488e-01 4.464445579679302001e-02
6.899999999999999467e-01 3.466371469896726426e-02
6.999999999999999556e-01 2.809216096321398917e-02
7.099999999999999645e-01 2.386542533563977206e-02
7.199999999999999734e-01 2.116050829849383183e-02
7.299999999999999822e-01 1.944020123923725224e-02
7.399999999999999911e-01 1.837292945883345005e-02
7.500000000000000000e-01 1.773919147523481815e-02
7.600000000000000089e-01 1.737837242743964575e-02
7.700000000000000178e-01 1.717366106017852168e-02
7.800000000000000266e-01 1.705040992800169880e-02
7.900000000000000355e-01 1.696984846918361128e-02
8.000000000000000444e-01 1.691583346902607310e-02
8.100000000000000533e-01 1.688153751054283225e-02
8.199999999999999512e-01 1.686187619651749806e-02
8.299999999999999600e-01 1.685179481453640687e-02
8.399999999999999689e-01 1.684719287040433583e-02
8.499999999999999778e-01 1.684606484438987140e-02
8.599999999999999867e-01 1.685004566007532179e-02
8.699999999999999956e-01 1.686911065320007008e-02
8.800000000000000044e-01 1.693498307431276148e-02
8.900000000000000133e-01 1.713212762374865389e-02
9.000000000000000222e-01 1.765664855002419681e-02
9.100000000000000311e-01 1.890751697360318340e-02
9.200000000000000400e-01 2.159570488779348138e-02
9.300000000000000488e-01 2.682357070046273786e-02
9.399999999999999467e-01 3.604603605221767121e-02
9.499999999999999556e-01 5.079976354135725541e-02
9.599999999999999645e-01 7.212754667531717789e-02
9.699999999999999734e-01 9.979218604433263973e-02
9.799999999999999822e-01 1.316434290421483189e-01
9.899999999999999911e-01 1.636682803191823465e-01
1.000000000000000000e+00 1.910363936543380270e-01
1.010000000000000009e+00 2.098354560668730939e-01
1.020000000000000018e+00 2.186226765613578649e-01
1.030000000000000027e+00 2.189202386703298642e-01
1.040000000000000036e+00 2.143708788417960087e-01
1.050000000000000044e+00 2.089785897614241938e-01
1.060000000000000053e+00 2.052966108154012370e-01
1.070000000000000062e+00 2.034805111815302658e-01
1.080000000000000071e+00 2.017347790656676965e-01
1.090000000000000080e+00 1.978957010603851485e-01
1.100000000000000089e+00 1.911851881406421150e-01
1.110000000000000098e+00 1.831611997893762001e-01
1.120000000000000107e+00 1.776082854023115776e-01
1.129999999999999893e+00 1.798706934893929965e-01
1.139999999999999902e+00 1.962818466203830603e-01
1.149999999999999911e+00 2.339233834431596604e-01
1.159999999999999920e+00 3.005121448079212110e-01
1.169999999999999929e+00 4.042577787196193762e-01
1.179999999999999938e+00 5.541011838692919689e-01
1.189999999999999947e+00 7.612688986485557363e-01
1.199999999999999956e+00 1.042394909984757589e+00
1.209999999999999964e+00 1.421637235536727051e+00
1.219999999999999973e+00 1.925575830522734400e+00
1.229999999999999982e+00 2.564942197527127821e+00
1.239999999999999991e+00 3.306109791562569455e+00
1.250000000000000000e+00 4.049952135630667804e+00
1.260000000000000009e+00 4.642612507775732311e+00
1.270000000000000018e+00 4.927926785454326719e+00
1.280000000000000027e+00 4.818919481428513230e+00
1.290000000000000036e+00 4.343171823424749611e+00
1.300000000000000044e+00 3.629850657466460628e+00
1.310000000000000053e+00 2.847709300142103661e+00
1.320000000000000062e+00 2.136167266618524518e+00
1.330000000000000071e+00 1.568074157039467398e+00
1.340000000000000080e+00 1.152885644948703048e+00
1.350000000000000089e+00 8.630522998713169303e-01
1.360000000000000098e+00 6.613332134831289011e-01
1.370000000000000107e+00 5.167866777452485572e-01
1.379999999999999893e+00 4.089771547198089996e-01
1.389999999999999902e+00 3.258340224552859210e-01
1.399999999999999911e+00 2.603739015015248959e-01
1.409999999999999920e+00 2.085550359662793896e-01
1.419999999999999929e+00 1.681821069110603362e-01
1.429999999999999938e+00 1.381852221918888901e-01
1.439999999999999947e+00 1.180265155393426385e-01
1.449999999999999956e+00 1.073595794191945785e-01
1.459999999999999964e+00 1.059439586864877741e-01
1.469999999999999973e+00 1.134694164673620692e-01
1.479999999999999982e+00 1.289385175512865189e-01
1.489999999999999991e+00 1.498088603009115338e-01
1.500000000000000000e+00 1.716942987250463515e-01
1.510000000000000009e+00 1.893050493459613459e-01
1.520000000000000018e+00 1.983960258857411230e-01
1.530000000000000027e+00 1.975928703423657229e-01
1.540000000000000036e+00 1.889039402784594979e-01
1.550000000000000044e+00 1.765601052326306319e-01
1.560000000000000053e+00 1.649040014262988518e-01
1.570000000000000062e+00 1.565962896733738008e-01
1.580000000000000071e+00 1.520459589308277848e-01
1.590000000000000080e+00 1.500390409752702936e-01
1.600000000000000089e+00 1.488298528153386424e-01
1.610000000000000098e+00 1.469671634388899639e-01
1.620000000000000107e+00 1.436152291311958429e-01
1.629999999999999893e+00 1.385323982857565583e-01
1.639999999999999902e+00 1.319312785293348944e-01
1.649999999999999911e+00 1.243139678754036220e-01
1.659999999999999920e+00 1.162853866349358029e-01
1.669999999999999929e+00 1.083678753635289732e-01
1.679999999999999938e+00 1.008923264794309438e-01
1.689999999999999947e+00 9.402805654400565871e-02
1.699999999999999956e+00 8.791988530561527238e-02
1.709999999999999964e+00 8.280546518624973262e-02
1.719999999999999973e+00 7.899321328339380111e-02
1.729999999999999982e+00 7.671256152522101801e-02
1.739999999999999991e+00 7.598741424705413028e-02
1.750000000000000000e+00 7.667513707766213105e-02
1.760000000000000009e+00 7.864939250024843842e-02
1.770000000000000018e+00 8.195893204304906254e-02
1.780000000000000027e+00 8.681698548459997056e-02
1.790000000000000036e+00 9.342330610985481731e-02
1.800000000000000044e+00 1.017391992370764858e-01
1.810000000000000053e+00 1.113462809166894385e-01
1.820000000000000062e+00 1.214571472376230060e-01
1.830000000000000071e+00 1.310705229902779656e-01
1.840000000000000080e+00 1.392037414487109215e-01
1.850000000000000089e+00 1.451041358914972046e-01
1.860000000000000098e+00 1.483527399124318358e-01
1.870000000000000107e+00 1.488315877993208747e-01
1.879999999999999893e+00 1.466023183847095512e-01
1.889999999999999902e+00 1.417908857069649087e-01
1.899999999999999911e+00 1.345575778126303634e-01
1.909999999999999920e+00 1.251611382110012216e-01
1.919999999999999929e+00 1.140474774673616437e-01
1.929999999999999938e+00 1.018645959499346471e-01
1.939999999999999947e+00 8.935474245777304259e-02
1.949999999999999956e+00 7.717421698990281631e-02
1.959999999999999964e+00 6.576175759623210937e-02
1.969999999999999973e+00 5.534685790638499414e-02
1.979999999999999982e+00 4.607304787764537196e-02
1.989999999999999991e+00 3.811413183395579579e-02
2.000000000000000000e+00 3.167972474421025530e-02
2.009999999999999787e+00 2.691704490144653308e-02
2.020000000000000018e+00 2.380251492264110619e-02
2.029999999999999805e+00 2.210575438143868796e-02
2.040000000000000036e+00 2.143962371308041209e-02
2.049999999999999822e+00 2.136175750488947950e-02
2.060000000000000053e+00 2.148603751542991699e-02
2.069999999999999840e+00 2.156716597441822592e-02
2.080000000000000071e+00 2.152658096217561698e-02
2.089999999999999858e+00 2.141067786922467436e-02
2.100000000000000089e+00 2.131095154938431394e-02
2.109999999999999876e+00 2.129731884347441789e-02
2.120000000000000107e+00 2.139970410256058012e-02
2.129999999999999893e+00 2.163649172616700922e-02
2.140000000000000124e+00 2.206180741769027745e-02
2.149999999999999911e+00 2.279816559369272563e-02
2.160000000000000142e+00 2.403077237381816278e-02
2.169999999999999929e+00 2.595709547591256230e-02
2.180000000000000160e+00 2.870545124281887253e-02
2.189999999999999947e+00 3.225429130562840890e-02
2.200000000000000178e+00 3.639365119907064794e-02
2.209999999999999964e+00 4.076372833325998812e-02
2.220000000000000195e+00 4.497426455939321915e-02
2.229999999999999982e+00 4.875897816406909308e-02
2.240000000000000213e+00 5.208554548584390376e-02
2.250000000000000000e+00 5.516022660168119068e-02
2.259999999999999787e+00 5.833259120998330466e-02
2.270000000000000018e+00 6.196856301852177173e-02
2.279999999999999805e+00 6.636742310124923994e-02
2.290000000000000036e+00 7.174668223559610425e-02
2.299999999999999822e+00 7.825712119646076326e-02
2.310000000000000053e+00 8.597982810930332453e-02
2.319999999999999840e+00 9.491012432318338132e-02
2.330000000000000071e+00 1.049879079313466163e-01
2.339999999999999858e+00 1.162086722613571710e-01
2.350000000000000089e+00 1.287454426771501015e-01
2.359999999999999876e+00 1.429481973546722351e-01
2.370000000000000107e+00 1.591878395362666399e-01
2.379999999999999893e+00 1.777225235952401838e-01
2.390000000000000124e+00 1.988239535745989217e-01
2.399999999999999911e+00 2.231010814294925038e-01
2.410000000000000142e+00 2.514906270244398057e-01
2.419999999999999929e+00 2.843338041884042600e-01
2.430000000000000160e+00 3.197197328923010451e-01
2.439999999999999947e+00 3.523574775423343186e-01
2.450000000000000178e+00 3.744387249244104376e-01
2.459999999999999964e+00 3.786482392130373076e-01
2.470000000000000195e+00 3.616479170232256846e-01
2.479999999999999982e+00 3.257700751654679094e-01
2.490000000000000213e+00 2.779216059526656291e-01
2.500000000000000000e+00 2.266210389127455427e-01
2.509999999999999787e+00 1.790322722196150129e-01
2.520000000000000018e+00 1.393596578417743426e-01
2.529999999999999805e+00 1.088189843210378427e-01
2.540000000000000036e+00 8.657367830888260118e-02
2.549999999999999822e+00 7.087306987507457912e-02
2.560000000000000053e+00 5.990858399588923355e-02
2.569999999999999840e+00 5.224903848167062465e-02
2.580000000000000071e+00 4.693782179742313210e-02
2.589999999999999858e+00 4.340988935960208434e-02
2.600000000000000089e+00 4.135721853901797723e-02
2.609999999999999876e+00 4.060091675639853487e-02
2.620000000000000107e+00 4.097985491450401724e-02
2.629999999999999893e+00 4.226321535978384836e-02
2.640000000000000124e+00 4.410985431169664461e-02
2.649999999999999911e+00 4.609031535195336204e-02
2.660000000000000142e+00 4.775287934344830260e-02
2.669999999999999929e+00 4.869181554315350074e-02
2.680000000000000160e+00 4.859582412836844362e-02
2.689999999999999947e+00 4.729025445028117725e-02
2.700000000000000178e+00 4.478416218277769117e-02
2.709999999999999964e+00 4.129550597862757105e-02
2.720000000000000195e+00 3.721424183016022041e-02
2.729999999999999982e+00 3.300120736742243044e-02
2.740000000000000213e+00 2.906899768482445676e-02
2.750000000000000000e+00 2.569951327500873822e-02
2.759999999999999787e+00 2.302087707273960809e-02
2.770000000000000018e+00 2.103039572712003813e-02
2.779999999999999805e+00 1.963768045221013156e-02
2.790000000000000036e+00 1.870966901425278467e-02
2.799999999999999822e+00 1.810889342318448489e-02
2.810000000000000053e+00 1.771974995926609356e-02
2.819999999999999840e+00 1.745976469397162931e-02
2.830000000000000071e+00 1.727780081102885112e-02
2.839999999999999858e+00 1.714543157399271364e-02
2.850000000000000089e+00 1.704768326110163781e-02
2.859999999999999876e+00 1.697629468653112650e-02
2.870000000000000107e+00 1.692581890298681599e-02
2.879999999999999893e+00 1.689176606526655161e-02
2.890000000000000124e+00 1.686999544320029812e-02
2.899999999999999911e+00 1.685677989169262481e-02
2.910000000000000142e+00 1.684907568527033855e-02
2.919999999999999929e+00 1.684467304914125801e-02
2.930000000000000160e+00 1.684213440782479643e-02
2.939999999999999947e+00 1.684060616577556443e-02
2.950000000000000178e+00 1.683961952173198412e-02
2.959999999999999964e+00 1.683893650595720895e-02
2.970000000000000195e+00 1.683844514665608014e-02
2.979999999999999982e+00 1.683809242147210269e-02
2.990000000000000213e+00 1.683784642441949267e-02
3.000000000000000000e+00 1.683768077999265450e-02
3.009999999999999787e+00 1.683757227785251040e-02
3.020000000000000018e+00 1.683750257627876154e-02
3.029999999999999805e+00 1.683745873595292319e-02
3.040000000000000036e+00 1.683743197726817950e-02
3.049999999999999822e+00 1.683741610997827737e-02
3.060000000000000053e+00 1.683740665178679735e-02
3.069999999999999840e+00 1.683740058596435579e-02
3.080000000000000071e+00 1.683739623278159014e-02
3.089999999999999858e+00 1.683739290775667502e-02
3.100000000000000089e+00 1.683739043382467479e-02
3.109999999999999876e+00 1.683738874544740693e-02
3.120000000000000107e+00 1.683738771525527395e-02
3.129999999999999893e+00 1.683738715706859998e-02
3.140000000000000124e+00 1.683738688855085375e-02
3.149999999999999911e+00 1.683738677474495848e-02
3.160000000000000142e+00 1.683738673593654020e-02
3.169999999999999929e+00 1.683738673544681735e-02
3.180000000000000160e+00 1.683738676471586287e-02
3.189999999999999947e+00 1.683738683374967973e-02
3.200000000000000178e+00 1.683738696727343775e-02
3.209999999999999964e+00 1.683738720393532576e-02
3.220000000000000195e+00 1.683738759768607304e-02
3.229999999999999982e+00 1.683738822573659782e-02
3.240000000000000213e+00 1.683738920981039944e-02
3.250000000000000000e+00 1.683739074635471136e-02
3.259999999999999787e+00 1.683739311814869480e-02
3.270000000000000018e+00 1.683739664946138151e-02
3.279999999999999805e+00 1.683740159496324371e-02
3.290000000000000036e+00 1.683740800127566523e-02
3.299999999999999822e+00 1.683741559591897877e-02
3.310000000000000053e+00 1.683742372560172174e-02
3.319999999999999840e+00 1.683743134826173882e-02
3.330000000000000071e+00 1.683743714224549687e-02
3.339999999999999858e+00 1.683743984954064188e-02
3.350000000000000089e+00 1.683743883111780970e-02
3.359999999999999876e+00 1.683743450011730008e-02
3.370000000000000107e+00 1.683742819924302636e-02
3.379999999999999893e+00 1.683742149606597821e-02
3.390000000000000124e+00 1.683741542352500120e-02
3.399999999999999911e+00 1.683741023157517627e-02
3.410000000000000142e+00 1.683740569447278804e-02
3.419999999999999929e+00 1.683740156403299923e-02
3.430000000000000160e+00 1.683739779923700344e-02
3.439999999999999947e+00 1.683739452513920154e-02
3.450000000000000178e+00 1.683739188335034095e-02
3.459999999999999964e+00 1.683738992441895232e-02
3.470000000000000195e+00 1.683738858835627517e-02
3.479999999999999982e+00 1.683738774493416177e-02
3.490000000000000213e+00 1.683738724758027799e-02
3.500000000000000000e+00 1.683738697080927604e-02
3.509999999999999787e+00 1.683738682412198873e-02
3.520000000000000018e+00 1.683738674959854228e-02
3.529999999999999805e+00 1.683738671318410485e-02
3.540000000000000036e+00 1.683738669605470972e-02
3.549999999999999822e+00 1.683738668829903515e-02
3.560000000000000053e+00 1.683738668491267104e-02
3.569999999999999840e+00 1.683738668346345529e-02
3.580000000000000071e+00 1.683738668281545975e-02
3.589999999999999858e+00 1.683738668246877526e-02
3.600000000000000089e+00 1.683738668222884566e-02
3.609999999999999876e+00 1.683738668203902875e-02
3.620000000000000107e+00 1.683738668189327034e-02
3.629999999999999893e+00 1.683738668179319067e-02
3.640000000000000124e+00 1.683738668173344680e-02
3.649999999999999911e+00 1.683738668170264852e-02
3.660000000000000142e+00 1.683738668168892685e-02
3.669999999999999929e+00 1.683738668168362207e-02
3.680000000000000160e+00 1.683738668168181449e-02
3.689999999999999947e+00 1.683738668168125938e-02
3.700000000000000178e+00 1.683738668168109978e-02
3.709999999999999964e+00 1.683738668168104774e-02
3.720000000000000195e+00 1.683738668168103386e-02
3.729999999999999982e+00 1.683738668168102345e-02
3.740000000000000213e+00 1.683738668168101998e-02
3.750000000000000000e+00 1.683738668168101998e-02
3.759999999999999787e+00 1.683738668168101998e-02
3.770000000000000018e+00 1.683738668168101651e-02
3.779999999999999805e+00 1.683738668168101651e-02
3.790000000000000036e+00 1.683738668168101651e-02
3.799999999999999822e+00 1.683738668168101651e-02
3.810000000000000053e+00 1.683738668168101651e-02
3.819999999999999840e+00 1.683738668168101651e-02
3.830000000000000071e+00 1.683738668168101651e-02
3.839999999999999858e+00 1.683738668168101651e-02
3.850000000000000089e+00 1.683738668168101651e-02
3.859999999999999876e+00 1.683738668168101651e-02
3.870000000000000107e+00 1.683738668168101651e-02
3.879999999999999893e+00 1.683738668168101651e-02
3.890000000000000124e+00 1.683738668168101651e-02
3.899999999999999911e+00 1.683738668168101651e-02
3.910000000000000142e+00 1.683738668168101651e-02
3.919999999999999929e+00 1.683738668168101651e-02
3.930000000000000160e+00 1.683738668168101651e-02
3.939999999999999947e+00 1.683738668168101651e-02
3.950000000000000178e+00 1.683738668168101651e-02
3.959999999999999964e+00 1.683738668168101651e-02
3.970000000000000195e+00 1.683738668168101651e-02
3.979999999999999982e+00 1.683738668168101651e-02
3.990000000000000213e+00 1.683738668168101651e-02
4.000000000000000000e+00 1.683738668168101651e-02
4.009999999999999787e+00 1.683738668168101651e-02
4.019999999999999574e+00 1.683738668168101651e-02
4.030000000000000249e+00 1.683738668168101651e-02
4.040000000000000036e+00 1.683738668168101651e-02
4.049999999999999822e+00 1.683738668168101651e-02
4.059999999999999609e+00 1.683738668168101651e-02
4.070000000000000284e+00 1.683738668168101651e-02
4.080000000000000071e+00 1.683738668168101651e-02
4.089999999999999858e+00 1.683738668168101651e-02
4.099999999999999645e+00 1.683738668168101651e-02
4.110000000000000320e+00 1.683738668168101651e-02
4.120000000000000107e+00 1.683738668168101651e-02
4.129999999999999893e+00 1.683738668168101651e-02
4.139999999999999680e+00 1.683738668168101651e-02
4.150000000000000355e+00 1.683738668168101651e-02
4.160000000000000142e+00 1.683738668168101651e-02
4.169999999999999929e+00 1.683738668168101651e-02
4.179999999999999716e+00 1.683738668168101651e-02
4.190000000000000391e+00 1.683738668168101651e-02
4.200000000000000178e+00 1.683738668168101651e-02
4.209999999999999964e+00 1.683738668168101651e-02
4.219999999999999751e+00 1.683738668168101651e-02
4.230000000000000426e+00 1.683738668168101651e-02
4.240000000000000213e+00 1.683738668168101651e-02
4.250000000000000000e+00 1.683738668168101651e-02
4.259999999999999787e+00 1.683738668168101651e-02
4.269999999999999574e+00 1.683738668168101651e-02
4.280000000000000249e+00 1.683738668168101651e-02
4.290000000000000036e+00 1.683738668168101651e-02
4.299999999999999822e+00 1.683738668168101651e-02
4.309999999999999609e+00 1.683738668168101651e-02
4.320000000000000284e+00 1.683738668168101651e-02
4.330000000000000071e+00 1.683738668168101651e-02
4.339999999999999858e+00 1.683738668168101651e-02
4.349999999999999645e+00 1.683738668168101651e-02
4.360000000000000320e+00 1.683738668168101651e-02
4.370000000000000107e+00 1.683738668168101651e-02
4.379999999999999893e+00 1.683738668168101651e-02
4.389999999999999680e+00 1.683738668168101651e-02
4.400000000000000355e+00 1.683738668168101651e-02
4.410000000000000142e+00 1.683738668168101651e-02
4.419999999999999929e+00 1.683738668168101651e-02
4.429999999999999716e+00 1.683738668168101651e-02
4.440000000000000391e+00 1.683738668168101651e-02
4.450000000000000178e+00 1.683738668168101651e-02
4.459999999999999964e+00 1.683738668168101651e-02
4.469999999999999751e+00 1.683738668168101651e-02
4.480000000000000426e+00 1.683738668168101651e-02
4.490000000000000213e+00 1.683738668168101651e-02
4.500000000000000000e+00 1.683738668168101651e-02
4.509999999999999787e+00 1.683738668168101651e-02
4.519999999999999574e+00 1.683738668168101651e-02
4.530000000000000249e+00 1.683738668168101651e-02
4.540000000000000036e+00 1.683738668168101651e-02
4.549999999999999822e+00 1.683738668168101651e-02
4.559999999999999609e+00 1.683738668168101651e-02
4.570000000000000284e+00 1.683738668168101651e-02
4.580000000000000071e+00 1.683738668168101651e-02
4.589999999999999858e+00 1.683738668168101651e-02
4.599999999999999645e+00 1.683738668168101651e-02
4.610000000000000320e+00 1.683738668168101651e-02
4.620000000000000107e+00 1.683738668168101651e-02
4.629999999999999893e+00 1.683738668168101651e-02
4.639999999999999680e+00 1.683738668168101651e-02
4.650000000000000355e+00 1.683738668168101651e-02
4.660000000000000142e+00 1.683738668168101651e-02
4.669999999999999929e+00 1.683738668168101651e-02
4.679999999999999716e+00 1.683738668168101651e-02
4.690000000000000391e+00 1.683738668168101651e-02
4.700000000000000178e+00 1.683738668168101651e-02
4.709999999999999964e+00 1.683738668168101651e-02
4.719999999999999751e+00 1.683738668168101651e-02
4.730000000000000426e+00 1.683738668168101651e-02
4.740000000000000213e+00 1.683738668168101651e-02
4.750000000000000000e+00 1.683738668168101651e-02
4.759999999999999787e+00 1.683738668168101651e-02
4.769999999999999574e+00 1.683738668168101651e-02
4.780000000000000249e+00 1.683738668168101651e-02
4.790000000000000036e+00 1.683738668168101651e-02
4.799999999999999822e+00 1.683738668168101651e-02
4.809999999999999609e+00 1.683738668168101651e-02
4.820000000000000284e+00 1.683738668168101651e-02
4.830000000000000071e+00 1.683738668168101651e-02
4.839999999999999858e+00 1.683738668168101651e-02
4.849999999999999645e+00 1.683738668168101651e-02
4.860000000000000320e+00 1.683738668168101651e-02
4.870000000000000107e+00 1.683738668168101651e-02
4.879999999999999893e+00 1.683738668168101651e-02
4.889999999999999680e+00 1.683738668168101651e-02
4.900000000000000355e+00 1.683738668168101651e-02
4.910000000000000142e+00 1.683738668168101651e-02
4.919999999999999929e+00 1.683738668168101651e-02
4.929999999999999716e+00 1.683738668168101651e-02
4.940000000000000391e+00 1.683738668168101651e-02
4.950000000000000178e+00 1.683738668168101651e-02
4.959999999999999964e+00 1.683738668168101651e-02
4.969999999999999751e+00 1.683738668168101651e-02
4.980000000000000426e+00 1.683738668168101651e-02
4.990000000000000213e+00 1.683738668168101651e-02
5.000000000000000000e+00 1.683738668168101651e-02
5.009999999999999787e+00 1.683738668168101651e-02
5.019999999999999574e+00 1.683738668168101651e-02
5.030000000000000249e+00 1.683738668168101651e-02
5.040000000000000036e+00 1.683738668168101651e-02
5.049999999999999822e+00 1.683738668168101651e-02
5.059999999999999609e+00 1.683738668168101651e-02
5.070000000000000284e+00 1.683738668168101651e-02
5.080000000000000071e+00 1.683738668168101651e-02
5.089999999999999858e+00 1.683738668168101651e-02
5.099999999999999645e+00 1.683738668168101651e-02
5.110000000000000320e+00 1.683738668168101651e-02
5.120000000000000107e+00 1.683738668168101651e-02
5.129999999999999893e+00 1.683738668168101651e-02
5.139999999999999680e+00 1.683738668168101651e-02
5.150000000000000355e+00 1.683738668168101651e-02
5.160000000000000142e+00 1.683738668168101651e-02
5.169999999999999929e+00 1.683738668168101651e-02
5.179999999999999716e+00 1.683738668168101651e-02
5.190000000000000391e+00 1.683738668168101651e-02
5.200000000000000178e+00 1.683738668168101651e-02
5.209999999999999964e+00 1.683738668168101651e-02
5.219999999999999751e+00 1.683738668168101651e-02
5.230000000000000426e+00 1.683738668168101651e-02
5.240000000000000213e+00 1.683738668168101651e-02
5.250000000000000000e+00 1.683738668168101651e-02
5.259999999999999787e+00 1.683738668168101651e-02
5.269999999999999574e+00 1.683738668168101651e-02
5.280000000000000249e+00 1.683738668168101651e-02
5.290000000000000036e+00 1.683738668168101651e-02
5.299999999999999822e+00 1.683738668168101651e-02
5.309999999999999609e+00 1.683738668168101651e-02
5.320000000000000284e+00 1.683738668168101651e-02
5.330000000000000071e+00 1.683738668168101651e-02
5.339999999999999858e+00 1.683738668168101651e-02
5.349999999999999645e+00 1.683738668168101651e-02
5.360000000000000320e+00 1.683738668168101651e-02
5.370000000000000107e+00 1.683738668168101651e-02
5.379999999999999893e+00 1.683738668168101651e-02
5.389999999999999680e+00 1.683738668168101651e-02
5.400000000000000355e+00 1.683738668168101651e-02
5.410000000000000142e+00 1.683738668168101651e-02
5.419999999999999929e+00 1.683738668168101651e-02
5.429999999999999716e+00 1.683738668168101651e-02
5.440000000000000391e+00 1.683738668168101651e-02
5.450000000000000178e+00 1.683738668168101651e-02
5.459999999999999964e+00 1.683738668168101651e-02
5.469999999999999751e+00 1.683738668168101651e-02
5.480000000000000426e+00 1.683738668168101651e-02
5.490000000000000213e+00 1.683738668168101651e-02
5.500000000000000000e+00 1.683738668168101651e-02
5.509999999999999787e+00 1.683738668168101651e-02
5.519999999999999574e+00 1.683738668168101651e-02
5.530000000000000249e+00 1.683738668168101651e-02
5.540000000000000036e+00 1.683738668168101651e-02
5.549999999999999822e+00 1.683738668168101651e-02
5.559999999999999609e+00 1.683738668168101651e-02
5.570000000000000284e+00 1.683738668168101651e-02
5.580000000000000071e+00 1.683738668168101651e-02
5.589999999999999858e+00 1.683738668168101651e-02
5.599999999999999645e+00 1.683738668168101651e-02
5.610000000000000320e+00 1.683738668168101651e-02
5.620000000000000107e+00 1.683738668168101651e-02
5.629999999999999893e+00 1.683738668168101651e-02
5.639999999999999680e+00 1.683738668168101651e-02
5.650000000000000355e+00 1.683738668168101651e-02
5.660000000000000142e+00 1.683738668168101651e-02
5.669999999999999929e+00 1.683738668168101651e-02
5.679999999999999716e+00 1.683738668168101651e-02
5.690000000000000391e+00 1.683738668168101651e-02
5.700000000000000178e+00 1.683738668168101651e-02
5.709999999999999964e+00 1.683738668168101651e-02
5.719999999999999751e+00 1.683738668168101651e-02
5.730000000000000426e+00 1.683738668168101651e-02
5.740000000000000213e+00 1.683738668168101651e-02
5.750000000000000000e+00 1.683738668168101651e-02
5.759999999999999787e+00 1.683738668168101651e-02
5.769999999999999574e+00 1.683738668168101651e-02
5.780000000000000249e+00 1.683738668168101651e-02
5.790000000000000036e+00 1.683738668168101651e-02
5.799999999999999822e+00 1.683738668168101651e-02
5.809999999999999609e+00 1.683738668168101651e-02
5.820000000000000284e+00 1.683738668168101651e-02
5.830000000000000071e+00 1.683738668168101651e-02
5.839999999999999858e+00 1.683738668168101651e-02
5.849999999999999645e+00 1.683738668168101651e-02
5.860000000000000320e+00 1.683738668168101651e-02
5.870000000000000107e+00 1.683738668168101651e-02
5.879999999999999893e+00 1.683738668168101651e-02
5.889999999999999680e+00 1.683738668168101651e-02
5.900000000000000355e+00 1.683738668168101651e-02
5.910000000000000142e+00 1.683738668168101651e-02
5.919999999999999929e+00 1.683738668168101651e-02
5.929999999999999716e+00 1.683738668168101651e-02
5.940000000000000391e+00 1.683738668168101651e-02
5.950000000000000178e+00 1.683738668168101651e-02
5.959999999999999964e+00 1.683738668168101651e-02
5.969999999999999751e+00 1.683738668168101651e-02
5.980000000000000426e+00 1.683738668168101651e-02
5.990000000000000213e+00 1.683738668168101651e-02
6.000000000000000000e+00 1.683738668168101651e-02
6.200000000000000178e+00 1.683738668168101651e-02
6.400000000000000355e+00 1.683738668168101651e-02
6.599999999999999645e+00 1.683738668168101651e-02
6.799999999999999822e+00 1.683738668168101651e-02
7.000000000000000000e+00 0.000000000000000000e+00
