0.000000000000000000e+00 0.000000000000000000e+00
1.000000000000000021e-02 1.683738335740324679e-02
2.000000000000000042e-02 1.683738335740324679e-02
2.999999999999999889e-02 1.683738335740324679e-02
4.000000000000000083e-02 1.683738335740324679e-02
5.000000000000000278e-02 1.683738335740324679e-02
5.999999999999999778e-02 1.683738335740324679e-02
7.000000000000000666e-02 1.683738335740324679e-02
8.000000000000000167e-02 1.683738335740324679e-02
8.999999999999999667e-02 1.683738335740324679e-02
1.000000000000000056e-01 1.683738335740324679e-02
1.100000000000000006e-01 1.683738335740324679e-02
1.199999999999999956e-01 1.683738335740324679e-02
1.300000000000000044e-01 1.683738335740324679e-02
1.400000000000000133e-01 1.683738335740324679e-02
1.499999999999999944e-01 1.683738335740324679e-02
1.600000000000000033e-01 1.683738335740324679e-02
1.700000000000000122e-01 1.683738335740324679e-02
1.799999999999999933e-01 1.683738335740324679e-02
1.900000000000000022e-01 1.683738335740324679e-02
2.000000000000000111e-01 1.683738335740324679e-02
2.099999999999999922e-01 1.683738335740324679e-02
2.200000000000000011e-01 1.683738335740324679e-02
2.300000000000000100e-01 1.683738335740324679e-02
2.399999999999999911e-01 1.683738335740324679e-02
2.500000000000000000e-01 1.683738335740324679e-02
2.600000000000000089e-01 1.683738335740324679e-02
2.700000000000000178e-01 1.683738335740324679e-02
2.800000000000000266e-01 1.683738335740324679e-02
2.899999999999999800e-01 1.683738335740324679e-02
2.999999999999999889e-01 1.683738335740324679e-02
3.099999999999999978e-01 1.683738335740324679e-02
3.200000000000000067e-01 1.683738335740324679e-02
3.300000000000000155e-01 1.683738335740324679e-02
3.400000000000000244e-01 1.683738335740324679e-02
3.499999999999999778e-01 1.683738335740324679e-02
3.599999999999999867e-01 1.683738335740324679e-02
3.699999999999999956e-01 1.683738335740324679e-02
3.800000000000000044e-01 1.683738335740324679e-02
3.900000000000000133e-01 1.683738335740324679e-02
4.000000000000000222e-01 1.683738335740324679e-02
4.099999999999999756e-01 1.683738335740324679e-02
4.199999999999999845e-01 1.683738335740324679e-02
4.299999999999999933e-01 1.683738335740324679e-02
4.400000000000000022e-01 1.683738335740324679e-02
4.500000000000000111e-01 1.683738335740324679e-02
4.600000000000000200e-01 1.683738335740324679e-02
4.699999999999999734e-01 1.683738335740324679e-02
4.799999999999999822e-01 1.683738335740324679e-02
4.899999999999999911e-01 1.683738335740324679e-02
5.000000000000000000e-01 1.683738335740324679e-02
5.100000000000000089e-01 1.683738335740324679e-02
5.200000000000000178e-01 1.683738335740324679e-02
5.300000000000000266e-01 1.683738335740324679e-02
5.400000000000000355e-01 1.683738335740324679e-02
5.500000000000000444e-01 1.683738335740324679e-02
5.600000000000000533e-01 1.683738335740324679e-02
5.699999999999999512e-01 1.683738335740324679e-02
5.799999999999999600e-01 1.683738335740324679e-02
5.899999999999999689e-01 1.683738335740324679e-02
5.999999999999999778e-01 1.683738335740324679e-02
6.099999999999999867e-01 1.683738335740324679e-02
6.199999999999999956e-01 1.683738335740324679e-02
6.300000000000000044e-01 1.683738335740324679e-02
6.400000000000000133e-01 1.683738335740324679e-02
6.500000000000000222e-01 1.683738335740324679e-02
6.600000000000000311e-01 1.683738335740324679e-02
6.700000000000000400e-01 1.683738335740324679e-02
6.800000000000000488e-01 1.683738335740324679e-02
6.899999999999999467e-01 1.683738335740324679e-02
6.999999999999999556e-01 1.683738335740324679e-02
7.099999999999999645e-01 1.683738335740324679e-02
7.199999999999999734e-01 1.683738335740324679e-02
7.299999999999999822e-01 1.683738335740324679e-02
7.399999999999999911e-01 1.683738335740324679e-02
7.500000000000000000e-01 1.683738335740324679e-02
7.600000000000000089e-01 1.683738335740324679e-02
7.700000000000000178e-01 1.683738335740324679e-02
7.800000000000000266e-01 1.683738335740324679e-02
7.900000000000000355e-01 1.683738335740324679e-02
8.000000000000000444e-01 1.683738335740324679e-02
8.100000000000000533e-01 1.683738335740324679e-02
8.199999999999999512e-01 1.683738335740324679e-02
8.299999999999999600e-01 1.683738335740324679e-02
8.399999999999999689e-01 1.683738335740324679e-02
8.499999999999999778e-01 1.683738335740324679e-02
8.599999999999999867e-01 1.683738335740324679e-02
8.699999999999999956e-01 1.683738335740324679e-02
8.800000000000000044e-01 1.683738335740324679e-02
8.900000000000000133e-01 1.683738335740324679e-02
9.000000000000000222e-01 1.683738335740324679e-02
9.100000000000000311e-01 1.683738335740324679e-02
9.200000000000000400e-01 1.683738335740324679e-02
9.300000000000000488e-01 1.683738335740324679e-02
9.399999999999999467e-01 1.683738335740324679e-02
9.499999999999999556e-01 1.683738335740324679e-02
9.599999999999999645e-01 1.683738335740324679e-02
9.699999999999999734e-01 1.683738335740324679e-02
9.799999999999999822e-01 1.683738335740324679e-02
9.899999999999999911e-01 1.683738335740324679e-02
1.000000000000000000e+00 1.683738335740324679e-02
1.010000000000000009e+00 1.683738335740324679e-02
1.020000000000000018e+00 1.683738335740324679e-02
1.030000000000000027e+00 1.683738335740324679e-02
1.040000000000000036e+00 1.683738335740324679e-02
1.050000000000000044e+00 1.683738335740324679e-02
1.060000000000000053e+00 1.683738335740324679e-02
1.070000000000000062e+00 1.683738335740324679e-02
1.080000000000000071e+00 1.683738335740324679e-02
1.090000000000000080e+00 1.683738335740324679e-02
1.100000000000000089e+00 1.683738335740324679e-02
1.110000000000000098e+00 1.683738335740324679e-02
1.120000000000000107e+00 1.683738335740324679e-02
1.129999999999999893e+00 1.683738335740324679e-02
1.139999999999999902e+00 1.683738335740324679e-02
1.149999999999999911e+00 1.683738335740324679e-02
1.159999999999999920e+00 1.683738335740324679e-02
1.169999999999999929e+00 1.683738335740324679e-02
1.179999999999999938e+00 1.683738335740324679e-02
1.189999999999999947e+00 1.683738335740324679e-02
1.199999999999999956e+00 1.683738335740324679e-02
1.209999999999999964e+00 1.683738335740324679e-02
1.219999999999999973e+00 1.683738335740324679e-02
1.229999999999999982e+00 1.683738335740324679e-02
1.239999999999999991e+00 1.683738335740324679e-02
1.250000000000000000e+00 1.683738335740324679e-02
1.260000000000000009e+00 1.683738335740324679e-02
1.270000000000000018e+00 1.683738335740324679e-02
1.280000000000000027e+00 1.683738335740324679e-02
1.290000000000000036e+00 1.683738335740324679e-02
1.300000000000000044e+00 1.683738335740324679e-02
1.310000000000000053e+00 1.683738335740324679e-02
1.320000000000000062e+00 1.683738335740324679e-02
1.330000000000000071e+00 1.683738335740324679e-02
1.340000000000000080e+00 1.683738335740324679e-02
1.350000000000000089e+00 1.683738335740324679e-02
1.360000000000000098e+00 1.683738335740324679e-02
1.370000000000000107e+00 1.683738335740324679e-02
1.379999999999999893e+00 1.683738335740324679e-02
1.389999999999999902e+00 1.683738335740324679e-02
1.399999999999999911e+00 1.683738335740324679e-02
1.409999999999999920e+00 1.683738335740324679e-02
1.419999999999999929e+00 1.683738335740324679e-02
1.429999999999999938e+00 1.683738335740324679e-02
1.439999999999999947e+00 1.683738335740324679e-02
1.449999999999999956e+00 1.683738335740324679e-02
1.459999999999999964e+00 1.683738335740324679e-02
1.469999999999999973e+00 1.683738335740324679e-02
1.479999999999999982e+00 1.683738335740324679e-02
1.489999999999999991e+00 1.683738335740324679e-02
1.500000000000000000e+00 1.683738335740324679e-02
1.510000000000000009e+00 1.683738335740324679e-02
1.520000000000000018e+00 1.683738335740324679e-02
1.530000000000000027e+00 1.683738335740324679e-02
1.540000000000000036e+00 1.683738335740324679e-02
1.550000000000000044e+00 1.683738335740324679e-02
1.560000000000000053e+00 1.683738335740324679e-02
1.570000000000000062e+00 1.683738335740324679e-02
1.580000000000000071e+00 1.683738335740324679e-02
1.590000000000000080e+00 1.683738335740324679e-02
1.600000000000000089e+00 1.683738335740324679e-02
1.610000000000000098e+00 1.683738335740324679e-02
1.620000000000000107e+00 1.683738335740324679e-02
1.629999999999999893e+00 1.683738335740324679e-02
1.639999999999999902e+00 1.683738335740324679e-02
1.649999999999999911e+00 1.683738335740324679e-02
1.659999999999999920e+00 1.683738335740324679e-02
1.669999999999999929e+00 1.683738335740324679e-02
1.679999999999999938e+00 1.683738335740324679e-02
1.689999999999999947e+00 1.683738335740324679e-02
1.699999999999999956e+00 1.683738335740324679e-02
1.709999999999999964e+00 1.683738335740324679e-02
1.719999999999999973e+00 1.683738335740324679e-02
1.729999999999999982e+00 1.683738335740324679e-02
1.739999999999999991e+00 1.683738335740324679e-02
1.750000000000000000e+00 1.683738335740324679e-02
1.760000000000000009e+00 1.683738335740324679e-02
1.770000000000000018e+00 1.683738335740324679e-02
1.780000000000000027e+00 1.683738335740324679e-02
1.790000000000000036e+00 1.683738335740324679e-02
1.800000000000000044e+00 1.683738335740324679e-02
1.810000000000000053e+00 1.683738335740324679e-02
1.820000000000000062e+00 1.683738335740324679e-02
1.830000000000000071e+00 1.683738335740324679e-02
1.840000000000000080e+00 1.683738335740324679e-02
1.850000000000000089e+00 1.683738335740324679e-02
1.860000000000000098e+00 1.683738335740324679e-02
1.870000000000000107e+00 1.683738335740324679e-02
1.879999999999999893e+00 1.683738335740324679e-02
1.889999999999999902e+00 1.683738335740324679e-02
1.899999999999999911e+00 1.683738335740324679e-02
1.909999999999999920e+00 1.683738335740324679e-02
1.919999999999999929e+00 1.683738335740324679e-02
1.929999999999999938e+00 1.683738335740324679e-02
1.939999999999999947e+00 1.683738335740324679e-02
1.949999999999999956e+00 1.683738335740324679e-02
1.959999999999999964e+00 1.683738335740324679e-02
1.969999999999999973e+00 1.683738335740324679e-02
1.979999999999999982e+00 1.683738335740324679e-02
1.989999999999999991e+00 1.683738335740324679e-02
2.000000000000000000e+00 1.683738335740324679e-02
2.009999999999999787e+00 1.683738335740324679e-02
2.020000000000000018e+00 1.683738335740324679e-02
2.029999999999999805e+00 1.683738335740324679e-02
2.040000000000000036e+00 1.683738335740324679e-02
2.049999999999999822e+00 1.683738335740324679e-02
2.060000000000000053e+00 1.683738335740326067e-02
2.069999999999999840e+00 1.683738335740366313e-02
2.080000000000000071e+00 1.683738335741607334e-02
2.089999999999999858e+00 1.683738335773394754e-02
2.100000000000000089e+00 1.683738336457482609e-02
2.109999999999999876e+00 1.683738348829525583e-02
2.120000000000000107e+00 1.683738536977938058e-02
2.129999999999999893e+00 1.683740944374551018e-02
2.140000000000000124e+00 1.683766876470494181e-02
2.149999999999999911e+00 1.684002171212573701e-02
2.160000000000000142e+00 1.685801410654056212e-02
2.169999999999999929e+00 1.697401172845757616e-02
2.180000000000000160e+00 1.760471462879332691e-02
2.189999999999999947e+00 2.049729733953370436e-02
2.200000000000000178e+00 3.168712053127001327e-02
2.209999999999999964e+00 6.819017800925168682e-02
2.220000000000000195e+00 1.685509821310334500e-01
2.229999999999999982e+00 4.008772165718993419e-01
2.240000000000000213e+00 8.529410623317882356e-01
2.250000000000000000e+00 1.590173458954721175e+00
2.259999999999999787e+00 2.592502762232217428e+00
2.270000000000000018e+00 3.716749947750693561e+00
2.279999999999999805e+00 4.732898029301554566e+00
2.290000000000000036e+00 5.426856085911940575e+00
2.299999999999999822e+00 5.698477754889408331e+00
2.310000000000000053e+00 5.585400077620462866e+00
2.319999999999999840e+00 5.210448499720064852e+00
2.330000000000000071e+00 4.707289721622558432e+00
2.339999999999999858e+00 4.174674622430179838e+00
2.350000000000000089e+00 3.668859834096612094e+00
2.359999999999999876e+00 3.215706544960741819e+00
2.370000000000000107e+00 2.823800707703513435e+00
2.379999999999999893e+00 2.492109657384837362e+00
2.390000000000000124e+00 2.213964803473181142e+00
2.399999999999999911e+00 1.980063976898324363e+00
2.410000000000000142e+00 1.781038239142972657e+00
2.419999999999999929e+00 1.609023399498268558e+00
2.430000000000000160e+00 1.458171347763805858e+00
2.439999999999999947e+00 1.324636656077850638e+00
2.450000000000000178e+00 1.206431041202591370e+00
2.459999999999999964e+00 1.103093963790034993e+00
2.470000000000000195e+00 1.015024363858357370e+00
2.479999999999999982e+00 9.425936556431794289e-01
2.490000000000000213e+00 8.854008421412518093e-01
2.500000000000000000e+00 8.419391731154450831e-01
2.509999999999999787e+00 8.096593510553299344e-01
2.520000000000000018e+00 7.852701418954783907e-01
2.529999999999999805e+00 7.651847782586085334e-01
2.540000000000000036e+00 7.460834825030584483e-01
2.549999999999999822e+00 7.254789590487136230e-01
2.560000000000000053e+00 7.020622482259692987e-01
2.569999999999999840e+00 6.756588058414613185e-01
2.580000000000000071e+00 6.468476853978125662e-01
2.589999999999999858e+00 6.164998020110763477e-01
2.600000000000000089e+00 5.854878230774527292e-01
2.609999999999999876e+00 5.546248543892260408e-01
2.620000000000000107e+00 5.246935920888645688e-01
2.629999999999999893e+00 4.964007955775670000e-01
2.640000000000000124e+00 4.702294974989146281e-01
2.649999999999999911e+00 4.463094547760155240e-01
2.660000000000000142e+00 4.244343031729135851e-01
2.669999999999999929e+00 4.042222726303859592e-01
2.680000000000000160e+00 3.852883381520496586e-01
2.689999999999999947e+00 3.672886004146029282e-01
2.700000000000000178e+00 3.498006543879171870e-01
2.709999999999999964e+00 3.321373563163293463e-01
2.720000000000000195e+00 3.132901337421957200e-01
2.729999999999999982e+00 2.921892429114652523e-01
2.740000000000000213e+00 2.682798593355756878e-01
2.750000000000000000e+00 2.421065517953129853e-01
2.759999999999999787e+00 2.154393807539387307e-01
2.770000000000000018e+00 1.907071784665494152e-01
2.779999999999999805e+00 1.700131981311965024e-01
2.790000000000000036e+00 1.543416384088859838e-01
2.799999999999999822e+00 1.433986129186135272e-01
2.810000000000000053e+00 1.360440075525925774e-01
2.819999999999999840e+00 1.309199336215301213e-01
2.830000000000000071e+00 1.269061073476273616e-01
2.839999999999999858e+00 1.232839673073521103e-01
2.850000000000000089e+00 1.196959243256781047e-01
2.859999999999999876e+00 1.160280026264618181e-01
2.870000000000000107e+00 1.122892045090077978e-01
2.879999999999999893e+00 1.085118807026220766e-01
2.890000000000000124e+00 1.046861590288876986e-01
2.899999999999999911e+00 1.007399652277327917e-01
2.910000000000000142e+00 9.656186669785141174e-02
2.919999999999999929e+00 9.204704392033938309e-02
2.930000000000000160e+00 8.714337283248066446e-02
2.939999999999999947e+00 8.188223688818238588e-02
2.950000000000000178e+00 7.638519564687866470e-02
2.959999999999999964e+00 7.084153428100692373e-02
2.970000000000000195e+00 6.546153562309450780e-02
2.979999999999999982e+00 6.042637850990494747e-02
2.990000000000000213e+00 5.586250632868125510e-02
3.000000000000000000e+00 5.185272619631280805e-02
3.009999999999999787e+00 4.846704527285386477e-02
3.020000000000000018e+00 4.577902734321075834e-02
3.029999999999999805e+00 4.384618279215963393e-02
3.040000000000000036e+00 4.266766386820195628e-02
3.049999999999999822e+00 4.215814031969366410e-02
3.060000000000000053e+00 4.216558833575478893e-02
3.069999999999999840e+00 4.252200563474917150e-02
3.080000000000000071e+00 4.309051033424261129e-02
3.089999999999999858e+00 4.378350472299374907e-02
3.100000000000000089e+00 4.455468421251423256e-02
3.109999999999999876e+00 4.538172870715755786e-02
3.120000000000000107e+00 4.625207567506062906e-02
3.129999999999999893e+00 4.715609097605408251e-02
3.140000000000000124e+00 4.808823491705926240e-02
3.149999999999999911e+00 4.905372736249639931e-02
3.160000000000000142e+00 5.007341200105644430e-02
3.169999999999999929e+00 5.117872790752454881e-02
3.180000000000000160e+00 5.239661024977615433e-02
3.189999999999999947e+00 5.373402677293858537e-02
3.200000000000000178e+00 5.517213379918158023e-02
3.209999999999999964e+00 5.667047081710073486e-02
3.220000000000000195e+00 5.817411908196247483e-02
3.229999999999999982e+00 5.961925193887837593e-02
3.240000000000000213e+00 6.093958578397817849e-02
3.250000000000000000e+00 6.207733176452428364e-02
3.259999999999999787e+00 6.299511914933718371e-02
3.270000000000000018e+00 6.367950265116185948e-02
3.279999999999999805e+00 6.413152655518482292e-02
3.290000000000000036e+00 6.435098297032965098e-02
3.299999999999999822e+00 6.432517369722827449e-02
3.310000000000000053e+00 6.402666234793762123e-02
3.319999999999999840e+00 6.341769246738747368e-02
3.330000000000000071e+00 6.245933522038021185e-02
3.339999999999999858e+00 6.112648372677185332e-02
3.350000000000000089e+00 5.942698512715743203e-02
3.359999999999999876e+00 5.741499898210312286e-02
3.370000000000000107e+00 5.518627816239402017e-02
3.379999999999999893e+00 5.285424443325090205e-02
3.390000000000000124e+00 5.052103010736145455e-02
3.399999999999999911e+00 4.825995538922737971e-02
3.410000000000000142e+00 4.611361420915446180e-02
3.419999999999999929e+00 4.410036606016731059e-02
3.430000000000000160e+00 4.222213828497903276e-02
3.439999999999999947e+00 4.047231096961079189e-02
3.450000000000000178e+00 3.884400060919378922e-02
3.459999999999999964e+00 3.733550954587427223e-02
3.470000000000000195e+00 3.594848340379154517e-02
3.479999999999999982e+00 3.467979358458629646e-02
3.490000000000000213e+00 3.351484413192114958e-02
3.500000000000000000e+00 3.242937985503564075e-02
3.509999999999999787e+00 3.139914709942569909e-02
3.520000000000000018e+00 3.041038928075860681e-02
3.529999999999999805e+00 2.946467510750280447e-02
3.540000000000000036e+00 2.857646526722548708e-02
3.549999999999999822e+00 2.776592561385162611e-02
3.560000000000000053e+00 2.705056111248442183e-02
3.569999999999999840e+00 2.643842307101240338e-02
3.580000000000000071e+00 2.592476918990770096e-02
3.589999999999999858e+00 2.549326436351221151e-02
3.600000000000000089e+00 2.512112813484331311e-02
3.609999999999999876e+00 2.478559181165530811e-02
3.620000000000000107e+00 2.446865361782343470e-02
3.629999999999999893e+00 2.415896559332821047e-02
3.640000000000000124e+00 2.385179006795048670e-02
3.649999999999999911e+00 2.354830141220383422e-02
3.660000000000000142e+00 2.325431270231977099e-02
3.669999999999999929e+00 2.297777047011119109e-02
3.680000000000000160e+00 2.272529929430766593e-02
3.689999999999999947e+00 2.249947662236025797e-02
3.700000000000000178e+00 2.229832876778824885e-02
3.709999999999999964e+00 2.211680403323161223e-02
3.720000000000000195e+00 2.194874722877791437e-02
3.729999999999999982e+00 2.178833598419304893e-02
3.740000000000000213e+00 2.163103191582312415e-02
3.750000000000000000e+00 2.147436273270726323e-02
3.759999999999999787e+00 2.131821499717755780e-02
3.770000000000000018e+00 2.116399625501536735e-02
3.779999999999999805e+00 2.101280823592131461e-02
3.790000000000000036e+00 2.086383812105167476e-02
3.799999999999999822e+00 2.071412631467946588e-02
3.810000000000000053e+00 2.055970523301485844e-02
3.819999999999999840e+00 2.039718391258846589e-02
3.830000000000000071e+00 2.022498858198903959e-02
3.839999999999999858e+00 2.004407350514436290e-02
3.850000000000000089e+00 1.985810662970919488e-02
3.859999999999999876e+00 1.967289487555038546e-02
3.870000000000000107e+00 1.949484069885060525e-02
3.879999999999999893e+00 1.932886329934602535e-02
3.890000000000000124e+00 1.917684996815516990e-02
3.899999999999999911e+00 1.903747324163816007e-02
3.910000000000000142e+00 1.890725027308319886e-02
3.919999999999999929e+00 1.878202448744269171e-02
3.930000000000000160e+00 1.865817711137240931e-02
3.939999999999999947e+00 1.853340126533059226e-02
3.950000000000000178e+00 1.840712124586372719e-02
3.959999999999999964e+00 1.828050863045693752e-02
3.970000000000000195e+00 1.815596104314654013e-02
3.979999999999999982e+00 1.803617184804200482e-02
3.990000000000000213e+00 1.792326388089434536e-02
4.000000000000000000e+00 1.781841602916462569e-02
4.009999999999999787e+00 1.772199180292131221e-02
4.019999999999999574e+00 1.763386266024682264e-02
4.030000000000000249e+00 1.755367823109591288e-02
4.040000000000000036e+00 1.748105565138718953e-02
4.049999999999999822e+00 1.741573266406162487e-02
4.059999999999999609e+00 1.735763780948601509e-02
4.070000000000000284e+00 1.730678648107249543e-02
4.080000000000000071e+00 1.726303385322778064e-02
4.089999999999999858e+00 1.722586759939205917e-02
4.099999999999999645e+00 1.719439921766430929e-02
4.110000000000000320e+00 1.716753204663801560e-02
4.120000000000000107e+00 1.714416083418232595e-02
4.129999999999999893e+00 1.712330355855298802e-02
4.139999999999999680e+00 1.710417548017705014e-02
4.150000000000000355e+00 1.708624543553302969e-02
4.160000000000000142e+00 1.706926003430711547e-02
4.169999999999999929e+00 1.705318772946350439e-02
4.179999999999999716e+00 1.703808693654534218e-02
4.190000000000000391e+00 1.702397865265467200e-02
4.200000000000000178e+00 1.701080098101863738e-02
4.209999999999999964e+00 1.699844215507937198e-02
4.219999999999999751e+00 1.698679016984218013e-02
4.230000000000000426e+00 1.697575728210757792e-02
4.240000000000000213e+00 1.696528819122509329e-02
4.250000000000000000e+00 1.695537247026619732e-02
4.259999999999999787e+00 1.694605203323818962e-02
4.269999999999999574e+00 1.693739671001410693e-02
4.280000000000000249e+00 1.692944909521355151e-02
4.290000000000000036e+00 1.692218015384648264e-02
4.299999999999999822e+00 1.691549403923044495e-02
4.309999999999999609e+00 1.690927601051479129e-02
4.320000000000000284e+00 1.690344542774636916e-02
4.330000000000000071e+00 1.689798501033823452e-02
4.339999999999999858e+00 1.689294175949529117e-02
4.349999999999999645e+00 1.688840345050317965e-02
4.360000000000000320e+00 1.688445290070375235e-02
4.370000000000000107e+00 1.688111176793254467e-02
4.379999999999999893e+00 1.687830338325222237e-02
4.389999999999999680e+00 1.687586253232481806e-02
4.400000000000000355e+00 1.687358907341014042e-02
4.410000000000000142e+00 1.687131072862291942e-02
4.419999999999999929e+00 1.686892084393092767e-02
4.429999999999999716e+00 1.686638437432805629e-02
4.440000000000000391e+00 1.686372796342706232e-02
4.450000000000000178e+00 1.686102851528797214e-02
4.459999999999999964e+00 1.685839870424349352e-02
4.469999999999999751e+00 1.685596047775266698e-02
4.480000000000000426e+00 1.685380909844668221e-02
4.490000000000000213e+00 1.685198578419624948e-02
4.500000000000000000e+00 1.685047490434806589e-02
4.509999999999999787e+00 1.684922297302314520e-02
4.519999999999999574e+00 1.684816308325001039e-02
4.530000000000000249e+00 1.684723236541368907e-02
4.540000000000000036e+00 1.684638168458925042e-02
4.549999999999999822e+00 1.684558140663203196e-02
4.559999999999999609e+00 1.684482306850480435e-02
4.570000000000000284e+00 1.684411370656854756e-02
4.580000000000000071e+00 1.684346381983208366e-02
4.589999999999999858e+00 1.684287635679029491e-02
4.599999999999999645e+00 1.684234364989896718e-02
4.610000000000000320e+00 1.684185195368816806e-02
4.620000000000000107e+00 1.684138785100056102e-02
4.629999999999999893e+00 1.684094217897827081e-02
4.639999999999999680e+00 1.684051138640740505e-02
4.650000000000000355e+00 1.684009784612941832e-02
4.660000000000000142e+00 1.683970920599132948e-02
4.669999999999999929e+00 1.683935578724420762e-02
4.679999999999999716e+00 1.683904638435916590e-02
4.690000000000000391e+00 1.683878479712495185e-02
4.700000000000000178e+00 1.683856915849826774e-02
4.709999999999999964e+00 1.683839376824705636e-02
4.719999999999999751e+00 1.683825150434347870e-02
4.730000000000000426e+00 1.683813542255588325e-02
4.740000000000000213e+00 1.683803954289018329e-02
4.750000000000000000e+00 1.683795933156096575e-02
4.759999999999999787e+00 1.683789193907365977e-02
4.769999999999999574e+00 1.683783589106018289e-02
4.780000000000000249e+00 1.683779025010193053e-02
4.790000000000000036e+00 1.683775380206427308e-02
4.799999999999999822e+00 1.683772480396752286e-02
4.809999999999999609e+00 1.683770127172743922e-02
4.820000000000000284e+00 1.683768137948024601e-02
4.830000000000000071e+00 1.683766367078937121e-02
4.839999999999999858e+00 1.683764712397780444e-02
4.849999999999999645e+00 1.683763121580575742e-02
4.860000000000000320e+00 1.683761596180143039e-02
4.870000000000000107e+00 1.683760179034492904e-02
4.879999999999999893e+00 1.683758923283366210e-02
4.889999999999999680e+00 1.683757862106174258e-02
4.900000000000000355e+00 1.683756998743948449e-02
4.910000000000000142e+00 1.683756315855031854e-02
4.919999999999999929e+00 1.683755788328007361e-02
4.929999999999999716e+00 1.683755389505877872e-02
4.940000000000000391e+00 1.683755094336105221e-02
4.950000000000000178e+00 1.683754885360857698e-02
4.959999999999999964e+00 1.683754758075555955e-02
4.969999999999999751e+00 1.683754716519786365e-02
4.980000000000000426e+00 1.683754758206148366e-02
4.990000000000000213e+00 1.683754860038544007e-02
5.000000000000000000e+00 1.683754976893453784e-02
5.009999999999999787e+00 1.683755051890029400e-02
5.019999999999999574e+00 1.683755028413598878e-02
5.030000000000000249e+00 1.683754858111321390e-02
5.040000000000000036e+00 1.683754507713876650e-02
5.049999999999999822e+00 1.683753967829142856e-02
5.059999999999999609e+00 1.683753258797707902e-02
5.070000000000000284e+00 1.683752424823955346e-02
5.080000000000000071e+00 1.683751516167345669e-02
5.089999999999999858e+00 1.683750571228700282e-02
5.099999999999999645e+00 1.683749610489810797e-02
5.110000000000000320e+00 1.683748642342679236e-02
5.120000000000000107e+00 1.683747671810784455e-02
5.129999999999999893e+00 1.683746705714417660e-02
5.139999999999999680e+00 1.683745755053171755e-02
5.150000000000000355e+00 1.683744837234099970e-02
5.160000000000000142e+00 1.683743976866640055e-02
5.169999999999999929e+00 1.683743201560379890e-02
5.179999999999999716e+00 1.683742532974971673e-02
5.190000000000000391e+00 1.683741978829603886e-02
5.200000000000000178e+00 1.683741531427295629e-02
5.209999999999999964e+00 1.683741172556055612e-02
5.219999999999999751e+00 1.683740880247206265e-02
5.230000000000000426e+00 1.683740633765523631e-02
5.240000000000000213e+00 1.683740416476297089e-02
5.250000000000000000e+00 1.683740217572390896e-02
5.259999999999999787e+00 1.683740032600748379e-02
5.269999999999999574e+00 1.683739861930806658e-02
5.280000000000000249e+00 1.683739707460002802e-02
5.290000000000000036e+00 1.683739569563527660e-02
5.299999999999999822e+00 1.683739446155737424e-02
5.309999999999999609e+00 1.683739333772515598e-02
5.320000000000000284e+00 1.683739229133658644e-02
5.330000000000000071e+00 1.683739130023524308e-02
5.339999999999999858e+00 1.683739035494139988e-02
5.349999999999999645e+00 1.683738945849978449e-02
5.360000000000000320e+00 1.683738862483417920e-02
5.370000000000000107e+00 1.683738787302960921e-02
5.379999999999999893e+00 1.683738721802130467e-02
5.389999999999999680e+00 1.683738666315362856e-02
5.400000000000000355e+00 1.683738619954164642e-02
5.410000000000000142e+00 1.683738581134621923e-02
5.419999999999999929e+00 1.683738548199069374e-02
5.429999999999999716e+00 1.683738519775838938e-02
5.440000000000000391e+00 1.683738494883816814e-02
5.450000000000000178e+00 1.683738472935684613e-02
5.459999999999999964e+00 1.683738453693421622e-02
5.469999999999999751e+00 1.683738437132351051e-02
5.480000000000000426e+00 1.683738423227536599e-02
5.490000000000000213e+00 1.683738411785965644e-02
5.500000000000000000e+00 1.683738402433652623e-02
5.509999999999999787e+00 1.683738394730746948e-02
5.519999999999999574e+00 1.683738388292309665e-02
5.530000000000000249e+00 1.683738382830564026e-02
5.540000000000000036e+00 1.683738378133587538e-02
5.549999999999999822e+00 1.683738374041175712e-02
5.559999999999999609e+00 1.683738370444341770e-02
5.570000000000000284e+00 1.683738367284363935e-02
5.580000000000000071e+00 1.683738364526380510e-02
5.589999999999999858e+00 1.683738362122155080e-02
5.599999999999999645e+00 1.683738359995003500e-02
5.610000000000000320e+00 1.683738358054175099e-02
5.620000000000000107e+00 1.683738356217259410e-02
5.629999999999999893e+00 1.683738354422913835e-02
5.639999999999999680e+00 1.683738352636693705e-02
5.650000000000000355e+00 1.683738350857922478e-02
5.660000000000000142e+00 1.683738349122714667e-02
5.669999999999999929e+00 1.683738347490979989e-02
5.679999999999999716e+00 1.683738346018021428e-02
5.690000000000000391e+00 1.683738344729172540e-02
5.700000000000000178e+00 1.683738343614986366e-02
5.709999999999999964e+00 1.683738342645441435e-02
5.719999999999999751e+00 1.683738341787651902e-02
5.730000000000000426e+00 1.683738341015649648e-02
5.740000000000000213e+00 1.683738340312672735e-02
5.750000000000000000e+00 1.683738339671266016e-02
5.759999999999999787e+00 1.683738339092761063e-02
5.769999999999999574e+00 1.683738338583901095e-02
5.780000000000000249e+00 1.683738338150273309e-02
5.790000000000000036e+00 1.683738337790491660e-02
5.799999999999999822e+00 1.683738337495235479e-02
5.809999999999999609e+00 1.683738337250885453e-02
5.820000000000000284e+00 1.683738337044097394e-02
5.830000000000000071e+00 1.683738336864462615e-02
5.839999999999999858e+00 1.683738336705148386e-02
5.849999999999999645e+00 1.683738336562661322e-02
5.860000000000000320e+00 1.683738336436240574e-02
5.870000000000000107e+00 1.683738336326660173e-02
5.879999999999999893e+00 1.683738336234560581e-02
5.889999999999999680e+00 1.683738336159173662e-02
5.900000000000000355e+00 1.683738336098179397e-02
5.910000000000000142e+00 1.683738336048490325e-02
5.919999999999999929e+00 1.683738336007145966e-02
5.929999999999999716e+00 1.683738335971773914e-02
5.940000000000000391e+00 1.683738335940668587e-02
5.950000000000000178e+00 1.683738335912746825e-02
5.959999999999999964e+00 1.683738335887422291e-02
5.969999999999999751e+00 1.683738335864322713e-02
5.980000000000000426e+00 1.683738335842967573e-02
5.990000000000000213e+00 1.683738335822741738e-02
6.000000000000000000e+00 1.683738335803314570e-02
6.200000000000000178e+00 1.683738335785124260e-02
6.400000000000000355e+00 1.683738335769325439e-02
6.599999999999999645e+00 1.683738335757092516e-02
6.799999999999999822e+00 1.683738335748857784e-02
7.000000000000000000e+00 0.000000000000000000e+00
