0.000000000000000000e+00 0.000000000000000000e+00
1.000000000000000021e-02 1.683738335740323985e-02
2.000000000000000042e-02 1.683738335740323985e-02
2.999999999999999889e-02 1.683738335740323985e-02
4.000000000000000083e-02 1.683738335740323985e-02
5.000000000000000278e-02 1.683738335740323985e-02
5.999999999999999778e-02 1.683738335740323985e-02
7.000000000000000666e-02 1.683738335740323985e-02
8.000000000000000167e-02 1.683738335740323985e-02
8.999999999999999667e-02 1.683738335740323985e-02
1.000000000000000056e-01 1.683738335740323985e-02
1.100000000000000006e-01 1.683738335740323985e-02
1.199999999999999956e-01 1.683738335740323985e-02
1.300000000000000044e-01 1.683738335740323985e-02
1.400000000000000133e-01 1.683738335740323985e-02
1.499999999999999944e-01 1.683738335740323985e-02
1.600000000000000033e-01 1.683738335740323985e-02
1.700000000000000122e-01 1.683738335740323985e-02
1.799999999999999933e-01 1.683738335740323985e-02
1.900000000000000022e-01 1.683738335740323985e-02
2.000000000000000111e-01 1.683738335740323985e-02
2.099999999999999922e-01 1.683738335740323985e-02
2.200000000000000011e-01 1.683738335740323985e-02
2.300000000000000100e-01 1.683738335740323985e-02
2.399999999999999911e-01 1.683738335740323985e-02
2.500000000000000000e-01 1.683738335740323985e-02
2.600000000000000089e-01 1.683738335740323985e-02
2.700000000000000178e-01 1.683738335740323985e-02
2.800000000000000266e-01 1.683738335740323985e-02
2.899999999999999800e-01 1.683738335740323985e-02
2.999999999999999889e-01 1.683738335740323985e-02
3.099999999999999978e-01 1.683738335740323985e-02
3.200000000000000067e-01 1.683738335740323985e-02
3.300000000000000155e-01 1.683738335740323985e-02
3.400000000000000244e-01 1.683738335740323985e-02
3.499999999999999778e-01 1.683738335740323985e-02
3.599999999999999867e-01 1.683738335740323985e-02
3.699999999999999956e-01 1.683738335740323985e-02
3.800000000000000044e-01 1.683738335740323985e-02
3.900000000000000133e-01 1.683738335740323985e-02
4.000000000000000222e-01 1.683738335740323985e-02
4.099999999999999756e-01 1.683738335740323985e-02
4.199999999999999845e-01 1.683738335740323985e-02
4.299999999999999933e-01 1.683738335740323985e-02
4.400000000000000022e-01 1.683738335740323985e-02
4.500000000000000111e-01 1.683738335740323985e-02
4.600000000000000200e-01 1.683738335740323985e-02
4.699999999999999734e-01 1.683738335740323985e-02
4.799999999999999822e-01 1.683738335740323985e-02
4.899999999999999911e-01 1.683738335740323985e-02
5.000000000000000000e-01 1.683738335740323985e-02
5.100000000000000089e-01 1.683738335740323985e-02
5.200000000000000178e-01 1.683738335740323985e-02
5.300000000000000266e-01 1.683738335740323985e-02
5.400000000000000355e-01 1.683738335740323985e-02
5.500000000000000444e-01 1.683738335740323985e-02
5.600000000000000533e-01 1.683738335740323985e-02
5.699999999999999512e-01 1.683738335740323985e-02
5.799999999999999600e-01 1.683738335740323985e-02
5.899999999999999689e-01 1.683738335740323985e-02
5.999999999999999778e-01 1.683738335740323985e-02
6.099999999999999867e-01 1.683738335740323985e-02
6.199999999999999956e-01 1.683738335740323985e-02
6.300000000000000044e-01 1.683738335740323985e-02
6.400000000000000133e-01 1.683738335740323985e-02
6.500000000000000222e-01 1.683738335740323985e-02
6.600000000000000311e-01 1.683738335740323985e-02
6.700000000000000400e-01 1.683738335740323985e-02
6.800000000000000488e-01 1.683738335740323985e-02
6.899999999999999467e-01 1.683738335740323985e-02
6.999999999999999556e-01 1.683738335740323985e-02
7.099999999999999645e-01 1.683738335740323985e-02
7.199999999999999734e-01 1.683738335740323985e-02
7.299999999999999822e-01 1.683738335740323985e-02
7.399999999999999911e-01 1.683738335740323985e-02
7.500000000000000000e-01 1.683738335740323985e-02
7.600000000000000089e-01 1.683738335740323985e-02
7.700000000000000178e-01 1.683738335740323985e-02
7.800000000000000266e-01 1.683738335740323985e-02
7.900000000000000355e-01 1.683738335740323985e-02
8.000000000000000444e-01 1.683738335740323985e-02
8.100000000000000533e-01 1.683738335740323985e-02
8.199999999999999512e-01 1.683738335740323985e-02
8.299999999999999600e-01 1.683738335740323985e-02
8.399999999999999689e-01 1.683738335740323985e-02
8.499999999999999778e-01 1.683738335740323985e-02
8.599999999999999867e-01 1.683738335740323985e-02
8.699999999999999956e-01 1.683738335740323985e-02
8.800000000000000044e-01 1.683738335740323985e-02
8.900000000000000133e-01 1.683738335740323985e-02
9.000000000000000222e-01 1.683738335740323985e-02
9.100000000000000311e-01 1.683738335740323985e-02
9.200000000000000400e-01 1.683738335740323985e-02
9.300000000000000488e-01 1.683738335740323985e-02
9.399999999999999467e-01 1.683738335740323985e-02
9.499999999999999556e-01 1.683738335740323985e-02
9.599999999999999645e-01 1.683738335740323985e-02
9.699999999999999734e-01 1.683738335740323985e-02
9.799999999999999822e-01 1.683738335740323985e-02
9.899999999999999911e-01 1.683738335740323985e-02
1.000000000000000000e+00 1.683738335740323985e-02
1.010000000000000009e+00 1.683738335740323985e-02
1.020000000000000018e+00 1.683738335740323985e-02
1.030000000000000027e+00 1.683738335740323985e-02
1.040000000000000036e+00 1.683738335740323985e-02
1.050000000000000044e+00 1.683738335740323985e-02
1.060000000000000053e+00 1.683738335740323985e-02
1.070000000000000062e+00 1.683738335740323985e-02
1.080000000000000071e+00 1.683738335740323985e-02
1.090000000000000080e+00 1.683738335740323985e-02
1.100000000000000089e+00 1.683738335740323985e-02
1.110000000000000098e+00 1.683738335740323985e-02
1.120000000000000107e+00 1.683738335740323985e-02
1.129999999999999893e+00 1.683738335740323985e-02
1.139999999999999902e+00 1.683738335740323985e-02
1.149999999999999911e+00 1.683738335740323985e-02
1.159999999999999920e+00 1.683738335740323985e-02
1.169999999999999929e+00 1.683738335740323985e-02
1.179999999999999938e+00 1.683738335740323985e-02
1.189999999999999947e+00 1.683738335740323985e-02
1.199999999999999956e+00 1.683738335740323985e-02
1.209999999999999964e+00 1.683738335740323985e-02
1.219999999999999973e+00 1.683738335740323985e-02
1.229999999999999982e+00 1.683738335740323985e-02
1.239999999999999991e+00 1.683738335740323985e-02
1.250000000000000000e+00 1.683738335740323985e-02
1.260000000000000009e+00 1.683738335740323985e-02
1.270000000000000018e+00 1.683738335740323985e-02
1.280000000000000027e+00 1.683738335740323985e-02
1.290000000000000036e+00 1.683738335740323985e-02
1.300000000000000044e+00 1.683738335740323985e-02
1.310000000000000053e+00 1.683738335740323985e-02
1.320000000000000062e+00 1.683738335740323985e-02
1.330000000000000071e+00 1.683738335740323985e-02
1.340000000000000080e+00 1.683738335740323985e-02
1.350000000000000089e+00 1.683738335740323985e-02
1.360000000000000098e+00 1.683738335740323985e-02
1.370000000000000107e+00 1.683738335740323985e-02
1.379999999999999893e+00 1.683738335740325373e-02
1.389999999999999902e+00 1.683738335740339251e-02
1.399999999999999911e+00 1.683738335740474906e-02
1.409999999999999920e+00 1.683738335741590680e-02
1.419999999999999929e+00 1.683738335749395201e-02
1.429999999999999938e+00 1.683738335795945812e-02
1.439999999999999947e+00 1.683738336034315899e-02
1.449999999999999956e+00 1.683738337092933329e-02
1.459999999999999964e+00 1.683738341225329838e-02
1.469999999999999973e+00 1.683738355612710708e-02
1.479999999999999982e+00 1.683738400819860537e-02
1.489999999999999991e+00 1.683738529669058862e-02
1.500000000000000000e+00 1.683738862092771377e-02
1.510000000000000009e+00 1.683739634356345646e-02
1.520000000000000018e+00 1.683741245354395191e-02
1.530000000000000027e+00 1.683744272199017011e-02
1.540000000000000036e+00 1.683749435976855321e-02
1.550000000000000044e+00 1.683757507099788858e-02
1.560000000000000053e+00 1.683769129060161407e-02
1.570000000000000062e+00 1.683784577681650407e-02
1.580000000000000071e+00 1.683803624580984884e-02
1.590000000000000080e+00 1.683825764411307768e-02
1.600000000000000089e+00 1.683850835396614315e-02
1.610000000000000098e+00 1.683879678505707800e-02
1.620000000000000107e+00 1.683914449608333794e-02
1.629999999999999893e+00 1.683958595931142263e-02
1.639999999999999902e+00 1.684016810780300868e-02
1.649999999999999911e+00 1.684095132197129321e-02
1.659999999999999920e+00 1.684200991146994619e-02
1.669999999999999929e+00 1.684342853401548171e-02
1.679999999999999938e+00 1.684529274248301733e-02
1.689999999999999947e+00 1.684767587844881315e-02
1.699999999999999956e+00 1.685062873472268144e-02
1.709999999999999964e+00 1.685418019651761454e-02
1.719999999999999973e+00 1.685835482167847427e-02
1.729999999999999982e+00 1.686320853641489967e-02
1.739999999999999991e+00 1.686887947476614982e-02
1.750000000000000000e+00 1.687564609298788237e-02
1.760000000000000009e+00 1.688397132866449601e-02
1.770000000000000018e+00 1.689449010791002626e-02
1.780000000000000027e+00 1.690789523838351002e-02
1.790000000000000036e+00 1.692473073692050273e-02
1.800000000000000044e+00 1.694519663179809912e-02
1.810000000000000053e+00 1.696911137824180446e-02
1.820000000000000062e+00 1.699608559625491108e-02
1.830000000000000071e+00 1.702578893539642008e-02
1.840000000000000080e+00 1.705810656710747553e-02
1.850000000000000089e+00 1.709307964444410632e-02
1.860000000000000098e+00 1.713071534961934164e-02
1.870000000000000107e+00 1.717085286915396095e-02
1.879999999999999893e+00 1.721319747062003205e-02
1.889999999999999902e+00 1.725748736172744158e-02
1.899999999999999911e+00 1.730370774293465627e-02
1.909999999999999920e+00 1.735236188468948851e-02
1.919999999999999929e+00 1.740495877274056413e-02
1.929999999999999938e+00 1.746503757854266092e-02
1.939999999999999947e+00 1.754030517874411582e-02
1.949999999999999956e+00 1.764675242541755354e-02
1.959999999999999964e+00 1.781546681337018573e-02
1.969999999999999973e+00 1.810190451355352115e-02
1.979999999999999982e+00 1.859650079531299099e-02
1.989999999999999991e+00 1.943673083024004267e-02
2.000000000000000000e+00 2.082472819383926130e-02
2.009999999999999787e+00 2.305807129329788194e-02
2.020000000000000018e+00 2.657896339890986753e-02
2.029999999999999805e+00 3.203706367573731784e-02
2.040000000000000036e+00 4.035009192452976984e-02
2.049999999999999822e+00 5.274472062599088601e-02
2.060000000000000053e+00 7.076985741611709069e-02
2.069999999999999840e+00 9.628031157347195779e-02
2.080000000000000071e+00 1.313783926292936555e-01
2.089999999999999858e+00 1.782914044452968416e-01
2.100000000000000089e+00 2.391851850279809177e-01
2.109999999999999876e+00 3.159543224059627731e-01
2.120000000000000107e+00 4.100182756974151688e-01
2.129999999999999893e+00 5.220568379437532380e-01
2.140000000000000124e+00 6.515568517980422358e-01
2.149999999999999911e+00 7.962092690652987637e-01
2.160000000000000142e+00 9.515454760448543992e-01
2.169999999999999929e+00 1.111309335645955354e+00
2.180000000000000160e+00 1.268615784051974726e+00
2.189999999999999947e+00 1.417340187485046421e+00
2.200000000000000178e+00 1.553122643753735987e+00
2.209999999999999964e+00 1.673870053422025217e+00
2.220000000000000195e+00 1.779962247393135799e+00
2.229999999999999982e+00 1.874112027307572648e+00
2.240000000000000213e+00 1.960514247003484645e+00
2.250000000000000000e+00 2.043271164001104534e+00
2.259999999999999787e+00 2.124934761996998933e+00
2.270000000000000018e+00 2.206272328272476990e+00
2.279999999999999805e+00 2.287388303973425963e+00
2.290000000000000036e+00 2.369051868119361970e+00
2.299999999999999822e+00 2.452998024726842807e+00
2.310000000000000053e+00 2.541136331380323465e+00
2.319999999999999840e+00 2.634551384297529442e+00
2.330000000000000071e+00 2.732960972063645411e+00
2.339999999999999858e+00 2.834524062650936482e+00
2.350000000000000089e+00 2.935637368018913840e+00
2.359999999999999876e+00 3.030789088447107815e+00
2.370000000000000107e+00 3.112903175129390299e+00
2.379999999999999893e+00 3.174322406446203448e+00
2.390000000000000124e+00 3.207980307258575525e+00
2.399999999999999911e+00 3.208163507192034025e+00
2.410000000000000142e+00 3.170724030945768934e+00
2.419999999999999929e+00 3.093108601772601496e+00
2.430000000000000160e+00 2.974649789487434415e+00
2.439999999999999947e+00 2.817221346528655523e+00
2.450000000000000178e+00 2.625857712240036612e+00
2.459999999999999964e+00 2.408640231751846272e+00
2.470000000000000195e+00 2.175463429774637358e+00
2.479999999999999982e+00 1.936153414449421462e+00
2.490000000000000213e+00 1.698990199040440574e+00
2.500000000000000000e+00 1.470271294036921805e+00
2.509999999999999787e+00 1.254608591329322786e+00
2.520000000000000018e+00 1.055270995926020028e+00
2.529999999999999805e+00 8.743311356823563196e-01
2.540000000000000036e+00 7.128736456749324990e-01
2.549999999999999822e+00 5.714349312593323127e-01
2.560000000000000053e+00 4.504039103592777926e-01
2.569999999999999840e+00 3.499777967338864593e-01
2.580000000000000071e+00 2.696648260714889500e-01
2.589999999999999858e+00 2.078028189306731222e-01
2.600000000000000089e+00 1.615691535732597106e-01
2.609999999999999876e+00 1.275203991402059089e-01
2.620000000000000107e+00 1.023104739796149992e-01
2.629999999999999893e+00 8.321429094584685549e-02
2.640000000000000124e+00 6.831471066119595981e-02
2.649999999999999911e+00 5.642422102639469556e-02
2.660000000000000142e+00 4.688010087144093424e-02
2.669999999999999929e+00 3.931715498947514070e-02
2.680000000000000160e+00 3.347841042982146326e-02
2.689999999999999947e+00 2.910226204945029829e-02
2.700000000000000178e+00 2.589681945568176116e-02
2.709999999999999964e+00 2.357171448338479802e-02
2.720000000000000195e+00 2.187825489391955619e-02
2.729999999999999982e+00 2.062749935504764806e-02
2.740000000000000213e+00 1.968655092831471387e-02
2.750000000000000000e+00 1.896660458841270200e-02
2.759999999999999787e+00 1.841118257429516861e-02
2.770000000000000018e+00 1.798532004838064580e-02
2.779999999999999805e+00 1.766532067859014760e-02
2.790000000000000036e+00 1.743112437914834389e-02
2.799999999999999822e+00 1.726336932102413846e-02
2.810000000000000053e+00 1.714430692687691354e-02
2.819999999999999840e+00 1.705964269682484769e-02
2.830000000000000071e+00 1.699917150347741990e-02
2.839999999999999858e+00 1.695606607469370836e-02
2.850000000000000089e+00 1.692569637252899772e-02
2.859999999999999876e+00 1.690467962844168989e-02
2.870000000000000107e+00 1.689035820458315365e-02
2.879999999999999893e+00 1.688060896779101927e-02
2.890000000000000124e+00 1.687381040502303545e-02
2.899999999999999911e+00 1.686882132803819989e-02
2.910000000000000142e+00 1.686490186607860278e-02
2.919999999999999929e+00 1.686159009988245916e-02
2.930000000000000160e+00 1.685858998607223450e-02
2.939999999999999947e+00 1.685571304696533226e-02
2.950000000000000178e+00 1.685287163706040633e-02
2.959999999999999964e+00 1.685008422055076643e-02
2.970000000000000195e+00 1.684745189143228503e-02
2.979999999999999982e+00 1.684510048739714522e-02
2.990000000000000213e+00 1.684312016284324545e-02
3.000000000000000000e+00 1.684153711043446730e-02
3.009999999999999787e+00 1.684032271841227196e-02
3.020000000000000018e+00 1.683941967460883884e-02
3.029999999999999805e+00 1.683876427378864712e-02
3.040000000000000036e+00 1.683829829516190688e-02
3.049999999999999822e+00 1.683797340086917033e-02
3.060000000000000053e+00 1.683775181643558730e-02
3.069999999999999840e+00 1.683760503361752744e-02
3.080000000000000071e+00 1.683751155325204779e-02
3.089999999999999858e+00 1.683745482280822256e-02
3.100000000000000089e+00 1.683742209570929585e-02
3.109999999999999876e+00 1.683740402146340770e-02
3.120000000000000107e+00 1.683739431763251609e-02
3.129999999999999893e+00 1.683738916304670930e-02
3.140000000000000124e+00 1.683738642188054718e-02
3.149999999999999911e+00 1.683738495952523048e-02
3.160000000000000142e+00 1.683738418109323454e-02
3.169999999999999929e+00 1.683738377109932766e-02
3.180000000000000160e+00 1.683738355941610462e-02
3.189999999999999947e+00 1.683738345324410635e-02
3.200000000000000178e+00 1.683738340183783128e-02
3.209999999999999964e+00 1.683738337779718333e-02
3.220000000000000195e+00 1.683738336682451958e-02
3.229999999999999982e+00 1.683738336184405909e-02
3.240000000000000213e+00 1.683738335955034526e-02
3.250000000000000000e+00 1.683738335846470327e-02
3.259999999999999787e+00 1.683738335793533852e-02
3.270000000000000018e+00 1.683738335767091809e-02
3.279999999999999805e+00 1.683738335753709806e-02
3.290000000000000036e+00 1.683738335746945425e-02
3.299999999999999822e+00 1.683738335743573469e-02
3.310000000000000053e+00 1.683738335741923400e-02
3.319999999999999840e+00 1.683738335741124387e-02
3.330000000000000071e+00 1.683738335740735115e-02
3.339999999999999858e+00 1.683738335740540479e-02
3.350000000000000089e+00 1.683738335740439518e-02
3.359999999999999876e+00 1.683738335740385741e-02
3.370000000000000107e+00 1.683738335740356598e-02
3.379999999999999893e+00 1.683738335740340639e-02
3.390000000000000124e+00 1.683738335740331965e-02
3.399999999999999911e+00 1.683738335740328149e-02
3.410000000000000142e+00 1.683738335740325720e-02
3.419999999999999929e+00 1.683738335740325026e-02
3.430000000000000160e+00 1.683738335740324679e-02
3.439999999999999947e+00 1.683738335740324332e-02
3.450000000000000178e+00 1.683738335740324332e-02
3.459999999999999964e+00 1.683738335740323985e-02
3.470000000000000195e+00 1.683738335740323985e-02
3.479999999999999982e+00 1.683738335740323985e-02
3.490000000000000213e+00 1.683738335740323985e-02
3.500000000000000000e+00 1.683738335740323985e-02
3.509999999999999787e+00 1.683738335740323985e-02
3.520000000000000018e+00 1.683738335740323985e-02
3.529999999999999805e+00 1.683738335740323985e-02
3.540000000000000036e+00 1.683738335740323985e-02
3.549999999999999822e+00 1.683738335740323985e-02
3.560000000000000053e+00 1.683738335740323985e-02
3.569999999999999840e+00 1.683738335740323985e-02
3.580000000000000071e+00 1.683738335740323985e-02
3.589999999999999858e+00 1.683738335740323985e-02
3.600000000000000089e+00 1.683738335740323985e-02
3.609999999999999876e+00 1.683738335740323985e-02
3.620000000000000107e+00 1.683738335740323985e-02
3.629999999999999893e+00 1.683738335740323985e-02
3.640000000000000124e+00 1.683738335740323985e-02
3.649999999999999911e+00 1.683738335740323985e-02
3.660000000000000142e+00 1.683738335740323985e-02
3.669999999999999929e+00 1.683738335740323985e-02
3.680000000000000160e+00 1.683738335740323985e-02
3.689999999999999947e+00 1.683738335740323985e-02
3.700000000000000178e+00 1.683738335740323985e-02
3.709999999999999964e+00 1.683738335740323985e-02
3.720000000000000195e+00 1.683738335740323985e-02
3.729999999999999982e+00 1.683738335740323985e-02
3.740000000000000213e+00 1.683738335740323985e-02
3.750000000000000000e+00 1.683738335740323985e-02
3.759999999999999787e+00 1.683738335740323985e-02
3.770000000000000018e+00 1.683738335740323985e-02
3.779999999999999805e+00 1.683738335740323985e-02
3.790000000000000036e+00 1.683738335740323985e-02
3.799999999999999822e+00 1.683738335740323985e-02
3.810000000000000053e+00 1.683738335740323985e-02
3.819999999999999840e+00 1.683738335740323985e-02
3.830000000000000071e+00 1.683738335740323985e-02
3.839999999999999858e+00 1.683738335740323985e-02
3.850000000000000089e+00 1.683738335740323985e-02
3.859999999999999876e+00 1.683738335740323985e-02
3.870000000000000107e+00 1.683738335740323985e-02
3.879999999999999893e+00 1.683738335740323985e-02
3.890000000000000124e+00 1.683738335740323985e-02
3.899999999999999911e+00 1.683738335740323985e-02
3.910000000000000142e+00 1.683738335740323985e-02
3.919999999999999929e+00 1.683738335740323985e-02
3.930000000000000160e+00 1.683738335740323985e-02
3.939999999999999947e+00 1.683738335740323985e-02
3.950000000000000178e+00 1.683738335740323985e-02
3.959999999999999964e+00 1.683738335740323985e-02
3.970000000000000195e+00 1.683738335740323985e-02
3.979999999999999982e+00 1.683738335740323985e-02
3.990000000000000213e+00 1.683738335740323985e-02
4.000000000000000000e+00 1.683738335740323985e-02
4.009999999999999787e+00 1.683738335740323985e-02
4.019999999999999574e+00 1.683738335740323985e-02
4.030000000000000249e+00 1.683738335740323985e-02
4.040000000000000036e+00 1.683738335740323985e-02
4.049999999999999822e+00 1.683738335740323985e-02
4.059999999999999609e+00 1.683738335740323985e-02
4.070000000000000284e+00 1.683738335740323985e-02
4.080000000000000071e+00 1.683738335740323985e-02
4.089999999999999858e+00 1.683738335740323985e-02
4.099999999999999645e+00 1.683738335740323985e-02
4.110000000000000320e+00 1.683738335740323985e-02
4.120000000000000107e+00 1.683738335740323985e-02
4.129999999999999893e+00 1.683738335740323985e-02
4.139999999999999680e+00 1.683738335740323985e-02
4.150000000000000355e+00 1.683738335740323985e-02
4.160000000000000142e+00 1.683738335740323985e-02
4.169999999999999929e+00 1.683738335740323985e-02
4.179999999999999716e+00 1.683738335740323985e-02
4.190000000000000391e+00 1.683738335740323985e-02
4.200000000000000178e+00 1.683738335740323985e-02
4.209999999999999964e+00 1.683738335740323985e-02
4.219999999999999751e+00 1.683738335740323985e-02
4.230000000000000426e+00 1.683738335740323985e-02
4.240000000000000213e+00 1.683738335740323985e-02
4.250000000000000000e+00 1.683738335740323985e-02
4.259999999999999787e+00 1.683738335740323985e-02
4.269999999999999574e+00 1.683738335740323985e-02
4.280000000000000249e+00 1.683738335740323985e-02
4.290000000000000036e+00 1.683738335740323985e-02
4.299999999999999822e+00 1.683738335740323985e-02
4.309999999999999609e+00 1.683738335740323985e-02
4.320000000000000284e+00 1.683738335740323985e-02
4.330000000000000071e+00 1.683738335740323985e-02
4.339999999999999858e+00 1.683738335740323985e-02
4.349999999999999645e+00 1.683738335740323985e-02
4.360000000000000320e+00 1.683738335740323985e-02
4.370000000000000107e+00 1.683738335740323985e-02
4.379999999999999893e+00 1.683738335740323985e-02
4.389999999999999680e+00 1.683738335740323985e-02
4.400000000000000355e+00 1.683738335740323985e-02
4.410000000000000142e+00 1.683738335740323985e-02
4.419999999999999929e+00 1.683738335740323985e-02
4.429999999999999716e+00 1.683738335740323985e-02
4.440000000000000391e+00 1.683738335740323985e-02
4.450000000000000178e+00 1.683738335740323985e-02
4.459999999999999964e+00 1.683738335740323985e-02
4.469999999999999751e+00 1.683738335740323985e-02
4.480000000000000426e+00 1.683738335740323985e-02
4.490000000000000213e+00 1.683738335740323985e-02
4.500000000000000000e+00 1.683738335740323985e-02
4.509999999999999787e+00 1.683738335740323985e-02
4.519999999999999574e+00 1.683738335740323985e-02
4.530000000000000249e+00 1.683738335740323985e-02
4.540000000000000036e+00 1.683738335740323985e-02
4.549999999999999822e+00 1.683738335740323985e-02
4.559999999999999609e+00 1.683738335740323985e-02
4.570000000000000284e+00 1.683738335740323985e-02
4.580000000000000071e+00 1.683738335740323985e-02
4.589999999999999858e+00 1.683738335740323985e-02
4.599999999999999645e+00 1.683738335740323985e-02
4.610000000000000320e+00 1.683738335740323985e-02
4.620000000000000107e+00 1.683738335740323985e-02
4.629999999999999893e+00 1.683738335740323985e-02
4.639999999999999680e+00 1.683738335740323985e-02
4.650000000000000355e+00 1.683738335740323985e-02
4.660000000000000142e+00 1.683738335740323985e-02
4.669999999999999929e+00 1.683738335740323985e-02
4.679999999999999716e+00 1.683738335740323985e-02
4.690000000000000391e+00 1.683738335740323985e-02
4.700000000000000178e+00 1.683738335740323985e-02
4.709999999999999964e+00 1.683738335740323985e-02
4.719999999999999751e+00 1.683738335740323985e-02
4.730000000000000426e+00 1.683738335740323985e-02
4.740000000000000213e+00 1.683738335740323985e-02
4.750000000000000000e+00 1.683738335740323985e-02
4.759999999999999787e+00 1.683738335740323985e-02
4.769999999999999574e+00 1.683738335740323985e-02
4.780000000000000249e+00 1.683738335740323985e-02
4.790000000000000036e+00 1.683738335740323985e-02
4.799999999999999822e+00 1.683738335740323985e-02
4.809999999999999609e+00 1.683738335740323985e-02
4.820000000000000284e+00 1.683738335740323985e-02
4.830000000000000071e+00 1.683738335740323985e-02
4.839999999999999858e+00 1.683738335740323985e-02
4.849999999999999645e+00 1.683738335740323985e-02
4.860000000000000320e+00 1.683738335740323985e-02
4.870000000000000107e+00 1.683738335740323985e-02
4.879999999999999893e+00 1.683738335740323985e-02
4.889999999999999680e+00 1.683738335740323985e-02
4.900000000000000355e+00 1.683738335740323985e-02
4.910000000000000142e+00 1.683738335740323985e-02
4.919999999999999929e+00 1.683738335740323985e-02
4.929999999999999716e+00 1.683738335740323985e-02
4.940000000000000391e+00 1.683738335740323985e-02
4.950000000000000178e+00 1.683738335740323985e-02
4.959999999999999964e+00 1.683738335740323985e-02
4.969999999999999751e+00 1.683738335740323985e-02
4.980000000000000426e+00 1.683738335740323985e-02
4.990000000000000213e+00 1.683738335740323985e-02
5.000000000000000000e+00 1.683738335740323985e-02
5.009999999999999787e+00 1.683738335740323985e-02
5.019999999999999574e+00 1.683738335740323985e-02
5.030000000000000249e+00 1.683738335740323985e-02
5.040000000000000036e+00 1.683738335740323985e-02
5.049999999999999822e+00 1.683738335740323985e-02
5.059999999999999609e+00 1.683738335740323985e-02
5.070000000000000284e+00 1.683738335740323985e-02
5.080000000000000071e+00 1.683738335740323985e-02
5.089999999999999858e+00 1.683738335740323985e-02
5.099999999999999645e+00 1.683738335740323985e-02
5.110000000000000320e+00 1.683738335740323985e-02
5.120000000000000107e+00 1.683738335740323985e-02
5.129999999999999893e+00 1.683738335740323985e-02
5.139999999999999680e+00 1.683738335740323985e-02
5.150000000000000355e+00 1.683738335740323985e-02
5.160000000000000142e+00 1.683738335740323985e-02
5.169999999999999929e+00 1.683738335740323985e-02
5.179999999999999716e+00 1.683738335740323985e-02
5.190000000000000391e+00 1.683738335740323985e-02
5.200000000000000178e+00 1.683738335740323985e-02
5.209999999999999964e+00 1.683738335740323985e-02
5.219999999999999751e+00 1.683738335740323985e-02
5.230000000000000426e+00 1.683738335740323985e-02
5.240000000000000213e+00 1.683738335740323985e-02
5.250000000000000000e+00 1.683738335740323985e-02
5.259999999999999787e+00 1.683738335740323985e-02
5.269999999999999574e+00 1.683738335740323985e-02
5.280000000000000249e+00 1.683738335740323985e-02
5.290000000000000036e+00 1.683738335740323985e-02
5.299999999999999822e+00 1.683738335740323985e-02
5.309999999999999609e+00 1.683738335740323985e-02
5.320000000000000284e+00 1.683738335740323985e-02
5.330000000000000071e+00 1.683738335740323985e-02
5.339999999999999858e+00 1.683738335740323985e-02
5.349999999999999645e+00 1.683738335740323985e-02
5.360000000000000320e+00 1.683738335740323985e-02
5.370000000000000107e+00 1.683738335740323985e-02
5.379999999999999893e+00 1.683738335740323985e-02
5.389999999999999680e+00 1.683738335740323985e-02
5.400000000000000355e+00 1.683738335740323985e-02
5.410000000000000142e+00 1.683738335740323985e-02
5.419999999999999929e+00 1.683738335740323985e-02
5.429999999999999716e+00 1.683738335740323985e-02
5.440000000000000391e+00 1.683738335740323985e-02
5.450000000000000178e+00 1.683738335740323985e-02
5.459999999999999964e+00 1.683738335740323985e-02
5.469999999999999751e+00 1.683738335740323985e-02
5.480000000000000426e+00 1.683738335740323985e-02
5.490000000000000213e+00 1.683738335740323985e-02
5.500000000000000000e+00 1.683738335740323985e-02
5.509999999999999787e+00 1.683738335740323985e-02
5.519999999999999574e+00 1.683738335740323985e-02
5.530000000000000249e+00 1.683738335740323985e-02
5.540000000000000036e+00 1.683738335740323985e-02
5.549999999999999822e+00 1.683738335740323985e-02
5.559999999999999609e+00 1.683738335740323985e-02
5.570000000000000284e+00 1.683738335740323985e-02
5.580000000000000071e+00 1.683738335740323985e-02
5.589999999999999858e+00 1.683738335740323985e-02
5.599999999999999645e+00 1.683738335740323985e-02
5.610000000000000320e+00 1.683738335740323985e-02
5.620000000000000107e+00 1.683738335740323985e-02
5.629999999999999893e+00 1.683738335740323985e-02
5.639999999999999680e+00 1.683738335740323985e-02
5.650000000000000355e+00 1.683738335740323985e-02
5.660000000000000142e+00 1.683738335740323985e-02
5.669999999999999929e+00 1.683738335740323985e-02
5.679999999999999716e+00 1.683738335740323985e-02
5.690000000000000391e+00 1.683738335740323985e-02
5.700000000000000178e+00 1.683738335740323985e-02
5.709999999999999964e+00 1.683738335740323985e-02
5.719999999999999751e+00 1.683738335740323985e-02
5.730000000000000426e+00 1.683738335740323985e-02
5.740000000000000213e+00 1.683738335740323985e-02
5.750000000000000000e+00 1.683738335740323985e-02
5.759999999999999787e+00 1.683738335740323985e-02
5.769999999999999574e+00 1.683738335740323985e-02
5.780000000000000249e+00 1.683738335740323985e-02
5.790000000000000036e+00 1.683738335740323985e-02
5.799999999999999822e+00 1.683738335740323985e-02
5.809999999999999609e+00 1.683738335740323985e-02
5.820000000000000284e+00 1.683738335740323985e-02
5.830000000000000071e+00 1.683738335740323985e-02
5.839999999999999858e+00 1.683738335740323985e-02
5.849999999999999645e+00 1.683738335740323985e-02
5.860000000000000320e+00 1.683738335740323985e-02
5.870000000000000107e+00 1.683738335740323985e-02
5.879999999999999893e+00 1.683738335740323985e-02
5.889999999999999680e+00 1.683738335740323985e-02
5.900000000000000355e+00 1.683738335740323985e-02
5.910000000000000142e+00 1.683738335740323985e-02
5.919999999999999929e+00 1.683738335740323985e-02
5.929999999999999716e+00 1.683738335740323985e-02
5.940000000000000391e+00 1.683738335740323985e-02
5.950000000000000178e+00 1.683738335740323985e-02
5.959999999999999964e+00 1.683738335740323985e-02
5.969999999999999751e+00 1.683738335740323985e-02
5.980000000000000426e+00 1.683738335740323985e-02
5.990000000000000213e+00 1.683738335740323985e-02
6.000000000000000000e+00 1.683738335740323985e-02
6.200000000000000178e+00 1.683738335740323985e-02
6.400000000000000355e+00 1.683738335740323985e-02
6.599999999999999645e+00 1.683738335740323985e-02
6.799999999999999822e+00 1.683738335740323985e-02
7.000000000000000000e+00 0.000000000000000000e+00
