0.000000000000000000e+00 0.000000000000000000e+00
1.000000000000000021e-02 1.683738335740324332e-02
2.000000000000000042e-02 1.683738335740324332e-02
2.999999999999999889e-02 1.683738335740324332e-02
4.000000000000000083e-02 1.683738335740324332e-02
5.000000000000000278e-02 1.683738335740324332e-02
5.999999999999999778e-02 1.683738335740324332e-02
7.000000000000000666e-02 1.683738335740324332e-02
8.000000000000000167e-02 1.683738335740324332e-02
8.999999999999999667e-02 1.683738335740324332e-02
1.000000000000000056e-01 1.683738335740324332e-02
1.100000000000000006e-01 1.683738335740324332e-02
1.199999999999999956e-01 1.683738335740324332e-02
1.300000000000000044e-01 1.683738335740324332e-02
1.400000000000000133e-01 1.683738335740324332e-02
1.499999999999999944e-01 1.683738335740324332e-02
1.600000000000000033e-01 1.683738335740324332e-02
1.700000000000000122e-01 1.683738335740324332e-02
1.799999999999999933e-01 1.683738335740324332e-02
1.900000000000000022e-01 1.683738335740324332e-02
2.000000000000000111e-01 1.683738335740324332e-02
2.099999999999999922e-01 1.683738335740324332e-02
2.200000000000000011e-01 1.683738335740324332e-02
2.300000000000000100e-01 1.683738335740324332e-02
2.399999999999999911e-01 1.683738335740324332e-02
2.500000000000000000e-01 1.683738335740324332e-02
2.600000000000000089e-01 1.683738335740324332e-02
2.700000000000000178e-01 1.683738335740324332e-02
2.800000000000000266e-01 1.683738335740324332e-02
2.899999999999999800e-01 1.683738335740324332e-02
2.999999999999999889e-01 1.683738335740324332e-02
3.099999999999999978e-01 1.683738335740324332e-02
3.200000000000000067e-01 1.683738335740324332e-02
3.300000000000000155e-01 1.683738335740324332e-02
3.400000000000000244e-01 1.683738335740324332e-02
3.499999999999999778e-01 1.683738335740324332e-02
3.599999999999999867e-01 1.683738335740324332e-02
3.699999999999999956e-01 1.683738335740324332e-02
3.800000000000000044e-01 1.683738335740324332e-02
3.900000000000000133e-01 1.683738335740324332e-02
4.000000000000000222e-01 1.683738335740324332e-02
4.099999999999999756e-01 1.683738335740324332e-02
4.199999999999999845e-01 1.683738335740324332e-02
4.299999999999999933e-01 1.683738335740324332e-02
4.400000000000000022e-01 1.683738335740324332e-02
4.500000000000000111e-01 1.683738335740324332e-02
4.600000000000000200e-01 1.683738335740324332e-02
4.699999999999999734e-01 1.683738335740324332e-02
4.799999999999999822e-01 1.683738335740324332e-02
4.899999999999999911e-01 1.683738335740324332e-02
5.000000000000000000e-01 1.683738335740324332e-02
5.100000000000000089e-01 1.683738335740324332e-02
5.200000000000000178e-01 1.683738335740324332e-02
5.300000000000000266e-01 1.683738335740324332e-02
5.400000000000000355e-01 1.683738335740324332e-02
5.500000000000000444e-01 1.683738335740324332e-02
5.600000000000000533e-01 1.683738335740324332e-02
5.699999999999999512e-01 1.683738335740324332e-02
5.799999999999999600e-01 1.683738335740324332e-02
5.899999999999999689e-01 1.683738335740324332e-02
5.999999999999999778e-01 1.683738335740324332e-02
6.099999999999999867e-01 1.683738335740324332e-02
6.199999999999999956e-01 1.683738335740324332e-02
6.300000000000000044e-01 1.683738335740324332e-02
6.400000000000000133e-01 1.683738335740324332e-02
6.500000000000000222e-01 1.683738335740324332e-02
6.600000000000000311e-01 1.683738335740324332e-02
6.700000000000000400e-01 1.683738335740324332e-02
6.800000000000000488e-01 1.683738335740324332e-02
6.899999999999999467e-01 1.683738335740324332e-02
6.999999999999999556e-01 1.683738335740324332e-02
7.099999999999999645e-01 1.683738335740324332e-02
7.199999999999999734e-01 1.683738335740324332e-02
7.299999999999999822e-01 1.683738335740324332e-02
7.399999999999999911e-01 1.683738335740324332e-02
7.500000000000000000e-01 1.683738335740324332e-02
7.600000000000000089e-01 1.683738335740324332e-02
7.700000000000000178e-01 1.683738335740324332e-02
7.800000000000000266e-01 1.683738335740324332e-02
7.900000000000000355e-01 1.683738335740324332e-02
8.000000000000000444e-01 1.683738335740324332e-02
8.100000000000000533e-01 1.683738335740324332e-02
8.199999999999999512e-01 1.683738335740324332e-02
8.299999999999999600e-01 1.683738335740324332e-02
8.399999999999999689e-01 1.683738335740324332e-02
8.499999999999999778e-01 1.683738335740324332e-02
8.599999999999999867e-01 1.683738335740324332e-02
8.699999999999999956e-01 1.683738335740324332e-02
8.800000000000000044e-01 1.683738335740324332e-02
8.900000000000000133e-01 1.683738335740324332e-02
9.000000000000000222e-01 1.683738335740324332e-02
9.100000000000000311e-01 1.683738335740324332e-02
9.200000000000000400e-01 1.683738335740324332e-02
9.300000000000000488e-01 1.683738335740324332e-02
9.399999999999999467e-01 1.683738335740324332e-02
9.499999999999999556e-01 1.683738335740324332e-02
9.599999999999999645e-01 1.683738335740324332e-02
9.699999999999999734e-01 1.683738335740324332e-02
9.799999999999999822e-01 1.683738335740324332e-02
9.899999999999999911e-01 1.683738335740324332e-02
1.000000000000000000e+00 1.683738335740324332e-02
1.010000000000000009e+00 1.683738335740324332e-02
1.020000000000000018e+00 1.683738335740324332e-02
1.030000000000000027e+00 1.683738335740324332e-02
1.040000000000000036e+00 1.683738335740324332e-02
1.050000000000000044e+00 1.683738335740324332e-02
1.060000000000000053e+00 1.683738335740324332e-02
1.070000000000000062e+00 1.683738335740324332e-02
1.080000000000000071e+00 1.683738335740324332e-02
1.090000000000000080e+00 1.683738335740324332e-02
1.100000000000000089e+00 1.683738335740324332e-02
1.110000000000000098e+00 1.683738335740324332e-02
1.120000000000000107e+00 1.683738335740324332e-02
1.129999999999999893e+00 1.683738335740324332e-02
1.139999999999999902e+00 1.683738335740324332e-02
1.149999999999999911e+00 1.683738335740324332e-02
1.159999999999999920e+00 1.683738335740324332e-02
1.169999999999999929e+00 1.683738335740324332e-02
1.179999999999999938e+00 1.683738335740324332e-02
1.189999999999999947e+00 1.683738335740324332e-02
1.199999999999999956e+00 1.683738335740324332e-02
1.209999999999999964e+00 1.683738335740324332e-02
1.219999999999999973e+00 1.683738335740324332e-02
1.229999999999999982e+00 1.683738335740324332e-02
1.239999999999999991e+00 1.683738335740324332e-02
1.250000000000000000e+00 1.683738335740324332e-02
1.260000000000000009e+00 1.683738335740324332e-02
1.270000000000000018e+00 1.683738335740324332e-02
1.280000000000000027e+00 1.683738335740324332e-02
1.290000000000000036e+00 1.683738335740324332e-02
1.300000000000000044e+00 1.683738335740324332e-02
1.310000000000000053e+00 1.683738335740324332e-02
1.320000000000000062e+00 1.683738335740324332e-02
1.330000000000000071e+00 1.683738335740324332e-02
1.340000000000000080e+00 1.683738335740324332e-02
1.350000000000000089e+00 1.683738335740324332e-02
1.360000000000000098e+00 1.683738335740324332e-02
1.370000000000000107e+00 1.683738335740324332e-02
1.379999999999999893e+00 1.683738335740324332e-02
1.389999999999999902e+00 1.683738335740324332e-02
1.399999999999999911e+00 1.683738335740324332e-02
1.409999999999999920e+00 1.683738335740324332e-02
1.419999999999999929e+00 1.683738335740324332e-02
1.429999999999999938e+00 1.683738335740324332e-02
1.439999999999999947e+00 1.683738335740324332e-02
1.449999999999999956e+00 1.683738335740324332e-02
1.459999999999999964e+00 1.683738335740324332e-02
1.469999999999999973e+00 1.683738335740324332e-02
1.479999999999999982e+00 1.683738335740324332e-02
1.489999999999999991e+00 1.683738335740324332e-02
1.500000000000000000e+00 1.683738335740324332e-02
1.510000000000000009e+00 1.683738335740324332e-02
1.520000000000000018e+00 1.683738335740324332e-02
1.530000000000000027e+00 1.683738335740324332e-02
1.540000000000000036e+00 1.683738335740324332e-02
1.550000000000000044e+00 1.683738335740324332e-02
1.560000000000000053e+00 1.683738335740324332e-02
1.570000000000000062e+00 1.683738335740324332e-02
1.580000000000000071e+00 1.683738335740324332e-02
1.590000000000000080e+00 1.683738335740324332e-02
1.600000000000000089e+00 1.683738335740324332e-02
1.610000000000000098e+00 1.683738335740324332e-02
1.620000000000000107e+00 1.683738335740324332e-02
1.629999999999999893e+00 1.683738335740324332e-02
1.639999999999999902e+00 1.683738335740324332e-02
1.649999999999999911e+00 1.683738335740324332e-02
1.659999999999999920e+00 1.683738335740324332e-02
1.669999999999999929e+00 1.683738335740324332e-02
1.679999999999999938e+00 1.683738335740325373e-02
1.689999999999999947e+00 1.683738335740334394e-02
1.699999999999999956e+00 1.683738335740432926e-02
1.709999999999999964e+00 1.683738335741361003e-02
1.719999999999999973e+00 1.683738335749331017e-02
1.729999999999999982e+00 1.683738335813596970e-02
1.739999999999999991e+00 1.683738336305403219e-02
1.750000000000000000e+00 1.683738339819330215e-02
1.760000000000000009e+00 1.683738362530551314e-02
1.770000000000000018e+00 1.683738491404486448e-02
1.780000000000000027e+00 1.683739120387316851e-02
1.790000000000000036e+00 1.683741729698811501e-02
1.800000000000000044e+00 1.683750875844438472e-02
1.810000000000000053e+00 1.683777898207199086e-02
1.820000000000000062e+00 1.683845179873102310e-02
1.830000000000000071e+00 1.683986573047514118e-02
1.840000000000000080e+00 1.684238231134992797e-02
1.850000000000000089e+00 1.684619917508757211e-02
1.860000000000000098e+00 1.685118406653027257e-02
1.870000000000000107e+00 1.685688888730774854e-02
1.879999999999999893e+00 1.686277168546956168e-02
1.889999999999999902e+00 1.686846159913455573e-02
1.899999999999999911e+00 1.687387068350934549e-02
1.909999999999999920e+00 1.687911759351876095e-02
1.919999999999999929e+00 1.688438230230258560e-02
1.929999999999999938e+00 1.688981246172436765e-02
1.939999999999999947e+00 1.689551020689687363e-02
1.949999999999999956e+00 1.690156500792795377e-02
1.959999999999999964e+00 1.690809581273164039e-02
1.969999999999999973e+00 1.691528709989983947e-02
1.979999999999999982e+00 1.692342195152615400e-02
1.989999999999999991e+00 1.693293378249711989e-02
2.000000000000000000e+00 1.694452020131186759e-02
2.009999999999999787e+00 1.695937088173622362e-02
2.020000000000000018e+00 1.697953195128236448e-02
2.029999999999999805e+00 1.700835825236846066e-02
2.040000000000000036e+00 1.705091876029081119e-02
2.049999999999999822e+00 1.711415937241386742e-02
2.060000000000000053e+00 1.720662661610495789e-02
2.069999999999999840e+00 1.733765774304602686e-02
2.080000000000000071e+00 1.751618801329760805e-02
2.089999999999999858e+00 1.774965027418219654e-02
2.100000000000000089e+00 1.804358861685802923e-02
2.109999999999999876e+00 1.840229488438277494e-02
2.120000000000000107e+00 1.883002134185457824e-02
2.129999999999999893e+00 1.933158235980624029e-02
2.140000000000000124e+00 1.991128149660153362e-02
2.149999999999999911e+00 2.057093094695780500e-02
2.160000000000000142e+00 2.131064753317938112e-02
2.169999999999999929e+00 2.213669760057972169e-02
2.180000000000000160e+00 2.307542627355422746e-02
2.189999999999999947e+00 2.418410066536623437e-02
2.200000000000000178e+00 2.554823671813781505e-02
2.209999999999999964e+00 2.726622392970602313e-02
2.220000000000000195e+00 2.943585678962762353e-02
2.229999999999999982e+00 3.215688644004473934e-02
2.240000000000000213e+00 3.554782312477510614e-02
2.250000000000000000e+00 3.976301460782991765e-02
2.259999999999999787e+00 4.500167983406092032e-02
2.270000000000000018e+00 5.151375801583496505e-02
2.279999999999999805e+00 5.960958424255254073e-02
2.290000000000000036e+00 6.967202185491722100e-02
2.299999999999999822e+00 8.216643819735834631e-02
2.310000000000000053e+00 9.764979358197806159e-02
2.319999999999999840e+00 1.167805954767392046e-01
2.330000000000000071e+00 1.403167623898315952e-01
2.339999999999999858e+00 1.690737595316702535e-01
2.350000000000000089e+00 2.038278530147382694e-01
2.359999999999999876e+00 2.451897491458575329e-01
2.370000000000000107e+00 2.935043587983019453e-01
2.379999999999999893e+00 3.488247575440610038e-01
2.390000000000000124e+00 4.109844156981026786e-01
2.399999999999999911e+00 4.797707882612172181e-01
2.410000000000000142e+00 5.551471412246640202e-01
2.419999999999999929e+00 6.373624673596789414e-01
2.430000000000000160e+00 7.267362896513070991e-01
2.439999999999999947e+00 8.230380446195114663e-01
2.450000000000000178e+00 9.246698757651804490e-01
2.459999999999999964e+00 1.028091371299846957e+00
2.470000000000000195e+00 1.127879812992758746e+00
2.479999999999999982e+00 1.217512408941065161e+00
2.490000000000000213e+00 1.290653377528827805e+00
2.500000000000000000e+00 1.342646001291070590e+00
2.509999999999999787e+00 1.371922926906108398e+00
2.520000000000000018e+00 1.380908733283650713e+00
2.529999999999999805e+00 1.375822750072278611e+00
2.540000000000000036e+00 1.365051784228805243e+00
2.549999999999999822e+00 1.356565558667639948e+00
2.560000000000000053e+00 1.355601560823964435e+00
2.569999999999999840e+00 1.363800915886596243e+00
2.580000000000000071e+00 1.380059247747700502e+00
2.589999999999999858e+00 1.402280190442714458e+00
2.600000000000000089e+00 1.428792914901750422e+00
2.609999999999999876e+00 1.458663053738025850e+00
2.620000000000000107e+00 1.491098360643975163e+00
2.629999999999999893e+00 1.524907651871764358e+00
2.640000000000000124e+00 1.558889455547666447e+00
2.649999999999999911e+00 1.593073472527053447e+00
2.660000000000000142e+00 1.629690746025456827e+00
2.669999999999999929e+00 1.672645352047503531e+00
2.680000000000000160e+00 1.725379072482547960e+00
2.689999999999999947e+00 1.788432544022421800e+00
2.700000000000000178e+00 1.858380671293060615e+00
2.709999999999999964e+00 1.928800721071789015e+00
2.720000000000000195e+00 1.992515114084806083e+00
2.729999999999999982e+00 2.043737341724169099e+00
2.740000000000000213e+00 2.079148357544696513e+00
2.750000000000000000e+00 2.097740999084772184e+00
2.759999999999999787e+00 2.099945130819861561e+00
2.770000000000000018e+00 2.086834513999956453e+00
2.779999999999999805e+00 2.059970411078949404e+00
2.790000000000000036e+00 2.021766620713834506e+00
2.799999999999999822e+00 1.975702904717236086e+00
2.810000000000000053e+00 1.925792229803213518e+00
2.819999999999999840e+00 1.875348913352437918e+00
2.830000000000000071e+00 1.825730449955077495e+00
2.839999999999999858e+00 1.775842195903638121e+00
2.850000000000000089e+00 1.722752722721873297e+00
2.859999999999999876e+00 1.663097657187951439e+00
2.870000000000000107e+00 1.594512811188331991e+00
2.879999999999999893e+00 1.516419380208184675e+00
2.890000000000000124e+00 1.429962255885726119e+00
2.899999999999999911e+00 1.337372397408242097e+00
2.910000000000000142e+00 1.241200110114385469e+00
2.919999999999999929e+00 1.143767555263906166e+00
2.930000000000000160e+00 1.046973778133750255e+00
2.939999999999999947e+00 9.523760762959568860e-01
2.950000000000000178e+00 8.613464509978764339e-01
2.959999999999999964e+00 7.751131790775495078e-01
2.970000000000000195e+00 6.946363573728828733e-01
2.979999999999999982e+00 6.204358778970255894e-01
2.990000000000000213e+00 5.525465840692372899e-01
3.000000000000000000e+00 4.906591409283380667e-01
3.009999999999999787e+00 4.343378470007576153e-01
3.020000000000000018e+00 3.831672196448690504e-01
3.029999999999999805e+00 3.367877927938213167e-01
3.040000000000000036e+00 2.948928862194252210e-01
3.049999999999999822e+00 2.572529388831785169e-01
3.060000000000000053e+00 2.237435924517785779e-01
3.069999999999999840e+00 1.943039169374951858e-01
3.080000000000000071e+00 1.688129560062263390e-01
3.089999999999999858e+00 1.469732175437165056e-01
3.100000000000000089e+00 1.283005014001318833e-01
3.109999999999999876e+00 1.122258558817674085e-01
3.120000000000000107e+00 9.822804449729125031e-02
3.129999999999999893e+00 8.591628341425752713e-02
3.140000000000000124e+00 7.504297765040260360e-02
3.149999999999999911e+00 6.547192850372293704e-02
3.160000000000000142e+00 5.713154378561153407e-02
3.169999999999999929e+00 4.996812814441652095e-02
3.180000000000000160e+00 4.390873083887252698e-02
3.189999999999999947e+00 3.884520421967353060e-02
3.200000000000000178e+00 3.464415231155253821e-02
3.209999999999999964e+00 3.117108069984291657e-02
3.220000000000000195e+00 2.830946347925956258e-02
3.229999999999999982e+00 2.596495429737514030e-02
3.240000000000000213e+00 2.405934132866515557e-02
3.250000000000000000e+00 2.252389461686647373e-02
3.259999999999999787e+00 2.129688199749880592e-02
3.270000000000000018e+00 2.032377992808621220e-02
3.279999999999999805e+00 1.955725412544929293e-02
3.290000000000000036e+00 1.895633670973052159e-02
3.299999999999999822e+00 1.848594206419158087e-02
3.310000000000000053e+00 1.811713030062390636e-02
3.319999999999999840e+00 1.782726973966905493e-02
3.330000000000000071e+00 1.759934641773739164e-02
3.339999999999999858e+00 1.742062815004273568e-02
3.350000000000000089e+00 1.728136683972950408e-02
3.359999999999999876e+00 1.717390580749659709e-02
3.370000000000000107e+00 1.709208758192031288e-02
3.379999999999999893e+00 1.703077157869180638e-02
3.390000000000000124e+00 1.698547683569512703e-02
3.399999999999999911e+00 1.695225796749110295e-02
3.410000000000000142e+00 1.692778061819134525e-02
3.419999999999999929e+00 1.690942371336401698e-02
3.430000000000000160e+00 1.689527917332806634e-02
3.439999999999999947e+00 1.688405188588540037e-02
3.450000000000000178e+00 1.687492433580065065e-02
3.459999999999999964e+00 1.686742261660616887e-02
3.470000000000000195e+00 1.686128477878937396e-02
3.479999999999999982e+00 1.685633847746565578e-02
3.490000000000000213e+00 1.685241672110177058e-02
3.500000000000000000e+00 1.684933277533186974e-02
3.509999999999999787e+00 1.684689997336209083e-02
3.520000000000000018e+00 1.684496024694332253e-02
3.529999999999999805e+00 1.684339654572377526e-02
3.540000000000000036e+00 1.684212839432465414e-02
3.549999999999999822e+00 1.684110126920537742e-02
3.560000000000000053e+00 1.684027697711338797e-02
3.569999999999999840e+00 1.683962596583824314e-02
3.580000000000000071e+00 1.683912123889478446e-02
3.589999999999999858e+00 1.683873519436790769e-02
3.600000000000000089e+00 1.683844038579367791e-02
3.609999999999999876e+00 1.683821261076788589e-02
3.620000000000000107e+00 1.683803335756306821e-02
3.629999999999999893e+00 1.683789004318579294e-02
3.640000000000000124e+00 1.683777463600647298e-02
3.649999999999999911e+00 1.683768199051411882e-02
3.660000000000000142e+00 1.683760859548332975e-02
3.669999999999999929e+00 1.683755171815096846e-02
3.680000000000000160e+00 1.683750880295870056e-02
3.689999999999999947e+00 1.683747717903545313e-02
3.700000000000000178e+00 1.683745414301496615e-02
3.709999999999999964e+00 1.683743726668932017e-02
3.720000000000000195e+00 1.683742465329897062e-02
3.729999999999999982e+00 1.683741498830271591e-02
3.740000000000000213e+00 1.683740742867495185e-02
3.750000000000000000e+00 1.683740145093515564e-02
3.759999999999999787e+00 1.683739672931227477e-02
3.770000000000000018e+00 1.683739304996638431e-02
3.779999999999999805e+00 1.683739024891480265e-02
3.790000000000000036e+00 1.683738817377899988e-02
3.799999999999999822e+00 1.683738667354050395e-02
3.810000000000000053e+00 1.683738560818855839e-02
3.819999999999999840e+00 1.683738486119901873e-02
3.830000000000000071e+00 1.683738434370168208e-02
3.839999999999999858e+00 1.683738399067237837e-02
3.850000000000000089e+00 1.683738375464710613e-02
3.859999999999999876e+00 1.683738360066196552e-02
3.870000000000000107e+00 1.683738350297759798e-02
3.879999999999999893e+00 1.683738344287825581e-02
3.890000000000000124e+00 1.683738340702282954e-02
3.899999999999999911e+00 1.683738338617967595e-02
3.910000000000000142e+00 1.683738337424219023e-02
3.919999999999999929e+00 1.683738336740219291e-02
3.930000000000000160e+00 1.683738336342608180e-02
3.939999999999999947e+00 1.683738336106430089e-02
3.950000000000000178e+00 1.683738335963222421e-02
3.959999999999999964e+00 1.683738335875210532e-02
3.970000000000000195e+00 1.683738335820980994e-02
3.979999999999999982e+00 1.683738335787883164e-02
3.990000000000000213e+00 1.683738335768062561e-02
4.000000000000000000e+00 1.683738335756445464e-02
4.009999999999999787e+00 1.683738335749737636e-02
4.019999999999999574e+00 1.683738335745874753e-02
4.030000000000000249e+00 1.683738335743629674e-02
4.040000000000000036e+00 1.683738335742305386e-02
4.049999999999999822e+00 1.683738335741515046e-02
4.059999999999999609e+00 1.683738335741041467e-02
4.070000000000000284e+00 1.683738335740759748e-02
4.080000000000000071e+00 1.683738335740595643e-02
4.089999999999999858e+00 1.683738335740502315e-02
4.099999999999999645e+00 1.683738335740451314e-02
4.110000000000000320e+00 1.683738335740422518e-02
4.120000000000000107e+00 1.683738335740405170e-02
4.129999999999999893e+00 1.683738335740392680e-02
4.139999999999999680e+00 1.683738335740382272e-02
4.150000000000000355e+00 1.683738335740372211e-02
4.160000000000000142e+00 1.683738335740362843e-02
4.169999999999999929e+00 1.683738335740354516e-02
4.179999999999999716e+00 1.683738335740347231e-02
4.190000000000000391e+00 1.683738335740341333e-02
4.200000000000000178e+00 1.683738335740336475e-02
4.209999999999999964e+00 1.683738335740333006e-02
4.219999999999999751e+00 1.683738335740330230e-02
4.230000000000000426e+00 1.683738335740328496e-02
4.240000000000000213e+00 1.683738335740327108e-02
4.250000000000000000e+00 1.683738335740326067e-02
4.259999999999999787e+00 1.683738335740325720e-02
4.269999999999999574e+00 1.683738335740325026e-02
4.280000000000000249e+00 1.683738335740325026e-02
4.290000000000000036e+00 1.683738335740324679e-02
4.299999999999999822e+00 1.683738335740324679e-02
4.309999999999999609e+00 1.683738335740324679e-02
4.320000000000000284e+00 1.683738335740324332e-02
4.330000000000000071e+00 1.683738335740324332e-02
4.339999999999999858e+00 1.683738335740324332e-02
4.349999999999999645e+00 1.683738335740324332e-02
4.360000000000000320e+00 1.683738335740324332e-02
4.370000000000000107e+00 1.683738335740324332e-02
4.379999999999999893e+00 1.683738335740324332e-02
4.389999999999999680e+00 1.683738335740324332e-02
4.400000000000000355e+00 1.683738335740324332e-02
4.410000000000000142e+00 1.683738335740324332e-02
4.419999999999999929e+00 1.683738335740324332e-02
4.429999999999999716e+00 1.683738335740324332e-02
4.440000000000000391e+00 1.683738335740324332e-02
4.450000000000000178e+00 1.683738335740324332e-02
4.459999999999999964e+00 1.683738335740324332e-02
4.469999999999999751e+00 1.683738335740324332e-02
4.480000000000000426e+00 1.683738335740324332e-02
4.490000000000000213e+00 1.683738335740324332e-02
4.500000000000000000e+00 1.683738335740324332e-02
4.509999999999999787e+00 1.683738335740324332e-02
4.519999999999999574e+00 1.683738335740324332e-02
4.530000000000000249e+00 1.683738335740324332e-02
4.540000000000000036e+00 1.683738335740324332e-02
4.549999999999999822e+00 1.683738335740324332e-02
4.559999999999999609e+00 1.683738335740324332e-02
4.570000000000000284e+00 1.683738335740324332e-02
4.580000000000000071e+00 1.683738335740324332e-02
4.589999999999999858e+00 1.683738335740324332e-02
4.599999999999999645e+00 1.683738335740324332e-02
4.610000000000000320e+00 1.683738335740324332e-02
4.620000000000000107e+00 1.683738335740324332e-02
4.629999999999999893e+00 1.683738335740324332e-02
4.639999999999999680e+00 1.683738335740324332e-02
4.650000000000000355e+00 1.683738335740324332e-02
4.660000000000000142e+00 1.683738335740324332e-02
4.669999999999999929e+00 1.683738335740324332e-02
4.679999999999999716e+00 1.683738335740324332e-02
4.690000000000000391e+00 1.683738335740324332e-02
4.700000000000000178e+00 1.683738335740324332e-02
4.709999999999999964e+00 1.683738335740324332e-02
4.719999999999999751e+00 1.683738335740324332e-02
4.730000000000000426e+00 1.683738335740324332e-02
4.740000000000000213e+00 1.683738335740324332e-02
4.750000000000000000e+00 1.683738335740324332e-02
4.759999999999999787e+00 1.683738335740324332e-02
4.769999999999999574e+00 1.683738335740324332e-02
4.780000000000000249e+00 1.683738335740324332e-02
4.790000000000000036e+00 1.683738335740324332e-02
4.799999999999999822e+00 1.683738335740324332e-02
4.809999999999999609e+00 1.683738335740324332e-02
4.820000000000000284e+00 1.683738335740324332e-02
4.830000000000000071e+00 1.683738335740324332e-02
4.839999999999999858e+00 1.683738335740324332e-02
4.849999999999999645e+00 1.683738335740324332e-02
4.860000000000000320e+00 1.683738335740324332e-02
4.870000000000000107e+00 1.683738335740324332e-02
4.879999999999999893e+00 1.683738335740324332e-02
4.889999999999999680e+00 1.683738335740324332e-02
4.900000000000000355e+00 1.683738335740324332e-02
4.910000000000000142e+00 1.683738335740324332e-02
4.919999999999999929e+00 1.683738335740324332e-02
4.929999999999999716e+00 1.683738335740324332e-02
4.940000000000000391e+00 1.683738335740324332e-02
4.950000000000000178e+00 1.683738335740324332e-02
4.959999999999999964e+00 1.683738335740324332e-02
4.969999999999999751e+00 1.683738335740324332e-02
4.980000000000000426e+00 1.683738335740324332e-02
4.990000000000000213e+00 1.683738335740324332e-02
5.000000000000000000e+00 1.683738335740324332e-02
5.009999999999999787e+00 1.683738335740324332e-02
5.019999999999999574e+00 1.683738335740324332e-02
5.030000000000000249e+00 1.683738335740324332e-02
5.040000000000000036e+00 1.683738335740324332e-02
5.049999999999999822e+00 1.683738335740324332e-02
5.059999999999999609e+00 1.683738335740324332e-02
5.070000000000000284e+00 1.683738335740324332e-02
5.080000000000000071e+00 1.683738335740324332e-02
5.089999999999999858e+00 1.683738335740324332e-02
5.099999999999999645e+00 1.683738335740324332e-02
5.110000000000000320e+00 1.683738335740324332e-02
5.120000000000000107e+00 1.683738335740324332e-02
5.129999999999999893e+00 1.683738335740324332e-02
5.139999999999999680e+00 1.683738335740324332e-02
5.150000000000000355e+00 1.683738335740324332e-02
5.160000000000000142e+00 1.683738335740324332e-02
5.169999999999999929e+00 1.683738335740324332e-02
5.179999999999999716e+00 1.683738335740324332e-02
5.190000000000000391e+00 1.683738335740324332e-02
5.200000000000000178e+00 1.683738335740324332e-02
5.209999999999999964e+00 1.683738335740324332e-02
5.219999999999999751e+00 1.683738335740324332e-02
5.230000000000000426e+00 1.683738335740324332e-02
5.240000000000000213e+00 1.683738335740324332e-02
5.250000000000000000e+00 1.683738335740324332e-02
5.259999999999999787e+00 1.683738335740324332e-02
5.269999999999999574e+00 1.683738335740324332e-02
5.280000000000000249e+00 1.683738335740324332e-02
5.290000000000000036e+00 1.683738335740324332e-02
5.299999999999999822e+00 1.683738335740324332e-02
5.309999999999999609e+00 1.683738335740324332e-02
5.320000000000000284e+00 1.683738335740324332e-02
5.330000000000000071e+00 1.683738335740324332e-02
5.339999999999999858e+00 1.683738335740324332e-02
5.349999999999999645e+00 1.683738335740324332e-02
5.360000000000000320e+00 1.683738335740324332e-02
5.370000000000000107e+00 1.683738335740324332e-02
5.379999999999999893e+00 1.683738335740324332e-02
5.389999999999999680e+00 1.683738335740324332e-02
5.400000000000000355e+00 1.683738335740324332e-02
5.410000000000000142e+00 1.683738335740324332e-02
5.419999999999999929e+00 1.683738335740324332e-02
5.429999999999999716e+00 1.683738335740324332e-02
5.440000000000000391e+00 1.683738335740324332e-02
5.450000000000000178e+00 1.683738335740324332e-02
5.459999999999999964e+00 1.683738335740324332e-02
5.469999999999999751e+00 1.683738335740324332e-02
5.480000000000000426e+00 1.683738335740324332e-02
5.490000000000000213e+00 1.683738335740324332e-02
5.500000000000000000e+00 1.683738335740324332e-02
5.509999999999999787e+00 1.683738335740324332e-02
5.519999999999999574e+00 1.683738335740324332e-02
5.530000000000000249e+00 1.683738335740324332e-02
5.540000000000000036e+00 1.683738335740324332e-02
5.549999999999999822e+00 1.683738335740324332e-02
5.559999999999999609e+00 1.683738335740324332e-02
5.570000000000000284e+00 1.683738335740324332e-02
5.580000000000000071e+00 1.683738335740324332e-02
5.589999999999999858e+00 1.683738335740324332e-02
5.599999999999999645e+00 1.683738335740324332e-02
5.610000000000000320e+00 1.683738335740324332e-02
5.620000000000000107e+00 1.683738335740324332e-02
5.629999999999999893e+00 1.683738335740324332e-02
5.639999999999999680e+00 1.683738335740324332e-02
5.650000000000000355e+00 1.683738335740324332e-02
5.660000000000000142e+00 1.683738335740324332e-02
5.669999999999999929e+00 1.683738335740324332e-02
5.679999999999999716e+00 1.683738335740324332e-02
5.690000000000000391e+00 1.683738335740324332e-02
5.700000000000000178e+00 1.683738335740324332e-02
5.709999999999999964e+00 1.683738335740324332e-02
5.719999999999999751e+00 1.683738335740324332e-02
5.730000000000000426e+00 1.683738335740324332e-02
5.740000000000000213e+00 1.683738335740324332e-02
5.750000000000000000e+00 1.683738335740324332e-02
5.759999999999999787e+00 1.683738335740324332e-02
5.769999999999999574e+00 1.683738335740324332e-02
5.780000000000000249e+00 1.683738335740324332e-02
5.790000000000000036e+00 1.683738335740324332e-02
5.799999999999999822e+00 1.683738335740324332e-02
5.809999999999999609e+00 1.683738335740324332e-02
5.820000000000000284e+00 1.683738335740324332e-02
5.830000000000000071e+00 1.683738335740324332e-02
5.839999999999999858e+00 1.683738335740324332e-02
5.849999999999999645e+00 1.683738335740324332e-02
5.860000000000000320e+00 1.683738335740324332e-02
5.870000000000000107e+00 1.683738335740324332e-02
5.879999999999999893e+00 1.683738335740324332e-02
5.889999999999999680e+00 1.683738335740324332e-02
5.900000000000000355e+00 1.683738335740324332e-02
5.910000000000000142e+00 1.683738335740324332e-02
5.919999999999999929e+00 1.683738335740324332e-02
5.929999999999999716e+00 1.683738335740324332e-02
5.940000000000000391e+00 1.683738335740324332e-02
5.950000000000000178e+00 1.683738335740324332e-02
5.959999999999999964e+00 1.683738335740324332e-02
5.969999999999999751e+00 1.683738335740324332e-02
5.980000000000000426e+00 1.683738335740324332e-02
5.990000000000000213e+00 1.683738335740324332e-02
6.000000000000000000e+00 1.683738335740324332e-02
6.200000000000000178e+00 1.683738335740324332e-02
6.400000000000000355e+00 1.683738335740324332e-02
6.599999999999999645e+00 1.683738335740324332e-02
6.799999999999999822e+00 1.683738335740324332e-02
7.000000000000000000e+00 0.000000000000000000e+00
