0.000000000000000000e+00 0.000000000000000000e+00
1.000000000000000021e-02 1.415698111051474396e-02
2.000000000000000042e-02 1.415698111051474396e-02
2.999999999999999889e-02 1.415698111051474396e-02
4.000000000000000083e-02 1.415698111051474396e-02
5.000000000000000278e-02 1.415698111051474396e-02
5.999999999999999778e-02 1.415698111051474396e-02
7.000000000000000666e-02 1.415698111051474396e-02
8.000000000000000167e-02 1.415698111051474396e-02
8.999999999999999667e-02 1.415698111051474396e-02
1.000000000000000056e-01 1.415698111051474396e-02
1.100000000000000006e-01 1.415698111051474396e-02
1.199999999999999956e-01 1.415698111051474396e-02
1.300000000000000044e-01 1.415698111051474396e-02
1.400000000000000133e-01 1.415698111051474396e-02
1.499999999999999944e-01 1.415698111051474396e-02
1.600000000000000033e-01 1.415698111051474396e-02
1.700000000000000122e-01 1.415698111051474396e-02
1.799999999999999933e-01 1.415698111051474396e-02
1.900000000000000022e-01 1.415698111051474396e-02
2.000000000000000111e-01 1.415698111051474396e-02
2.099999999999999922e-01 1.415698111051474396e-02
2.200000000000000011e-01 1.415698111051474396e-02
2.300000000000000100e-01 1.415698111051474396e-02
2.399999999999999911e-01 1.415698111051474396e-02
2.500000000000000000e-01 1.415698111051474396e-02
2.600000000000000089e-01 1.415698111051474396e-02
2.700000000000000178e-01 1.415698111051474396e-02
2.800000000000000266e-01 1.415698111051474396e-02
2.899999999999999800e-01 1.415698111051474396e-02
2.999999999999999889e-01 1.415698111051474396e-02
3.099999999999999978e-01 1.415698111051474396e-02
3.200000000000000067e-01 1.415698111051474396e-02
3.300000000000000155e-01 1.415698111051474396e-02
3.400000000000000244e-01 1.415698111051474396e-02
3.499999999999999778e-01 1.415698111051474396e-02
3.599999999999999867e-01 1.415698111051474396e-02
3.699999999999999956e-01 1.415698111051474396e-02
3.800000000000000044e-01 1.415698111051474396e-02
3.900000000000000133e-01 1.415698111051474396e-02
4.000000000000000222e-01 1.415698111051474396e-02
4.099999999999999756e-01 1.415698111051474396e-02
4.199999999999999845e-01 1.415698111051474396e-02
4.299999999999999933e-01 1.415698111051474396e-02
4.400000000000000022e-01 1.415698111051474396e-02
4.500000000000000111e-01 1.415698111051474396e-02
4.600000000000000200e-01 1.415698111051474396e-02
4.699999999999999734e-01 1.415698111051474396e-02
4.799999999999999822e-01 1.415698111051474396e-02
4.899999999999999911e-01 1.415698111051474396e-02
5.000000000000000000e-01 1.415698111051474396e-02
5.100000000000000089e-01 1.415698111051474396e-02
5.200000000000000178e-01 1.415698111051474396e-02
5.300000000000000266e-01 1.415698111051474396e-02
5.400000000000000355e-01 1.415698111051474396e-02
5.500000000000000444e-01 1.415698111051474396e-02
5.600000000000000533e-01 1.415698111051474396e-02
5.699999999999999512e-01 1.415698111051474396e-02
5.799999999999999600e-01 1.415698111051474396e-02
5.899999999999999689e-01 1.415698111051474396e-02
5.999999999999999778e-01 1.415698111051474396e-02
6.099999999999999867e-01 1.415698111051474396e-02
6.199999999999999956e-01 1.415698111051474396e-02
6.300000000000000044e-01 1.415698111051474396e-02
6.400000000000000133e-01 1.415698111051474396e-02
6.500000000000000222e-01 1.415698111051474396e-02
6.600000000000000311e-01 1.415698111051474396e-02
6.700000000000000400e-01 1.415698111051474396e-02
6.800000000000000488e-01 1.415698111051474396e-02
6.899999999999999467e-01 1.415698111051474743e-02
6.999999999999999556e-01 1.415698111051475090e-02
7.099999999999999645e-01 1.415698111051477172e-02
7.199999999999999734e-01 1.415698111051484111e-02
7.299999999999999822e-01 1.415698111051511346e-02
7.399999999999999911e-01 1.415698111051620460e-02
7.500000000000000000e-01 1.415698111052074090e-02
7.600000000000000089e-01 1.415698111053975868e-02
7.700000000000000178e-01 1.415698111061910319e-02
7.800000000000000266e-01 1.415698111094566489e-02
7.900000000000000355e-01 1.415698111226419004e-02
8.000000000000000444e-01 1.415698111744298493e-02
8.100000000000000533e-01 1.415698113699620508e-02
8.199999999999999512e-01 1.415698120708207795e-02
8.299999999999999600e-01 1.415698144333525990e-02
8.399999999999999689e-01 1.415698218934773565e-02
8.499999999999999778e-01 1.415698440110452726e-02
8.599999999999999867e-01 1.415699060791951805e-02
8.699999999999999956e-01 1.415700729729472800e-02
8.800000000000000044e-01 1.415705086004082243e-02
8.900000000000000133e-01 1.415716227766299594e-02
9.000000000000000222e-01 1.415744204180239760e-02
9.100000000000000311e-01 1.415812779556920031e-02
9.200000000000000400e-01 1.415975306943933684e-02
9.300000000000000488e-01 1.416344535983711343e-02
9.399999999999999467e-01 1.417144765579936294e-02
9.499999999999999556e-01 1.418798820312758453e-02
9.599999999999999645e-01 1.422068252586915563e-02
9.699999999999999734e-01 1.428268352627644344e-02
9.799999999999999822e-01 1.439564351343789773e-02
9.899999999999999911e-01 1.459295993929076059e-02
1.000000000000000000e+00 1.492162325344439239e-02
1.010000000000000009e+00 1.543979044377962774e-02
1.020000000000000018e+00 1.620743322905181250e-02
1.030000000000000027e+00 1.727054054411207226e-02
1.040000000000000036e+00 1.864471279664675282e-02
1.050000000000000044e+00 2.030802039470995177e-02
1.060000000000000053e+00 2.221351835391291094e-02
1.070000000000000062e+00 2.433581003188650671e-02
1.080000000000000071e+00 2.679423567210003840e-02
1.090000000000000080e+00 3.017174147687230051e-02
1.100000000000000089e+00 3.625026650243704657e-02
1.110000000000000098e+00 4.933760997429582906e-02
1.120000000000000107e+00 7.783538129620605484e-02
1.129999999999999893e+00 1.346254759468801798e-01
1.139999999999999902e+00 2.341757219693345049e-01
1.149999999999999911e+00 3.856815024034717099e-01
1.159999999999999920e+00 5.852402799508953368e-01
1.169999999999999929e+00 8.128068941695342220e-01
1.179999999999999938e+00 1.037654168797724319e+00
1.189999999999999947e+00 1.230028489015590143e+00
1.199999999999999956e+00 1.372092470447690449e+00
1.209999999999999964e+00 1.462058314096644329e+00
1.219999999999999973e+00 1.510229868453259128e+00
1.229999999999999982e+00 1.530404512603463552e+00
1.239999999999999991e+00 1.531990285101801241e+00
1.250000000000000000e+00 1.516839880049147160e+00
1.260000000000000009e+00 1.481458718826776932e+00
1.270000000000000018e+00 1.422114775161844591e+00
1.280000000000000027e+00 1.339311232624572190e+00
1.290000000000000036e+00 1.239304327659998650e+00
1.300000000000000044e+00 1.132519966022558666e+00
1.310000000000000053e+00 1.030277029843184033e+00
1.320000000000000062e+00 9.415793824335234596e-01
1.330000000000000071e+00 8.712555866175504260e-01
1.340000000000000080e+00 8.198821151847275335e-01
1.350000000000000089e+00 7.850191252650220441e-01
1.360000000000000098e+00 7.627547384501475181e-01
1.370000000000000107e+00 7.487925099551715480e-01
1.379999999999999893e+00 7.390591350696709139e-01
1.389999999999999902e+00 7.302571065197169808e-01
1.399999999999999911e+00 7.205243464316354318e-01
1.409999999999999920e+00 7.097999409733685150e-01
1.419999999999999929e+00 6.993660472979977838e-01
1.429999999999999938e+00 6.906129428812999294e-01
1.439999999999999947e+00 6.838410526638135645e-01
1.449999999999999956e+00 6.780360230758535334e-01
1.459999999999999964e+00 6.717941294508179562e-01
1.469999999999999973e+00 6.646266731736907296e-01
1.479999999999999982e+00 6.576068941179138427e-01
1.489999999999999991e+00 6.529071592539418267e-01
1.500000000000000000e+00 6.526546735680230915e-01
1.510000000000000009e+00 6.580399139896632166e-01
1.520000000000000018e+00 6.694042953132285367e-01
1.530000000000000027e+00 6.872386395224168165e-01
1.540000000000000036e+00 7.131781496308627899e-01
1.550000000000000044e+00 7.498698103040689622e-01
1.560000000000000053e+00 7.994036970243866280e-01
1.570000000000000062e+00 8.614307703626663537e-01
1.580000000000000071e+00 9.328406867605900654e-01
1.590000000000000080e+00 1.009785297378545055e+00
1.600000000000000089e+00 1.090506993917610412e+00
1.610000000000000098e+00 1.176236751695016292e+00
1.620000000000000107e+00 1.268978410654794997e+00
1.629999999999999893e+00 1.367898309285097591e+00
1.639999999999999902e+00 1.467237379310327716e+00
1.649999999999999911e+00 1.557079967786567432e+00
1.659999999999999920e+00 1.626019118503009953e+00
1.669999999999999929e+00 1.664130694281720002e+00
1.679999999999999938e+00 1.665558746814205904e+00
1.689999999999999947e+00 1.630583696669967608e+00
1.699999999999999956e+00 1.566579684456943955e+00
1.709999999999999964e+00 1.486915012537005421e+00
1.719999999999999973e+00 1.407671620324748574e+00
1.729999999999999982e+00 1.343448446064620105e+00
1.739999999999999991e+00 1.304038358740627679e+00
1.750000000000000000e+00 1.292992788958912787e+00
1.760000000000000009e+00 1.307917313026072614e+00
1.770000000000000018e+00 1.341809675594449303e+00
1.780000000000000027e+00 1.384991213745258243e+00
1.790000000000000036e+00 1.427521790837104954e+00
1.800000000000000044e+00 1.461755493280515461e+00
1.810000000000000053e+00 1.484001966009728779e+00
1.820000000000000062e+00 1.494097730419131409e+00
1.830000000000000071e+00 1.492882540943667236e+00
1.840000000000000080e+00 1.479396426669084663e+00
1.850000000000000089e+00 1.450114236261328182e+00
1.860000000000000098e+00 1.400837025486701748e+00
1.870000000000000107e+00 1.329556473067381894e+00
1.879999999999999893e+00 1.238017879727664194e+00
1.889999999999999902e+00 1.131158465905695243e+00
1.899999999999999911e+00 1.015335517681055233e+00
1.909999999999999920e+00 8.967180689578568842e-01
1.919999999999999929e+00 7.804960346784233227e-01
1.929999999999999938e+00 6.707340290251166959e-01
1.939999999999999947e+00 5.704429362880852894e-01
1.949999999999999956e+00 4.816327144123009329e-01
1.959999999999999964e+00 4.053247989664831019e-01
1.969999999999999973e+00 3.415615413653485533e-01
1.979999999999999982e+00 2.894470727323932291e-01
1.989999999999999991e+00 2.472853383254911830e-01
2.000000000000000000e+00 2.128922604355174553e-01
2.009999999999999787e+00 1.840632828479698557e-01
2.020000000000000018e+00 1.590312126027498829e-01
2.029999999999999805e+00 1.367112264522182541e-01
2.040000000000000036e+00 1.166567544364861403e-01
2.049999999999999822e+00 9.882173678035138797e-02
2.060000000000000053e+00 8.329436408578333451e-02
2.069999999999999840e+00 7.011372358662536219e-02
2.080000000000000071e+00 5.918994602063584742e-02
2.089999999999999858e+00 5.029889759995478243e-02
2.100000000000000089e+00 4.312175156512865204e-02
2.109999999999999876e+00 3.731033623538545368e-02
2.120000000000000107e+00 3.255581783586157518e-02
2.129999999999999893e+00 2.863221347979690717e-02
2.140000000000000124e+00 2.539827801158917042e-02
2.149999999999999911e+00 2.276748209648224788e-02
2.160000000000000142e+00 2.067211427348209299e-02
2.169999999999999929e+00 1.904169133389356158e-02
2.180000000000000160e+00 1.779903494835289104e-02
2.189999999999999947e+00 1.686626716494718514e-02
2.200000000000000178e+00 1.617231174613370862e-02
2.209999999999999964e+00 1.565770340371736707e-02
2.220000000000000195e+00 1.527600224811364107e-02
2.229999999999999982e+00 1.499260973247189786e-02
2.240000000000000213e+00 1.478221218681137136e-02
2.250000000000000000e+00 1.462606810115903502e-02
2.259999999999999787e+00 1.450996936531025877e-02
2.270000000000000018e+00 1.442308143277609526e-02
2.279999999999999805e+00 1.435736038512992405e-02
2.290000000000000036e+00 1.430711663460988714e-02
2.299999999999999822e+00 1.426849086627405075e-02
2.310000000000000053e+00 1.423886801899629587e-02
2.319999999999999840e+00 1.421637180350980058e-02
2.330000000000000071e+00 1.419953595918156848e-02
2.339999999999999858e+00 1.418714586338191107e-02
2.350000000000000089e+00 1.417818286973004938e-02
2.359999999999999876e+00 1.417180538784539555e-02
2.370000000000000107e+00 1.416733326689253655e-02
2.379999999999999893e+00 1.416422965750504560e-02
2.390000000000000124e+00 1.416208358756432424e-02
2.399999999999999911e+00 1.416059345008012851e-02
2.410000000000000142e+00 1.415954848792146809e-02
2.419999999999999929e+00 1.415880742635484968e-02
2.430000000000000160e+00 1.415827728886447437e-02
2.439999999999999947e+00 1.415789630164013269e-02
2.450000000000000178e+00 1.415762239993073081e-02
2.459999999999999964e+00 1.415742626520961542e-02
2.470000000000000195e+00 1.415728705496559388e-02
2.479999999999999982e+00 1.415718959410740101e-02
2.490000000000000213e+00 1.415712252541721089e-02
2.500000000000000000e+00 1.415707719451650241e-02
2.509999999999999787e+00 1.415704702808548779e-02
2.520000000000000018e+00 1.415702715025904737e-02
2.529999999999999805e+00 1.415701406786129719e-02
2.540000000000000036e+00 1.415700536966512692e-02
2.549999999999999822e+00 1.415699945036656519e-02
2.560000000000000053e+00 1.415699527930376449e-02
2.569999999999999840e+00 1.415699222074061868e-02
2.580000000000000071e+00 1.415698990081898367e-02
2.589999999999999858e+00 1.415698811056976571e-02
2.600000000000000089e+00 1.415698673431743139e-02
2.609999999999999876e+00 1.415698569809282874e-02
2.620000000000000107e+00 1.415698493833677726e-02
2.629999999999999893e+00 1.415698439075317901e-02
2.640000000000000124e+00 1.415698399336584937e-02
2.649999999999999911e+00 1.415698369399245003e-02
2.660000000000000142e+00 1.415698345478942632e-02
2.669999999999999929e+00 1.415698325207234883e-02
2.680000000000000160e+00 1.415698307314158799e-02
2.689999999999999947e+00 1.415698291213482798e-02
2.700000000000000178e+00 1.415698276601366420e-02
2.709999999999999964e+00 1.415698263136217286e-02
2.720000000000000195e+00 1.415698250277665042e-02
2.729999999999999982e+00 1.415698237351666229e-02
2.740000000000000213e+00 1.415698223821889798e-02
2.750000000000000000e+00 1.415698209609288563e-02
2.759999999999999787e+00 1.415698195226988178e-02
2.770000000000000018e+00 1.415698181594343512e-02
2.779999999999999805e+00 1.415698169618923551e-02
2.790000000000000036e+00 1.415698159798309611e-02
2.799999999999999822e+00 1.415698152055193913e-02
2.810000000000000053e+00 1.415698145842931091e-02
2.819999999999999840e+00 1.415698140419270959e-02
2.830000000000000071e+00 1.415698135160746961e-02
2.839999999999999858e+00 1.415698129809903928e-02
2.850000000000000089e+00 1.415698124551396757e-02
2.859999999999999876e+00 1.415698119857321767e-02
2.870000000000000107e+00 1.415698116180007238e-02
2.879999999999999893e+00 1.415698113696060509e-02
2.890000000000000124e+00 1.415698112261491379e-02
2.899999999999999911e+00 1.415698111554358589e-02
2.910000000000000142e+00 1.415698111254208927e-02
2.919999999999999929e+00 1.415698111140228747e-02
2.930000000000000160e+00 1.415698111096913570e-02
2.939999999999999947e+00 1.415698111077091405e-02
2.950000000000000178e+00 1.415698111065671026e-02
2.959999999999999964e+00 1.415698111058674193e-02
2.970000000000000195e+00 1.415698111054729084e-02
2.979999999999999982e+00 1.415698111052792960e-02
2.990000000000000213e+00 1.415698111051973129e-02
3.000000000000000000e+00 1.415698111051666604e-02
3.009999999999999787e+00 1.415698111051557836e-02
3.020000000000000018e+00 1.415698111051515683e-02
3.029999999999999805e+00 1.415698111051495733e-02
3.040000000000000036e+00 1.415698111051485325e-02
3.049999999999999822e+00 1.415698111051480121e-02
3.060000000000000053e+00 1.415698111051477172e-02
3.069999999999999840e+00 1.415698111051475611e-02
3.080000000000000071e+00 1.415698111051475090e-02
3.089999999999999858e+00 1.415698111051474743e-02
3.100000000000000089e+00 1.415698111051474396e-02
3.109999999999999876e+00 1.415698111051474396e-02
3.120000000000000107e+00 1.415698111051474396e-02
3.129999999999999893e+00 1.415698111051474396e-02
3.140000000000000124e+00 1.415698111051474396e-02
3.149999999999999911e+00 1.415698111051474396e-02
3.160000000000000142e+00 1.415698111051474396e-02
3.169999999999999929e+00 1.415698111051474396e-02
3.180000000000000160e+00 1.415698111051474396e-02
3.189999999999999947e+00 1.415698111051474396e-02
3.200000000000000178e+00 1.415698111051474396e-02
3.209999999999999964e+00 1.415698111051474396e-02
3.220000000000000195e+00 1.415698111051474396e-02
3.229999999999999982e+00 1.415698111051474396e-02
3.240000000000000213e+00 1.415698111051474396e-02
3.250000000000000000e+00 1.415698111051474396e-02
3.259999999999999787e+00 1.415698111051474396e-02
3.270000000000000018e+00 1.415698111051474396e-02
3.279999999999999805e+00 1.415698111051474396e-02
3.290000000000000036e+00 1.415698111051474396e-02
3.299999999999999822e+00 1.415698111051474396e-02
3.310000000000000053e+00 1.415698111051474396e-02
3.319999999999999840e+00 1.415698111051474396e-02
3.330000000000000071e+00 1.415698111051474396e-02
3.339999999999999858e+00 1.415698111051474396e-02
3.350000000000000089e+00 1.415698111051474396e-02
3.359999999999999876e+00 1.415698111051474396e-02
3.370000000000000107e+00 1.415698111051474396e-02
3.379999999999999893e+00 1.415698111051474396e-02
3.390000000000000124e+00 1.415698111051474396e-02
3.399999999999999911e+00 1.415698111051474396e-02
3.410000000000000142e+00 1.415698111051474396e-02
3.419999999999999929e+00 1.415698111051474396e-02
3.430000000000000160e+00 1.415698111051474396e-02
3.439999999999999947e+00 1.415698111051474396e-02
3.450000000000000178e+00 1.415698111051474396e-02
3.459999999999999964e+00 1.415698111051474396e-02
3.470000000000000195e+00 1.415698111051474396e-02
3.479999999999999982e+00 1.415698111051474396e-02
3.490000000000000213e+00 1.415698111051474396e-02
3.500000000000000000e+00 1.415698111051474396e-02
3.509999999999999787e+00 1.415698111051474396e-02
3.520000000000000018e+00 1.415698111051474396e-02
3.529999999999999805e+00 1.415698111051474396e-02
3.540000000000000036e+00 1.415698111051474396e-02
3.549999999999999822e+00 1.415698111051474396e-02
3.560000000000000053e+00 1.415698111051474396e-02
3.569999999999999840e+00 1.415698111051474396e-02
3.580000000000000071e+00 1.415698111051474396e-02
3.589999999999999858e+00 1.415698111051474396e-02
3.600000000000000089e+00 1.415698111051474396e-02
3.609999999999999876e+00 1.415698111051474396e-02
3.620000000000000107e+00 1.415698111051474396e-02
3.629999999999999893e+00 1.415698111051474396e-02
3.640000000000000124e+00 1.415698111051474396e-02
3.649999999999999911e+00 1.415698111051474396e-02
3.660000000000000142e+00 1.415698111051474396e-02
3.669999999999999929e+00 1.415698111051474396e-02
3.680000000000000160e+00 1.415698111051474396e-02
3.689999999999999947e+00 1.415698111051474396e-02
3.700000000000000178e+00 1.415698111051474396e-02
3.709999999999999964e+00 1.415698111051474396e-02
3.720000000000000195e+00 1.415698111051474396e-02
3.729999999999999982e+00 1.415698111051474396e-02
3.740000000000000213e+00 1.415698111051474396e-02
3.750000000000000000e+00 1.415698111051474396e-02
3.759999999999999787e+00 1.415698111051474396e-02
3.770000000000000018e+00 1.415698111051474396e-02
3.779999999999999805e+00 1.415698111051474396e-02
3.790000000000000036e+00 1.415698111051474396e-02
3.799999999999999822e+00 1.415698111051474396e-02
3.810000000000000053e+00 1.415698111051474396e-02
3.819999999999999840e+00 1.415698111051474396e-02
3.830000000000000071e+00 1.415698111051474396e-02
3.839999999999999858e+00 1.415698111051474396e-02
3.850000000000000089e+00 1.415698111051474396e-02
3.859999999999999876e+00 1.415698111051474396e-02
3.870000000000000107e+00 1.415698111051474396e-02
3.879999999999999893e+00 1.415698111051474396e-02
3.890000000000000124e+00 1.415698111051474396e-02
3.899999999999999911e+00 1.415698111051474396e-02
3.910000000000000142e+00 1.415698111051474396e-02
3.919999999999999929e+00 1.415698111051474396e-02
3.930000000000000160e+00 1.415698111051474396e-02
3.939999999999999947e+00 1.415698111051474396e-02
3.950000000000000178e+00 1.415698111051474396e-02
3.959999999999999964e+00 1.415698111051474396e-02
3.970000000000000195e+00 1.415698111051474396e-02
3.979999999999999982e+00 1.415698111051474396e-02
3.990000000000000213e+00 1.415698111051474396e-02
4.000000000000000000e+00 1.415698111051474396e-02
4.009999999999999787e+00 1.415698111051474396e-02
4.019999999999999574e+00 1.415698111051474396e-02
4.030000000000000249e+00 1.415698111051474396e-02
4.040000000000000036e+00 1.415698111051474396e-02
4.049999999999999822e+00 1.415698111051474396e-02
4.059999999999999609e+00 1.415698111051474396e-02
4.070000000000000284e+00 1.415698111051474396e-02
4.080000000000000071e+00 1.415698111051474396e-02
4.089999999999999858e+00 1.415698111051474396e-02
4.099999999999999645e+00 1.415698111051474396e-02
4.110000000000000320e+00 1.415698111051474396e-02
4.120000000000000107e+00 1.415698111051474396e-02
4.129999999999999893e+00 1.415698111051474396e-02
4.139999999999999680e+00 1.415698111051474396e-02
4.150000000000000355e+00 1.415698111051474396e-02
4.160000000000000142e+00 1.415698111051474396e-02
4.169999999999999929e+00 1.415698111051474396e-02
4.179999999999999716e+00 1.415698111051474396e-02
4.190000000000000391e+00 1.415698111051474396e-02
4.200000000000000178e+00 1.415698111051474396e-02
4.209999999999999964e+00 1.415698111051474396e-02
4.219999999999999751e+00 1.415698111051474396e-02
4.230000000000000426e+00 1.415698111051474396e-02
4.240000000000000213e+00 1.415698111051474396e-02
4.250000000000000000e+00 1.415698111051474396e-02
4.259999999999999787e+00 1.415698111051474396e-02
4.269999999999999574e+00 1.415698111051474396e-02
4.280000000000000249e+00 1.415698111051474396e-02
4.290000000000000036e+00 1.415698111051474396e-02
4.299999999999999822e+00 1.415698111051474396e-02
4.309999999999999609e+00 1.415698111051474396e-02
4.320000000000000284e+00 1.415698111051474396e-02
4.330000000000000071e+00 1.415698111051474396e-02
4.339999999999999858e+00 1.415698111051474396e-02
4.349999999999999645e+00 1.415698111051474396e-02
4.360000000000000320e+00 1.415698111051474396e-02
4.370000000000000107e+00 1.415698111051474396e-02
4.379999999999999893e+00 1.415698111051474396e-02
4.389999999999999680e+00 1.415698111051474396e-02
4.400000000000000355e+00 1.415698111051474396e-02
4.410000000000000142e+00 1.415698111051474396e-02
4.419999999999999929e+00 1.415698111051474396e-02
4.429999999999999716e+00 1.415698111051474396e-02
4.440000000000000391e+00 1.415698111051474396e-02
4.450000000000000178e+00 1.415698111051474396e-02
4.459999999999999964e+00 1.415698111051474396e-02
4.469999999999999751e+00 1.415698111051474396e-02
4.480000000000000426e+00 1.415698111051474396e-02
4.490000000000000213e+00 1.415698111051474396e-02
4.500000000000000000e+00 1.415698111051474396e-02
4.509999999999999787e+00 1.415698111051474396e-02
4.519999999999999574e+00 1.415698111051474396e-02
4.530000000000000249e+00 1.415698111051474396e-02
4.540000000000000036e+00 1.415698111051474396e-02
4.549999999999999822e+00 1.415698111051474396e-02
4.559999999999999609e+00 1.415698111051474396e-02
4.570000000000000284e+00 1.415698111051474396e-02
4.580000000000000071e+00 1.415698111051474396e-02
4.589999999999999858e+00 1.415698111051474396e-02
4.599999999999999645e+00 1.415698111051474396e-02
4.610000000000000320e+00 1.415698111051474396e-02
4.620000000000000107e+00 1.415698111051474396e-02
4.629999999999999893e+00 1.415698111051474396e-02
4.639999999999999680e+00 1.415698111051474396e-02
4.650000000000000355e+00 1.415698111051474396e-02
4.660000000000000142e+00 1.415698111051474396e-02
4.669999999999999929e+00 1.415698111051474396e-02
4.679999999999999716e+00 1.415698111051474396e-02
4.690000000000000391e+00 1.415698111051474396e-02
4.700000000000000178e+00 1.415698111051474396e-02
4.709999999999999964e+00 1.415698111051474396e-02
4.719999999999999751e+00 1.415698111051474396e-02
4.730000000000000426e+00 1.415698111051474396e-02
4.740000000000000213e+00 1.415698111051474396e-02
4.750000000000000000e+00 1.415698111051474396e-02
4.759999999999999787e+00 1.415698111051474396e-02
4.769999999999999574e+00 1.415698111051474396e-02
4.780000000000000249e+00 1.415698111051474396e-02
4.790000000000000036e+00 1.415698111051474396e-02
4.799999999999999822e+00 1.415698111051474396e-02
4.809999999999999609e+00 1.415698111051474396e-02
4.820000000000000284e+00 1.415698111051474396e-02
4.830000000000000071e+00 1.415698111051474396e-02
4.839999999999999858e+00 1.415698111051474396e-02
4.849999999999999645e+00 1.415698111051474396e-02
4.860000000000000320e+00 1.415698111051474396e-02
4.870000000000000107e+00 1.415698111051474396e-02
4.879999999999999893e+00 1.415698111051474396e-02
4.889999999999999680e+00 1.415698111051474396e-02
4.900000000000000355e+00 1.415698111051474396e-02
4.910000000000000142e+00 1.415698111051474396e-02
4.919999999999999929e+00 1.415698111051474396e-02
4.929999999999999716e+00 1.415698111051474396e-02
4.940000000000000391e+00 1.415698111051474396e-02
4.950000000000000178e+00 1.415698111051474396e-02
4.959999999999999964e+00 1.415698111051474396e-02
4.969999999999999751e+00 1.415698111051474396e-02
4.980000000000000426e+00 1.415698111051474396e-02
4.990000000000000213e+00 1.415698111051474396e-02
5.000000000000000000e+00 1.415698111051474396e-02
5.009999999999999787e+00 1.415698111051474396e-02
5.019999999999999574e+00 1.415698111051474396e-02
5.030000000000000249e+00 1.415698111051474396e-02
5.040000000000000036e+00 1.415698111051474396e-02
5.049999999999999822e+00 1.415698111051474396e-02
5.059999999999999609e+00 1.415698111051474396e-02
5.070000000000000284e+00 1.415698111051474396e-02
5.080000000000000071e+00 1.415698111051474396e-02
5.089999999999999858e+00 1.415698111051474396e-02
5.099999999999999645e+00 1.415698111051474396e-02
5.110000000000000320e+00 1.415698111051474396e-02
5.120000000000000107e+00 1.415698111051474396e-02
5.129999999999999893e+00 1.415698111051474396e-02
5.139999999999999680e+00 1.415698111051474396e-02
5.150000000000000355e+00 1.415698111051474396e-02
5.160000000000000142e+00 1.415698111051474396e-02
5.169999999999999929e+00 1.415698111051474396e-02
5.179999999999999716e+00 1.415698111051474396e-02
5.190000000000000391e+00 1.415698111051474396e-02
5.200000000000000178e+00 1.415698111051474396e-02
5.209999999999999964e+00 1.415698111051474396e-02
5.219999999999999751e+00 1.415698111051474396e-02
5.230000000000000426e+00 1.415698111051474396e-02
5.240000000000000213e+00 1.415698111051474396e-02
5.250000000000000000e+00 1.415698111051474396e-02
5.259999999999999787e+00 1.415698111051474396e-02
5.269999999999999574e+00 1.415698111051474396e-02
5.280000000000000249e+00 1.415698111051474396e-02
5.290000000000000036e+00 1.415698111051474396e-02
5.299999999999999822e+00 1.415698111051474396e-02
5.309999999999999609e+00 1.415698111051474396e-02
5.320000000000000284e+00 1.415698111051474396e-02
5.330000000000000071e+00 1.415698111051474396e-02
5.339999999999999858e+00 1.415698111051474396e-02
5.349999999999999645e+00 1.415698111051474396e-02
5.360000000000000320e+00 1.415698111051474396e-02
5.370000000000000107e+00 1.415698111051474396e-02
5.379999999999999893e+00 1.415698111051474396e-02
5.389999999999999680e+00 1.415698111051474396e-02
5.400000000000000355e+00 1.415698111051474396e-02
5.410000000000000142e+00 1.415698111051474396e-02
5.419999999999999929e+00 1.415698111051474396e-02
5.429999999999999716e+00 1.415698111051474396e-02
5.440000000000000391e+00 1.415698111051474396e-02
5.450000000000000178e+00 1.415698111051474396e-02
5.459999999999999964e+00 1.415698111051474396e-02
5.469999999999999751e+00 1.415698111051474396e-02
5.480000000000000426e+00 1.415698111051474396e-02
5.490000000000000213e+00 1.415698111051474396e-02
5.500000000000000000e+00 1.415698111051474396e-02
5.509999999999999787e+00 1.415698111051474396e-02
5.519999999999999574e+00 1.415698111051474396e-02
5.530000000000000249e+00 1.415698111051474396e-02
5.540000000000000036e+00 1.415698111051474396e-02
5.549999999999999822e+00 1.415698111051474396e-02
5.559999999999999609e+00 1.415698111051474396e-02
5.570000000000000284e+00 1.415698111051474396e-02
5.580000000000000071e+00 1.415698111051474396e-02
5.589999999999999858e+00 1.415698111051474396e-02
5.599999999999999645e+00 1.415698111051474396e-02
5.610000000000000320e+00 1.415698111051474396e-02
5.620000000000000107e+00 1.415698111051474396e-02
5.629999999999999893e+00 1.415698111051474396e-02
5.639999999999999680e+00 1.415698111051474396e-02
5.650000000000000355e+00 1.415698111051474396e-02
5.660000000000000142e+00 1.415698111051474396e-02
5.669999999999999929e+00 1.415698111051474396e-02
5.679999999999999716e+00 1.415698111051474396e-02
5.690000000000000391e+00 1.415698111051474396e-02
5.700000000000000178e+00 1.415698111051474396e-02
5.709999999999999964e+00 1.415698111051474396e-02
5.719999999999999751e+00 1.415698111051474396e-02
5.730000000000000426e+00 1.415698111051474396e-02
5.740000000000000213e+00 1.415698111051474396e-02
5.750000000000000000e+00 1.415698111051474396e-02
5.759999999999999787e+00 1.415698111051474396e-02
5.769999999999999574e+00 1.415698111051474396e-02
5.780000000000000249e+00 1.415698111051474396e-02
5.790000000000000036e+00 1.415698111051474396e-02
5.799999999999999822e+00 1.415698111051474396e-02
5.809999999999999609e+00 1.415698111051474396e-02
5.820000000000000284e+00 1.415698111051474396e-02
5.830000000000000071e+00 1.415698111051474396e-02
5.839999999999999858e+00 1.415698111051474396e-02
5.849999999999999645e+00 1.415698111051474396e-02
5.860000000000000320e+00 1.415698111051474396e-02
5.870000000000000107e+00 1.415698111051474396e-02
5.879999999999999893e+00 1.415698111051474396e-02
5.889999999999999680e+00 1.415698111051474396e-02
5.900000000000000355e+00 1.415698111051474396e-02
5.910000000000000142e+00 1.415698111051474396e-02
5.919999999999999929e+00 1.415698111051474396e-02
5.929999999999999716e+00 1.415698111051474396e-02
5.940000000000000391e+00 1.415698111051474396e-02
5.950000000000000178e+00 1.415698111051474396e-02
5.959999999999999964e+00 1.415698111051474396e-02
5.969999999999999751e+00 1.415698111051474396e-02
5.980000000000000426e+00 1.415698111051474396e-02
5.990000000000000213e+00 1.415698111051474396e-02
6.000000000000000000e+00 1.415698111051474396e-02
6.200000000000000178e+00 1.415698111051474396e-02
6.400000000000000355e+00 1.415698111051474396e-02
6.599999999999999645e+00 1.415698111051474396e-02
6.799999999999999822e+00 1.415698111051474396e-02
7.000000000000000000e+00 0.000000000000000000e+00
