0.000000000000000000e+00 0.000000000000000000e+00
1.000000000000000021e-02 1.683738335740323638e-02
2.000000000000000042e-02 1.683738335740323638e-02
2.999999999999999889e-02 1.683738335740323638e-02
4.000000000000000083e-02 1.683738335740323638e-02
5.000000000000000278e-02 1.683738335740323638e-02
5.999999999999999778e-02 1.683738335740323638e-02
7.000000000000000666e-02 1.683738335740323638e-02
8.000000000000000167e-02 1.683738335740323638e-02
8.999999999999999667e-02 1.683738335740323638e-02
1.000000000000000056e-01 1.683738335740323638e-02
1.100000000000000006e-01 1.683738335740323638e-02
1.199999999999999956e-01 1.683738335740323638e-02
1.300000000000000044e-01 1.683738335740323638e-02
1.400000000000000133e-01 1.683738335740323638e-02
1.499999999999999944e-01 1.683738335740323638e-02
1.600000000000000033e-01 1.683738335740323638e-02
1.700000000000000122e-01 1.683738335740323638e-02
1.799999999999999933e-01 1.683738335740323638e-02
1.900000000000000022e-01 1.683738335740323638e-02
2.000000000000000111e-01 1.683738335740323638e-02
2.099999999999999922e-01 1.683738335740323638e-02
2.200000000000000011e-01 1.683738335740323638e-02
2.300000000000000100e-01 1.683738335740323638e-02
2.399999999999999911e-01 1.683738335740323638e-02
2.500000000000000000e-01 1.683738335740323638e-02
2.600000000000000089e-01 1.683738335740323638e-02
2.700000000000000178e-01 1.683738335740323638e-02
2.800000000000000266e-01 1.683738335740323638e-02
2.899999999999999800e-01 1.683738335740323638e-02
2.999999999999999889e-01 1.683738335740323638e-02
3.099999999999999978e-01 1.683738335740323638e-02
3.200000000000000067e-01 1.683738335740323638e-02
3.300000000000000155e-01 1.683738335740323638e-02
3.400000000000000244e-01 1.683738335740323638e-02
3.499999999999999778e-01 1.683738335740323638e-02
3.599999999999999867e-01 1.683738335740323638e-02
3.699999999999999956e-01 1.683738335740323638e-02
3.800000000000000044e-01 1.683738335740323638e-02
3.900000000000000133e-01 1.683738335740323638e-02
4.000000000000000222e-01 1.683738335740323638e-02
4.099999999999999756e-01 1.683738335740323638e-02
4.199999999999999845e-01 1.683738335740323638e-02
4.299999999999999933e-01 1.683738335740323638e-02
4.400000000000000022e-01 1.683738335740323638e-02
4.500000000000000111e-01 1.683738335740323638e-02
4.600000000000000200e-01 1.683738335740323638e-02
4.699999999999999734e-01 1.683738335740323638e-02
4.799999999999999822e-01 1.683738335740323638e-02
4.899999999999999911e-01 1.683738335740323638e-02
5.000000000000000000e-01 1.683738335740323638e-02
5.100000000000000089e-01 1.683738335740323638e-02
5.200000000000000178e-01 1.683738335740323638e-02
5.300000000000000266e-01 1.683738335740323638e-02
5.400000000000000355e-01 1.683738335740323638e-02
5.500000000000000444e-01 1.683738335740323638e-02
5.600000000000000533e-01 1.683738335740323638e-02
5.699999999999999512e-01 1.683738335740323638e-02
5.799999999999999600e-01 1.683738335740323638e-02
5.899999999999999689e-01 1.683738335740323638e-02
5.999999999999999778e-01 1.683738335740323638e-02
6.099999999999999867e-01 1.683738335740323638e-02
6.199999999999999956e-01 1.683738335740323638e-02
6.300000000000000044e-01 1.683738335740323638e-02
6.400000000000000133e-01 1.683738335740323638e-02
6.500000000000000222e-01 1.683738335740323638e-02
6.600000000000000311e-01 1.683738335740323638e-02
6.700000000000000400e-01 1.683738335740323638e-02
6.800000000000000488e-01 1.683738335740323638e-02
6.899999999999999467e-01 1.683738335740323638e-02
6.999999999999999556e-01 1.683738335740323638e-02
7.099999999999999645e-01 1.683738335740323638e-02
7.199999999999999734e-01 1.683738335740323638e-02
7.299999999999999822e-01 1.683738335740323638e-02
7.399999999999999911e-01 1.683738335740323638e-02
7.500000000000000000e-01 1.683738335740323638e-02
7.600000000000000089e-01 1.683738335740323638e-02
7.700000000000000178e-01 1.683738335740323638e-02
7.800000000000000266e-01 1.683738335740323638e-02
7.900000000000000355e-01 1.683738335740323638e-02
8.000000000000000444e-01 1.683738335740323638e-02
8.100000000000000533e-01 1.683738335740323638e-02
8.199999999999999512e-01 1.683738335740323638e-02
8.299999999999999600e-01 1.683738335740323638e-02
8.399999999999999689e-01 1.683738335740323638e-02
8.499999999999999778e-01 1.683738335740323638e-02
8.599999999999999867e-01 1.683738335740323638e-02
8.699999999999999956e-01 1.683738335740323638e-02
8.800000000000000044e-01 1.683738335740323638e-02
8.900000000000000133e-01 1.683738335740323638e-02
9.000000000000000222e-01 1.683738335740323638e-02
9.100000000000000311e-01 1.683738335740323638e-02
9.200000000000000400e-01 1.683738335740323638e-02
9.300000000000000488e-01 1.683738335740323638e-02
9.399999999999999467e-01 1.683738335740323638e-02
9.499999999999999556e-01 1.683738335740323638e-02
9.599999999999999645e-01 1.683738335740323638e-02
9.699999999999999734e-01 1.683738335740323638e-02
9.799999999999999822e-01 1.683738335740323638e-02
9.899999999999999911e-01 1.683738335740323638e-02
1.000000000000000000e+00 1.683738335740323638e-02
1.010000000000000009e+00 1.683738335740323638e-02
1.020000000000000018e+00 1.683738335740323638e-02
1.030000000000000027e+00 1.683738335740323638e-02
1.040000000000000036e+00 1.683738335740323638e-02
1.050000000000000044e+00 1.683738335740323638e-02
1.060000000000000053e+00 1.683738335740323638e-02
1.070000000000000062e+00 1.683738335740323638e-02
1.080000000000000071e+00 1.683738335740323638e-02
1.090000000000000080e+00 1.683738335740323638e-02
1.100000000000000089e+00 1.683738335740323638e-02
1.110000000000000098e+00 1.683738335740323638e-02
1.120000000000000107e+00 1.683738335740323638e-02
1.129999999999999893e+00 1.683738335740323638e-02
1.139999999999999902e+00 1.683738335740323638e-02
1.149999999999999911e+00 1.683738335740323638e-02
1.159999999999999920e+00 1.683738335740323638e-02
1.169999999999999929e+00 1.683738335740323638e-02
1.179999999999999938e+00 1.683738335740323638e-02
1.189999999999999947e+00 1.683738335740323638e-02
1.199999999999999956e+00 1.683738335740323638e-02
1.209999999999999964e+00 1.683738335740323638e-02
1.219999999999999973e+00 1.683738335740323638e-02
1.229999999999999982e+00 1.683738335740323638e-02
1.239999999999999991e+00 1.683738335740323638e-02
1.250000000000000000e+00 1.683738335740323638e-02
1.260000000000000009e+00 1.683738335740325026e-02
1.270000000000000018e+00 1.683738335740340986e-02
1.280000000000000027e+00 1.683738335740560602e-02
1.290000000000000036e+00 1.683738335743113768e-02
1.300000000000000044e+00 1.683738335768298830e-02
1.310000000000000053e+00 1.683738335977891937e-02
1.320000000000000062e+00 1.683738337445079766e-02
1.330000000000000071e+00 1.683738346068528596e-02
1.340000000000000080e+00 1.683738388575960199e-02
1.350000000000000089e+00 1.683738564165536064e-02
1.360000000000000098e+00 1.683739171639336146e-02
1.370000000000000107e+00 1.683740930915961220e-02
1.379999999999999893e+00 1.683745193846790042e-02
1.389999999999999902e+00 1.683753832215876059e-02
1.399999999999999911e+00 1.683768464752858490e-02
1.409999999999999920e+00 1.683789190152700996e-02
1.419999999999999929e+00 1.683813831022079252e-02
1.429999999999999938e+00 1.683838865995685927e-02
1.439999999999999947e+00 1.683862016740116443e-02
1.449999999999999956e+00 1.683884684946273039e-02
1.459999999999999964e+00 1.683911840685762065e-02
1.469999999999999973e+00 1.683948468318813979e-02
1.479999999999999982e+00 1.683994663570638137e-02
1.489999999999999991e+00 1.684043734078078877e-02
1.500000000000000000e+00 1.684086149966516899e-02
1.510000000000000009e+00 1.684116734885546598e-02
1.520000000000000018e+00 1.684138430867179737e-02
1.530000000000000027e+00 1.684158747786132157e-02
1.540000000000000036e+00 1.684182168644379404e-02
1.550000000000000044e+00 1.684205464160877866e-02
1.560000000000000053e+00 1.684219713204828869e-02
1.570000000000000062e+00 1.684216857683553531e-02
1.580000000000000071e+00 1.684195381243871678e-02
1.590000000000000080e+00 1.684161156712266072e-02
1.600000000000000089e+00 1.684123689719551481e-02
1.610000000000000098e+00 1.684091192084208669e-02
1.620000000000000107e+00 1.684067806438532822e-02
1.629999999999999893e+00 1.684053785703749570e-02
1.639999999999999902e+00 1.684047248028774924e-02
1.649999999999999911e+00 1.684045835035989300e-02
1.659999999999999920e+00 1.684047584854383300e-02
1.669999999999999929e+00 1.684051239526592261e-02
1.679999999999999938e+00 1.684056396794061938e-02
1.689999999999999947e+00 1.684063612781012270e-02
1.699999999999999956e+00 1.684074309389363422e-02
1.709999999999999964e+00 1.684090492156524801e-02
1.719999999999999973e+00 1.684114744710019443e-02
1.729999999999999982e+00 1.684151348970547302e-02
1.739999999999999991e+00 1.684209455956914292e-02
1.750000000000000000e+00 1.684308908678203848e-02
1.760000000000000009e+00 1.684488028608274041e-02
1.770000000000000018e+00 1.684809688540543637e-02
1.780000000000000027e+00 1.685358648317628050e-02
1.790000000000000036e+00 1.686224093946281019e-02
1.800000000000000044e+00 1.687470282172838856e-02
1.810000000000000053e+00 1.689110513570698385e-02
1.820000000000000062e+00 1.691103047061201861e-02
1.830000000000000071e+00 1.693374571401693243e-02
1.840000000000000080e+00 1.695855162207036276e-02
1.850000000000000089e+00 1.698496073002146722e-02
1.860000000000000098e+00 1.701251890085324694e-02
1.870000000000000107e+00 1.704039403247229953e-02
1.879999999999999893e+00 1.706714803699832528e-02
1.889999999999999902e+00 1.709108461983670918e-02
1.899999999999999911e+00 1.711116643390690750e-02
1.909999999999999920e+00 1.712807920853734803e-02
1.919999999999999929e+00 1.714499687297336983e-02
1.929999999999999938e+00 1.716787591585070341e-02
1.939999999999999947e+00 1.720521825801942309e-02
1.949999999999999956e+00 1.726714010676980854e-02
1.959999999999999964e+00 1.736378582487926175e-02
1.969999999999999973e+00 1.750379145040524206e-02
1.979999999999999982e+00 1.769389618774684994e-02
1.989999999999999991e+00 1.794022797521895723e-02
2.000000000000000000e+00 1.825071037517479039e-02
2.009999999999999787e+00 1.863759885744799630e-02
2.020000000000000018e+00 1.911974799162923302e-02
2.029999999999999805e+00 1.972503166487734466e-02
2.040000000000000036e+00 2.049338507871785453e-02
2.049999999999999822e+00 2.148008446070903341e-02
2.060000000000000053e+00 2.275794366529637971e-02
2.069999999999999840e+00 2.441716976465543518e-02
2.080000000000000071e+00 2.656309384559978407e-02
2.089999999999999858e+00 2.931377065967842935e-02
2.100000000000000089e+00 3.279947324631132810e-02
2.109999999999999876e+00 3.716382390578666650e-02
2.120000000000000107e+00 4.256370157646555824e-02
2.129999999999999893e+00 4.916443198097647516e-02
2.140000000000000124e+00 5.712869378986251689e-02
2.149999999999999911e+00 6.660148721046789400e-02
2.160000000000000142e+00 7.769688464801841055e-02
2.169999999999999929e+00 9.049030939193818124e-02
2.180000000000000160e+00 1.050135531631574554e-01
2.189999999999999947e+00 1.212517991028945891e-01
2.200000000000000178e+00 1.391616212588622781e-01
2.209999999999999964e+00 1.587443618832637127e-01
2.220000000000000195e+00 1.801808635281650361e-01
2.229999999999999982e+00 2.039636723608609370e-01
2.240000000000000213e+00 2.309223599685710782e-01
2.250000000000000000e+00 2.620951170193159263e-01
2.259999999999999787e+00 2.985235203881131394e-01
2.270000000000000018e+00 3.411187058236060943e-01
2.279999999999999805e+00 3.906937797525605327e-01
2.290000000000000036e+00 4.481381804948716963e-01
2.299999999999999822e+00 5.146346207678141882e-01
2.310000000000000053e+00 5.918197305078334303e-01
2.319999999999999840e+00 6.818159272947988958e-01
2.330000000000000071e+00 7.870763254945276621e-01
2.339999999999999858e+00 9.100015549188719133e-01
2.350000000000000089e+00 1.052337702905338013e+00
2.359999999999999876e+00 1.214452371965254462e+00
2.370000000000000107e+00 1.394687272278592349e+00
2.379999999999999893e+00 1.589073681873872657e+00
2.390000000000000124e+00 1.791721290896243435e+00
2.399999999999999911e+00 1.996021604532363325e+00
2.410000000000000142e+00 2.196353208436865323e+00
2.419999999999999929e+00 2.389488030877457980e+00
2.430000000000000160e+00 2.574908697330541951e+00
2.439999999999999947e+00 2.753907715266771028e+00
2.450000000000000178e+00 2.928030811125207133e+00
2.459999999999999964e+00 3.097470936100911398e+00
2.470000000000000195e+00 3.259614224361866430e+00
2.479999999999999982e+00 3.407864118220847338e+00
2.490000000000000213e+00 3.531311929349531642e+00
2.500000000000000000e+00 3.616060606795325594e+00
2.509999999999999787e+00 3.648389355348823138e+00
2.520000000000000018e+00 3.618767899455501258e+00
2.529999999999999805e+00 3.524993675901381351e+00
2.540000000000000036e+00 3.373126029106081614e+00
2.549999999999999822e+00 3.176068682353619721e+00
2.560000000000000053e+00 2.950594430947679481e+00
2.569999999999999840e+00 2.713844839468614101e+00
2.580000000000000071e+00 2.480254042320682473e+00
2.589999999999999858e+00 2.259681297403539624e+00
2.600000000000000089e+00 2.057023180848621013e+00
2.609999999999999876e+00 1.872858499660935649e+00
2.620000000000000107e+00 1.704498575671613114e+00
2.629999999999999893e+00 1.547319718505575148e+00
2.640000000000000124e+00 1.396585371142409437e+00
2.649999999999999911e+00 1.249477420222097734e+00
2.660000000000000142e+00 1.106312532902512746e+00
2.669999999999999929e+00 9.700444359283921791e-01
2.680000000000000160e+00 8.443496262671108532e-01
2.689999999999999947e+00 7.316920601765682930e-01
2.700000000000000178e+00 6.325713073606277215e-01
2.709999999999999964e+00 5.459781730731886329e-01
2.720000000000000195e+00 4.702479038900455599e-01
2.729999999999999982e+00 4.036631367929438552e-01
2.740000000000000213e+00 3.447455041451155666e-01
2.750000000000000000e+00 2.924268572573736069e-01
2.759999999999999787e+00 2.461360435199420049e-01
2.770000000000000018e+00 2.056933396183087404e-01
2.779999999999999805e+00 1.710251274179025727e-01
2.790000000000000036e+00 1.419077350297724138e-01
2.799999999999999822e+00 1.179189169527077030e-01
2.810000000000000053e+00 9.854492821816666914e-02
2.819999999999999840e+00 8.325949751960512457e-02
2.830000000000000071e+00 7.149734896023750286e-02
2.839999999999999858e+00 6.261304597991899923e-02
2.850000000000000089e+00 5.593099857559721833e-02
2.859999999999999876e+00 5.086488823332821485e-02
2.870000000000000107e+00 4.699274250512702755e-02
2.879999999999999893e+00 4.402434744137101452e-02
2.890000000000000124e+00 4.171226161603512617e-02
2.899999999999999911e+00 3.979795525208407875e-02
2.910000000000000142e+00 3.802656006976361941e-02
2.919999999999999929e+00 3.619560392433057716e-02
2.930000000000000160e+00 3.419205869095928024e-02
2.939999999999999947e+00 3.200107719053448679e-02
2.950000000000000178e+00 2.969230932927420519e-02
2.959999999999999964e+00 2.739086706765614040e-02
2.970000000000000195e+00 2.523668920811604488e-02
2.979999999999999982e+00 2.334216013598975140e-02
2.990000000000000213e+00 2.176511424247418863e-02
3.000000000000000000e+00 2.050788405870793835e-02
3.009999999999999787e+00 1.953602437964632385e-02
3.020000000000000018e+00 1.880052447117017481e-02
3.029999999999999805e+00 1.825235491247884090e-02
3.040000000000000036e+00 1.784853006234151176e-02
3.049999999999999822e+00 1.755373734700180557e-02
3.060000000000000053e+00 1.734039345999786180e-02
3.069999999999999840e+00 1.718775457948527874e-02
3.080000000000000071e+00 1.708026005397114341e-02
3.089999999999999858e+00 1.700583937345897384e-02
3.100000000000000089e+00 1.695490557581899246e-02
3.109999999999999876e+00 1.692004811869546668e-02
3.120000000000000107e+00 1.689591876371161067e-02
3.129999999999999893e+00 1.687893334173323073e-02
3.140000000000000124e+00 1.686680180726167141e-02
3.149999999999999911e+00 1.685807253815914397e-02
3.160000000000000142e+00 1.685180202519561202e-02
3.169999999999999929e+00 1.684734675866161879e-02
3.180000000000000160e+00 1.684423684372717347e-02
3.189999999999999947e+00 1.684210554899937679e-02
3.200000000000000178e+00 1.684066049321088915e-02
3.209999999999999964e+00 1.683967786741842262e-02
3.220000000000000195e+00 1.683899931827002872e-02
3.229999999999999982e+00 1.683852133695263112e-02
3.240000000000000213e+00 1.683817940176634068e-02
3.250000000000000000e+00 1.683793328406018794e-02
3.259999999999999787e+00 1.683775689455735761e-02
3.270000000000000018e+00 1.683763228612541671e-02
3.279999999999999805e+00 1.683754623806119413e-02
3.290000000000000036e+00 1.683748839264697164e-02
3.299999999999999822e+00 1.683745045702006449e-02
3.310000000000000053e+00 1.683742600402405795e-02
3.319999999999999840e+00 1.683741037279497255e-02
3.330000000000000071e+00 1.683740040475762909e-02
3.339999999999999858e+00 1.683739405312896162e-02
3.350000000000000089e+00 1.683739001328735455e-02
3.359999999999999876e+00 1.683738745466518277e-02
3.370000000000000107e+00 1.683738584810815647e-02
3.379999999999999893e+00 1.683738485472116922e-02
3.390000000000000124e+00 1.683738425353409687e-02
3.399999999999999911e+00 1.683738389754396020e-02
3.410000000000000142e+00 1.683738368936858049e-02
3.419999999999999929e+00 1.683738356701524469e-02
3.430000000000000160e+00 1.683738349333206361e-02
3.439999999999999947e+00 1.683738344726918787e-02
3.450000000000000178e+00 1.683738341731050303e-02
3.459999999999999964e+00 1.683738339722989572e-02
3.470000000000000195e+00 1.683738338361697937e-02
3.479999999999999982e+00 1.683738337448021163e-02
3.490000000000000213e+00 1.683738336849342765e-02
3.500000000000000000e+00 1.683738336466144778e-02
3.509999999999999787e+00 1.683738336222721094e-02
3.520000000000000018e+00 1.683738336065744232e-02
3.529999999999999805e+00 1.683738335961379104e-02
3.540000000000000036e+00 1.683738335889845006e-02
3.549999999999999822e+00 1.683738335839925562e-02
3.560000000000000053e+00 1.683738335805091968e-02
3.569999999999999840e+00 1.683738335781245418e-02
3.580000000000000071e+00 1.683738335765495864e-02
3.589999999999999858e+00 1.683738335755556245e-02
3.600000000000000089e+00 1.683738335749546122e-02
3.609999999999999876e+00 1.683738335746003817e-02
3.620000000000000107e+00 1.683738335743912434e-02
3.629999999999999893e+00 1.683738335742643311e-02
3.640000000000000124e+00 1.683738335741842562e-02
3.649999999999999911e+00 1.683738335741318676e-02
3.660000000000000142e+00 1.683738335740968955e-02
3.669999999999999929e+00 1.683738335740735115e-02
3.680000000000000160e+00 1.683738335740581765e-02
3.689999999999999947e+00 1.683738335740484621e-02
3.700000000000000178e+00 1.683738335740424946e-02
3.709999999999999964e+00 1.683738335740388517e-02
3.720000000000000195e+00 1.683738335740365619e-02
3.729999999999999982e+00 1.683738335740351394e-02
3.740000000000000213e+00 1.683738335740341679e-02
3.750000000000000000e+00 1.683738335740335088e-02
3.759999999999999787e+00 1.683738335740330924e-02
3.770000000000000018e+00 1.683738335740327802e-02
3.779999999999999805e+00 1.683738335740326067e-02
3.790000000000000036e+00 1.683738335740325026e-02
3.799999999999999822e+00 1.683738335740324332e-02
3.810000000000000053e+00 1.683738335740323985e-02
3.819999999999999840e+00 1.683738335740323985e-02
3.830000000000000071e+00 1.683738335740323638e-02
3.839999999999999858e+00 1.683738335740323638e-02
3.850000000000000089e+00 1.683738335740323638e-02
3.859999999999999876e+00 1.683738335740323638e-02
3.870000000000000107e+00 1.683738335740323638e-02
3.879999999999999893e+00 1.683738335740323638e-02
3.890000000000000124e+00 1.683738335740323638e-02
3.899999999999999911e+00 1.683738335740323638e-02
3.910000000000000142e+00 1.683738335740323638e-02
3.919999999999999929e+00 1.683738335740323638e-02
3.930000000000000160e+00 1.683738335740323638e-02
3.939999999999999947e+00 1.683738335740323638e-02
3.950000000000000178e+00 1.683738335740323638e-02
3.959999999999999964e+00 1.683738335740323638e-02
3.970000000000000195e+00 1.683738335740323638e-02
3.979999999999999982e+00 1.683738335740323638e-02
3.990000000000000213e+00 1.683738335740323638e-02
4.000000000000000000e+00 1.683738335740323638e-02
4.009999999999999787e+00 1.683738335740323638e-02
4.019999999999999574e+00 1.683738335740323638e-02
4.030000000000000249e+00 1.683738335740323638e-02
4.040000000000000036e+00 1.683738335740323638e-02
4.049999999999999822e+00 1.683738335740323638e-02
4.059999999999999609e+00 1.683738335740323638e-02
4.070000000000000284e+00 1.683738335740323638e-02
4.080000000000000071e+00 1.683738335740323638e-02
4.089999999999999858e+00 1.683738335740323638e-02
4.099999999999999645e+00 1.683738335740323638e-02
4.110000000000000320e+00 1.683738335740323638e-02
4.120000000000000107e+00 1.683738335740323638e-02
4.129999999999999893e+00 1.683738335740323638e-02
4.139999999999999680e+00 1.683738335740323638e-02
4.150000000000000355e+00 1.683738335740323638e-02
4.160000000000000142e+00 1.683738335740323638e-02
4.169999999999999929e+00 1.683738335740323638e-02
4.179999999999999716e+00 1.683738335740323638e-02
4.190000000000000391e+00 1.683738335740323638e-02
4.200000000000000178e+00 1.683738335740323638e-02
4.209999999999999964e+00 1.683738335740323638e-02
4.219999999999999751e+00 1.683738335740323638e-02
4.230000000000000426e+00 1.683738335740323638e-02
4.240000000000000213e+00 1.683738335740323638e-02
4.250000000000000000e+00 1.683738335740323638e-02
4.259999999999999787e+00 1.683738335740323638e-02
4.269999999999999574e+00 1.683738335740323638e-02
4.280000000000000249e+00 1.683738335740323638e-02
4.290000000000000036e+00 1.683738335740323638e-02
4.299999999999999822e+00 1.683738335740323638e-02
4.309999999999999609e+00 1.683738335740323638e-02
4.320000000000000284e+00 1.683738335740323638e-02
4.330000000000000071e+00 1.683738335740323638e-02
4.339999999999999858e+00 1.683738335740323638e-02
4.349999999999999645e+00 1.683738335740323638e-02
4.360000000000000320e+00 1.683738335740323638e-02
4.370000000000000107e+00 1.683738335740323638e-02
4.379999999999999893e+00 1.683738335740323638e-02
4.389999999999999680e+00 1.683738335740323638e-02
4.400000000000000355e+00 1.683738335740323638e-02
4.410000000000000142e+00 1.683738335740323638e-02
4.419999999999999929e+00 1.683738335740323638e-02
4.429999999999999716e+00 1.683738335740323638e-02
4.440000000000000391e+00 1.683738335740323638e-02
4.450000000000000178e+00 1.683738335740323638e-02
4.459999999999999964e+00 1.683738335740323638e-02
4.469999999999999751e+00 1.683738335740323638e-02
4.480000000000000426e+00 1.683738335740323638e-02
4.490000000000000213e+00 1.683738335740323638e-02
4.500000000000000000e+00 1.683738335740323638e-02
4.509999999999999787e+00 1.683738335740323638e-02
4.519999999999999574e+00 1.683738335740323638e-02
4.530000000000000249e+00 1.683738335740323638e-02
4.540000000000000036e+00 1.683738335740323638e-02
4.549999999999999822e+00 1.683738335740323638e-02
4.559999999999999609e+00 1.683738335740323638e-02
4.570000000000000284e+00 1.683738335740323638e-02
4.580000000000000071e+00 1.683738335740323638e-02
4.589999999999999858e+00 1.683738335740323638e-02
4.599999999999999645e+00 1.683738335740323638e-02
4.610000000000000320e+00 1.683738335740323638e-02
4.620000000000000107e+00 1.683738335740323638e-02
4.629999999999999893e+00 1.683738335740323638e-02
4.639999999999999680e+00 1.683738335740323638e-02
4.650000000000000355e+00 1.683738335740323638e-02
4.660000000000000142e+00 1.683738335740323638e-02
4.669999999999999929e+00 1.683738335740323638e-02
4.679999999999999716e+00 1.683738335740323638e-02
4.690000000000000391e+00 1.683738335740323638e-02
4.700000000000000178e+00 1.683738335740323638e-02
4.709999999999999964e+00 1.683738335740323638e-02
4.719999999999999751e+00 1.683738335740323638e-02
4.730000000000000426e+00 1.683738335740323638e-02
4.740000000000000213e+00 1.683738335740323638e-02
4.750000000000000000e+00 1.683738335740323638e-02
4.759999999999999787e+00 1.683738335740323638e-02
4.769999999999999574e+00 1.683738335740323638e-02
4.780000000000000249e+00 1.683738335740323638e-02
4.790000000000000036e+00 1.683738335740323638e-02
4.799999999999999822e+00 1.683738335740323638e-02
4.809999999999999609e+00 1.683738335740323638e-02
4.820000000000000284e+00 1.683738335740323638e-02
4.830000000000000071e+00 1.683738335740323638e-02
4.839999999999999858e+00 1.683738335740323638e-02
4.849999999999999645e+00 1.683738335740323638e-02
4.860000000000000320e+00 1.683738335740323638e-02
4.870000000000000107e+00 1.683738335740323638e-02
4.879999999999999893e+00 1.683738335740323638e-02
4.889999999999999680e+00 1.683738335740323638e-02
4.900000000000000355e+00 1.683738335740323638e-02
4.910000000000000142e+00 1.683738335740323638e-02
4.919999999999999929e+00 1.683738335740323638e-02
4.929999999999999716e+00 1.683738335740323638e-02
4.940000000000000391e+00 1.683738335740323638e-02
4.950000000000000178e+00 1.683738335740323638e-02
4.959999999999999964e+00 1.683738335740323638e-02
4.969999999999999751e+00 1.683738335740323638e-02
4.980000000000000426e+00 1.683738335740323638e-02
4.990000000000000213e+00 1.683738335740323638e-02
5.000000000000000000e+00 1.683738335740323638e-02
5.009999999999999787e+00 1.683738335740323638e-02
5.019999999999999574e+00 1.683738335740323638e-02
5.030000000000000249e+00 1.683738335740323638e-02
5.040000000000000036e+00 1.683738335740323638e-02
5.049999999999999822e+00 1.683738335740323638e-02
5.059999999999999609e+00 1.683738335740323638e-02
5.070000000000000284e+00 1.683738335740323638e-02
5.080000000000000071e+00 1.683738335740323638e-02
5.089999999999999858e+00 1.683738335740323638e-02
5.099999999999999645e+00 1.683738335740323638e-02
5.110000000000000320e+00 1.683738335740323638e-02
5.120000000000000107e+00 1.683738335740323638e-02
5.129999999999999893e+00 1.683738335740323638e-02
5.139999999999999680e+00 1.683738335740323638e-02
5.150000000000000355e+00 1.683738335740323638e-02
5.160000000000000142e+00 1.683738335740323638e-02
5.169999999999999929e+00 1.683738335740323638e-02
5.179999999999999716e+00 1.683738335740323638e-02
5.190000000000000391e+00 1.683738335740323638e-02
5.200000000000000178e+00 1.683738335740323638e-02
5.209999999999999964e+00 1.683738335740323638e-02
5.219999999999999751e+00 1.683738335740323638e-02
5.230000000000000426e+00 1.683738335740323638e-02
5.240000000000000213e+00 1.683738335740323638e-02
5.250000000000000000e+00 1.683738335740323638e-02
5.259999999999999787e+00 1.683738335740323638e-02
5.269999999999999574e+00 1.683738335740323638e-02
5.280000000000000249e+00 1.683738335740323638e-02
5.290000000000000036e+00 1.683738335740323638e-02
5.299999999999999822e+00 1.683738335740323638e-02
5.309999999999999609e+00 1.683738335740323638e-02
5.320000000000000284e+00 1.683738335740323638e-02
5.330000000000000071e+00 1.683738335740323638e-02
5.339999999999999858e+00 1.683738335740323638e-02
5.349999999999999645e+00 1.683738335740323638e-02
5.360000000000000320e+00 1.683738335740323638e-02
5.370000000000000107e+00 1.683738335740323638e-02
5.379999999999999893e+00 1.683738335740323638e-02
5.389999999999999680e+00 1.683738335740323638e-02
5.400000000000000355e+00 1.683738335740323638e-02
5.410000000000000142e+00 1.683738335740323638e-02
5.419999999999999929e+00 1.683738335740323638e-02
5.429999999999999716e+00 1.683738335740323638e-02
5.440000000000000391e+00 1.683738335740323638e-02
5.450000000000000178e+00 1.683738335740323638e-02
5.459999999999999964e+00 1.683738335740323638e-02
5.469999999999999751e+00 1.683738335740323638e-02
5.480000000000000426e+00 1.683738335740323638e-02
5.490000000000000213e+00 1.683738335740323638e-02
5.500000000000000000e+00 1.683738335740323638e-02
5.509999999999999787e+00 1.683738335740323638e-02
5.519999999999999574e+00 1.683738335740323638e-02
5.530000000000000249e+00 1.683738335740323638e-02
5.540000000000000036e+00 1.683738335740323638e-02
5.549999999999999822e+00 1.683738335740323638e-02
5.559999999999999609e+00 1.683738335740323638e-02
5.570000000000000284e+00 1.683738335740323638e-02
5.580000000000000071e+00 1.683738335740323638e-02
5.589999999999999858e+00 1.683738335740323638e-02
5.599999999999999645e+00 1.683738335740323638e-02
5.610000000000000320e+00 1.683738335740323638e-02
5.620000000000000107e+00 1.683738335740323638e-02
5.629999999999999893e+00 1.683738335740323638e-02
5.639999999999999680e+00 1.683738335740323638e-02
5.650000000000000355e+00 1.683738335740323638e-02
5.660000000000000142e+00 1.683738335740323638e-02
5.669999999999999929e+00 1.683738335740323638e-02
5.679999999999999716e+00 1.683738335740323638e-02
5.690000000000000391e+00 1.683738335740323638e-02
5.700000000000000178e+00 1.683738335740323638e-02
5.709999999999999964e+00 1.683738335740323638e-02
5.719999999999999751e+00 1.683738335740323638e-02
5.730000000000000426e+00 1.683738335740323638e-02
5.740000000000000213e+00 1.683738335740323638e-02
5.750000000000000000e+00 1.683738335740323638e-02
5.759999999999999787e+00 1.683738335740323638e-02
5.769999999999999574e+00 1.683738335740323638e-02
5.780000000000000249e+00 1.683738335740323638e-02
5.790000000000000036e+00 1.683738335740323638e-02
5.799999999999999822e+00 1.683738335740323638e-02
5.809999999999999609e+00 1.683738335740323638e-02
5.820000000000000284e+00 1.683738335740323638e-02
5.830000000000000071e+00 1.683738335740323638e-02
5.839999999999999858e+00 1.683738335740323638e-02
5.849999999999999645e+00 1.683738335740323638e-02
5.860000000000000320e+00 1.683738335740323638e-02
5.870000000000000107e+00 1.683738335740323638e-02
5.879999999999999893e+00 1.683738335740323638e-02
5.889999999999999680e+00 1.683738335740323638e-02
5.900000000000000355e+00 1.683738335740323638e-02
5.910000000000000142e+00 1.683738335740323638e-02
5.919999999999999929e+00 1.683738335740323638e-02
5.929999999999999716e+00 1.683738335740323638e-02
5.940000000000000391e+00 1.683738335740323638e-02
5.950000000000000178e+00 1.683738335740323638e-02
5.959999999999999964e+00 1.683738335740323638e-02
5.969999999999999751e+00 1.683738335740323638e-02
5.980000000000000426e+00 1.683738335740323638e-02
5.990000000000000213e+00 1.683738335740323638e-02
6.000000000000000000e+00 1.683738335740323638e-02
6.200000000000000178e+00 1.683738335740323638e-02
6.400000000000000355e+00 1.683738335740323638e-02
6.599999999999999645e+00 1.683738335740323638e-02
6.799999999999999822e+00 1.683738335740323638e-02
7.000000000000000000e+00 0.000000000000000000e+00
