0.000000000000000000e+00 0.000000000000000000e+00
1.000000000000000021e-02 1.415698111051474743e-02
2.000000000000000042e-02 1.415698111051474743e-02
2.999999999999999889e-02 1.415698111051474743e-02
4.000000000000000083e-02 1.415698111051474743e-02
5.000000000000000278e-02 1.415698111051474743e-02
5.999999999999999778e-02 1.415698111051474743e-02
7.000000000000000666e-02 1.415698111051474743e-02
8.000000000000000167e-02 1.415698111051474743e-02
8.999999999999999667e-02 1.415698111051474743e-02
1.000000000000000056e-01 1.415698111051474743e-02
1.100000000000000006e-01 1.415698111051474743e-02
1.199999999999999956e-01 1.415698111051474743e-02
1.300000000000000044e-01 1.415698111051474743e-02
1.400000000000000133e-01 1.415698111051474743e-02
1.499999999999999944e-01 1.415698111051474743e-02
1.600000000000000033e-01 1.415698111051474743e-02
1.700000000000000122e-01 1.415698111051474743e-02
1.799999999999999933e-01 1.415698111051474743e-02
1.900000000000000022e-01 1.415698111051474743e-02
2.000000000000000111e-01 1.415698111051474743e-02
2.099999999999999922e-01 1.415698111051474743e-02
2.200000000000000011e-01 1.415698111051474743e-02
2.300000000000000100e-01 1.415698111051474743e-02
2.399999999999999911e-01 1.415698111051474743e-02
2.500000000000000000e-01 1.415698111051474743e-02
2.600000000000000089e-01 1.415698111051474743e-02
2.700000000000000178e-01 1.415698111051474743e-02
2.800000000000000266e-01 1.415698111051474743e-02
2.899999999999999800e-01 1.415698111051474743e-02
2.999999999999999889e-01 1.415698111051474743e-02
3.099999999999999978e-01 1.415698111051474743e-02
3.200000000000000067e-01 1.415698111051474743e-02
3.300000000000000155e-01 1.415698111051474743e-02
3.400000000000000244e-01 1.415698111051474743e-02
3.499999999999999778e-01 1.415698111051474743e-02
3.599999999999999867e-01 1.415698111051474743e-02
3.699999999999999956e-01 1.415698111051474743e-02
3.800000000000000044e-01 1.415698111051474743e-02
3.900000000000000133e-01 1.415698111051474743e-02
4.000000000000000222e-01 1.415698111051474743e-02
4.099999999999999756e-01 1.415698111051474743e-02
4.199999999999999845e-01 1.415698111051474743e-02
4.299999999999999933e-01 1.415698111051474743e-02
4.400000000000000022e-01 1.415698111051474743e-02
4.500000000000000111e-01 1.415698111051474743e-02
4.600000000000000200e-01 1.415698111051474743e-02
4.699999999999999734e-01 1.415698111051474743e-02
4.799999999999999822e-01 1.415698111051474743e-02
4.899999999999999911e-01 1.415698111051474743e-02
5.000000000000000000e-01 1.415698111051474743e-02
5.100000000000000089e-01 1.415698111051474743e-02
5.200000000000000178e-01 1.415698111051474743e-02
5.300000000000000266e-01 1.415698111051474743e-02
5.400000000000000355e-01 1.415698111051474743e-02
5.500000000000000444e-01 1.415698111051474743e-02
5.600000000000000533e-01 1.415698111051474743e-02
5.699999999999999512e-01 1.415698111051474743e-02
5.799999999999999600e-01 1.415698111051474743e-02
5.899999999999999689e-01 1.415698111051474743e-02
5.999999999999999778e-01 1.415698111051474743e-02
6.099999999999999867e-01 1.415698111051474743e-02
6.199999999999999956e-01 1.415698111051474743e-02
6.300000000000000044e-01 1.415698111051474743e-02
6.400000000000000133e-01 1.415698111051474743e-02
6.500000000000000222e-01 1.415698111051474743e-02
6.600000000000000311e-01 1.415698111051474743e-02
6.700000000000000400e-01 1.415698111051474743e-02
6.800000000000000488e-01 1.415698111051474743e-02
6.899999999999999467e-01 1.415698111051474743e-02
6.999999999999999556e-01 1.415698111051474743e-02
7.099999999999999645e-01 1.415698111051474743e-02
7.199999999999999734e-01 1.415698111051474743e-02
7.299999999999999822e-01 1.415698111051474743e-02
7.399999999999999911e-01 1.415698111051474743e-02
7.500000000000000000e-01 1.415698111051474743e-02
7.600000000000000089e-01 1.415698111051474743e-02
7.700000000000000178e-01 1.415698111051474743e-02
7.800000000000000266e-01 1.415698111051474743e-02
7.900000000000000355e-01 1.415698111051474743e-02
8.000000000000000444e-01 1.415698111051474743e-02
8.100000000000000533e-01 1.415698111051474743e-02
8.199999999999999512e-01 1.415698111051474743e-02
8.299999999999999600e-01 1.415698111051474743e-02
8.399999999999999689e-01 1.415698111051474743e-02
8.499999999999999778e-01 1.415698111051474743e-02
8.599999999999999867e-01 1.415698111051474743e-02
8.699999999999999956e-01 1.415698111051474743e-02
8.800000000000000044e-01 1.415698111051474743e-02
8.900000000000000133e-01 1.415698111051474743e-02
9.000000000000000222e-01 1.415698111051474743e-02
9.100000000000000311e-01 1.415698111051474743e-02
9.200000000000000400e-01 1.415698111051474743e-02
9.300000000000000488e-01 1.415698111051474743e-02
9.399999999999999467e-01 1.415698111051474743e-02
9.499999999999999556e-01 1.415698111051474743e-02
9.599999999999999645e-01 1.415698111051474743e-02
9.699999999999999734e-01 1.415698111051474743e-02
9.799999999999999822e-01 1.415698111051474743e-02
9.899999999999999911e-01 1.415698111051474743e-02
1.000000000000000000e+00 1.415698111051474743e-02
1.010000000000000009e+00 1.415698111051474743e-02
1.020000000000000018e+00 1.415698111051474743e-02
1.030000000000000027e+00 1.415698111051474743e-02
1.040000000000000036e+00 1.415698111051474743e-02
1.050000000000000044e+00 1.415698111051474743e-02
1.060000000000000053e+00 1.415698111051474743e-02
1.070000000000000062e+00 1.415698111051474743e-02
1.080000000000000071e+00 1.415698111051474743e-02
1.090000000000000080e+00 1.415698111051474743e-02
1.100000000000000089e+00 1.415698111051474743e-02
1.110000000000000098e+00 1.415698111051474743e-02
1.120000000000000107e+00 1.415698111051474743e-02
1.129999999999999893e+00 1.415698111051474743e-02
1.139999999999999902e+00 1.415698111051474743e-02
1.149999999999999911e+00 1.415698111051474743e-02
1.159999999999999920e+00 1.415698111051474743e-02
1.169999999999999929e+00 1.415698111051474743e-02
1.179999999999999938e+00 1.415698111051474743e-02
1.189999999999999947e+00 1.415698111051474743e-02
1.199999999999999956e+00 1.415698111051474743e-02
1.209999999999999964e+00 1.415698111051474743e-02
1.219999999999999973e+00 1.415698111051474743e-02
1.229999999999999982e+00 1.415698111051474743e-02
1.239999999999999991e+00 1.415698111051474743e-02
1.250000000000000000e+00 1.415698111051474743e-02
1.260000000000000009e+00 1.415698111051474743e-02
1.270000000000000018e+00 1.415698111051474743e-02
1.280000000000000027e+00 1.415698111051474743e-02
1.290000000000000036e+00 1.415698111051474743e-02
1.300000000000000044e+00 1.415698111051474743e-02
1.310000000000000053e+00 1.415698111051474743e-02
1.320000000000000062e+00 1.415698111051474743e-02
1.330000000000000071e+00 1.415698111051474743e-02
1.340000000000000080e+00 1.415698111051474743e-02
1.350000000000000089e+00 1.415698111051474743e-02
1.360000000000000098e+00 1.415698111051474743e-02
1.370000000000000107e+00 1.415698111051474743e-02
1.379999999999999893e+00 1.415698111051474743e-02
1.389999999999999902e+00 1.415698111051474743e-02
1.399999999999999911e+00 1.415698111051474743e-02
1.409999999999999920e+00 1.415698111051474743e-02
1.419999999999999929e+00 1.415698111051474743e-02
1.429999999999999938e+00 1.415698111051474743e-02
1.439999999999999947e+00 1.415698111051474743e-02
1.449999999999999956e+00 1.415698111051474743e-02
1.459999999999999964e+00 1.415698111051474743e-02
1.469999999999999973e+00 1.415698111051474743e-02
1.479999999999999982e+00 1.415698111051474743e-02
1.489999999999999991e+00 1.415698111051474743e-02
1.500000000000000000e+00 1.415698111051474743e-02
1.510000000000000009e+00 1.415698111051474743e-02
1.520000000000000018e+00 1.415698111051474743e-02
1.530000000000000027e+00 1.415698111051474743e-02
1.540000000000000036e+00 1.415698111051474743e-02
1.550000000000000044e+00 1.415698111051474743e-02
1.560000000000000053e+00 1.415698111051474743e-02
1.570000000000000062e+00 1.415698111051474743e-02
1.580000000000000071e+00 1.415698111051474743e-02
1.590000000000000080e+00 1.415698111051474743e-02
1.600000000000000089e+00 1.415698111051474743e-02
1.610000000000000098e+00 1.415698111051474743e-02
1.620000000000000107e+00 1.415698111051474743e-02
1.629999999999999893e+00 1.415698111051474743e-02
1.639999999999999902e+00 1.415698111051474743e-02
1.649999999999999911e+00 1.415698111051474743e-02
1.659999999999999920e+00 1.415698111051474743e-02
1.669999999999999929e+00 1.415698111051474743e-02
1.679999999999999938e+00 1.415698111051474743e-02
1.689999999999999947e+00 1.415698111051474743e-02
1.699999999999999956e+00 1.415698111051474743e-02
1.709999999999999964e+00 1.415698111051474743e-02
1.719999999999999973e+00 1.415698111051474743e-02
1.729999999999999982e+00 1.415698111051474743e-02
1.739999999999999991e+00 1.415698111051476304e-02
1.750000000000000000e+00 1.415698111051507876e-02
1.760000000000000009e+00 1.415698111052071835e-02
1.770000000000000018e+00 1.415698111060614307e-02
1.780000000000000027e+00 1.415698111170361935e-02
1.790000000000000036e+00 1.415698112366436077e-02
1.800000000000000044e+00 1.415698123423801170e-02
1.810000000000000053e+00 1.415698210141095800e-02
1.820000000000000062e+00 1.415698787190224940e-02
1.830000000000000071e+00 1.415702046706490518e-02
1.840000000000000080e+00 1.415717686441157405e-02
1.850000000000000089e+00 1.415781500465710177e-02
1.860000000000000098e+00 1.416003288164503250e-02
1.870000000000000107e+00 1.416661543207475490e-02
1.879999999999999893e+00 1.418336428489664139e-02
1.889999999999999902e+00 1.422012673205761031e-02
1.899999999999999911e+00 1.429044449148593812e-02
1.909999999999999920e+00 1.440966413031592556e-02
1.919999999999999929e+00 1.459390235678811529e-02
1.929999999999999938e+00 1.486440409946945644e-02
1.939999999999999947e+00 1.526022263975099040e-02
1.949999999999999956e+00 1.585580964759709249e-02
1.959999999999999964e+00 1.677279446177002212e-02
1.969999999999999973e+00 1.817373197683837954e-02
1.979999999999999982e+00 2.023445344179039887e-02
1.989999999999999991e+00 2.310699403304240090e-02
2.000000000000000000e+00 2.689462075390780527e-02
2.009999999999999787e+00 3.165528730213371805e-02
2.020000000000000018e+00 3.743459541738747287e-02
2.029999999999999805e+00 4.431409094909135454e-02
2.040000000000000036e+00 5.244843518277808592e-02
2.049999999999999822e+00 6.205889395583901597e-02
2.060000000000000053e+00 7.336335307937477679e-02
2.069999999999999840e+00 8.646006295074681880e-02
2.080000000000000071e+00 1.012220708478862030e-01
2.089999999999999858e+00 1.172679110305379080e-01
2.100000000000000089e+00 1.340384037418934360e-01
2.109999999999999876e+00 1.509498034217030549e-01
2.120000000000000107e+00 1.675496344399567406e-01
2.129999999999999893e+00 1.836073082441988802e-01
2.140000000000000124e+00 1.991319913447754386e-01
2.149999999999999911e+00 2.143838705622710672e-01
2.160000000000000142e+00 2.299502282835963474e-01
2.169999999999999929e+00 2.468419939367956228e-01
2.180000000000000160e+00 2.664206769149081167e-01
2.189999999999999947e+00 2.900063743929252591e-01
2.200000000000000178e+00 3.183167628154179307e-01
2.209999999999999964e+00 3.511594141442890282e-01
2.220000000000000195e+00 3.876779703381496023e-01
2.229999999999999982e+00 4.269917413350130531e-01
2.240000000000000213e+00 4.687404946619010415e-01
2.250000000000000000e+00 5.131750972388733345e-01
2.259999999999999787e+00 5.608394523063340298e-01
2.270000000000000018e+00 6.121577787609864263e-01
2.279999999999999805e+00 6.671927365008585298e-01
2.290000000000000036e+00 7.256298082267458316e-01
2.299999999999999822e+00 7.869047248546641171e-01
2.310000000000000053e+00 8.503822430295371326e-01
2.319999999999999840e+00 9.155177980134494575e-01
2.330000000000000071e+00 9.819183803781735831e-01
2.339999999999999858e+00 1.049215839918074211e+00
2.350000000000000089e+00 1.116757733900046512e+00
2.359999999999999876e+00 1.183282024956522349e+00
2.370000000000000107e+00 1.246820720591255371e+00
2.379999999999999893e+00 1.304964608274868265e+00
2.390000000000000124e+00 1.355406303041402971e+00
2.399999999999999911e+00 1.396545350703964683e+00
2.410000000000000142e+00 1.427939492120969600e+00
2.419999999999999929e+00 1.450450269362026035e+00
2.430000000000000160e+00 1.466038153913175712e+00
2.439999999999999947e+00 1.477334332114217164e+00
2.450000000000000178e+00 1.487266137476569661e+00
2.459999999999999964e+00 1.498948100418330487e+00
2.470000000000000195e+00 1.515700669534189249e+00
2.479999999999999982e+00 1.540711651216134737e+00
2.490000000000000213e+00 1.576022044249066889e+00
2.500000000000000000e+00 1.621285622422279804e+00
2.509999999999999787e+00 1.673360160689527198e+00
2.520000000000000018e+00 1.727364275979553554e+00
2.529999999999999805e+00 1.778617376102852088e+00
2.540000000000000036e+00 1.824129549119733129e+00
2.549999999999999822e+00 1.862793783416097915e+00
2.560000000000000053e+00 1.894556985735185384e+00
2.569999999999999840e+00 1.919480424330584745e+00
2.580000000000000071e+00 1.937342766385570458e+00
2.589999999999999858e+00 1.947783673880009170e+00
2.600000000000000089e+00 1.950580867911398508e+00
2.609999999999999876e+00 1.945715447065662129e+00
2.620000000000000107e+00 1.933207787942750278e+00
2.629999999999999893e+00 1.912968148958169579e+00
2.640000000000000124e+00 1.884879308922975172e+00
2.649999999999999911e+00 1.849049717459597231e+00
2.660000000000000142e+00 1.805939009231916748e+00
2.669999999999999929e+00 1.756147607685076828e+00
2.680000000000000160e+00 1.700015482657442734e+00
2.689999999999999947e+00 1.637407627776932495e+00
2.700000000000000178e+00 1.567909282482724542e+00
2.709999999999999964e+00 1.491287838305245694e+00
2.720000000000000195e+00 1.407899604429470486e+00
2.729999999999999982e+00 1.318874293244285845e+00
2.740000000000000213e+00 1.226154997478295039e+00
2.750000000000000000e+00 1.132497361897784494e+00
2.759999999999999787e+00 1.041329713362463272e+00
2.770000000000000018e+00 9.562494123740369334e-01
2.779999999999999805e+00 8.801423015638687453e-01
2.790000000000000036e+00 8.143241047534215404e-01
2.799999999999999822e+00 7.582553473522757326e-01
2.810000000000000053e+00 7.100243065403609721e-01
2.819999999999999840e+00 6.672433092997983595e-01
2.830000000000000071e+00 6.278052649722425382e-01
2.839999999999999858e+00 5.902262041203748533e-01
2.850000000000000089e+00 5.536735855888507141e-01
2.859999999999999876e+00 5.178822109160577947e-01
2.870000000000000107e+00 4.830280769911103889e-01
2.879999999999999893e+00 4.495303268041757061e-01
2.890000000000000124e+00 4.177979707135047183e-01
2.899999999999999911e+00 3.880215575684091145e-01
2.910000000000000142e+00 3.601039633220587399e-01
2.919999999999999929e+00 3.337371301522331635e-01
2.930000000000000160e+00 3.085530031520176131e-01
2.939999999999999947e+00 2.842624751347144763e-01
2.950000000000000178e+00 2.607321905478868218e-01
2.959999999999999964e+00 2.379935049068858943e-01
2.970000000000000195e+00 2.162041662153574850e-01
2.979999999999999982e+00 1.955894642176712606e-01
2.990000000000000213e+00 1.763830949563985340e-01
3.000000000000000000e+00 1.587761773400801490e-01
3.009999999999999787e+00 1.428755716154656019e-01
3.020000000000000018e+00 1.286764427452754822e-01
3.029999999999999805e+00 1.160610958743739929e-01
3.040000000000000036e+00 1.048317716665329580e-01
3.049999999999999822e+00 9.476730616450260158e-02
3.060000000000000053e+00 8.567709385924975052e-02
3.069999999999999840e+00 7.742695179838723907e-02
3.080000000000000071e+00 6.993142970393807778e-02
3.089999999999999858e+00 6.312922550988339654e-02
3.100000000000000089e+00 5.696402567596427907e-02
3.109999999999999876e+00 5.138084028698899214e-02
3.120000000000000107e+00 4.633263683929399884e-02
3.129999999999999893e+00 4.178658047753812388e-02
3.140000000000000124e+00 3.772338573275327983e-02
3.149999999999999911e+00 3.413008712323274685e-02
3.160000000000000142e+00 3.099065747148583780e-02
3.169999999999999929e+00 2.827923661382817505e-02
3.180000000000000160e+00 2.595865260536282457e-02
3.189999999999999947e+00 2.398413899276213845e-02
3.200000000000000178e+00 2.230979554673196558e-02
3.209999999999999964e+00 2.089431167348180726e-02
3.220000000000000195e+00 1.970341021157466857e-02
3.229999999999999982e+00 1.870879399958310166e-02
3.240000000000000213e+00 1.788538959002988413e-02
3.250000000000000000e+00 1.720910428443919379e-02
3.259999999999999787e+00 1.665627769956995463e-02
3.270000000000000018e+00 1.620458905160525320e-02
3.279999999999999805e+00 1.583438243302731988e-02
3.290000000000000036e+00 1.552949395303651267e-02
3.299999999999999822e+00 1.527728962777625057e-02
3.310000000000000053e+00 1.506813890268320945e-02
3.319999999999999840e+00 1.489468578231924883e-02
3.330000000000000071e+00 1.475116987592980412e-02
3.339999999999999858e+00 1.463291376803548156e-02
3.350000000000000089e+00 1.453600534964142287e-02
3.359999999999999876e+00 1.445713325130739725e-02
3.370000000000000107e+00 1.439348438078598066e-02
3.379999999999999893e+00 1.434263205798605965e-02
3.390000000000000124e+00 1.430241906860152228e-02
3.399999999999999911e+00 1.427088727285585543e-02
3.410000000000000142e+00 1.424627822857411560e-02
3.419999999999999929e+00 1.422707490994914656e-02
3.430000000000000160e+00 1.421203628169885429e-02
3.439999999999999947e+00 1.420019847901099128e-02
3.450000000000000178e+00 1.419084373487080296e-02
3.459999999999999964e+00 1.418344952343950083e-02
3.470000000000000195e+00 1.417763052845808294e-02
3.479999999999999982e+00 1.417308571876623770e-02
3.490000000000000213e+00 1.416956208125674452e-02
3.500000000000000000e+00 1.416683972148463297e-02
3.509999999999999787e+00 1.416473212762090102e-02
3.520000000000000018e+00 1.416308987298978660e-02
3.529999999999999805e+00 1.416179991973963957e-02
3.540000000000000036e+00 1.416077999884672416e-02
3.549999999999999822e+00 1.415997117957498025e-02
3.560000000000000053e+00 1.415933094103580432e-02
3.569999999999999840e+00 1.415882731585183484e-02
3.580000000000000071e+00 1.415843432182482646e-02
3.589999999999999858e+00 1.415812927602240132e-02
3.600000000000000089e+00 1.415789220237675256e-02
3.609999999999999876e+00 1.415770646877389898e-02
3.620000000000000107e+00 1.415755931795274411e-02
3.629999999999999893e+00 1.415744159841484870e-02
3.640000000000000124e+00 1.415734692281499750e-02
3.649999999999999911e+00 1.415727079216523923e-02
3.660000000000000142e+00 1.415720994217162937e-02
3.669999999999999929e+00 1.415716185388251475e-02
3.680000000000000160e+00 1.415712435493541622e-02
3.689999999999999947e+00 1.415709537640349146e-02
3.700000000000000178e+00 1.415707294155090987e-02
3.709999999999999964e+00 1.415705531754049042e-02
3.720000000000000195e+00 1.415704115998526157e-02
3.729999999999999982e+00 1.415702953946307296e-02
3.740000000000000213e+00 1.415701986495778060e-02
3.750000000000000000e+00 1.415701177747532430e-02
3.759999999999999787e+00 1.415700506035088256e-02
3.770000000000000018e+00 1.415699956982699459e-02
3.779999999999999805e+00 1.415699517999152203e-02
3.790000000000000036e+00 1.415699174905088106e-02
3.799999999999999822e+00 1.415698911544661584e-02
3.810000000000000053e+00 1.415698711617154916e-02
3.819999999999999840e+00 1.415698560752046142e-02
3.830000000000000071e+00 1.415698447426768508e-02
3.839999999999999858e+00 1.415698362732010357e-02
3.850000000000000089e+00 1.415698299737810743e-02
3.859999999999999876e+00 1.415698253016571193e-02
3.870000000000000107e+00 1.415698218384458563e-02
3.879999999999999893e+00 1.415698192696189517e-02
3.890000000000000124e+00 1.415698173610515503e-02
3.899999999999999911e+00 1.415698159372463273e-02
3.910000000000000142e+00 1.415698148664213188e-02
3.919999999999999929e+00 1.415698140513176224e-02
3.930000000000000160e+00 1.415698134220473754e-02
3.939999999999999947e+00 1.415698129295227953e-02
3.950000000000000178e+00 1.415698125399470104e-02
3.959999999999999964e+00 1.415698122305177054e-02
3.970000000000000195e+00 1.415698119857401391e-02
3.979999999999999982e+00 1.415698117941124705e-02
3.990000000000000213e+00 1.415698116457592831e-02
4.000000000000000000e+00 1.415698115315497212e-02
4.009999999999999787e+00 1.415698114433670655e-02
4.019999999999999574e+00 1.415698113746220038e-02
4.030000000000000249e+00 1.415698113203870193e-02
4.040000000000000036e+00 1.415698112771524714e-02
4.049999999999999822e+00 1.415698112424834849e-02
4.059999999999999609e+00 1.415698112147278573e-02
4.070000000000000284e+00 1.415698111927513221e-02
4.080000000000000071e+00 1.415698111756748950e-02
4.089999999999999858e+00 1.415698111626774794e-02
4.099999999999999645e+00 1.415698111529307100e-02
4.110000000000000320e+00 1.415698111456411071e-02
4.120000000000000107e+00 1.415698111401144342e-02
4.129999999999999893e+00 1.415698111357889533e-02
4.139999999999999680e+00 1.415698111322428315e-02
4.150000000000000355e+00 1.415698111291951132e-02
4.160000000000000142e+00 1.415698111264950161e-02
4.169999999999999929e+00 1.415698111240867516e-02
4.179999999999999716e+00 1.415698111219542733e-02
4.190000000000000391e+00 1.415698111200750647e-02
4.200000000000000178e+00 1.415698111184051332e-02
4.209999999999999964e+00 1.415698111168916390e-02
4.219999999999999751e+00 1.415698111154919947e-02
4.230000000000000426e+00 1.415698111141825907e-02
4.240000000000000213e+00 1.415698111129578239e-02
4.250000000000000000e+00 1.415698111118261424e-02
4.259999999999999787e+00 1.415698111108053443e-02
4.269999999999999574e+00 1.415698111099155179e-02
4.280000000000000249e+00 1.415698111091701072e-02
4.290000000000000036e+00 1.415698111085688868e-02
4.299999999999999822e+00 1.415698111080978747e-02
4.309999999999999609e+00 1.415698111077337736e-02
4.320000000000000284e+00 1.415698111074494177e-02
4.330000000000000071e+00 1.415698111072177107e-02
4.339999999999999858e+00 1.415698111070152337e-02
4.349999999999999645e+00 1.415698111068261315e-02
4.360000000000000320e+00 1.415698111066442631e-02
4.370000000000000107e+00 1.415698111064713459e-02
4.379999999999999893e+00 1.415698111063119248e-02
4.389999999999999680e+00 1.415698111061682724e-02
4.400000000000000355e+00 1.415698111060388793e-02
4.410000000000000142e+00 1.415698111059200681e-02
4.419999999999999929e+00 1.415698111058085254e-02
4.429999999999999716e+00 1.415698111057027940e-02
4.440000000000000391e+00 1.415698111056035158e-02
4.450000000000000178e+00 1.415698111055127550e-02
4.459999999999999964e+00 1.415698111054331312e-02
4.469999999999999751e+00 1.415698111053668648e-02
4.480000000000000426e+00 1.415698111053148404e-02
4.490000000000000213e+00 1.415698111052761735e-02
4.500000000000000000e+00 1.415698111052485393e-02
4.509999999999999787e+00 1.415698111052290584e-02
4.519999999999999574e+00 1.415698111052149898e-02
4.530000000000000249e+00 1.415698111052043386e-02
4.540000000000000036e+00 1.415698111051956476e-02
4.549999999999999822e+00 1.415698111051881709e-02
4.559999999999999609e+00 1.415698111051815790e-02
4.570000000000000284e+00 1.415698111051758544e-02
4.580000000000000071e+00 1.415698111051710492e-02
4.589999999999999858e+00 1.415698111051671114e-02
4.599999999999999645e+00 1.415698111051638848e-02
4.610000000000000320e+00 1.415698111051612654e-02
4.620000000000000107e+00 1.415698111051590449e-02
4.629999999999999893e+00 1.415698111051571020e-02
4.639999999999999680e+00 1.415698111051553153e-02
4.650000000000000355e+00 1.415698111051537540e-02
4.660000000000000142e+00 1.415698111051523836e-02
4.669999999999999929e+00 1.415698111051511866e-02
4.679999999999999716e+00 1.415698111051502499e-02
4.690000000000000391e+00 1.415698111051495386e-02
4.700000000000000178e+00 1.415698111051490009e-02
4.709999999999999964e+00 1.415698111051486192e-02
4.719999999999999751e+00 1.415698111051483417e-02
4.730000000000000426e+00 1.415698111051481509e-02
4.740000000000000213e+00 1.415698111051479947e-02
4.750000000000000000e+00 1.415698111051479080e-02
4.759999999999999787e+00 1.415698111051478213e-02
4.769999999999999574e+00 1.415698111051477519e-02
4.780000000000000249e+00 1.415698111051477172e-02
4.790000000000000036e+00 1.415698111051476651e-02
4.799999999999999822e+00 1.415698111051476304e-02
4.809999999999999609e+00 1.415698111051476304e-02
4.820000000000000284e+00 1.415698111051475958e-02
4.830000000000000071e+00 1.415698111051475958e-02
4.839999999999999858e+00 1.415698111051475958e-02
4.849999999999999645e+00 1.415698111051475611e-02
4.860000000000000320e+00 1.415698111051475611e-02
4.870000000000000107e+00 1.415698111051475611e-02
4.879999999999999893e+00 1.415698111051475264e-02
4.889999999999999680e+00 1.415698111051475264e-02
4.900000000000000355e+00 1.415698111051475264e-02
4.910000000000000142e+00 1.415698111051475264e-02
4.919999999999999929e+00 1.415698111051475264e-02
4.929999999999999716e+00 1.415698111051475264e-02
4.940000000000000391e+00 1.415698111051475090e-02
4.950000000000000178e+00 1.415698111051475090e-02
4.959999999999999964e+00 1.415698111051475090e-02
4.969999999999999751e+00 1.415698111051475090e-02
4.980000000000000426e+00 1.415698111051475090e-02
4.990000000000000213e+00 1.415698111051475090e-02
5.000000000000000000e+00 1.415698111051475090e-02
5.009999999999999787e+00 1.415698111051475090e-02
5.019999999999999574e+00 1.415698111051474743e-02
5.030000000000000249e+00 1.415698111051474743e-02
5.040000000000000036e+00 1.415698111051474743e-02
5.049999999999999822e+00 1.415698111051474743e-02
5.059999999999999609e+00 1.415698111051474743e-02
5.070000000000000284e+00 1.415698111051474743e-02
5.080000000000000071e+00 1.415698111051474743e-02
5.089999999999999858e+00 1.415698111051474743e-02
5.099999999999999645e+00 1.415698111051474743e-02
5.110000000000000320e+00 1.415698111051474743e-02
5.120000000000000107e+00 1.415698111051474743e-02
5.129999999999999893e+00 1.415698111051474743e-02
5.139999999999999680e+00 1.415698111051474743e-02
5.150000000000000355e+00 1.415698111051474743e-02
5.160000000000000142e+00 1.415698111051474743e-02
5.169999999999999929e+00 1.415698111051474743e-02
5.179999999999999716e+00 1.415698111051474743e-02
5.190000000000000391e+00 1.415698111051474743e-02
5.200000000000000178e+00 1.415698111051474743e-02
5.209999999999999964e+00 1.415698111051474743e-02
5.219999999999999751e+00 1.415698111051474743e-02
5.230000000000000426e+00 1.415698111051474743e-02
5.240000000000000213e+00 1.415698111051474743e-02
5.250000000000000000e+00 1.415698111051474743e-02
5.259999999999999787e+00 1.415698111051474743e-02
5.269999999999999574e+00 1.415698111051474743e-02
5.280000000000000249e+00 1.415698111051474743e-02
5.290000000000000036e+00 1.415698111051474743e-02
5.299999999999999822e+00 1.415698111051474743e-02
5.309999999999999609e+00 1.415698111051474743e-02
5.320000000000000284e+00 1.415698111051474743e-02
5.330000000000000071e+00 1.415698111051474743e-02
5.339999999999999858e+00 1.415698111051474743e-02
5.349999999999999645e+00 1.415698111051474743e-02
5.360000000000000320e+00 1.415698111051474743e-02
5.370000000000000107e+00 1.415698111051474743e-02
5.379999999999999893e+00 1.415698111051474743e-02
5.389999999999999680e+00 1.415698111051474743e-02
5.400000000000000355e+00 1.415698111051474743e-02
5.410000000000000142e+00 1.415698111051474743e-02
5.419999999999999929e+00 1.415698111051474743e-02
5.429999999999999716e+00 1.415698111051474743e-02
5.440000000000000391e+00 1.415698111051474743e-02
5.450000000000000178e+00 1.415698111051474743e-02
5.459999999999999964e+00 1.415698111051474743e-02
5.469999999999999751e+00 1.415698111051474743e-02
5.480000000000000426e+00 1.415698111051474743e-02
5.490000000000000213e+00 1.415698111051474743e-02
5.500000000000000000e+00 1.415698111051474743e-02
5.509999999999999787e+00 1.415698111051474743e-02
5.519999999999999574e+00 1.415698111051474743e-02
5.530000000000000249e+00 1.415698111051474743e-02
5.540000000000000036e+00 1.415698111051474743e-02
5.549999999999999822e+00 1.415698111051474743e-02
5.559999999999999609e+00 1.415698111051474743e-02
5.570000000000000284e+00 1.415698111051474743e-02
5.580000000000000071e+00 1.415698111051474743e-02
5.589999999999999858e+00 1.415698111051474743e-02
5.599999999999999645e+00 1.415698111051474743e-02
5.610000000000000320e+00 1.415698111051474743e-02
5.620000000000000107e+00 1.415698111051474743e-02
5.629999999999999893e+00 1.415698111051474743e-02
5.639999999999999680e+00 1.415698111051474743e-02
5.650000000000000355e+00 1.415698111051474743e-02
5.660000000000000142e+00 1.415698111051474743e-02
5.669999999999999929e+00 1.415698111051474743e-02
5.679999999999999716e+00 1.415698111051474743e-02
5.690000000000000391e+00 1.415698111051474743e-02
5.700000000000000178e+00 1.415698111051474743e-02
5.709999999999999964e+00 1.415698111051474743e-02
5.719999999999999751e+00 1.415698111051474743e-02
5.730000000000000426e+00 1.415698111051474743e-02
5.740000000000000213e+00 1.415698111051474743e-02
5.750000000000000000e+00 1.415698111051474743e-02
5.759999999999999787e+00 1.415698111051474743e-02
5.769999999999999574e+00 1.415698111051474743e-02
5.780000000000000249e+00 1.415698111051474743e-02
5.790000000000000036e+00 1.415698111051474743e-02
5.799999999999999822e+00 1.415698111051474743e-02
5.809999999999999609e+00 1.415698111051474743e-02
5.820000000000000284e+00 1.415698111051474743e-02
5.830000000000000071e+00 1.415698111051474743e-02
5.839999999999999858e+00 1.415698111051474743e-02
5.849999999999999645e+00 1.415698111051474743e-02
5.860000000000000320e+00 1.415698111051474743e-02
5.870000000000000107e+00 1.415698111051474743e-02
5.879999999999999893e+00 1.415698111051474743e-02
5.889999999999999680e+00 1.415698111051474743e-02
5.900000000000000355e+00 1.415698111051474743e-02
5.910000000000000142e+00 1.415698111051474743e-02
5.919999999999999929e+00 1.415698111051474743e-02
5.929999999999999716e+00 1.415698111051474743e-02
5.940000000000000391e+00 1.415698111051474743e-02
5.950000000000000178e+00 1.415698111051474743e-02
5.959999999999999964e+00 1.415698111051474743e-02
5.969999999999999751e+00 1.415698111051474743e-02
5.980000000000000426e+00 1.415698111051474743e-02
5.990000000000000213e+00 1.415698111051474743e-02
6.000000000000000000e+00 1.415698111051474743e-02
6.200000000000000178e+00 1.415698111051474743e-02
6.400000000000000355e+00 1.415698111051474743e-02
6.599999999999999645e+00 1.415698111051474743e-02
6.799999999999999822e+00 1.415698111051474743e-02
7.000000000000000000e+00 0.000000000000000000e+00
