0.000000000000000000e+00 0.000000000000000000e+00
1.000000000000000021e-02 1.415698111051474743e-02
2.000000000000000042e-02 1.415698111051474743e-02
2.999999999999999889e-02 1.415698111051474743e-02
4.000000000000000083e-02 1.415698111051474743e-02
5.000000000000000278e-02 1.415698111051474743e-02
5.999999999999999778e-02 1.415698111051474743e-02
7.000000000000000666e-02 1.415698111051474743e-02
8.000000000000000167e-02 1.415698111051474743e-02
8.999999999999999667e-02 1.415698111051474743e-02
1.000000000000000056e-01 1.415698111051474743e-02
1.100000000000000006e-01 1.415698111051474743e-02
1.199999999999999956e-01 1.415698111051474743e-02
1.300000000000000044e-01 1.415698111051474743e-02
1.400000000000000133e-01 1.415698111051474743e-02
1.499999999999999944e-01 1.415698111051474743e-02
1.600000000000000033e-01 1.415698111051474743e-02
1.700000000000000122e-01 1.415698111051474743e-02
1.799999999999999933e-01 1.415698111051474743e-02
1.900000000000000022e-01 1.415698111051474743e-02
2.000000000000000111e-01 1.415698111051474743e-02
2.099999999999999922e-01 1.415698111051474743e-02
2.200000000000000011e-01 1.415698111051474743e-02
2.300000000000000100e-01 1.415698111051474743e-02
2.399999999999999911e-01 1.415698111051474743e-02
2.500000000000000000e-01 1.415698111051474743e-02
2.600000000000000089e-01 1.415698111051474743e-02
2.700000000000000178e-01 1.415698111051474743e-02
2.800000000000000266e-01 1.415698111051474743e-02
2.899999999999999800e-01 1.415698111051474743e-02
2.999999999999999889e-01 1.415698111051474743e-02
3.099999999999999978e-01 1.415698111051474743e-02
3.200000000000000067e-01 1.415698111051474743e-02
3.300000000000000155e-01 1.415698111051474743e-02
3.400000000000000244e-01 1.415698111051474743e-02
3.499999999999999778e-01 1.415698111051474743e-02
3.599999999999999867e-01 1.415698111051474743e-02
3.699999999999999956e-01 1.415698111051474743e-02
3.800000000000000044e-01 1.415698111051474743e-02
3.900000000000000133e-01 1.415698111051474743e-02
4.000000000000000222e-01 1.415698111051474743e-02
4.099999999999999756e-01 1.415698111051474743e-02
4.199999999999999845e-01 1.415698111051474743e-02
4.299999999999999933e-01 1.415698111051474743e-02
4.400000000000000022e-01 1.415698111051474743e-02
4.500000000000000111e-01 1.415698111051474743e-02
4.600000000000000200e-01 1.415698111051474743e-02
4.699999999999999734e-01 1.415698111051474743e-02
4.799999999999999822e-01 1.415698111051474743e-02
4.899999999999999911e-01 1.415698111051474743e-02
5.000000000000000000e-01 1.415698111051474743e-02
5.100000000000000089e-01 1.415698111051474743e-02
5.200000000000000178e-01 1.415698111051474743e-02
5.300000000000000266e-01 1.415698111051474743e-02
5.400000000000000355e-01 1.415698111051474743e-02
5.500000000000000444e-01 1.415698111051474743e-02
5.600000000000000533e-01 1.415698111051474743e-02
5.699999999999999512e-01 1.415698111051474743e-02
5.799999999999999600e-01 1.415698111051474743e-02
5.899999999999999689e-01 1.415698111051474743e-02
5.999999999999999778e-01 1.415698111051474743e-02
6.099999999999999867e-01 1.415698111051474743e-02
6.199999999999999956e-01 1.415698111051474743e-02
6.300000000000000044e-01 1.415698111051474743e-02
6.400000000000000133e-01 1.415698111051474743e-02
6.500000000000000222e-01 1.415698111051474743e-02
6.600000000000000311e-01 1.415698111051474743e-02
6.700000000000000400e-01 1.415698111051474743e-02
6.800000000000000488e-01 1.415698111051474743e-02
6.899999999999999467e-01 1.415698111051474743e-02
6.999999999999999556e-01 1.415698111051474743e-02
7.099999999999999645e-01 1.415698111051474743e-02
7.199999999999999734e-01 1.415698111051474743e-02
7.299999999999999822e-01 1.415698111051474743e-02
7.399999999999999911e-01 1.415698111051474743e-02
7.500000000000000000e-01 1.415698111051474743e-02
7.600000000000000089e-01 1.415698111051474743e-02
7.700000000000000178e-01 1.415698111051474743e-02
7.800000000000000266e-01 1.415698111051474743e-02
7.900000000000000355e-01 1.415698111051474743e-02
8.000000000000000444e-01 1.415698111051474743e-02
8.100000000000000533e-01 1.415698111051474743e-02
8.199999999999999512e-01 1.415698111051474743e-02
8.299999999999999600e-01 1.415698111051474743e-02
8.399999999999999689e-01 1.415698111051474743e-02
8.499999999999999778e-01 1.415698111051474743e-02
8.599999999999999867e-01 1.415698111051474743e-02
8.699999999999999956e-01 1.415698111051474743e-02
8.800000000000000044e-01 1.415698111051474743e-02
8.900000000000000133e-01 1.415698111051474743e-02
9.000000000000000222e-01 1.415698111051474743e-02
9.100000000000000311e-01 1.415698111051474743e-02
9.200000000000000400e-01 1.415698111051474743e-02
9.300000000000000488e-01 1.415698111051474743e-02
9.399999999999999467e-01 1.415698111051474743e-02
9.499999999999999556e-01 1.415698111051474743e-02
9.599999999999999645e-01 1.415698111051474743e-02
9.699999999999999734e-01 1.415698111051474743e-02
9.799999999999999822e-01 1.415698111051474743e-02
9.899999999999999911e-01 1.415698111051474743e-02
1.000000000000000000e+00 1.415698111051474743e-02
1.010000000000000009e+00 1.415698111051474743e-02
1.020000000000000018e+00 1.415698111051474743e-02
1.030000000000000027e+00 1.415698111051474743e-02
1.040000000000000036e+00 1.415698111051474743e-02
1.050000000000000044e+00 1.415698111051474743e-02
1.060000000000000053e+00 1.415698111051474743e-02
1.070000000000000062e+00 1.415698111051474743e-02
1.080000000000000071e+00 1.415698111051474743e-02
1.090000000000000080e+00 1.415698111051474743e-02
1.100000000000000089e+00 1.415698111051474743e-02
1.110000000000000098e+00 1.415698111051474743e-02
1.120000000000000107e+00 1.415698111051474743e-02
1.129999999999999893e+00 1.415698111051474743e-02
1.139999999999999902e+00 1.415698111051474743e-02
1.149999999999999911e+00 1.415698111051474743e-02
1.159999999999999920e+00 1.415698111051474743e-02
1.169999999999999929e+00 1.415698111051474743e-02
1.179999999999999938e+00 1.415698111051474743e-02
1.189999999999999947e+00 1.415698111051474743e-02
1.199999999999999956e+00 1.415698111051474743e-02
1.209999999999999964e+00 1.415698111051474743e-02
1.219999999999999973e+00 1.415698111051474743e-02
1.229999999999999982e+00 1.415698111051474743e-02
1.239999999999999991e+00 1.415698111051474743e-02
1.250000000000000000e+00 1.415698111051474743e-02
1.260000000000000009e+00 1.415698111051474743e-02
1.270000000000000018e+00 1.415698111051474743e-02
1.280000000000000027e+00 1.415698111051474743e-02
1.290000000000000036e+00 1.415698111051474743e-02
1.300000000000000044e+00 1.415698111051474743e-02
1.310000000000000053e+00 1.415698111051474743e-02
1.320000000000000062e+00 1.415698111051474743e-02
1.330000000000000071e+00 1.415698111051474743e-02
1.340000000000000080e+00 1.415698111051474743e-02
1.350000000000000089e+00 1.415698111051474743e-02
1.360000000000000098e+00 1.415698111051474743e-02
1.370000000000000107e+00 1.415698111051474743e-02
1.379999999999999893e+00 1.415698111051474743e-02
1.389999999999999902e+00 1.415698111051474743e-02
1.399999999999999911e+00 1.415698111051474743e-02
1.409999999999999920e+00 1.415698111051474743e-02
1.419999999999999929e+00 1.415698111051474743e-02
1.429999999999999938e+00 1.415698111051474743e-02
1.439999999999999947e+00 1.415698111051474743e-02
1.449999999999999956e+00 1.415698111051474743e-02
1.459999999999999964e+00 1.415698111051474743e-02
1.469999999999999973e+00 1.415698111051474743e-02
1.479999999999999982e+00 1.415698111051474743e-02
1.489999999999999991e+00 1.415698111051474743e-02
1.500000000000000000e+00 1.415698111051478733e-02
1.510000000000000009e+00 1.415698111051603807e-02
1.520000000000000018e+00 1.415698111054942455e-02
1.530000000000000027e+00 1.415698111129890316e-02
1.540000000000000036e+00 1.415698112545598318e-02
1.550000000000000044e+00 1.415698135047381047e-02
1.560000000000000053e+00 1.415698436006688002e-02
1.570000000000000062e+00 1.415701823431123746e-02
1.580000000000000071e+00 1.415733910689082400e-02
1.590000000000000080e+00 1.415989731730651902e-02
1.600000000000000089e+00 1.417706584896350971e-02
1.610000000000000098e+00 1.427407092255256714e-02
1.620000000000000107e+00 1.473562059923207504e-02
1.629999999999999893e+00 1.658550249177582689e-02
1.639999999999999902e+00 2.283395053096573882e-02
1.649999999999999911e+00 4.063322303475341846e-02
1.659999999999999920e+00 8.343812634017278018e-02
1.669999999999999929e+00 1.704891444317947757e-01
1.679999999999999938e+00 3.206084738917829857e-01
1.689999999999999947e+00 5.411571503758670909e-01
1.699999999999999956e+00 8.194518525733163195e-01
1.709999999999999964e+00 1.125427190175400716e+00
1.719999999999999973e+00 1.426010225678890242e+00
1.729999999999999982e+00 1.700842764024315557e+00
1.739999999999999991e+00 1.948037292968182177e+00
1.750000000000000000e+00 2.178413363440964812e+00
1.760000000000000009e+00 2.405491140301203146e+00
1.770000000000000018e+00 2.638371521254364360e+00
1.780000000000000027e+00 2.879239220559183909e+00
1.790000000000000036e+00 3.123706222381780417e+00
1.800000000000000044e+00 3.362275226372700931e+00
1.810000000000000053e+00 3.582329704391024716e+00
1.820000000000000062e+00 3.770406728660907980e+00
1.830000000000000071e+00 3.914321319654772591e+00
1.840000000000000080e+00 4.004759898615917635e+00
1.850000000000000089e+00 4.036296972470609035e+00
1.860000000000000098e+00 4.007962649032717373e+00
1.870000000000000107e+00 3.923335462065899559e+00
1.879999999999999893e+00 3.789963314508928427e+00
1.889999999999999902e+00 3.618020330268854945e+00
1.899999999999999911e+00 3.418433508627741535e+00
1.909999999999999920e+00 3.201021525501078990e+00
1.919999999999999929e+00 2.973286749535587692e+00
1.929999999999999938e+00 2.740268702367369080e+00
1.939999999999999947e+00 2.505331167894335742e+00
1.949999999999999956e+00 2.271246441679620087e+00
1.959999999999999964e+00 2.040899281387311692e+00
1.969999999999999973e+00 1.817403326999809998e+00
1.979999999999999982e+00 1.603913806556130917e+00
1.989999999999999991e+00 1.403450416583538196e+00
2.000000000000000000e+00 1.218709931214667197e+00
2.009999999999999787e+00 1.051671918193403332e+00
2.020000000000000018e+00 9.030463846697479591e-01
2.029999999999999805e+00 7.719575345427455160e-01
2.040000000000000036e+00 6.562350683222990533e-01
2.049999999999999822e+00 5.532677685292126668e-01
2.060000000000000053e+00 4.609659747811861163e-01
2.069999999999999840e+00 3.783230561937845904e-01
2.080000000000000071e+00 3.053504598679036564e-01
2.089999999999999858e+00 2.425384079784465574e-01
2.100000000000000089e+00 1.902147130605704728e-01
2.109999999999999876e+00 1.481328353785842655e-01
2.120000000000000107e+00 1.154027134690468887e-01
2.129999999999999893e+00 9.067240121461776770e-02
2.140000000000000124e+00 7.239683727776689837e-02
2.149999999999999911e+00 5.907239501402340026e-02
2.160000000000000142e+00 4.938815624178280461e-02
2.169999999999999929e+00 4.229417347334495786e-02
2.180000000000000160e+00 3.700711034400422372e-02
2.189999999999999947e+00 3.297670438070503252e-02
2.200000000000000178e+00 2.983351449051402718e-02
2.209999999999999964e+00 2.733424235012836545e-02
2.220000000000000195e+00 2.531576904592986593e-02
2.229999999999999982e+00 2.366293951711050461e-02
2.240000000000000213e+00 2.228973443249614508e-02
2.250000000000000000e+00 2.113028697639930328e-02
2.259999999999999787e+00 2.013527274845156381e-02
2.270000000000000018e+00 1.926989812304449184e-02
2.279999999999999805e+00 1.851138064037569086e-02
2.290000000000000036e+00 1.784558582010667416e-02
2.299999999999999822e+00 1.726349983757161782e-02
2.310000000000000053e+00 1.675830438826524799e-02
2.319999999999999840e+00 1.632347448837889389e-02
2.330000000000000071e+00 1.595198362989694654e-02
2.339999999999999858e+00 1.563642602852302263e-02
2.350000000000000089e+00 1.536962505698940759e-02
2.359999999999999876e+00 1.514521395959539558e-02
2.370000000000000107e+00 1.495785293567058853e-02
2.379999999999999893e+00 1.480306880201850625e-02
2.390000000000000124e+00 1.467692361818229152e-02
2.399999999999999911e+00 1.457572061538395074e-02
2.410000000000000142e+00 1.449584647375104854e-02
2.419999999999999929e+00 1.443377756692446751e-02
2.430000000000000160e+00 1.438625187455365266e-02
2.439999999999999947e+00 1.435055423709646373e-02
2.450000000000000178e+00 1.432478023444792338e-02
2.459999999999999964e+00 1.430790949710132945e-02
2.470000000000000195e+00 1.429958394233706541e-02
2.479999999999999982e+00 1.429962827576629694e-02
2.490000000000000213e+00 1.430748916407403870e-02
2.500000000000000000e+00 1.432181544648121301e-02
2.509999999999999787e+00 1.434033070320458146e-02
2.520000000000000018e+00 1.436003038812501582e-02
2.529999999999999805e+00 1.437764494896994101e-02
2.540000000000000036e+00 1.439024972373369529e-02
2.549999999999999822e+00 1.439584452838934929e-02
2.560000000000000053e+00 1.439370055336086293e-02
2.569999999999999840e+00 1.438434302702801260e-02
2.580000000000000071e+00 1.436920009560083318e-02
2.589999999999999858e+00 1.435010005289573572e-02
2.600000000000000089e+00 1.432883434946890557e-02
2.609999999999999876e+00 1.430691199707412146e-02
2.620000000000000107e+00 1.428549636855902701e-02
2.629999999999999893e+00 1.426543436571274526e-02
2.640000000000000124e+00 1.424729481481755260e-02
2.649999999999999911e+00 1.423139056883566955e-02
2.660000000000000142e+00 1.421780463026773092e-02
2.669999999999999929e+00 1.420644240239510303e-02
2.680000000000000160e+00 1.419710529934964209e-02
2.689999999999999947e+00 1.418955964086792039e-02
2.700000000000000178e+00 1.418357689179268119e-02
2.709999999999999964e+00 1.417894148852135751e-02
2.720000000000000195e+00 1.417544431196009549e-02
2.729999999999999982e+00 1.417288586656332422e-02
2.740000000000000213e+00 1.417109581132334865e-02
2.750000000000000000e+00 1.416995025849563869e-02
2.759999999999999787e+00 1.416936466840072566e-02
2.770000000000000018e+00 1.416926500639842899e-02
2.779999999999999805e+00 1.416956314945974973e-02
2.790000000000000036e+00 1.417015606118425530e-02
2.799999999999999822e+00 1.417094289393250155e-02
2.810000000000000053e+00 1.417184100502095166e-02
2.819999999999999840e+00 1.417279022949550008e-02
2.830000000000000071e+00 1.417374839565251413e-02
2.839999999999999858e+00 1.417468557375721645e-02
2.850000000000000089e+00 1.417558105079871379e-02
2.859999999999999876e+00 1.417642295584684888e-02
2.870000000000000107e+00 1.417720906974912799e-02
2.879999999999999893e+00 1.417794737305165705e-02
2.890000000000000124e+00 1.417865469677067995e-02
2.899999999999999911e+00 1.417935170090996871e-02
2.910000000000000142e+00 1.418005367358116109e-02
2.919999999999999929e+00 1.418075957451144301e-02
2.930000000000000160e+00 1.418144438797716393e-02
2.939999999999999947e+00 1.418205953841093249e-02
2.950000000000000178e+00 1.418254215885038187e-02
2.959999999999999964e+00 1.418282878301397286e-02
2.970000000000000195e+00 1.418286649022926053e-02
2.979999999999999982e+00 1.418261692858137357e-02
2.990000000000000213e+00 1.418205428773808112e-02
3.000000000000000000e+00 1.418116274199138042e-02
3.009999999999999787e+00 1.417993878590914809e-02
3.020000000000000018e+00 1.417839954476345782e-02
3.029999999999999805e+00 1.417659269519733027e-02
3.040000000000000036e+00 1.417460064671951028e-02
3.049999999999999822e+00 1.417253320668293050e-02
3.060000000000000053e+00 1.417050860123899962e-02
3.069999999999999840e+00 1.416862933792763929e-02
3.080000000000000071e+00 1.416696279960401664e-02
3.089999999999999858e+00 1.416553421550840498e-02
3.100000000000000089e+00 1.416433317614707900e-02
3.109999999999999876e+00 1.416332863677144567e-02
3.120000000000000107e+00 1.416248522615501035e-02
3.129999999999999893e+00 1.416177558492806576e-02
3.140000000000000124e+00 1.416118633768892292e-02
3.149999999999999911e+00 1.416071701910000431e-02
3.160000000000000142e+00 1.416037269883323874e-02
3.169999999999999929e+00 1.416015366049003417e-02
3.180000000000000160e+00 1.416004784902770083e-02
3.189999999999999947e+00 1.416003056774395481e-02
3.200000000000000178e+00 1.416007086896668189e-02
3.209999999999999964e+00 1.416013969233865036e-02
3.220000000000000195e+00 1.416021500464897248e-02
3.229999999999999982e+00 1.416028279444625504e-02
3.240000000000000213e+00 1.416033568384399317e-02
3.250000000000000000e+00 1.416037113313598113e-02
3.259999999999999787e+00 1.416038990926509269e-02
3.270000000000000018e+00 1.416039457265622949e-02
3.279999999999999805e+00 1.416038784957058920e-02
3.290000000000000036e+00 1.416037127695128107e-02
3.299999999999999822e+00 1.416034461697448198e-02
3.310000000000000053e+00 1.416030611705522933e-02
3.319999999999999840e+00 1.416025325932710258e-02
3.330000000000000071e+00 1.416018361933815348e-02
3.339999999999999858e+00 1.416009569136133898e-02
3.350000000000000089e+00 1.415998962187578654e-02
3.359999999999999876e+00 1.415986761391725343e-02
3.370000000000000107e+00 1.415973367547864771e-02
3.379999999999999893e+00 1.415959270869279231e-02
3.390000000000000124e+00 1.415944942964020466e-02
3.399999999999999911e+00 1.415930770568603510e-02
3.410000000000000142e+00 1.415917048025695443e-02
3.419999999999999929e+00 1.415904000556460381e-02
3.430000000000000160e+00 1.415891804338681795e-02
3.439999999999999947e+00 1.415880591954080982e-02
3.450000000000000178e+00 1.415870447290109267e-02
3.459999999999999964e+00 1.415861390498668500e-02
3.470000000000000195e+00 1.415853351499911719e-02
3.479999999999999982e+00 1.415846146724827372e-02
3.490000000000000213e+00 1.415839490982285717e-02
3.500000000000000000e+00 1.415833064179729262e-02
3.509999999999999787e+00 1.415826613901967693e-02
3.520000000000000018e+00 1.415820045824599943e-02
3.529999999999999805e+00 1.415813459172493398e-02
3.540000000000000036e+00 1.415807113252183329e-02
3.549999999999999822e+00 1.415801338728629906e-02
3.560000000000000053e+00 1.415796422050201279e-02
3.569999999999999840e+00 1.415792497775911034e-02
3.580000000000000071e+00 1.415789486134860428e-02
3.589999999999999858e+00 1.415787104161759201e-02
3.600000000000000089e+00 1.415784949809163924e-02
3.609999999999999876e+00 1.415782622334019712e-02
3.620000000000000107e+00 1.415779827089375803e-02
3.629999999999999893e+00 1.415776430309428034e-02
3.640000000000000124e+00 1.415772461243950189e-02
3.649999999999999911e+00 1.415768078444421159e-02
3.660000000000000142e+00 1.415763516619504211e-02
3.669999999999999929e+00 1.415759024394377952e-02
3.680000000000000160e+00 1.415754805276006091e-02
3.689999999999999947e+00 1.415750979046559270e-02
3.700000000000000178e+00 1.415747574731959259e-02
3.709999999999999964e+00 1.415744549928119912e-02
3.720000000000000195e+00 1.415741820423278841e-02
3.729999999999999982e+00 1.415739287478598799e-02
3.740000000000000213e+00 1.415736859617470512e-02
3.750000000000000000e+00 1.415734469787516617e-02
3.759999999999999787e+00 1.415732086674402306e-02
3.770000000000000018e+00 1.415729718466972667e-02
3.779999999999999805e+00 1.415727411328134185e-02
3.790000000000000036e+00 1.415725245729736702e-02
3.799999999999999822e+00 1.415723326262553934e-02
3.810000000000000053e+00 1.415721755024826334e-02
3.819999999999999840e+00 1.415720590298108830e-02
3.830000000000000071e+00 1.415719813959105504e-02
3.839999999999999858e+00 1.415719335085960720e-02
3.850000000000000089e+00 1.415719031334352132e-02
3.859999999999999876e+00 1.415718798446636076e-02
3.870000000000000107e+00 1.415718574608774115e-02
3.879999999999999893e+00 1.415718331798410806e-02
3.890000000000000124e+00 1.415718052332280534e-02
3.899999999999999911e+00 1.415717712495489361e-02
3.910000000000000142e+00 1.415717280730154765e-02
3.919999999999999929e+00 1.415716724594787493e-02
3.930000000000000160e+00 1.415716019012807150e-02
3.939999999999999947e+00 1.415715153232264580e-02
3.950000000000000178e+00 1.415714136234902561e-02
3.959999999999999964e+00 1.415712998189488404e-02
3.970000000000000195e+00 1.415711784609600780e-02
3.979999999999999982e+00 1.415710544312145415e-02
3.990000000000000213e+00 1.415709317943927327e-02
4.000000000000000000e+00 1.415708133475232153e-02
4.009999999999999787e+00 1.415707008702664534e-02
4.019999999999999574e+00 1.415705955844676067e-02
4.030000000000000249e+00 1.415704984294860122e-02
4.040000000000000036e+00 1.415704101405914316e-02
4.049999999999999822e+00 1.415703312788169077e-02
4.059999999999999609e+00 1.415702622348050110e-02
4.070000000000000284e+00 1.415702031189942402e-02
4.080000000000000071e+00 1.415701535553914696e-02
4.089999999999999858e+00 1.415701125635307651e-02
4.099999999999999645e+00 1.415700786842792255e-02
4.110000000000000320e+00 1.415700502931982810e-02
4.120000000000000107e+00 1.415700259049914277e-02
4.129999999999999893e+00 1.415700043395372830e-02
4.139999999999999680e+00 1.415699847670842497e-02
4.150000000000000355e+00 1.415699667033534434e-02
4.160000000000000142e+00 1.415699499725788478e-02
4.169999999999999929e+00 1.415699346115686930e-02
4.179999999999999716e+00 1.415699207225667305e-02
4.190000000000000391e+00 1.415699083439883252e-02
4.200000000000000178e+00 1.415698974040521287e-02
4.209999999999999964e+00 1.415698877525066457e-02
4.219999999999999751e+00 1.415698792140493607e-02
4.230000000000000426e+00 1.415698716216847591e-02
4.240000000000000213e+00 1.415698648309049110e-02
4.250000000000000000e+00 1.415698587306949384e-02
4.259999999999999787e+00 1.415698532507374437e-02
4.269999999999999574e+00 1.415698483515153913e-02
4.280000000000000249e+00 1.415698439971064919e-02
4.290000000000000036e+00 1.415698401312176329e-02
4.299999999999999822e+00 1.415698366758697500e-02
4.309999999999999609e+00 1.415698335498733092e-02
4.320000000000000284e+00 1.415698306884520877e-02
4.330000000000000071e+00 1.415698280511712773e-02
4.339999999999999858e+00 1.415698256198449217e-02
4.349999999999999645e+00 1.415698233935832294e-02
4.360000000000000320e+00 1.415698213833331554e-02
4.370000000000000107e+00 1.415698196038641180e-02
4.379999999999999893e+00 1.415698180635869413e-02
4.389999999999999680e+00 1.415698167572649810e-02
4.400000000000000355e+00 1.415698156660339518e-02
4.410000000000000142e+00 1.415698147634129878e-02
4.419999999999999929e+00 1.415698140220345361e-02
4.429999999999999716e+00 1.415698134173286327e-02
4.440000000000000391e+00 1.415698129282118127e-02
4.450000000000000178e+00 1.415698125366355448e-02
4.459999999999999964e+00 1.415698122271175780e-02
4.469999999999999751e+00 1.415698119862447528e-02
4.480000000000000426e+00 1.415698118020317087e-02
4.490000000000000213e+00 1.415698116634957725e-02
4.500000000000000000e+00 1.415698115607957885e-02
4.509999999999999787e+00 1.415698114856887672e-02
4.519999999999999574e+00 1.415698114317030798e-02
4.530000000000000249e+00 1.415698113937878359e-02
4.540000000000000036e+00 1.415698113677934904e-02
4.549999999999999822e+00 1.415698113502501104e-02
4.559999999999999609e+00 1.415698113384801851e-02
4.570000000000000284e+00 1.415698113306851705e-02
4.580000000000000071e+00 1.415698113257373922e-02
4.589999999999999858e+00 1.415698113227902878e-02
4.599999999999999645e+00 1.415698113209960460e-02
4.610000000000000320e+00 1.415698113194491757e-02
4.620000000000000107e+00 1.415698113172624527e-02
4.629999999999999893e+00 1.415698113136695108e-02
4.639999999999999680e+00 1.415698113081486319e-02
4.650000000000000355e+00 1.415698113005685148e-02
4.660000000000000142e+00 1.415698112912588263e-02
4.669999999999999929e+00 1.415698112808814503e-02
4.679999999999999716e+00 1.415698112701267893e-02
4.690000000000000391e+00 1.415698112594353415e-02
4.700000000000000178e+00 1.415698112489257275e-02
4.709999999999999964e+00 1.415698112385140560e-02
4.719999999999999751e+00 1.415698112280740738e-02
4.730000000000000426e+00 1.415698112175331307e-02
4.740000000000000213e+00 1.415698112069191730e-02
4.750000000000000000e+00 1.415698111964001915e-02
4.759999999999999787e+00 1.415698111862952538e-02
4.769999999999999574e+00 1.415698111770011779e-02
4.780000000000000249e+00 1.415698111688444213e-02
4.790000000000000036e+00 1.415698111619547936e-02
4.799999999999999822e+00 1.415698111562483687e-02
4.809999999999999609e+00 1.415698111515095725e-02
4.820000000000000284e+00 1.415698111474928203e-02
4.830000000000000071e+00 1.415698111439874819e-02
4.839999999999999858e+00 1.415698111408502692e-02
4.849999999999999645e+00 1.415698111380296262e-02
4.860000000000000320e+00 1.415698111355778721e-02
4.870000000000000107e+00 1.415698111336234286e-02
4.879999999999999893e+00 1.415698111322974753e-02
4.889999999999999680e+00 1.415698111316538409e-02
4.900000000000000355e+00 1.415698111316325905e-02
4.910000000000000142e+00 1.415698111320838094e-02
4.919999999999999929e+00 1.415698111328238598e-02
4.929999999999999716e+00 1.415698111336889144e-02
4.940000000000000391e+00 1.415698111345716631e-02
4.950000000000000178e+00 1.415698111354409851e-02
4.959999999999999964e+00 1.415698111363388259e-02
4.969999999999999751e+00 1.415698111373414787e-02
4.980000000000000426e+00 1.415698111384970474e-02
4.990000000000000213e+00 1.415698111397807255e-02
5.000000000000000000e+00 1.415698111411081359e-02
5.009999999999999787e+00 1.415698111424070448e-02
5.019999999999999574e+00 1.415698111437041842e-02
5.030000000000000249e+00 1.415698111451734430e-02
5.040000000000000036e+00 1.415698111471096199e-02
5.049999999999999822e+00 1.415698111498341939e-02
5.059999999999999609e+00 1.415698111535730608e-02
5.070000000000000284e+00 1.415698111583629099e-02
5.080000000000000071e+00 1.415698111640202768e-02
5.089999999999999858e+00 1.415698111701751104e-02
5.099999999999999645e+00 1.415698111763389819e-02
5.110000000000000320e+00 1.415698111819739015e-02
5.120000000000000107e+00 1.415698111865480377e-02
5.129999999999999893e+00 1.415698111895974040e-02
5.139999999999999680e+00 1.415698111908245994e-02
5.150000000000000355e+00 1.415698111902241076e-02
5.160000000000000142e+00 1.415698111881560223e-02
5.169999999999999929e+00 1.415698111852782028e-02
5.179999999999999716e+00 1.415698111823378812e-02
5.190000000000000391e+00 1.415698111799378912e-02
5.200000000000000178e+00 1.415698111784043957e-02
5.209999999999999964e+00 1.415698111777818381e-02
5.219999999999999751e+00 1.415698111778969717e-02
5.230000000000000426e+00 1.415698111784416575e-02
5.240000000000000213e+00 1.415698111790778327e-02
5.250000000000000000e+00 1.415698111795647002e-02
5.259999999999999787e+00 1.415698111798512938e-02
5.269999999999999574e+00 1.415698111800545514e-02
5.280000000000000249e+00 1.415698111803214559e-02
5.290000000000000036e+00 1.415698111806786182e-02
5.299999999999999822e+00 1.415698111809783263e-02
5.309999999999999609e+00 1.415698111809527218e-02
5.320000000000000284e+00 1.415698111803077343e-02
5.330000000000000071e+00 1.415698111788009188e-02
5.339999999999999858e+00 1.415698111763061783e-02
5.349999999999999645e+00 1.415698111728744442e-02
5.360000000000000320e+00 1.415698111687570086e-02
5.370000000000000107e+00 1.415698111643409925e-02
5.379999999999999893e+00 1.415698111600075838e-02
5.389999999999999680e+00 1.415698111559995573e-02
5.400000000000000355e+00 1.415698111523805425e-02
5.410000000000000142e+00 1.415698111490860250e-02
5.419999999999999929e+00 1.415698111460028837e-02
5.429999999999999716e+00 1.415698111430269482e-02
5.440000000000000391e+00 1.415698111400962023e-02
5.450000000000000178e+00 1.415698111372130225e-02
5.459999999999999964e+00 1.415698111344491222e-02
5.469999999999999751e+00 1.415698111319164607e-02
5.480000000000000426e+00 1.415698111297086781e-02
5.490000000000000213e+00 1.415698111278504250e-02
5.500000000000000000e+00 1.415698111262882371e-02
5.509999999999999787e+00 1.415698111249208586e-02
5.519999999999999574e+00 1.415698111236400082e-02
5.530000000000000249e+00 1.415698111223587241e-02
5.540000000000000036e+00 1.415698111210265085e-02
5.549999999999999822e+00 1.415698111196366654e-02
5.559999999999999609e+00 1.415698111182251556e-02
5.570000000000000284e+00 1.415698111168535792e-02
5.580000000000000071e+00 1.415698111155806738e-02
5.589999999999999858e+00 1.415698111144383237e-02
5.599999999999999645e+00 1.415698111134260605e-02
5.610000000000000320e+00 1.415698111125229634e-02
5.620000000000000107e+00 1.415698111117029076e-02
5.629999999999999893e+00 1.415698111109445212e-02
5.639999999999999680e+00 1.415698111102342560e-02
5.650000000000000355e+00 1.415698111095682436e-02
5.660000000000000142e+00 1.415698111089519311e-02
5.669999999999999929e+00 1.415698111083962298e-02
5.679999999999999716e+00 1.415698111079105939e-02
5.690000000000000391e+00 1.415698111074967236e-02
5.700000000000000178e+00 1.415698111071478187e-02
5.709999999999999964e+00 1.415698111068523085e-02
5.719999999999999751e+00 1.415698111065986746e-02
5.730000000000000426e+00 1.415698111063778096e-02
5.740000000000000213e+00 1.415698111061836593e-02
5.750000000000000000e+00 1.415698111060126503e-02
5.759999999999999787e+00 1.415698111058632906e-02
5.769999999999999574e+00 1.415698111057352160e-02
5.780000000000000249e+00 1.415698111056280101e-02
5.790000000000000036e+00 1.415698111055402678e-02
5.799999999999999822e+00 1.415698111054692655e-02
5.809999999999999609e+00 1.415698111054117594e-02
5.820000000000000284e+00 1.415698111053646444e-02
5.830000000000000071e+00 1.415698111053254743e-02
5.839999999999999858e+00 1.415698111052926533e-02
5.849999999999999645e+00 1.415698111052650365e-02
5.860000000000000320e+00 1.415698111052420341e-02
5.870000000000000107e+00 1.415698111052231777e-02
5.879999999999999893e+00 1.415698111052081723e-02
5.889999999999999680e+00 1.415698111051964629e-02
5.900000000000000355e+00 1.415698111051875117e-02
5.910000000000000142e+00 1.415698111051806769e-02
5.919999999999999929e+00 1.415698111051754207e-02
5.929999999999999716e+00 1.415698111051712921e-02
5.940000000000000391e+00 1.415698111051680134e-02
5.950000000000000178e+00 1.415698111051653593e-02
5.959999999999999964e+00 1.415698111051632256e-02
5.969999999999999751e+00 1.415698111051616991e-02
5.980000000000000426e+00 1.415698111051607623e-02
5.990000000000000213e+00 1.415698111051602939e-02
6.000000000000000000e+00 1.415698111051599123e-02
6.200000000000000178e+00 1.415698111051591317e-02
6.400000000000000355e+00 1.415698111051576051e-02
6.599999999999999645e+00 1.415698111051553847e-02
6.799999999999999822e+00 1.415698111051529040e-02
7.000000000000000000e+00 0.000000000000000000e+00
