0.000000000000000000e+00 0.000000000000000000e+00
1.000000000000000021e-02 1.415698111051474396e-02
2.000000000000000042e-02 1.415698111051474396e-02
2.999999999999999889e-02 1.415698111051474396e-02
4.000000000000000083e-02 1.415698111051474396e-02
5.000000000000000278e-02 1.415698111051474396e-02
5.999999999999999778e-02 1.415698111051474396e-02
7.000000000000000666e-02 1.415698111051474396e-02
8.000000000000000167e-02 1.415698111051474396e-02
8.999999999999999667e-02 1.415698111051474396e-02
1.000000000000000056e-01 1.415698111051474396e-02
1.100000000000000006e-01 1.415698111051474396e-02
1.199999999999999956e-01 1.415698111051474396e-02
1.300000000000000044e-01 1.415698111051474396e-02
1.400000000000000133e-01 1.415698111051474396e-02
1.499999999999999944e-01 1.415698111051474396e-02
1.600000000000000033e-01 1.415698111051474396e-02
1.700000000000000122e-01 1.415698111051474396e-02
1.799999999999999933e-01 1.415698111051474396e-02
1.900000000000000022e-01 1.415698111051474396e-02
2.000000000000000111e-01 1.415698111051474396e-02
2.099999999999999922e-01 1.415698111051474396e-02
2.200000000000000011e-01 1.415698111051474743e-02
2.300000000000000100e-01 1.415698111051475958e-02
2.399999999999999911e-01 1.415698111051480294e-02
2.500000000000000000e-01 1.415698111051492611e-02
2.600000000000000089e-01 1.415698111051521581e-02
2.700000000000000178e-01 1.415698111051580041e-02
2.800000000000000266e-01 1.415698111051677706e-02
2.899999999999999800e-01 1.415698111051810412e-02
2.999999999999999889e-01 1.415698111051952139e-02
3.099999999999999978e-01 1.415698111052058998e-02
3.200000000000000067e-01 1.415698111052096468e-02
3.300000000000000155e-01 1.415698111052083111e-02
3.400000000000000244e-01 1.415698111052180255e-02
3.499999999999999778e-01 1.415698111052960881e-02
3.599999999999999867e-01 1.415698111056198916e-02
3.699999999999999956e-01 1.415698111066760780e-02
3.800000000000000044e-01 1.415698111096035106e-02
3.900000000000000133e-01 1.415698111166118281e-02
4.000000000000000222e-01 1.415698111311320014e-02
4.099999999999999756e-01 1.415698111571284459e-02
4.199999999999999845e-01 1.415698111974122465e-02
4.299999999999999933e-01 1.415698112533091829e-02
4.400000000000000022e-01 1.415698113398809743e-02
4.500000000000000111e-01 1.415698116052304008e-02
4.600000000000000200e-01 1.415698131475079391e-02
4.699999999999999734e-01 1.415698232354796124e-02
4.799999999999999822e-01 1.415698849516862888e-02
4.899999999999999911e-01 1.415702217509991201e-02
5.000000000000000000e-01 1.415718305920096731e-02
5.100000000000000089e-01 1.415784939122429441e-02
5.200000000000000178e-01 1.416022968061958140e-02
5.300000000000000266e-01 1.416753961113446404e-02
5.400000000000000355e-01 1.418679127212401671e-02
5.500000000000000444e-01 1.423017051857776959e-02
5.600000000000000533e-01 1.431357752006868871e-02
5.699999999999999512e-01 1.444994604136190519e-02
5.799999999999999600e-01 1.463854697288057179e-02
5.899999999999999689e-01 1.485724526448727739e-02
5.999999999999999778e-01 1.506663331403230131e-02
6.099999999999999867e-01 1.523008282529394498e-02
6.199999999999999956e-01 1.535170772999310332e-02
6.300000000000000044e-01 1.555264464893930422e-02
6.400000000000000133e-01 1.624950396119773099e-02
6.500000000000000222e-01 1.853798135781915477e-02
6.600000000000000311e-01 2.484140186046318935e-02
6.700000000000000400e-01 3.963532855265441968e-02
6.800000000000000488e-01 6.954568067977247303e-02
6.899999999999999467e-01 1.216339055793495688e-01
6.999999999999999556e-01 1.990780459203289332e-01
7.099999999999999645e-01 2.955166899512801093e-01
7.199999999999999734e-01 3.921636928435112135e-01
7.299999999999999822e-01 4.622406846930210977e-01
7.399999999999999911e-01 4.827473070270561495e-01
7.500000000000000000e-01 4.467331626927085186e-01
7.600000000000000089e-01 3.671169328439120028e-01
7.700000000000000178e-01 2.691884008157707786e-01
7.800000000000000266e-01 1.777196674829596701e-01
7.900000000000000355e-01 1.075529548169103095e-01
8.000000000000000444e-01 6.192778459591607304e-02
8.100000000000000533e-01 3.649838518642157387e-02
8.199999999999999512e-01 2.451145207622242375e-02
8.299999999999999600e-01 2.015022037981518618e-02
8.399999999999999689e-01 1.959486412363037680e-02
8.499999999999999778e-01 2.073235123607885741e-02
8.599999999999999867e-01 2.251258988079508569e-02
8.699999999999999956e-01 2.445867782115355993e-02
8.800000000000000044e-01 2.641569098634477183e-02
8.900000000000000133e-01 2.845242147733171786e-02
9.000000000000000222e-01 3.083009598557754499e-02
9.100000000000000311e-01 3.399034741030532158e-02
9.200000000000000400e-01 3.854203969799878393e-02
9.300000000000000488e-01 4.525940988752726046e-02
9.399999999999999467e-01 5.514945047680541029e-02
9.499999999999999556e-01 6.971259720713550434e-02
9.599999999999999645e-01 9.166727862929434367e-02
9.699999999999999734e-01 1.266402283496784464e-01
9.799999999999999822e-01 1.863815582208652455e-01
9.899999999999999911e-01 2.934351914158300212e-01
1.000000000000000000e+00 4.854532247257500877e-01
1.010000000000000009e+00 8.147262805442201383e-01
1.020000000000000018e+00 1.336846493296661054e+00
1.030000000000000027e+00 2.085556177907842201e+00
1.040000000000000036e+00 3.041450414448592987e+00
1.050000000000000044e+00 4.114714977258514317e+00
1.060000000000000053e+00 5.161382088709274285e+00
1.070000000000000062e+00 6.030088320450807338e+00
1.080000000000000071e+00 6.609479698827843919e+00
1.090000000000000080e+00 6.846539009596828151e+00
1.100000000000000089e+00 6.736558239114244451e+00
1.110000000000000098e+00 6.309992030913702088e+00
1.120000000000000107e+00 5.631237630457458287e+00
1.129999999999999893e+00 4.798249700123258243e+00
1.139999999999999902e+00 3.926817291710666957e+00
1.149999999999999911e+00 3.122288901536203198e+00
1.159999999999999920e+00 2.456182079609210422e+00
1.169999999999999929e+00 1.959251065831917993e+00
1.179999999999999938e+00 1.628100741509919791e+00
1.189999999999999947e+00 1.436034594937941389e+00
1.199999999999999956e+00 1.342463227696160333e+00
1.209999999999999964e+00 1.301046688882713687e+00
1.219999999999999973e+00 1.268903271689574730e+00
1.229999999999999982e+00 1.216820381684110775e+00
1.239999999999999991e+00 1.136012422557999058e+00
1.250000000000000000e+00 1.035586108981304987e+00
1.260000000000000009e+00 9.303622942015243868e-01
1.270000000000000018e+00 8.275726855004069682e-01
1.280000000000000027e+00 7.231892139753757220e-01
1.290000000000000036e+00 6.097404635523154814e-01
1.300000000000000044e+00 4.865289397094073043e-01
1.310000000000000053e+00 3.624563048268605314e-01
1.320000000000000062e+00 2.506180315668709024e-01
1.330000000000000071e+00 1.610672100544022767e-01
1.340000000000000080e+00 9.724422249480969838e-02
1.350000000000000089e+00 5.667925581675562624e-02
1.360000000000000098e+00 3.372058685269126860e-02
1.370000000000000107e+00 2.220303450762823455e-02
1.379999999999999893e+00 1.711167771515689079e-02
1.389999999999999902e+00 1.513834211774062709e-02
1.399999999999999911e+00 1.446871818546752696e-02
1.409999999999999920e+00 1.426828080790163746e-02
1.419999999999999929e+00 1.421362125380716546e-02
1.429999999999999938e+00 1.419852883586944850e-02
1.439999999999999947e+00 1.419296979253138573e-02
1.449999999999999956e+00 1.418927042306002140e-02
1.459999999999999964e+00 1.418551313188969737e-02
1.469999999999999973e+00 1.418133351182312464e-02
1.479999999999999982e+00 1.417693268790596629e-02
1.489999999999999991e+00 1.417271015210287005e-02
1.500000000000000000e+00 1.416902316861145747e-02
1.510000000000000009e+00 1.416605926134526135e-02
1.520000000000000018e+00 1.416383034669128384e-02
1.530000000000000027e+00 1.416224289550389349e-02
1.540000000000000036e+00 1.416117792696488902e-02
1.550000000000000044e+00 1.416053679859182422e-02
1.560000000000000053e+00 1.416024547728160325e-02
1.570000000000000062e+00 1.416023560078574599e-02
1.580000000000000071e+00 1.416042742853050596e-02
1.590000000000000080e+00 1.416073103164025224e-02
1.600000000000000089e+00 1.416106502059972551e-02
1.610000000000000098e+00 1.416137786903304448e-02
1.620000000000000107e+00 1.416165588139382987e-02
1.629999999999999893e+00 1.416191406887585755e-02
1.639999999999999902e+00 1.416218005900777947e-02
1.649999999999999911e+00 1.416248451691197105e-02
1.659999999999999920e+00 1.416286256655836448e-02
1.669999999999999929e+00 1.416335816028532063e-02
1.679999999999999938e+00 1.416401833399704227e-02
1.689999999999999947e+00 1.416487150729966830e-02
1.699999999999999956e+00 1.416589849506771914e-02
1.709999999999999964e+00 1.416701523515909340e-02
1.719999999999999973e+00 1.416808257584526408e-02
1.729999999999999982e+00 1.416894164867848679e-02
1.739999999999999991e+00 1.416945675270758764e-02
1.750000000000000000e+00 1.416954608539032663e-02
1.760000000000000009e+00 1.416919442033601553e-02
1.770000000000000018e+00 1.416845495787101734e-02
1.780000000000000027e+00 1.416744546745052694e-02
1.790000000000000036e+00 1.416633140321145803e-02
1.800000000000000044e+00 1.416528595319633231e-02
1.810000000000000053e+00 1.416443458495369491e-02
1.820000000000000062e+00 1.416381377059916513e-02
1.830000000000000071e+00 1.416337265049748273e-02
1.840000000000000080e+00 1.416301682442327667e-02
1.850000000000000089e+00 1.416266228085959027e-02
1.860000000000000098e+00 1.416226477308086054e-02
1.870000000000000107e+00 1.416181549583200514e-02
1.879999999999999893e+00 1.416132077534093189e-02
1.889999999999999902e+00 1.416078897274635276e-02
1.899999999999999911e+00 1.416023310043010124e-02
1.909999999999999920e+00 1.415968038837768506e-02
1.919999999999999929e+00 1.415917503019589394e-02
1.929999999999999938e+00 1.415876841000851018e-02
1.939999999999999947e+00 1.415850244767526828e-02
1.949999999999999956e+00 1.415839666690514934e-02
1.959999999999999964e+00 1.415844607598832489e-02
1.969999999999999973e+00 1.415862964486007229e-02
1.979999999999999982e+00 1.415892407720780941e-02
1.989999999999999991e+00 1.415931705508913750e-02
2.000000000000000000e+00 1.415981583062192461e-02
2.009999999999999787e+00 1.416044763191642505e-02
2.020000000000000018e+00 1.416124812161409681e-02
2.029999999999999805e+00 1.416223649650222988e-02
2.040000000000000036e+00 1.416338232003677179e-02
2.049999999999999822e+00 1.416457770217899835e-02
2.060000000000000053e+00 1.416563524653978792e-02
2.069999999999999840e+00 1.416633045468573479e-02
2.080000000000000071e+00 1.416648682178443808e-02
2.089999999999999858e+00 1.416606500366514483e-02
2.100000000000000089e+00 1.416519523481103542e-02
2.109999999999999876e+00 1.416412006819808486e-02
2.120000000000000107e+00 1.416308061116145454e-02
2.129999999999999893e+00 1.416222215312611110e-02
2.140000000000000124e+00 1.416157174160850851e-02
2.149999999999999911e+00 1.416107876654992825e-02
2.160000000000000142e+00 1.416067169684976507e-02
2.169999999999999929e+00 1.416029406274984040e-02
2.180000000000000160e+00 1.415991393384672531e-02
2.189999999999999947e+00 1.415951979831150953e-02
2.200000000000000178e+00 1.415911464031099735e-02
2.209999999999999964e+00 1.415871151561712629e-02
2.220000000000000195e+00 1.415832914543962463e-02
2.229999999999999982e+00 1.415798655541063676e-02
2.240000000000000213e+00 1.415769791278367017e-02
2.250000000000000000e+00 1.415746944349671743e-02
2.259999999999999787e+00 1.415729929448148773e-02
2.270000000000000018e+00 1.415717971050216989e-02
2.279999999999999805e+00 1.415710009564229675e-02
2.290000000000000036e+00 1.415704968503958897e-02
2.299999999999999822e+00 1.415701921065242071e-02
2.310000000000000053e+00 1.415700155884142344e-02
2.319999999999999840e+00 1.415699173048059339e-02
2.330000000000000071e+00 1.415698645558174928e-02
2.339999999999999858e+00 1.415698372055211943e-02
2.350000000000000089e+00 1.415698234825178356e-02
2.359999999999999876e+00 1.415698168115739168e-02
2.370000000000000107e+00 1.415698136667727439e-02
2.379999999999999893e+00 1.415698122273937806e-02
2.390000000000000124e+00 1.415698115865766764e-02
2.399999999999999911e+00 1.415698113082809566e-02
2.410000000000000142e+00 1.415698111899230290e-02
2.419999999999999929e+00 1.415698111403888501e-02
2.430000000000000160e+00 1.415698111198759011e-02
2.439999999999999947e+00 1.415698111114163833e-02
2.450000000000000178e+00 1.415698111079126235e-02
2.459999999999999964e+00 1.415698111064361310e-02
2.470000000000000195e+00 1.415698111057907618e-02
2.479999999999999982e+00 1.415698111054915047e-02
2.490000000000000213e+00 1.415698111053420062e-02
2.500000000000000000e+00 1.415698111052617926e-02
2.509999999999999787e+00 1.415698111052163428e-02
2.520000000000000018e+00 1.415698111051897322e-02
2.529999999999999805e+00 1.415698111051739462e-02
2.540000000000000036e+00 1.415698111051645440e-02
2.549999999999999822e+00 1.415698111051589755e-02
2.560000000000000053e+00 1.415698111051557663e-02
2.569999999999999840e+00 1.415698111051539101e-02
2.580000000000000071e+00 1.415698111051527826e-02
2.589999999999999858e+00 1.415698111051520713e-02
2.600000000000000089e+00 1.415698111051516030e-02
2.609999999999999876e+00 1.415698111051512907e-02
2.620000000000000107e+00 1.415698111051511346e-02
2.629999999999999893e+00 1.415698111051512213e-02
2.640000000000000124e+00 1.415698111051515336e-02
2.649999999999999911e+00 1.415698111051520366e-02
2.660000000000000142e+00 1.415698111051526265e-02
2.669999999999999929e+00 1.415698111051531295e-02
2.680000000000000160e+00 1.415698111051534071e-02
2.689999999999999947e+00 1.415698111051533897e-02
2.700000000000000178e+00 1.415698111051530428e-02
2.709999999999999964e+00 1.415698111051524183e-02
2.720000000000000195e+00 1.415698111051516377e-02
2.729999999999999982e+00 1.415698111051508223e-02
2.740000000000000213e+00 1.415698111051500764e-02
2.750000000000000000e+00 1.415698111051494519e-02
2.759999999999999787e+00 1.415698111051489141e-02
2.770000000000000018e+00 1.415698111051484978e-02
2.779999999999999805e+00 1.415698111051482203e-02
2.790000000000000036e+00 1.415698111051480121e-02
2.799999999999999822e+00 1.415698111051478560e-02
2.810000000000000053e+00 1.415698111051477519e-02
2.819999999999999840e+00 1.415698111051476651e-02
2.830000000000000071e+00 1.415698111051475958e-02
2.839999999999999858e+00 1.415698111051475611e-02
2.850000000000000089e+00 1.415698111051475090e-02
2.859999999999999876e+00 1.415698111051475090e-02
2.870000000000000107e+00 1.415698111051474743e-02
2.879999999999999893e+00 1.415698111051474743e-02
2.890000000000000124e+00 1.415698111051474396e-02
2.899999999999999911e+00 1.415698111051474396e-02
2.910000000000000142e+00 1.415698111051474396e-02
2.919999999999999929e+00 1.415698111051474396e-02
2.930000000000000160e+00 1.415698111051474396e-02
2.939999999999999947e+00 1.415698111051474396e-02
2.950000000000000178e+00 1.415698111051474396e-02
2.959999999999999964e+00 1.415698111051474396e-02
2.970000000000000195e+00 1.415698111051474396e-02
2.979999999999999982e+00 1.415698111051474396e-02
2.990000000000000213e+00 1.415698111051474396e-02
3.000000000000000000e+00 1.415698111051474396e-02
3.009999999999999787e+00 1.415698111051474396e-02
3.020000000000000018e+00 1.415698111051474396e-02
3.029999999999999805e+00 1.415698111051474396e-02
3.040000000000000036e+00 1.415698111051474396e-02
3.049999999999999822e+00 1.415698111051474396e-02
3.060000000000000053e+00 1.415698111051474396e-02
3.069999999999999840e+00 1.415698111051474396e-02
3.080000000000000071e+00 1.415698111051474396e-02
3.089999999999999858e+00 1.415698111051474396e-02
3.100000000000000089e+00 1.415698111051474396e-02
3.109999999999999876e+00 1.415698111051474396e-02
3.120000000000000107e+00 1.415698111051474396e-02
3.129999999999999893e+00 1.415698111051474396e-02
3.140000000000000124e+00 1.415698111051474396e-02
3.149999999999999911e+00 1.415698111051474396e-02
3.160000000000000142e+00 1.415698111051474396e-02
3.169999999999999929e+00 1.415698111051474396e-02
3.180000000000000160e+00 1.415698111051474396e-02
3.189999999999999947e+00 1.415698111051474396e-02
3.200000000000000178e+00 1.415698111051474396e-02
3.209999999999999964e+00 1.415698111051474396e-02
3.220000000000000195e+00 1.415698111051474396e-02
3.229999999999999982e+00 1.415698111051474396e-02
3.240000000000000213e+00 1.415698111051474396e-02
3.250000000000000000e+00 1.415698111051474396e-02
3.259999999999999787e+00 1.415698111051474396e-02
3.270000000000000018e+00 1.415698111051474396e-02
3.279999999999999805e+00 1.415698111051474396e-02
3.290000000000000036e+00 1.415698111051474396e-02
3.299999999999999822e+00 1.415698111051474396e-02
3.310000000000000053e+00 1.415698111051474396e-02
3.319999999999999840e+00 1.415698111051474396e-02
3.330000000000000071e+00 1.415698111051474396e-02
3.339999999999999858e+00 1.415698111051474396e-02
3.350000000000000089e+00 1.415698111051474396e-02
3.359999999999999876e+00 1.415698111051474396e-02
3.370000000000000107e+00 1.415698111051474396e-02
3.379999999999999893e+00 1.415698111051474396e-02
3.390000000000000124e+00 1.415698111051474396e-02
3.399999999999999911e+00 1.415698111051474396e-02
3.410000000000000142e+00 1.415698111051474396e-02
3.419999999999999929e+00 1.415698111051474396e-02
3.430000000000000160e+00 1.415698111051474396e-02
3.439999999999999947e+00 1.415698111051474396e-02
3.450000000000000178e+00 1.415698111051474396e-02
3.459999999999999964e+00 1.415698111051474396e-02
3.470000000000000195e+00 1.415698111051474396e-02
3.479999999999999982e+00 1.415698111051474396e-02
3.490000000000000213e+00 1.415698111051474396e-02
3.500000000000000000e+00 1.415698111051474396e-02
3.509999999999999787e+00 1.415698111051474396e-02
3.520000000000000018e+00 1.415698111051474396e-02
3.529999999999999805e+00 1.415698111051474396e-02
3.540000000000000036e+00 1.415698111051474396e-02
3.549999999999999822e+00 1.415698111051474396e-02
3.560000000000000053e+00 1.415698111051474396e-02
3.569999999999999840e+00 1.415698111051474396e-02
3.580000000000000071e+00 1.415698111051474396e-02
3.589999999999999858e+00 1.415698111051474396e-02
3.600000000000000089e+00 1.415698111051474396e-02
3.609999999999999876e+00 1.415698111051474396e-02
3.620000000000000107e+00 1.415698111051474396e-02
3.629999999999999893e+00 1.415698111051474396e-02
3.640000000000000124e+00 1.415698111051474396e-02
3.649999999999999911e+00 1.415698111051474396e-02
3.660000000000000142e+00 1.415698111051474396e-02
3.669999999999999929e+00 1.415698111051474396e-02
3.680000000000000160e+00 1.415698111051474396e-02
3.689999999999999947e+00 1.415698111051474396e-02
3.700000000000000178e+00 1.415698111051474396e-02
3.709999999999999964e+00 1.415698111051474396e-02
3.720000000000000195e+00 1.415698111051474396e-02
3.729999999999999982e+00 1.415698111051474396e-02
3.740000000000000213e+00 1.415698111051474396e-02
3.750000000000000000e+00 1.415698111051474396e-02
3.759999999999999787e+00 1.415698111051474396e-02
3.770000000000000018e+00 1.415698111051474396e-02
3.779999999999999805e+00 1.415698111051474396e-02
3.790000000000000036e+00 1.415698111051474396e-02
3.799999999999999822e+00 1.415698111051474396e-02
3.810000000000000053e+00 1.415698111051474396e-02
3.819999999999999840e+00 1.415698111051474396e-02
3.830000000000000071e+00 1.415698111051474396e-02
3.839999999999999858e+00 1.415698111051474396e-02
3.850000000000000089e+00 1.415698111051474396e-02
3.859999999999999876e+00 1.415698111051474396e-02
3.870000000000000107e+00 1.415698111051474396e-02
3.879999999999999893e+00 1.415698111051474396e-02
3.890000000000000124e+00 1.415698111051474396e-02
3.899999999999999911e+00 1.415698111051474396e-02
3.910000000000000142e+00 1.415698111051474396e-02
3.919999999999999929e+00 1.415698111051474396e-02
3.930000000000000160e+00 1.415698111051474396e-02
3.939999999999999947e+00 1.415698111051474396e-02
3.950000000000000178e+00 1.415698111051474396e-02
3.959999999999999964e+00 1.415698111051474396e-02
3.970000000000000195e+00 1.415698111051474396e-02
3.979999999999999982e+00 1.415698111051474396e-02
3.990000000000000213e+00 1.415698111051474396e-02
4.000000000000000000e+00 1.415698111051474396e-02
4.009999999999999787e+00 1.415698111051474396e-02
4.019999999999999574e+00 1.415698111051474396e-02
4.030000000000000249e+00 1.415698111051474396e-02
4.040000000000000036e+00 1.415698111051474396e-02
4.049999999999999822e+00 1.415698111051474396e-02
4.059999999999999609e+00 1.415698111051474396e-02
4.070000000000000284e+00 1.415698111051474396e-02
4.080000000000000071e+00 1.415698111051474396e-02
4.089999999999999858e+00 1.415698111051474396e-02
4.099999999999999645e+00 1.415698111051474396e-02
4.110000000000000320e+00 1.415698111051474396e-02
4.120000000000000107e+00 1.415698111051474396e-02
4.129999999999999893e+00 1.415698111051474396e-02
4.139999999999999680e+00 1.415698111051474396e-02
4.150000000000000355e+00 1.415698111051474396e-02
4.160000000000000142e+00 1.415698111051474396e-02
4.169999999999999929e+00 1.415698111051474396e-02
4.179999999999999716e+00 1.415698111051474396e-02
4.190000000000000391e+00 1.415698111051474396e-02
4.200000000000000178e+00 1.415698111051474396e-02
4.209999999999999964e+00 1.415698111051474396e-02
4.219999999999999751e+00 1.415698111051474396e-02
4.230000000000000426e+00 1.415698111051474396e-02
4.240000000000000213e+00 1.415698111051474396e-02
4.250000000000000000e+00 1.415698111051474396e-02
4.259999999999999787e+00 1.415698111051474396e-02
4.269999999999999574e+00 1.415698111051474396e-02
4.280000000000000249e+00 1.415698111051474396e-02
4.290000000000000036e+00 1.415698111051474396e-02
4.299999999999999822e+00 1.415698111051474396e-02
4.309999999999999609e+00 1.415698111051474396e-02
4.320000000000000284e+00 1.415698111051474396e-02
4.330000000000000071e+00 1.415698111051474396e-02
4.339999999999999858e+00 1.415698111051474396e-02
4.349999999999999645e+00 1.415698111051474396e-02
4.360000000000000320e+00 1.415698111051474396e-02
4.370000000000000107e+00 1.415698111051474396e-02
4.379999999999999893e+00 1.415698111051474396e-02
4.389999999999999680e+00 1.415698111051474396e-02
4.400000000000000355e+00 1.415698111051474396e-02
4.410000000000000142e+00 1.415698111051474396e-02
4.419999999999999929e+00 1.415698111051474396e-02
4.429999999999999716e+00 1.415698111051474396e-02
4.440000000000000391e+00 1.415698111051474396e-02
4.450000000000000178e+00 1.415698111051474396e-02
4.459999999999999964e+00 1.415698111051474396e-02
4.469999999999999751e+00 1.415698111051474396e-02
4.480000000000000426e+00 1.415698111051474396e-02
4.490000000000000213e+00 1.415698111051474396e-02
4.500000000000000000e+00 1.415698111051474396e-02
4.509999999999999787e+00 1.415698111051474396e-02
4.519999999999999574e+00 1.415698111051474396e-02
4.530000000000000249e+00 1.415698111051474396e-02
4.540000000000000036e+00 1.415698111051474396e-02
4.549999999999999822e+00 1.415698111051474396e-02
4.559999999999999609e+00 1.415698111051474396e-02
4.570000000000000284e+00 1.415698111051474396e-02
4.580000000000000071e+00 1.415698111051474396e-02
4.589999999999999858e+00 1.415698111051474396e-02
4.599999999999999645e+00 1.415698111051474396e-02
4.610000000000000320e+00 1.415698111051474396e-02
4.620000000000000107e+00 1.415698111051474396e-02
4.629999999999999893e+00 1.415698111051474396e-02
4.639999999999999680e+00 1.415698111051474396e-02
4.650000000000000355e+00 1.415698111051474396e-02
4.660000000000000142e+00 1.415698111051474396e-02
4.669999999999999929e+00 1.415698111051474396e-02
4.679999999999999716e+00 1.415698111051474396e-02
4.690000000000000391e+00 1.415698111051474396e-02
4.700000000000000178e+00 1.415698111051474396e-02
4.709999999999999964e+00 1.415698111051474396e-02
4.719999999999999751e+00 1.415698111051474396e-02
4.730000000000000426e+00 1.415698111051474396e-02
4.740000000000000213e+00 1.415698111051474396e-02
4.750000000000000000e+00 1.415698111051474396e-02
4.759999999999999787e+00 1.415698111051474396e-02
4.769999999999999574e+00 1.415698111051474396e-02
4.780000000000000249e+00 1.415698111051474396e-02
4.790000000000000036e+00 1.415698111051474396e-02
4.799999999999999822e+00 1.415698111051474396e-02
4.809999999999999609e+00 1.415698111051474396e-02
4.820000000000000284e+00 1.415698111051474396e-02
4.830000000000000071e+00 1.415698111051474396e-02
4.839999999999999858e+00 1.415698111051474396e-02
4.849999999999999645e+00 1.415698111051474396e-02
4.860000000000000320e+00 1.415698111051474396e-02
4.870000000000000107e+00 1.415698111051474396e-02
4.879999999999999893e+00 1.415698111051474396e-02
4.889999999999999680e+00 1.415698111051474396e-02
4.900000000000000355e+00 1.415698111051474396e-02
4.910000000000000142e+00 1.415698111051474396e-02
4.919999999999999929e+00 1.415698111051474396e-02
4.929999999999999716e+00 1.415698111051474396e-02
4.940000000000000391e+00 1.415698111051474396e-02
4.950000000000000178e+00 1.415698111051474396e-02
4.959999999999999964e+00 1.415698111051474396e-02
4.969999999999999751e+00 1.415698111051474396e-02
4.980000000000000426e+00 1.415698111051474396e-02
4.990000000000000213e+00 1.415698111051474396e-02
5.000000000000000000e+00 1.415698111051474396e-02
5.009999999999999787e+00 1.415698111051474396e-02
5.019999999999999574e+00 1.415698111051474396e-02
5.030000000000000249e+00 1.415698111051474396e-02
5.040000000000000036e+00 1.415698111051474396e-02
5.049999999999999822e+00 1.415698111051474396e-02
5.059999999999999609e+00 1.415698111051474396e-02
5.070000000000000284e+00 1.415698111051474396e-02
5.080000000000000071e+00 1.415698111051474396e-02
5.089999999999999858e+00 1.415698111051474396e-02
5.099999999999999645e+00 1.415698111051474396e-02
5.110000000000000320e+00 1.415698111051474396e-02
5.120000000000000107e+00 1.415698111051474396e-02
5.129999999999999893e+00 1.415698111051474396e-02
5.139999999999999680e+00 1.415698111051474396e-02
5.150000000000000355e+00 1.415698111051474396e-02
5.160000000000000142e+00 1.415698111051474396e-02
5.169999999999999929e+00 1.415698111051474396e-02
5.179999999999999716e+00 1.415698111051474396e-02
5.190000000000000391e+00 1.415698111051474396e-02
5.200000000000000178e+00 1.415698111051474396e-02
5.209999999999999964e+00 1.415698111051474396e-02
5.219999999999999751e+00 1.415698111051474396e-02
5.230000000000000426e+00 1.415698111051474396e-02
5.240000000000000213e+00 1.415698111051474396e-02
5.250000000000000000e+00 1.415698111051474396e-02
5.259999999999999787e+00 1.415698111051474396e-02
5.269999999999999574e+00 1.415698111051474396e-02
5.280000000000000249e+00 1.415698111051474396e-02
5.290000000000000036e+00 1.415698111051474396e-02
5.299999999999999822e+00 1.415698111051474396e-02
5.309999999999999609e+00 1.415698111051474396e-02
5.320000000000000284e+00 1.415698111051474396e-02
5.330000000000000071e+00 1.415698111051474396e-02
5.339999999999999858e+00 1.415698111051474396e-02
5.349999999999999645e+00 1.415698111051474396e-02
5.360000000000000320e+00 1.415698111051474396e-02
5.370000000000000107e+00 1.415698111051474396e-02
5.379999999999999893e+00 1.415698111051474396e-02
5.389999999999999680e+00 1.415698111051474396e-02
5.400000000000000355e+00 1.415698111051474396e-02
5.410000000000000142e+00 1.415698111051474396e-02
5.419999999999999929e+00 1.415698111051474396e-02
5.429999999999999716e+00 1.415698111051474396e-02
5.440000000000000391e+00 1.415698111051474396e-02
5.450000000000000178e+00 1.415698111051474396e-02
5.459999999999999964e+00 1.415698111051474396e-02
5.469999999999999751e+00 1.415698111051474396e-02
5.480000000000000426e+00 1.415698111051474396e-02
5.490000000000000213e+00 1.415698111051474396e-02
5.500000000000000000e+00 1.415698111051474396e-02
5.509999999999999787e+00 1.415698111051474396e-02
5.519999999999999574e+00 1.415698111051474396e-02
5.530000000000000249e+00 1.415698111051474396e-02
5.540000000000000036e+00 1.415698111051474396e-02
5.549999999999999822e+00 1.415698111051474396e-02
5.559999999999999609e+00 1.415698111051474396e-02
5.570000000000000284e+00 1.415698111051474396e-02
5.580000000000000071e+00 1.415698111051474396e-02
5.589999999999999858e+00 1.415698111051474396e-02
5.599999999999999645e+00 1.415698111051474396e-02
5.610000000000000320e+00 1.415698111051474396e-02
5.620000000000000107e+00 1.415698111051474396e-02
5.629999999999999893e+00 1.415698111051474396e-02
5.639999999999999680e+00 1.415698111051474396e-02
5.650000000000000355e+00 1.415698111051474396e-02
5.660000000000000142e+00 1.415698111051474396e-02
5.669999999999999929e+00 1.415698111051474396e-02
5.679999999999999716e+00 1.415698111051474396e-02
5.690000000000000391e+00 1.415698111051474396e-02
5.700000000000000178e+00 1.415698111051474396e-02
5.709999999999999964e+00 1.415698111051474396e-02
5.719999999999999751e+00 1.415698111051474396e-02
5.730000000000000426e+00 1.415698111051474396e-02
5.740000000000000213e+00 1.415698111051474396e-02
5.750000000000000000e+00 1.415698111051474396e-02
5.759999999999999787e+00 1.415698111051474396e-02
5.769999999999999574e+00 1.415698111051474396e-02
5.780000000000000249e+00 1.415698111051474396e-02
5.790000000000000036e+00 1.415698111051474396e-02
5.799999999999999822e+00 1.415698111051474396e-02
5.809999999999999609e+00 1.415698111051474396e-02
5.820000000000000284e+00 1.415698111051474396e-02
5.830000000000000071e+00 1.415698111051474396e-02
5.839999999999999858e+00 1.415698111051474396e-02
5.849999999999999645e+00 1.415698111051474396e-02
5.860000000000000320e+00 1.415698111051474396e-02
5.870000000000000107e+00 1.415698111051474396e-02
5.879999999999999893e+00 1.415698111051474396e-02
5.889999999999999680e+00 1.415698111051474396e-02
5.900000000000000355e+00 1.415698111051474396e-02
5.910000000000000142e+00 1.415698111051474396e-02
5.919999999999999929e+00 1.415698111051474396e-02
5.929999999999999716e+00 1.415698111051474396e-02
5.940000000000000391e+00 1.415698111051474396e-02
5.950000000000000178e+00 1.415698111051474396e-02
5.959999999999999964e+00 1.415698111051474396e-02
5.969999999999999751e+00 1.415698111051474396e-02
5.980000000000000426e+00 1.415698111051474396e-02
5.990000000000000213e+00 1.415698111051474396e-02
6.000000000000000000e+00 1.415698111051474396e-02
6.200000000000000178e+00 1.415698111051474396e-02
6.400000000000000355e+00 1.415698111051474396e-02
6.599999999999999645e+00 1.415698111051474396e-02
6.799999999999999822e+00 1.415698111051474396e-02
7.000000000000000000e+00 0.000000000000000000e+00
