0.000000000000000000e+00 0.000000000000000000e+00
1.000000000000000021e-02 1.415698111051474743e-02
2.000000000000000042e-02 1.415698111051474743e-02
2.999999999999999889e-02 1.415698111051474743e-02
4.000000000000000083e-02 1.415698111051474743e-02
5.000000000000000278e-02 1.415698111051474743e-02
5.999999999999999778e-02 1.415698111051474743e-02
7.000000000000000666e-02 1.415698111051474743e-02
8.000000000000000167e-02 1.415698111051474743e-02
8.999999999999999667e-02 1.415698111051474743e-02
1.000000000000000056e-01 1.415698111051474743e-02
1.100000000000000006e-01 1.415698111051474743e-02
1.199999999999999956e-01 1.415698111051474743e-02
1.300000000000000044e-01 1.415698111051474743e-02
1.400000000000000133e-01 1.415698111051474743e-02
1.499999999999999944e-01 1.415698111051474743e-02
1.600000000000000033e-01 1.415698111051474743e-02
1.700000000000000122e-01 1.415698111051474743e-02
1.799999999999999933e-01 1.415698111051474743e-02
1.900000000000000022e-01 1.415698111051474743e-02
2.000000000000000111e-01 1.415698111051474743e-02
2.099999999999999922e-01 1.415698111051474743e-02
2.200000000000000011e-01 1.415698111051474743e-02
2.300000000000000100e-01 1.415698111051474743e-02
2.399999999999999911e-01 1.415698111051474743e-02
2.500000000000000000e-01 1.415698111051474743e-02
2.600000000000000089e-01 1.415698111051474743e-02
2.700000000000000178e-01 1.415698111051474743e-02
2.800000000000000266e-01 1.415698111051474743e-02
2.899999999999999800e-01 1.415698111051474743e-02
2.999999999999999889e-01 1.415698111051474743e-02
3.099999999999999978e-01 1.415698111051474743e-02
3.200000000000000067e-01 1.415698111051474743e-02
3.300000000000000155e-01 1.415698111051474743e-02
3.400000000000000244e-01 1.415698111051474743e-02
3.499999999999999778e-01 1.415698111051474743e-02
3.599999999999999867e-01 1.415698111051474743e-02
3.699999999999999956e-01 1.415698111051474743e-02
3.800000000000000044e-01 1.415698111051474743e-02
3.900000000000000133e-01 1.415698111051474743e-02
4.000000000000000222e-01 1.415698111051474743e-02
4.099999999999999756e-01 1.415698111051474743e-02
4.199999999999999845e-01 1.415698111051474743e-02
4.299999999999999933e-01 1.415698111051474743e-02
4.400000000000000022e-01 1.415698111051474743e-02
4.500000000000000111e-01 1.415698111051474743e-02
4.600000000000000200e-01 1.415698111051474743e-02
4.699999999999999734e-01 1.415698111051474743e-02
4.799999999999999822e-01 1.415698111051474743e-02
4.899999999999999911e-01 1.415698111051474743e-02
5.000000000000000000e-01 1.415698111051474743e-02
5.100000000000000089e-01 1.415698111051474743e-02
5.200000000000000178e-01 1.415698111051474743e-02
5.300000000000000266e-01 1.415698111051474743e-02
5.400000000000000355e-01 1.415698111051474743e-02
5.500000000000000444e-01 1.415698111051474743e-02
5.600000000000000533e-01 1.415698111051474743e-02
5.699999999999999512e-01 1.415698111051474743e-02
5.799999999999999600e-01 1.415698111051474743e-02
5.899999999999999689e-01 1.415698111051474743e-02
5.999999999999999778e-01 1.415698111051474743e-02
6.099999999999999867e-01 1.415698111051474743e-02
6.199999999999999956e-01 1.415698111051474743e-02
6.300000000000000044e-01 1.415698111051474743e-02
6.400000000000000133e-01 1.415698111051474743e-02
6.500000000000000222e-01 1.415698111051474743e-02
6.600000000000000311e-01 1.415698111051474743e-02
6.700000000000000400e-01 1.415698111051474743e-02
6.800000000000000488e-01 1.415698111051474743e-02
6.899999999999999467e-01 1.415698111051474743e-02
6.999999999999999556e-01 1.415698111051474743e-02
7.099999999999999645e-01 1.415698111051474743e-02
7.199999999999999734e-01 1.415698111051474743e-02
7.299999999999999822e-01 1.415698111051474743e-02
7.399999999999999911e-01 1.415698111051474743e-02
7.500000000000000000e-01 1.415698111051474743e-02
7.600000000000000089e-01 1.415698111051474743e-02
7.700000000000000178e-01 1.415698111051474743e-02
7.800000000000000266e-01 1.415698111051474743e-02
7.900000000000000355e-01 1.415698111051474743e-02
8.000000000000000444e-01 1.415698111051474743e-02
8.100000000000000533e-01 1.415698111051474743e-02
8.199999999999999512e-01 1.415698111051474743e-02
8.299999999999999600e-01 1.415698111051474743e-02
8.399999999999999689e-01 1.415698111051474743e-02
8.499999999999999778e-01 1.415698111051474743e-02
8.599999999999999867e-01 1.415698111051474743e-02
8.699999999999999956e-01 1.415698111051474743e-02
8.800000000000000044e-01 1.415698111051474743e-02
8.900000000000000133e-01 1.415698111051474743e-02
9.000000000000000222e-01 1.415698111051474743e-02
9.100000000000000311e-01 1.415698111051474743e-02
9.200000000000000400e-01 1.415698111051474743e-02
9.300000000000000488e-01 1.415698111051474743e-02
9.399999999999999467e-01 1.415698111051474743e-02
9.499999999999999556e-01 1.415698111051474743e-02
9.599999999999999645e-01 1.415698111051474743e-02
9.699999999999999734e-01 1.415698111051474743e-02
9.799999999999999822e-01 1.415698111051474743e-02
9.899999999999999911e-01 1.415698111051474743e-02
1.000000000000000000e+00 1.415698111051474743e-02
1.010000000000000009e+00 1.415698111051474743e-02
1.020000000000000018e+00 1.415698111051474743e-02
1.030000000000000027e+00 1.415698111051474743e-02
1.040000000000000036e+00 1.415698111051474743e-02
1.050000000000000044e+00 1.415698111051474743e-02
1.060000000000000053e+00 1.415698111051474743e-02
1.070000000000000062e+00 1.415698111051474743e-02
1.080000000000000071e+00 1.415698111051474743e-02
1.090000000000000080e+00 1.415698111051474743e-02
1.100000000000000089e+00 1.415698111051474743e-02
1.110000000000000098e+00 1.415698111051474743e-02
1.120000000000000107e+00 1.415698111051474743e-02
1.129999999999999893e+00 1.415698111051474743e-02
1.139999999999999902e+00 1.415698111051474743e-02
1.149999999999999911e+00 1.415698111051474743e-02
1.159999999999999920e+00 1.415698111051474743e-02
1.169999999999999929e+00 1.415698111051474743e-02
1.179999999999999938e+00 1.415698111051474743e-02
1.189999999999999947e+00 1.415698111051474743e-02
1.199999999999999956e+00 1.415698111051474743e-02
1.209999999999999964e+00 1.415698111051474743e-02
1.219999999999999973e+00 1.415698111051474743e-02
1.229999999999999982e+00 1.415698111051474743e-02
1.239999999999999991e+00 1.415698111051474743e-02
1.250000000000000000e+00 1.415698111051474743e-02
1.260000000000000009e+00 1.415698111051474743e-02
1.270000000000000018e+00 1.415698111051474743e-02
1.280000000000000027e+00 1.415698111051474743e-02
1.290000000000000036e+00 1.415698111051474743e-02
1.300000000000000044e+00 1.415698111051474743e-02
1.310000000000000053e+00 1.415698111051474743e-02
1.320000000000000062e+00 1.415698111051474743e-02
1.330000000000000071e+00 1.415698111051474743e-02
1.340000000000000080e+00 1.415698111051474743e-02
1.350000000000000089e+00 1.415698111051474743e-02
1.360000000000000098e+00 1.415698111051474743e-02
1.370000000000000107e+00 1.415698111051474743e-02
1.379999999999999893e+00 1.415698111051474743e-02
1.389999999999999902e+00 1.415698111051475611e-02
1.399999999999999911e+00 1.415698111051491570e-02
1.409999999999999920e+00 1.415698111051712053e-02
1.419999999999999929e+00 1.415698111054349180e-02
1.429999999999999938e+00 1.415698111081622156e-02
1.439999999999999947e+00 1.415698111324996053e-02
1.449999999999999956e+00 1.415698113198103104e-02
1.459999999999999964e+00 1.415698125659024115e-02
1.469999999999999973e+00 1.415698197803103540e-02
1.479999999999999982e+00 1.415698566352110999e-02
1.489999999999999991e+00 1.415700264691719355e-02
1.500000000000000000e+00 1.415707519480821804e-02
1.510000000000000009e+00 1.415736872674578858e-02
1.520000000000000018e+00 1.415849671692398330e-02
1.530000000000000027e+00 1.416254094944840829e-02
1.540000000000000036e+00 1.417571338790237466e-02
1.550000000000000044e+00 1.421379201992837953e-02
1.560000000000000053e+00 1.431002443401079710e-02
1.570000000000000062e+00 1.452109499843775610e-02
1.580000000000000071e+00 1.492254032831313859e-02
1.590000000000000080e+00 1.558800372684764936e-02
1.600000000000000089e+00 1.656117227165876393e-02
1.610000000000000098e+00 1.784451230160709681e-02
1.620000000000000107e+00 1.942507779542333723e-02
1.629999999999999893e+00 2.133165284953109780e-02
1.639999999999999902e+00 2.369326758699001265e-02
1.649999999999999911e+00 2.676895660180598699e-02
1.659999999999999920e+00 3.093588952696654445e-02
1.669999999999999929e+00 3.663753207220903085e-02
1.679999999999999938e+00 4.430093340727036394e-02
1.689999999999999947e+00 5.424284740286838130e-02
1.699999999999999956e+00 6.660076873909551165e-02
1.709999999999999964e+00 8.133303439328239126e-02
1.719999999999999973e+00 9.831558085032307548e-02
1.729999999999999982e+00 1.175252255190718381e-01
1.739999999999999991e+00 1.392673691447259277e-01
1.750000000000000000e+00 1.644014705360858641e-01
1.760000000000000009e+00 1.945234395670594196e-01
1.770000000000000018e+00 2.320408751495524335e-01
1.780000000000000027e+00 2.800333400379301785e-01
1.790000000000000036e+00 3.418112655315081461e-01
1.800000000000000044e+00 4.202408662034968767e-01
1.810000000000000053e+00 5.171114063196674548e-01
1.820000000000000062e+00 6.329045175855793071e-01
1.830000000000000071e+00 7.671941634587364778e-01
1.840000000000000080e+00 9.196433594319319837e-01
1.850000000000000089e+00 1.091268507844330271e+00
1.860000000000000098e+00 1.285315856221711961e+00
1.870000000000000107e+00 1.506854156379632492e+00
1.879999999999999893e+00 1.760482235839594178e+00
1.889999999999999902e+00 2.046699627926191312e+00
1.899999999999999911e+00 2.358817075731670432e+00
1.909999999999999920e+00 2.682392370310782148e+00
1.919999999999999929e+00 2.997675961385143140e+00
1.929999999999999938e+00 3.283838583591671689e+00
1.939999999999999947e+00 3.523286324078400700e+00
1.949999999999999956e+00 3.704896596726170888e+00
1.959999999999999964e+00 3.825412080786263491e+00
1.969999999999999973e+00 3.888353196808012946e+00
1.979999999999999982e+00 3.900409401307537216e+00
1.989999999999999991e+00 3.866553190701888187e+00
2.000000000000000000e+00 3.786245027926334217e+00
2.009999999999999787e+00 3.653051261539785877e+00
2.020000000000000018e+00 3.458495915793657449e+00
2.029999999999999805e+00 3.198642442079313586e+00
2.040000000000000036e+00 2.880041995001722199e+00
2.049999999999999822e+00 2.521604202272385464e+00
2.060000000000000053e+00 2.151015656158565825e+00
2.069999999999999840e+00 1.797393838416639689e+00
2.080000000000000071e+00 1.483856048369988301e+00
2.089999999999999858e+00 1.223253201099812060e+00
2.100000000000000089e+00 1.018042758281319182e+00
2.109999999999999876e+00 8.630811856760964851e-01
2.120000000000000107e+00 7.493816266455410879e-01
2.129999999999999893e+00 6.673877027767404213e-01
2.140000000000000124e+00 6.090943420442300749e-01
2.149999999999999911e+00 5.689119423893398420e-01
2.160000000000000142e+00 5.435616780246403934e-01
2.169999999999999929e+00 5.315357761517760515e-01
2.180000000000000160e+00 5.327057669385625305e-01
2.189999999999999947e+00 5.485342495625636916e-01
2.200000000000000178e+00 5.829192669639824409e-01
2.209999999999999964e+00 6.426677685044157595e-01
2.220000000000000195e+00 7.353510320527496535e-01
2.229999999999999982e+00 8.627180020078640821e-01
2.240000000000000213e+00 1.011641895684641801e+00
2.250000000000000000e+00 1.149682326920644204e+00
2.259999999999999787e+00 1.232668056782249666e+00
2.270000000000000018e+00 1.223740121736799358e+00
2.279999999999999805e+00 1.112730002258875750e+00
2.290000000000000036e+00 9.223416667161290494e-01
2.299999999999999822e+00 6.969119319370480348e-01
2.310000000000000053e+00 4.820639117327102929e-01
2.319999999999999840e+00 3.082223340521452193e-01
2.330000000000000071e+00 1.854555167301370211e-01
2.339999999999999858e+00 1.082823206362267254e-01
2.350000000000000089e+00 6.425225668824813274e-02
2.359999999999999876e+00 4.088526188703310582e-02
2.370000000000000107e+00 2.895909873958833758e-02
2.379999999999999893e+00 2.286544698109030382e-02
2.390000000000000124e+00 1.963576490464917501e-02
2.399999999999999911e+00 1.783073801396930363e-02
2.410000000000000142e+00 1.677176650297099170e-02
2.419999999999999929e+00 1.612866938662713828e-02
2.430000000000000160e+00 1.573000191031698886e-02
2.439999999999999947e+00 1.548108081765940496e-02
2.450000000000000178e+00 1.532739256407901311e-02
2.459999999999999964e+00 1.523645096366084764e-02
2.470000000000000195e+00 1.518756570944682950e-02
2.479999999999999982e+00 1.516568890125793295e-02
2.490000000000000213e+00 1.515818580206962883e-02
2.500000000000000000e+00 1.515395076402625656e-02
2.509999999999999787e+00 1.514387203134680629e-02
2.520000000000000018e+00 1.512149346057259022e-02
2.529999999999999805e+00 1.508332254608745794e-02
2.540000000000000036e+00 1.502893272683878192e-02
2.549999999999999822e+00 1.496100930570978989e-02
2.560000000000000053e+00 1.488495230677554237e-02
2.569999999999999840e+00 1.480750500017530107e-02
2.580000000000000071e+00 1.473460490905842413e-02
2.589999999999999858e+00 1.466954330350716575e-02
2.600000000000000089e+00 1.461248916270317492e-02
2.609999999999999876e+00 1.456144693157009756e-02
2.620000000000000107e+00 1.451380967532017903e-02
2.629999999999999893e+00 1.446761469100650739e-02
2.640000000000000124e+00 1.442214643207757364e-02
2.649999999999999911e+00 1.437796957960127929e-02
2.660000000000000142e+00 1.433655400894844924e-02
2.669999999999999929e+00 1.429962020976371408e-02
2.680000000000000160e+00 1.426842318717349255e-02
2.689999999999999947e+00 1.424329697541726163e-02
2.700000000000000178e+00 1.422366882303015279e-02
2.709999999999999964e+00 1.420845158469991390e-02
2.720000000000000195e+00 1.419651305897807851e-02
2.729999999999999982e+00 1.418697094080362091e-02
2.740000000000000213e+00 1.417925961607582712e-02
2.750000000000000000e+00 1.417305714375951056e-02
2.759999999999999787e+00 1.416817611232184387e-02
2.770000000000000018e+00 1.416447350913130690e-02
2.779999999999999805e+00 1.416179567943631062e-02
2.790000000000000036e+00 1.415996010312168228e-02
2.799999999999999822e+00 1.415876763742525413e-02
2.810000000000000053e+00 1.415802930319864580e-02
2.819999999999999840e+00 1.415758916289624331e-02
2.830000000000000071e+00 1.415733332073830682e-02
2.839999999999999858e+00 1.415718636531336679e-02
2.850000000000000089e+00 1.415710193115448344e-02
2.859999999999999876e+00 1.415705298521109136e-02
2.870000000000000107e+00 1.415702429601981872e-02
2.879999999999999893e+00 1.415700738330913713e-02
2.890000000000000124e+00 1.415699744960426457e-02
2.899999999999999911e+00 1.415699167921949386e-02
2.910000000000000142e+00 1.415698836811606770e-02
2.919999999999999929e+00 1.415698648425986993e-02
2.930000000000000160e+00 1.415698541933863193e-02
2.939999999999999947e+00 1.415698482745515741e-02
2.950000000000000178e+00 1.415698451760290071e-02
2.959999999999999964e+00 1.415698438542149946e-02
2.970000000000000195e+00 1.415698437032977472e-02
2.979999999999999982e+00 1.415698442800111811e-02
2.990000000000000213e+00 1.415698451514132809e-02
3.000000000000000000e+00 1.415698458598578166e-02
3.009999999999999787e+00 1.415698459695131223e-02
3.020000000000000018e+00 1.415698451362002938e-02
3.029999999999999805e+00 1.415698431641363234e-02
3.040000000000000036e+00 1.415698400473234218e-02
3.049999999999999822e+00 1.415698359939931983e-02
3.060000000000000053e+00 1.415698314068095445e-02
3.069999999999999840e+00 1.415698267908600816e-02
3.080000000000000071e+00 1.415698226097265519e-02
3.089999999999999858e+00 1.415698191612271839e-02
3.100000000000000089e+00 1.415698165367500899e-02
3.109999999999999876e+00 1.415698146663489643e-02
3.120000000000000107e+00 1.415698134002518586e-02
3.129999999999999893e+00 1.415698125768768446e-02
3.140000000000000124e+00 1.415698120585499181e-02
3.149999999999999911e+00 1.415698117414853317e-02
3.160000000000000142e+00 1.415698115529990045e-02
3.169999999999999929e+00 1.415698114447126732e-02
3.180000000000000160e+00 1.415698113855373176e-02
3.189999999999999947e+00 1.415698113557496522e-02
3.200000000000000178e+00 1.415698113426416480e-02
3.209999999999999964e+00 1.415698113377594249e-02
3.220000000000000195e+00 1.415698113353629391e-02
3.229999999999999982e+00 1.415698113316584197e-02
3.240000000000000213e+00 1.415698113245234674e-02
3.250000000000000000e+00 1.415698113135016069e-02
3.259999999999999787e+00 1.415698112997054725e-02
3.270000000000000018e+00 1.415698112852710640e-02
3.279999999999999805e+00 1.415698112724114895e-02
3.290000000000000036e+00 1.415698112626011598e-02
3.299999999999999822e+00 1.415698112564263249e-02
3.310000000000000053e+00 1.415698112541466554e-02
3.319999999999999840e+00 1.415698112565488657e-02
3.330000000000000071e+00 1.415698112655942344e-02
3.339999999999999858e+00 1.415698112845449608e-02
3.350000000000000089e+00 1.415698113174718512e-02
3.359999999999999876e+00 1.415698113682835844e-02
3.370000000000000107e+00 1.415698114397329239e-02
3.379999999999999893e+00 1.415698115330672399e-02
3.390000000000000124e+00 1.415698116486419425e-02
3.399999999999999911e+00 1.415698117866910806e-02
3.410000000000000142e+00 1.415698119464656700e-02
3.419999999999999929e+00 1.415698121228520408e-02
3.430000000000000160e+00 1.415698123027081881e-02
3.439999999999999947e+00 1.415698124654857226e-02
3.450000000000000178e+00 1.415698125902362450e-02
3.459999999999999964e+00 1.415698126647018870e-02
3.470000000000000195e+00 1.415698126888645207e-02
3.479999999999999982e+00 1.415698126700954199e-02
3.490000000000000213e+00 1.415698126151390505e-02
3.500000000000000000e+00 1.415698125262983102e-02
3.509999999999999787e+00 1.415698124037243107e-02
3.520000000000000018e+00 1.415698122499391316e-02
3.529999999999999805e+00 1.415698120723898716e-02
3.540000000000000036e+00 1.415698118830827773e-02
3.549999999999999822e+00 1.415698116965327658e-02
3.560000000000000053e+00 1.415698115270695549e-02
3.569999999999999840e+00 1.415698113858977585e-02
3.580000000000000071e+00 1.415698112786342201e-02
3.589999999999999858e+00 1.415698112045372936e-02
3.600000000000000089e+00 1.415698111579788941e-02
3.609999999999999876e+00 1.415698111312604750e-02
3.620000000000000107e+00 1.415698111171717795e-02
3.629999999999999893e+00 1.415698111103081899e-02
3.640000000000000124e+00 1.415698111072109973e-02
3.649999999999999911e+00 1.415698111059173966e-02
3.660000000000000142e+00 1.415698111054183167e-02
3.669999999999999929e+00 1.415698111052401606e-02
3.680000000000000160e+00 1.415698111051805208e-02
3.689999999999999947e+00 1.415698111051610399e-02
3.700000000000000178e+00 1.415698111051543438e-02
3.709999999999999964e+00 1.415698111051516550e-02
3.720000000000000195e+00 1.415698111051503193e-02
3.729999999999999982e+00 1.415698111051495039e-02
3.740000000000000213e+00 1.415698111051489141e-02
3.750000000000000000e+00 1.415698111051484978e-02
3.759999999999999787e+00 1.415698111051481856e-02
3.770000000000000018e+00 1.415698111051479774e-02
3.779999999999999805e+00 1.415698111051477866e-02
3.790000000000000036e+00 1.415698111051476825e-02
3.799999999999999822e+00 1.415698111051476304e-02
3.810000000000000053e+00 1.415698111051475611e-02
3.819999999999999840e+00 1.415698111051475611e-02
3.830000000000000071e+00 1.415698111051475264e-02
3.839999999999999858e+00 1.415698111051475264e-02
3.850000000000000089e+00 1.415698111051475090e-02
3.859999999999999876e+00 1.415698111051475090e-02
3.870000000000000107e+00 1.415698111051475090e-02
3.879999999999999893e+00 1.415698111051475090e-02
3.890000000000000124e+00 1.415698111051474743e-02
3.899999999999999911e+00 1.415698111051474743e-02
3.910000000000000142e+00 1.415698111051474743e-02
3.919999999999999929e+00 1.415698111051474743e-02
3.930000000000000160e+00 1.415698111051474743e-02
3.939999999999999947e+00 1.415698111051474743e-02
3.950000000000000178e+00 1.415698111051474743e-02
3.959999999999999964e+00 1.415698111051474743e-02
3.970000000000000195e+00 1.415698111051474743e-02
3.979999999999999982e+00 1.415698111051474743e-02
3.990000000000000213e+00 1.415698111051474743e-02
4.000000000000000000e+00 1.415698111051474743e-02
4.009999999999999787e+00 1.415698111051474743e-02
4.019999999999999574e+00 1.415698111051474743e-02
4.030000000000000249e+00 1.415698111051474743e-02
4.040000000000000036e+00 1.415698111051474743e-02
4.049999999999999822e+00 1.415698111051474743e-02
4.059999999999999609e+00 1.415698111051474743e-02
4.070000000000000284e+00 1.415698111051474743e-02
4.080000000000000071e+00 1.415698111051474743e-02
4.089999999999999858e+00 1.415698111051474743e-02
4.099999999999999645e+00 1.415698111051474743e-02
4.110000000000000320e+00 1.415698111051474743e-02
4.120000000000000107e+00 1.415698111051474743e-02
4.129999999999999893e+00 1.415698111051474743e-02
4.139999999999999680e+00 1.415698111051474743e-02
4.150000000000000355e+00 1.415698111051474743e-02
4.160000000000000142e+00 1.415698111051474743e-02
4.169999999999999929e+00 1.415698111051474743e-02
4.179999999999999716e+00 1.415698111051474743e-02
4.190000000000000391e+00 1.415698111051474743e-02
4.200000000000000178e+00 1.415698111051474743e-02
4.209999999999999964e+00 1.415698111051474743e-02
4.219999999999999751e+00 1.415698111051474743e-02
4.230000000000000426e+00 1.415698111051474743e-02
4.240000000000000213e+00 1.415698111051474743e-02
4.250000000000000000e+00 1.415698111051474743e-02
4.259999999999999787e+00 1.415698111051474743e-02
4.269999999999999574e+00 1.415698111051474743e-02
4.280000000000000249e+00 1.415698111051474743e-02
4.290000000000000036e+00 1.415698111051474743e-02
4.299999999999999822e+00 1.415698111051474743e-02
4.309999999999999609e+00 1.415698111051474743e-02
4.320000000000000284e+00 1.415698111051474743e-02
4.330000000000000071e+00 1.415698111051474743e-02
4.339999999999999858e+00 1.415698111051474743e-02
4.349999999999999645e+00 1.415698111051474743e-02
4.360000000000000320e+00 1.415698111051474743e-02
4.370000000000000107e+00 1.415698111051474743e-02
4.379999999999999893e+00 1.415698111051474743e-02
4.389999999999999680e+00 1.415698111051474743e-02
4.400000000000000355e+00 1.415698111051474743e-02
4.410000000000000142e+00 1.415698111051474743e-02
4.419999999999999929e+00 1.415698111051474743e-02
4.429999999999999716e+00 1.415698111051474743e-02
4.440000000000000391e+00 1.415698111051474743e-02
4.450000000000000178e+00 1.415698111051474743e-02
4.459999999999999964e+00 1.415698111051474743e-02
4.469999999999999751e+00 1.415698111051474743e-02
4.480000000000000426e+00 1.415698111051474743e-02
4.490000000000000213e+00 1.415698111051474743e-02
4.500000000000000000e+00 1.415698111051474743e-02
4.509999999999999787e+00 1.415698111051474743e-02
4.519999999999999574e+00 1.415698111051474743e-02
4.530000000000000249e+00 1.415698111051474743e-02
4.540000000000000036e+00 1.415698111051474743e-02
4.549999999999999822e+00 1.415698111051474743e-02
4.559999999999999609e+00 1.415698111051474743e-02
4.570000000000000284e+00 1.415698111051474743e-02
4.580000000000000071e+00 1.415698111051474743e-02
4.589999999999999858e+00 1.415698111051474743e-02
4.599999999999999645e+00 1.415698111051474743e-02
4.610000000000000320e+00 1.415698111051474743e-02
4.620000000000000107e+00 1.415698111051474743e-02
4.629999999999999893e+00 1.415698111051474743e-02
4.639999999999999680e+00 1.415698111051474743e-02
4.650000000000000355e+00 1.415698111051474743e-02
4.660000000000000142e+00 1.415698111051474743e-02
4.669999999999999929e+00 1.415698111051474743e-02
4.679999999999999716e+00 1.415698111051474743e-02
4.690000000000000391e+00 1.415698111051474743e-02
4.700000000000000178e+00 1.415698111051474743e-02
4.709999999999999964e+00 1.415698111051474743e-02
4.719999999999999751e+00 1.415698111051474743e-02
4.730000000000000426e+00 1.415698111051474743e-02
4.740000000000000213e+00 1.415698111051474743e-02
4.750000000000000000e+00 1.415698111051474743e-02
4.759999999999999787e+00 1.415698111051474743e-02
4.769999999999999574e+00 1.415698111051474743e-02
4.780000000000000249e+00 1.415698111051474743e-02
4.790000000000000036e+00 1.415698111051474743e-02
4.799999999999999822e+00 1.415698111051474743e-02
4.809999999999999609e+00 1.415698111051474743e-02
4.820000000000000284e+00 1.415698111051474743e-02
4.830000000000000071e+00 1.415698111051474743e-02
4.839999999999999858e+00 1.415698111051474743e-02
4.849999999999999645e+00 1.415698111051474743e-02
4.860000000000000320e+00 1.415698111051474743e-02
4.870000000000000107e+00 1.415698111051474743e-02
4.879999999999999893e+00 1.415698111051474743e-02
4.889999999999999680e+00 1.415698111051474743e-02
4.900000000000000355e+00 1.415698111051474743e-02
4.910000000000000142e+00 1.415698111051474743e-02
4.919999999999999929e+00 1.415698111051474743e-02
4.929999999999999716e+00 1.415698111051474743e-02
4.940000000000000391e+00 1.415698111051474743e-02
4.950000000000000178e+00 1.415698111051474743e-02
4.959999999999999964e+00 1.415698111051474743e-02
4.969999999999999751e+00 1.415698111051474743e-02
4.980000000000000426e+00 1.415698111051474743e-02
4.990000000000000213e+00 1.415698111051474743e-02
5.000000000000000000e+00 1.415698111051474743e-02
5.009999999999999787e+00 1.415698111051474743e-02
5.019999999999999574e+00 1.415698111051474743e-02
5.030000000000000249e+00 1.415698111051474743e-02
5.040000000000000036e+00 1.415698111051474743e-02
5.049999999999999822e+00 1.415698111051474743e-02
5.059999999999999609e+00 1.415698111051474743e-02
5.070000000000000284e+00 1.415698111051474743e-02
5.080000000000000071e+00 1.415698111051474743e-02
5.089999999999999858e+00 1.415698111051474743e-02
5.099999999999999645e+00 1.415698111051474743e-02
5.110000000000000320e+00 1.415698111051474743e-02
5.120000000000000107e+00 1.415698111051474743e-02
5.129999999999999893e+00 1.415698111051474743e-02
5.139999999999999680e+00 1.415698111051474743e-02
5.150000000000000355e+00 1.415698111051474743e-02
5.160000000000000142e+00 1.415698111051474743e-02
5.169999999999999929e+00 1.415698111051474743e-02
5.179999999999999716e+00 1.415698111051474743e-02
5.190000000000000391e+00 1.415698111051474743e-02
5.200000000000000178e+00 1.415698111051474743e-02
5.209999999999999964e+00 1.415698111051474743e-02
5.219999999999999751e+00 1.415698111051474743e-02
5.230000000000000426e+00 1.415698111051474743e-02
5.240000000000000213e+00 1.415698111051474743e-02
5.250000000000000000e+00 1.415698111051474743e-02
5.259999999999999787e+00 1.415698111051474743e-02
5.269999999999999574e+00 1.415698111051474743e-02
5.280000000000000249e+00 1.415698111051474743e-02
5.290000000000000036e+00 1.415698111051474743e-02
5.299999999999999822e+00 1.415698111051474743e-02
5.309999999999999609e+00 1.415698111051474743e-02
5.320000000000000284e+00 1.415698111051474743e-02
5.330000000000000071e+00 1.415698111051474743e-02
5.339999999999999858e+00 1.415698111051474743e-02
5.349999999999999645e+00 1.415698111051474743e-02
5.360000000000000320e+00 1.415698111051474743e-02
5.370000000000000107e+00 1.415698111051474743e-02
5.379999999999999893e+00 1.415698111051474743e-02
5.389999999999999680e+00 1.415698111051474743e-02
5.400000000000000355e+00 1.415698111051474743e-02
5.410000000000000142e+00 1.415698111051474743e-02
5.419999999999999929e+00 1.415698111051474743e-02
5.429999999999999716e+00 1.415698111051474743e-02
5.440000000000000391e+00 1.415698111051474743e-02
5.450000000000000178e+00 1.415698111051474743e-02
5.459999999999999964e+00 1.415698111051474743e-02
5.469999999999999751e+00 1.415698111051474743e-02
5.480000000000000426e+00 1.415698111051474743e-02
5.490000000000000213e+00 1.415698111051474743e-02
5.500000000000000000e+00 1.415698111051474743e-02
5.509999999999999787e+00 1.415698111051474743e-02
5.519999999999999574e+00 1.415698111051474743e-02
5.530000000000000249e+00 1.415698111051474743e-02
5.540000000000000036e+00 1.415698111051474743e-02
5.549999999999999822e+00 1.415698111051474743e-02
5.559999999999999609e+00 1.415698111051474743e-02
5.570000000000000284e+00 1.415698111051474743e-02
5.580000000000000071e+00 1.415698111051474743e-02
5.589999999999999858e+00 1.415698111051474743e-02
5.599999999999999645e+00 1.415698111051474743e-02
5.610000000000000320e+00 1.415698111051474743e-02
5.620000000000000107e+00 1.415698111051474743e-02
5.629999999999999893e+00 1.415698111051474743e-02
5.639999999999999680e+00 1.415698111051474743e-02
5.650000000000000355e+00 1.415698111051474743e-02
5.660000000000000142e+00 1.415698111051474743e-02
5.669999999999999929e+00 1.415698111051474743e-02
5.679999999999999716e+00 1.415698111051474743e-02
5.690000000000000391e+00 1.415698111051474743e-02
5.700000000000000178e+00 1.415698111051474743e-02
5.709999999999999964e+00 1.415698111051474743e-02
5.719999999999999751e+00 1.415698111051474743e-02
5.730000000000000426e+00 1.415698111051474743e-02
5.740000000000000213e+00 1.415698111051474743e-02
5.750000000000000000e+00 1.415698111051474743e-02
5.759999999999999787e+00 1.415698111051474743e-02
5.769999999999999574e+00 1.415698111051474743e-02
5.780000000000000249e+00 1.415698111051474743e-02
5.790000000000000036e+00 1.415698111051474743e-02
5.799999999999999822e+00 1.415698111051474743e-02
5.809999999999999609e+00 1.415698111051474743e-02
5.820000000000000284e+00 1.415698111051474743e-02
5.830000000000000071e+00 1.415698111051474743e-02
5.839999999999999858e+00 1.415698111051474743e-02
5.849999999999999645e+00 1.415698111051474743e-02
5.860000000000000320e+00 1.415698111051474743e-02
5.870000000000000107e+00 1.415698111051474743e-02
5.879999999999999893e+00 1.415698111051474743e-02
5.889999999999999680e+00 1.415698111051474743e-02
5.900000000000000355e+00 1.415698111051474743e-02
5.910000000000000142e+00 1.415698111051474743e-02
5.919999999999999929e+00 1.415698111051474743e-02
5.929999999999999716e+00 1.415698111051474743e-02
5.940000000000000391e+00 1.415698111051474743e-02
5.950000000000000178e+00 1.415698111051474743e-02
5.959999999999999964e+00 1.415698111051474743e-02
5.969999999999999751e+00 1.415698111051474743e-02
5.980000000000000426e+00 1.415698111051474743e-02
5.990000000000000213e+00 1.415698111051474743e-02
6.000000000000000000e+00 1.415698111051474743e-02
6.200000000000000178e+00 1.415698111051474743e-02
6.400000000000000355e+00 1.415698111051474743e-02
6.599999999999999645e+00 1.415698111051474743e-02
6.799999999999999822e+00 1.415698111051474743e-02
7.000000000000000000e+00 0.000000000000000000e+00
