0.000000000000000000e+00 0.000000000000000000e+00
1.000000000000000021e-02 1.415698111051474743e-02
2.000000000000000042e-02 1.415698111051474743e-02
2.999999999999999889e-02 1.415698111051474743e-02
4.000000000000000083e-02 1.415698111051474743e-02
5.000000000000000278e-02 1.415698111051474743e-02
5.999999999999999778e-02 1.415698111051474743e-02
7.000000000000000666e-02 1.415698111051474743e-02
8.000000000000000167e-02 1.415698111051474743e-02
8.999999999999999667e-02 1.415698111051474743e-02
1.000000000000000056e-01 1.415698111051474743e-02
1.100000000000000006e-01 1.415698111051474743e-02
1.199999999999999956e-01 1.415698111051474743e-02
1.300000000000000044e-01 1.415698111051474743e-02
1.400000000000000133e-01 1.415698111051474743e-02
1.499999999999999944e-01 1.415698111051474743e-02
1.600000000000000033e-01 1.415698111051474743e-02
1.700000000000000122e-01 1.415698111051474743e-02
1.799999999999999933e-01 1.415698111051474743e-02
1.900000000000000022e-01 1.415698111051474743e-02
2.000000000000000111e-01 1.415698111051474743e-02
2.099999999999999922e-01 1.415698111051474743e-02
2.200000000000000011e-01 1.415698111051474743e-02
2.300000000000000100e-01 1.415698111051474743e-02
2.399999999999999911e-01 1.415698111051474743e-02
2.500000000000000000e-01 1.415698111051474743e-02
2.600000000000000089e-01 1.415698111051474743e-02
2.700000000000000178e-01 1.415698111051474743e-02
2.800000000000000266e-01 1.415698111051474743e-02
2.899999999999999800e-01 1.415698111051474743e-02
2.999999999999999889e-01 1.415698111051474743e-02
3.099999999999999978e-01 1.415698111051474743e-02
3.200000000000000067e-01 1.415698111051474743e-02
3.300000000000000155e-01 1.415698111051474743e-02
3.400000000000000244e-01 1.415698111051474743e-02
3.499999999999999778e-01 1.415698111051474743e-02
3.599999999999999867e-01 1.415698111051474743e-02
3.699999999999999956e-01 1.415698111051474743e-02
3.800000000000000044e-01 1.415698111051474743e-02
3.900000000000000133e-01 1.415698111051474743e-02
4.000000000000000222e-01 1.415698111051474743e-02
4.099999999999999756e-01 1.415698111051474743e-02
4.199999999999999845e-01 1.415698111051474743e-02
4.299999999999999933e-01 1.415698111051474743e-02
4.400000000000000022e-01 1.415698111051474743e-02
4.500000000000000111e-01 1.415698111051474743e-02
4.600000000000000200e-01 1.415698111051474743e-02
4.699999999999999734e-01 1.415698111051474743e-02
4.799999999999999822e-01 1.415698111051474743e-02
4.899999999999999911e-01 1.415698111051474743e-02
5.000000000000000000e-01 1.415698111051474743e-02
5.100000000000000089e-01 1.415698111051474743e-02
5.200000000000000178e-01 1.415698111051474743e-02
5.300000000000000266e-01 1.415698111051474743e-02
5.400000000000000355e-01 1.415698111051474743e-02
5.500000000000000444e-01 1.415698111051474743e-02
5.600000000000000533e-01 1.415698111051474743e-02
5.699999999999999512e-01 1.415698111051474743e-02
5.799999999999999600e-01 1.415698111051474743e-02
5.899999999999999689e-01 1.415698111051475090e-02
5.999999999999999778e-01 1.415698111051475958e-02
6.099999999999999867e-01 1.415698111051478213e-02
6.199999999999999956e-01 1.415698111051484458e-02
6.300000000000000044e-01 1.415698111051500070e-02
6.400000000000000133e-01 1.415698111051537540e-02
6.500000000000000222e-01 1.415698111051625317e-02
6.600000000000000311e-01 1.415698111051828974e-02
6.700000000000000400e-01 1.415698111052301512e-02
6.800000000000000488e-01 1.415698111053422664e-02
6.899999999999999467e-01 1.415698111056143925e-02
6.999999999999999556e-01 1.415698111062825733e-02
7.099999999999999645e-01 1.415698111079092061e-02
7.199999999999999734e-01 1.415698111117688791e-02
7.299999999999999822e-01 1.415698111206121004e-02
7.399999999999999911e-01 1.415698111401992795e-02
7.500000000000000000e-01 1.415698111826647725e-02
7.600000000000000089e-01 1.415698112746711750e-02
7.700000000000000178e-01 1.415698114775060419e-02
7.800000000000000266e-01 1.415698119329766164e-02
7.900000000000000355e-01 1.415698129560519734e-02
8.000000000000000444e-01 1.415698152000353406e-02
8.100000000000000533e-01 1.415698199278815975e-02
8.199999999999999512e-01 1.415698294539274350e-02
8.299999999999999600e-01 1.415698478876222660e-02
8.399999999999999689e-01 1.415698823667694943e-02
8.499999999999999778e-01 1.415699448747381566e-02
8.599999999999999867e-01 1.415700543703066194e-02
8.699999999999999956e-01 1.415702384133569851e-02
8.800000000000000044e-01 1.415705331306159158e-02
8.900000000000000133e-01 1.415709807301734034e-02
9.000000000000000222e-01 1.415716252005991792e-02
9.100000000000000311e-01 1.415725093214060225e-02
9.200000000000000400e-01 1.415736788507468077e-02
9.300000000000000488e-01 1.415752007286950193e-02
9.399999999999999467e-01 1.415771991878246074e-02
9.499999999999999556e-01 1.415799071643340963e-02
9.599999999999999645e-01 1.415837243240197253e-02
9.699999999999999734e-01 1.415892706743165225e-02
9.799999999999999822e-01 1.415974212634610839e-02
9.899999999999999911e-01 1.416092909779355369e-02
1.000000000000000000e+00 1.416261119008463409e-02
1.010000000000000009e+00 1.416489533655907428e-02
1.020000000000000018e+00 1.416783417748496490e-02
1.030000000000000027e+00 1.417140429394368219e-02
1.040000000000000036e+00 1.417554531312001896e-02
1.050000000000000044e+00 1.418030956035650804e-02
1.060000000000000053e+00 1.418618466019196632e-02
1.070000000000000062e+00 1.419473793849132005e-02
1.080000000000000071e+00 1.420993712883358503e-02
1.090000000000000080e+00 1.424069236212714175e-02
1.100000000000000089e+00 1.430492536912581457e-02
1.110000000000000098e+00 1.443437925737404114e-02
1.120000000000000107e+00 1.467769122318407851e-02
1.129999999999999893e+00 1.509824329462452867e-02
1.139999999999999902e+00 1.576431605738234237e-02
1.149999999999999911e+00 1.673185889125979736e-02
1.159999999999999920e+00 1.802304473554575820e-02
1.169999999999999929e+00 1.960566510954927025e-02
1.179999999999999938e+00 2.137984597923689098e-02
1.189999999999999947e+00 2.317943164920192867e-02
1.199999999999999956e+00 2.479358891855141384e-02
1.209999999999999964e+00 2.600794541238419383e-02
1.219999999999999973e+00 2.665542156764145673e-02
1.229999999999999982e+00 2.665955236978850146e-02
1.239999999999999991e+00 2.605284343123811380e-02
1.250000000000000000e+00 2.496209114475732987e-02
1.260000000000000009e+00 2.356791849895539803e-02
1.270000000000000018e+00 2.205741906612734143e-02
1.280000000000000027e+00 2.058855903914156432e-02
1.290000000000000036e+00 1.927433802671346327e-02
1.300000000000000044e+00 1.818327098874760253e-02
1.310000000000000053e+00 1.734800496640525463e-02
1.320000000000000062e+00 1.677534244669383334e-02
1.330000000000000071e+00 1.645451044346575575e-02
1.340000000000000080e+00 1.636382976829877864e-02
1.350000000000000089e+00 1.647749183650982358e-02
1.360000000000000098e+00 1.677188159372622334e-02
1.370000000000000107e+00 1.722609128501016371e-02
1.379999999999999893e+00 1.781113186269671703e-02
1.389999999999999902e+00 1.847252233134699315e-02
1.399999999999999911e+00 1.912467742833248371e-02
1.409999999999999920e+00 1.967587322732418376e-02
1.419999999999999929e+00 2.008108145320933874e-02
1.429999999999999938e+00 2.039172609411912807e-02
1.439999999999999947e+00 2.076439594286555099e-02
1.449999999999999956e+00 2.141600581903084846e-02
1.459999999999999964e+00 2.255050373923190091e-02
1.469999999999999973e+00 2.429922618993390904e-02
1.479999999999999982e+00 2.670040304649829929e-02
1.489999999999999991e+00 2.970984700535251460e-02
1.500000000000000000e+00 3.321239511462014543e-02
1.510000000000000009e+00 3.700775118960744625e-02
1.520000000000000018e+00 4.077140644214821696e-02
1.530000000000000027e+00 4.402661164646394509e-02
1.540000000000000036e+00 4.618728516795702482e-02
1.550000000000000044e+00 4.671781432897732789e-02
1.560000000000000053e+00 4.538337642484779888e-02
1.570000000000000062e+00 4.246165581212692219e-02
1.580000000000000071e+00 3.874891989807333070e-02
1.590000000000000080e+00 3.530070869392525068e-02
1.600000000000000089e+00 3.304124051217038893e-02
1.610000000000000098e+00 3.247789160709808193e-02
1.620000000000000107e+00 3.366368803517201524e-02
1.629999999999999893e+00 3.635829543607943526e-02
1.639999999999999902e+00 4.022704981952626019e-02
1.649999999999999911e+00 4.495477613853141041e-02
1.659999999999999920e+00 5.025824202047701750e-02
1.669999999999999929e+00 5.585623563888663518e-02
1.679999999999999938e+00 6.146357227643387683e-02
1.689999999999999947e+00 6.683492173633999445e-02
1.699999999999999956e+00 7.183430635606329051e-02
1.709999999999999964e+00 7.648465732509937554e-02
1.719999999999999973e+00 8.097952839599187325e-02
1.729999999999999982e+00 8.569782313793430917e-02
1.739999999999999991e+00 9.130223357282736540e-02
1.750000000000000000e+00 9.897330581929605908e-02
1.760000000000000009e+00 1.107077896755526702e-01
1.770000000000000018e+00 1.294229873575912515e-01
1.780000000000000027e+00 1.585103816021996292e-01
1.790000000000000036e+00 2.007092543018381969e-01
1.800000000000000044e+00 2.567547449933221260e-01
1.810000000000000053e+00 3.247414912892450656e-01
1.820000000000000062e+00 4.009002462773649800e-01
1.830000000000000071e+00 4.814666366290525357e-01
1.840000000000000080e+00 5.643261929736989035e-01
1.850000000000000089e+00 6.490738260130968218e-01
1.860000000000000098e+00 7.352218543709129195e-01
1.870000000000000107e+00 8.198071111208926620e-01
1.879999999999999893e+00 8.963994196809719206e-01
1.889999999999999902e+00 9.566844807861821787e-01
1.899999999999999911e+00 9.938204815014896054e-01
1.909999999999999920e+00 1.005301622057458433e+00
1.919999999999999929e+00 9.934760411734925301e-01
1.929999999999999938e+00 9.637431428038564230e-01
1.939999999999999947e+00 9.220192690910130606e-01
1.949999999999999956e+00 8.730989978046160838e-01
1.959999999999999964e+00 8.204476822936153102e-01
1.969999999999999973e+00 7.669177069266459590e-01
1.979999999999999982e+00 7.155520396102943437e-01
1.989999999999999991e+00 6.698773225081645633e-01
2.000000000000000000e+00 6.334972390213013949e-01
2.009999999999999787e+00 6.091953638098043244e-01
2.020000000000000018e+00 5.981016777400990359e-01
2.029999999999999805e+00 5.995759361134753718e-01
2.040000000000000036e+00 6.120621374453762975e-01
2.049999999999999822e+00 6.344049035925738433e-01
2.060000000000000053e+00 6.666196789716131166e-01
2.069999999999999840e+00 7.094303361630264204e-01
2.080000000000000071e+00 7.628714001763086117e-01
2.089999999999999858e+00 8.250749720765084838e-01
2.100000000000000089e+00 8.922790857842193279e-01
2.109999999999999876e+00 9.601495394325250121e-01
2.120000000000000107e+00 1.025506820721166834e+00
2.129999999999999893e+00 1.087315869733697538e+00
2.140000000000000124e+00 1.146455865253131368e+00
2.149999999999999911e+00 1.204711571731885700e+00
2.160000000000000142e+00 1.263817159011255908e+00
2.169999999999999929e+00 1.325008990931340502e+00
2.180000000000000160e+00 1.388941338118925950e+00
2.189999999999999947e+00 1.455645366509024541e+00
2.200000000000000178e+00 1.524501737342915275e+00
2.209999999999999964e+00 1.594439984230656027e+00
2.220000000000000195e+00 1.664421311699283645e+00
2.229999999999999982e+00 1.733903574524501723e+00
2.240000000000000213e+00 1.802875960363988783e+00
2.250000000000000000e+00 1.871352302395549172e+00
2.259999999999999787e+00 1.938649544215777176e+00
2.270000000000000018e+00 2.002958178850859916e+00
2.279999999999999805e+00 2.061510401870405573e+00
2.290000000000000036e+00 2.111254837962817987e+00
2.299999999999999822e+00 2.149630812612570274e+00
2.310000000000000053e+00 2.174992441734497906e+00
2.319999999999999840e+00 2.186491325941394503e+00
2.330000000000000071e+00 2.183609759565852126e+00
2.339999999999999858e+00 2.165752654843057012e+00
2.350000000000000089e+00 2.132196803501991145e+00
2.359999999999999876e+00 2.082395511819018274e+00
2.370000000000000107e+00 2.016423615330145136e+00
2.379999999999999893e+00 1.935339324390451976e+00
2.390000000000000124e+00 1.841316731374207816e+00
2.399999999999999911e+00 1.737450823622148643e+00
2.410000000000000142e+00 1.627217332971541808e+00
2.419999999999999929e+00 1.513759829029240889e+00
2.430000000000000160e+00 1.399352426617995970e+00
2.439999999999999947e+00 1.285331778838329386e+00
2.450000000000000178e+00 1.172489837696177872e+00
2.459999999999999964e+00 1.061614673569060141e+00
2.470000000000000195e+00 9.538199144444975408e-01
2.479999999999999982e+00 8.505246134102195654e-01
2.490000000000000213e+00 7.532025134889555051e-01
2.500000000000000000e+00 6.630986264383468276e-01
2.509999999999999787e+00 5.810275509683576756e-01
2.520000000000000018e+00 5.072827683616771832e-01
2.529999999999999805e+00 4.416698817850756020e-01
2.540000000000000036e+00 3.836607518546949480e-01
2.549999999999999822e+00 3.326027910800130050e-01
2.560000000000000053e+00 2.878725457138990307e-01
2.569999999999999840e+00 2.489066033804948341e-01
2.580000000000000071e+00 2.151421930359626034e-01
2.589999999999999858e+00 1.859583780728596702e-01
2.600000000000000089e+00 1.606836501420290664e-01
2.609999999999999876e+00 1.386685368254522155e-01
2.620000000000000107e+00 1.193740961551698759e-01
2.629999999999999893e+00 1.024235946066027608e-01
2.640000000000000124e+00 8.759357843380123632e-02
2.649999999999999911e+00 7.475715874104488234e-02
2.660000000000000142e+00 6.381410780322291365e-02
2.669999999999999929e+00 5.463976062912208331e-02
2.680000000000000160e+00 4.706593306714863811e-02
2.689999999999999947e+00 4.088848867163078632e-02
2.700000000000000178e+00 3.588780044079488418e-02
2.709999999999999964e+00 3.184977821473792409e-02
2.720000000000000195e+00 2.858109616512978512e-02
2.729999999999999982e+00 2.591777529892375434e-02
2.740000000000000213e+00 2.372873804462433817e-02
2.750000000000000000e+00 2.191559615282526186e-02
2.759999999999999787e+00 2.040886234658011167e-02
2.770000000000000018e+00 1.916086720483920272e-02
2.779999999999999805e+00 1.813700971275441706e-02
2.790000000000000036e+00 1.730806534854524223e-02
2.799999999999999822e+00 1.664573961160377424e-02
2.810000000000000053e+00 1.612177627981482148e-02
2.819999999999999840e+00 1.570925911809819761e-02
2.830000000000000071e+00 1.538435957273215533e-02
2.839999999999999858e+00 1.512743449635427229e-02
2.850000000000000089e+00 1.492320474016885917e-02
2.859999999999999876e+00 1.476022643814416460e-02
2.870000000000000107e+00 1.463000653771073800e-02
2.879999999999999893e+00 1.452609410311853089e-02
2.890000000000000124e+00 1.444338648048799044e-02
2.899999999999999911e+00 1.437773473577183547e-02
2.910000000000000142e+00 1.432577140714040229e-02
2.919999999999999929e+00 1.428481395351985199e-02
2.930000000000000160e+00 1.425274749066370028e-02
2.939999999999999947e+00 1.422788308335947056e-02
2.950000000000000178e+00 1.420883399441959412e-02
2.959999999999999964e+00 1.419443708089832695e-02
2.970000000000000195e+00 1.418371317711049871e-02
2.979999999999999982e+00 1.417584579949705131e-02
2.990000000000000213e+00 1.417016367906356530e-02
3.000000000000000000e+00 1.416612315934233542e-02
3.009999999999999787e+00 1.416329123075124596e-02
3.020000000000000018e+00 1.416132996519600326e-02
3.029999999999999805e+00 1.415998228617469830e-02
3.040000000000000036e+00 1.415905865362776864e-02
3.049999999999999822e+00 1.415842419900293497e-02
3.060000000000000053e+00 1.415798619528318633e-02
3.069999999999999840e+00 1.415768240605311951e-02
3.080000000000000071e+00 1.415747126112473428e-02
3.089999999999999858e+00 1.415732455643192722e-02
3.100000000000000089e+00 1.415722268680971382e-02
3.109999999999999876e+00 1.415715181844628273e-02
3.120000000000000107e+00 1.415710222494972331e-02
3.129999999999999893e+00 1.415706719316619025e-02
3.140000000000000124e+00 1.415704219424281443e-02
3.149999999999999911e+00 1.415702421981849743e-02
3.160000000000000142e+00 1.415701126750644988e-02
3.169999999999999929e+00 1.415700197150930421e-02
3.180000000000000160e+00 1.415699536146024055e-02
3.189999999999999947e+00 1.415699072016149071e-02
3.200000000000000178e+00 1.415698750637290129e-02
3.209999999999999964e+00 1.415698531243419871e-02
3.220000000000000195e+00 1.415698383612911705e-02
3.229999999999999982e+00 1.415698285742224977e-02
3.240000000000000213e+00 1.415698221841791768e-02
3.250000000000000000e+00 1.415698180727693878e-02
3.259999999999999787e+00 1.415698154609250359e-02
3.270000000000000018e+00 1.415698138180030742e-02
3.279999999999999805e+00 1.415698127916658472e-02
3.290000000000000036e+00 1.415698121533769810e-02
3.299999999999999822e+00 1.415698117574828649e-02
3.310000000000000053e+00 1.415698115122132270e-02
3.319999999999999840e+00 1.415698113601802401e-02
3.330000000000000071e+00 1.415698112656943973e-02
3.339999999999999858e+00 1.415698112066602482e-02
3.350000000000000089e+00 1.415698111694610982e-02
3.359999999999999876e+00 1.415698111457561192e-02
3.370000000000000107e+00 1.415698111304748014e-02
3.379999999999999893e+00 1.415698111205559995e-02
3.390000000000000124e+00 1.415698111141502555e-02
3.399999999999999911e+00 1.415698111101143519e-02
3.410000000000000142e+00 1.415698111076949504e-02
3.419999999999999929e+00 1.415698111063501234e-02
3.430000000000000160e+00 1.415698111056715343e-02
3.439999999999999947e+00 1.415698111053643668e-02
3.450000000000000178e+00 1.415698111052387555e-02
3.459999999999999964e+00 1.415698111051902353e-02
3.470000000000000195e+00 1.415698111051704247e-02
3.479999999999999982e+00 1.415698111051606929e-02
3.490000000000000213e+00 1.415698111051549683e-02
3.500000000000000000e+00 1.415698111051515336e-02
3.509999999999999787e+00 1.415698111051495386e-02
3.520000000000000018e+00 1.415698111051484978e-02
3.529999999999999805e+00 1.415698111051479947e-02
3.540000000000000036e+00 1.415698111051477519e-02
3.549999999999999822e+00 1.415698111051476651e-02
3.560000000000000053e+00 1.415698111051475958e-02
3.569999999999999840e+00 1.415698111051475611e-02
3.580000000000000071e+00 1.415698111051475264e-02
3.589999999999999858e+00 1.415698111051475264e-02
3.600000000000000089e+00 1.415698111051475090e-02
3.609999999999999876e+00 1.415698111051475090e-02
3.620000000000000107e+00 1.415698111051475090e-02
3.629999999999999893e+00 1.415698111051475090e-02
3.640000000000000124e+00 1.415698111051474743e-02
3.649999999999999911e+00 1.415698111051474743e-02
3.660000000000000142e+00 1.415698111051474743e-02
3.669999999999999929e+00 1.415698111051474743e-02
3.680000000000000160e+00 1.415698111051474743e-02
3.689999999999999947e+00 1.415698111051474743e-02
3.700000000000000178e+00 1.415698111051474743e-02
3.709999999999999964e+00 1.415698111051474743e-02
3.720000000000000195e+00 1.415698111051474743e-02
3.729999999999999982e+00 1.415698111051474743e-02
3.740000000000000213e+00 1.415698111051474743e-02
3.750000000000000000e+00 1.415698111051474743e-02
3.759999999999999787e+00 1.415698111051474743e-02
3.770000000000000018e+00 1.415698111051474743e-02
3.779999999999999805e+00 1.415698111051474743e-02
3.790000000000000036e+00 1.415698111051474743e-02
3.799999999999999822e+00 1.415698111051474743e-02
3.810000000000000053e+00 1.415698111051474743e-02
3.819999999999999840e+00 1.415698111051474743e-02
3.830000000000000071e+00 1.415698111051474743e-02
3.839999999999999858e+00 1.415698111051474743e-02
3.850000000000000089e+00 1.415698111051474743e-02
3.859999999999999876e+00 1.415698111051474743e-02
3.870000000000000107e+00 1.415698111051474743e-02
3.879999999999999893e+00 1.415698111051474743e-02
3.890000000000000124e+00 1.415698111051474743e-02
3.899999999999999911e+00 1.415698111051474743e-02
3.910000000000000142e+00 1.415698111051474743e-02
3.919999999999999929e+00 1.415698111051474743e-02
3.930000000000000160e+00 1.415698111051474743e-02
3.939999999999999947e+00 1.415698111051474743e-02
3.950000000000000178e+00 1.415698111051474743e-02
3.959999999999999964e+00 1.415698111051474743e-02
3.970000000000000195e+00 1.415698111051474743e-02
3.979999999999999982e+00 1.415698111051474743e-02
3.990000000000000213e+00 1.415698111051474743e-02
4.000000000000000000e+00 1.415698111051474743e-02
4.009999999999999787e+00 1.415698111051474743e-02
4.019999999999999574e+00 1.415698111051474743e-02
4.030000000000000249e+00 1.415698111051474743e-02
4.040000000000000036e+00 1.415698111051474743e-02
4.049999999999999822e+00 1.415698111051474743e-02
4.059999999999999609e+00 1.415698111051474743e-02
4.070000000000000284e+00 1.415698111051474743e-02
4.080000000000000071e+00 1.415698111051474743e-02
4.089999999999999858e+00 1.415698111051474743e-02
4.099999999999999645e+00 1.415698111051474743e-02
4.110000000000000320e+00 1.415698111051474743e-02
4.120000000000000107e+00 1.415698111051474743e-02
4.129999999999999893e+00 1.415698111051474743e-02
4.139999999999999680e+00 1.415698111051474743e-02
4.150000000000000355e+00 1.415698111051474743e-02
4.160000000000000142e+00 1.415698111051474743e-02
4.169999999999999929e+00 1.415698111051474743e-02
4.179999999999999716e+00 1.415698111051474743e-02
4.190000000000000391e+00 1.415698111051474743e-02
4.200000000000000178e+00 1.415698111051474743e-02
4.209999999999999964e+00 1.415698111051474743e-02
4.219999999999999751e+00 1.415698111051474743e-02
4.230000000000000426e+00 1.415698111051474743e-02
4.240000000000000213e+00 1.415698111051474743e-02
4.250000000000000000e+00 1.415698111051474743e-02
4.259999999999999787e+00 1.415698111051474743e-02
4.269999999999999574e+00 1.415698111051474743e-02
4.280000000000000249e+00 1.415698111051474743e-02
4.290000000000000036e+00 1.415698111051474743e-02
4.299999999999999822e+00 1.415698111051474743e-02
4.309999999999999609e+00 1.415698111051474743e-02
4.320000000000000284e+00 1.415698111051474743e-02
4.330000000000000071e+00 1.415698111051474743e-02
4.339999999999999858e+00 1.415698111051474743e-02
4.349999999999999645e+00 1.415698111051474743e-02
4.360000000000000320e+00 1.415698111051474743e-02
4.370000000000000107e+00 1.415698111051474743e-02
4.379999999999999893e+00 1.415698111051474743e-02
4.389999999999999680e+00 1.415698111051474743e-02
4.400000000000000355e+00 1.415698111051474743e-02
4.410000000000000142e+00 1.415698111051474743e-02
4.419999999999999929e+00 1.415698111051474743e-02
4.429999999999999716e+00 1.415698111051474743e-02
4.440000000000000391e+00 1.415698111051474743e-02
4.450000000000000178e+00 1.415698111051474743e-02
4.459999999999999964e+00 1.415698111051474743e-02
4.469999999999999751e+00 1.415698111051474743e-02
4.480000000000000426e+00 1.415698111051474743e-02
4.490000000000000213e+00 1.415698111051474743e-02
4.500000000000000000e+00 1.415698111051474743e-02
4.509999999999999787e+00 1.415698111051474743e-02
4.519999999999999574e+00 1.415698111051474743e-02
4.530000000000000249e+00 1.415698111051474743e-02
4.540000000000000036e+00 1.415698111051474743e-02
4.549999999999999822e+00 1.415698111051474743e-02
4.559999999999999609e+00 1.415698111051474743e-02
4.570000000000000284e+00 1.415698111051474743e-02
4.580000000000000071e+00 1.415698111051474743e-02
4.589999999999999858e+00 1.415698111051474743e-02
4.599999999999999645e+00 1.415698111051474743e-02
4.610000000000000320e+00 1.415698111051474743e-02
4.620000000000000107e+00 1.415698111051474743e-02
4.629999999999999893e+00 1.415698111051474743e-02
4.639999999999999680e+00 1.415698111051474743e-02
4.650000000000000355e+00 1.415698111051474743e-02
4.660000000000000142e+00 1.415698111051474743e-02
4.669999999999999929e+00 1.415698111051474743e-02
4.679999999999999716e+00 1.415698111051474743e-02
4.690000000000000391e+00 1.415698111051474743e-02
4.700000000000000178e+00 1.415698111051474743e-02
4.709999999999999964e+00 1.415698111051474743e-02
4.719999999999999751e+00 1.415698111051474743e-02
4.730000000000000426e+00 1.415698111051474743e-02
4.740000000000000213e+00 1.415698111051474743e-02
4.750000000000000000e+00 1.415698111051474743e-02
4.759999999999999787e+00 1.415698111051474743e-02
4.769999999999999574e+00 1.415698111051474743e-02
4.780000000000000249e+00 1.415698111051474743e-02
4.790000000000000036e+00 1.415698111051474743e-02
4.799999999999999822e+00 1.415698111051474743e-02
4.809999999999999609e+00 1.415698111051474743e-02
4.820000000000000284e+00 1.415698111051474743e-02
4.830000000000000071e+00 1.415698111051474743e-02
4.839999999999999858e+00 1.415698111051474743e-02
4.849999999999999645e+00 1.415698111051474743e-02
4.860000000000000320e+00 1.415698111051474743e-02
4.870000000000000107e+00 1.415698111051474743e-02
4.879999999999999893e+00 1.415698111051474743e-02
4.889999999999999680e+00 1.415698111051474743e-02
4.900000000000000355e+00 1.415698111051474743e-02
4.910000000000000142e+00 1.415698111051474743e-02
4.919999999999999929e+00 1.415698111051474743e-02
4.929999999999999716e+00 1.415698111051474743e-02
4.940000000000000391e+00 1.415698111051474743e-02
4.950000000000000178e+00 1.415698111051474743e-02
4.959999999999999964e+00 1.415698111051474743e-02
4.969999999999999751e+00 1.415698111051474743e-02
4.980000000000000426e+00 1.415698111051474743e-02
4.990000000000000213e+00 1.415698111051474743e-02
5.000000000000000000e+00 1.415698111051474743e-02
5.009999999999999787e+00 1.415698111051474743e-02
5.019999999999999574e+00 1.415698111051474743e-02
5.030000000000000249e+00 1.415698111051474743e-02
5.040000000000000036e+00 1.415698111051474743e-02
5.049999999999999822e+00 1.415698111051474743e-02
5.059999999999999609e+00 1.415698111051474743e-02
5.070000000000000284e+00 1.415698111051474743e-02
5.080000000000000071e+00 1.415698111051474743e-02
5.089999999999999858e+00 1.415698111051474743e-02
5.099999999999999645e+00 1.415698111051474743e-02
5.110000000000000320e+00 1.415698111051474743e-02
5.120000000000000107e+00 1.415698111051474743e-02
5.129999999999999893e+00 1.415698111051474743e-02
5.139999999999999680e+00 1.415698111051474743e-02
5.150000000000000355e+00 1.415698111051474743e-02
5.160000000000000142e+00 1.415698111051474743e-02
5.169999999999999929e+00 1.415698111051474743e-02
5.179999999999999716e+00 1.415698111051474743e-02
5.190000000000000391e+00 1.415698111051474743e-02
5.200000000000000178e+00 1.415698111051474743e-02
5.209999999999999964e+00 1.415698111051474743e-02
5.219999999999999751e+00 1.415698111051474743e-02
5.230000000000000426e+00 1.415698111051474743e-02
5.240000000000000213e+00 1.415698111051474743e-02
5.250000000000000000e+00 1.415698111051474743e-02
5.259999999999999787e+00 1.415698111051474743e-02
5.269999999999999574e+00 1.415698111051474743e-02
5.280000000000000249e+00 1.415698111051474743e-02
5.290000000000000036e+00 1.415698111051474743e-02
5.299999999999999822e+00 1.415698111051474743e-02
5.309999999999999609e+00 1.415698111051474743e-02
5.320000000000000284e+00 1.415698111051474743e-02
5.330000000000000071e+00 1.415698111051474743e-02
5.339999999999999858e+00 1.415698111051474743e-02
5.349999999999999645e+00 1.415698111051474743e-02
5.360000000000000320e+00 1.415698111051474743e-02
5.370000000000000107e+00 1.415698111051474743e-02
5.379999999999999893e+00 1.415698111051474743e-02
5.389999999999999680e+00 1.415698111051474743e-02
5.400000000000000355e+00 1.415698111051474743e-02
5.410000000000000142e+00 1.415698111051474743e-02
5.419999999999999929e+00 1.415698111051474743e-02
5.429999999999999716e+00 1.415698111051474743e-02
5.440000000000000391e+00 1.415698111051474743e-02
5.450000000000000178e+00 1.415698111051474743e-02
5.459999999999999964e+00 1.415698111051474743e-02
5.469999999999999751e+00 1.415698111051474743e-02
5.480000000000000426e+00 1.415698111051474743e-02
5.490000000000000213e+00 1.415698111051474743e-02
5.500000000000000000e+00 1.415698111051474743e-02
5.509999999999999787e+00 1.415698111051474743e-02
5.519999999999999574e+00 1.415698111051474743e-02
5.530000000000000249e+00 1.415698111051474743e-02
5.540000000000000036e+00 1.415698111051474743e-02
5.549999999999999822e+00 1.415698111051474743e-02
5.559999999999999609e+00 1.415698111051474743e-02
5.570000000000000284e+00 1.415698111051474743e-02
5.580000000000000071e+00 1.415698111051474743e-02
5.589999999999999858e+00 1.415698111051474743e-02
5.599999999999999645e+00 1.415698111051474743e-02
5.610000000000000320e+00 1.415698111051474743e-02
5.620000000000000107e+00 1.415698111051474743e-02
5.629999999999999893e+00 1.415698111051474743e-02
5.639999999999999680e+00 1.415698111051474743e-02
5.650000000000000355e+00 1.415698111051474743e-02
5.660000000000000142e+00 1.415698111051474743e-02
5.669999999999999929e+00 1.415698111051474743e-02
5.679999999999999716e+00 1.415698111051474743e-02
5.690000000000000391e+00 1.415698111051474743e-02
5.700000000000000178e+00 1.415698111051474743e-02
5.709999999999999964e+00 1.415698111051474743e-02
5.719999999999999751e+00 1.415698111051474743e-02
5.730000000000000426e+00 1.415698111051474743e-02
5.740000000000000213e+00 1.415698111051474743e-02
5.750000000000000000e+00 1.415698111051474743e-02
5.759999999999999787e+00 1.415698111051474743e-02
5.769999999999999574e+00 1.415698111051474743e-02
5.780000000000000249e+00 1.415698111051474743e-02
5.790000000000000036e+00 1.415698111051474743e-02
5.799999999999999822e+00 1.415698111051474743e-02
5.809999999999999609e+00 1.415698111051474743e-02
5.820000000000000284e+00 1.415698111051474743e-02
5.830000000000000071e+00 1.415698111051474743e-02
5.839999999999999858e+00 1.415698111051474743e-02
5.849999999999999645e+00 1.415698111051474743e-02
5.860000000000000320e+00 1.415698111051474743e-02
5.870000000000000107e+00 1.415698111051474743e-02
5.879999999999999893e+00 1.415698111051474743e-02
5.889999999999999680e+00 1.415698111051474743e-02
5.900000000000000355e+00 1.415698111051474743e-02
5.910000000000000142e+00 1.415698111051474743e-02
5.919999999999999929e+00 1.415698111051474743e-02
5.929999999999999716e+00 1.415698111051474743e-02
5.940000000000000391e+00 1.415698111051474743e-02
5.950000000000000178e+00 1.415698111051474743e-02
5.959999999999999964e+00 1.415698111051474743e-02
5.969999999999999751e+00 1.415698111051474743e-02
5.980000000000000426e+00 1.415698111051474743e-02
5.990000000000000213e+00 1.415698111051474743e-02
6.000000000000000000e+00 1.415698111051474743e-02
6.200000000000000178e+00 1.415698111051474743e-02
6.400000000000000355e+00 1.415698111051474743e-02
6.599999999999999645e+00 1.415698111051474743e-02
6.799999999999999822e+00 1.415698111051474743e-02
7.000000000000000000e+00 0.000000000000000000e+00
