0.000000000000000000e+00 0.000000000000000000e+00
1.000000000000000021e-02 1.415698111051474917e-02
2.000000000000000042e-02 1.415698111051474917e-02
2.999999999999999889e-02 1.415698111051474917e-02
4.000000000000000083e-02 1.415698111051474917e-02
5.000000000000000278e-02 1.415698111051474917e-02
5.999999999999999778e-02 1.415698111051474917e-02
7.000000000000000666e-02 1.415698111051474917e-02
8.000000000000000167e-02 1.415698111051474917e-02
8.999999999999999667e-02 1.415698111051474917e-02
1.000000000000000056e-01 1.415698111051474917e-02
1.100000000000000006e-01 1.415698111051474917e-02
1.199999999999999956e-01 1.415698111051474917e-02
1.300000000000000044e-01 1.415698111051474917e-02
1.400000000000000133e-01 1.415698111051474917e-02
1.499999999999999944e-01 1.415698111051474917e-02
1.600000000000000033e-01 1.415698111051474917e-02
1.700000000000000122e-01 1.415698111051474917e-02
1.799999999999999933e-01 1.415698111051474917e-02
1.900000000000000022e-01 1.415698111051474917e-02
2.000000000000000111e-01 1.415698111051474917e-02
2.099999999999999922e-01 1.415698111051474917e-02
2.200000000000000011e-01 1.415698111051474917e-02
2.300000000000000100e-01 1.415698111051474917e-02
2.399999999999999911e-01 1.415698111051474917e-02
2.500000000000000000e-01 1.415698111051474917e-02
2.600000000000000089e-01 1.415698111051474917e-02
2.700000000000000178e-01 1.415698111051474917e-02
2.800000000000000266e-01 1.415698111051474917e-02
2.899999999999999800e-01 1.415698111051474917e-02
2.999999999999999889e-01 1.415698111051474917e-02
3.099999999999999978e-01 1.415698111051474917e-02
3.200000000000000067e-01 1.415698111051474917e-02
3.300000000000000155e-01 1.415698111051474917e-02
3.400000000000000244e-01 1.415698111051474917e-02
3.499999999999999778e-01 1.415698111051474917e-02
3.599999999999999867e-01 1.415698111051474917e-02
3.699999999999999956e-01 1.415698111051474917e-02
3.800000000000000044e-01 1.415698111051474917e-02
3.900000000000000133e-01 1.415698111051474917e-02
4.000000000000000222e-01 1.415698111051474917e-02
4.099999999999999756e-01 1.415698111051474917e-02
4.199999999999999845e-01 1.415698111051474917e-02
4.299999999999999933e-01 1.415698111051474917e-02
4.400000000000000022e-01 1.415698111051474917e-02
4.500000000000000111e-01 1.415698111051474917e-02
4.600000000000000200e-01 1.415698111051474917e-02
4.699999999999999734e-01 1.415698111051474917e-02
4.799999999999999822e-01 1.415698111051474917e-02
4.899999999999999911e-01 1.415698111051474917e-02
5.000000000000000000e-01 1.415698111051474917e-02
5.100000000000000089e-01 1.415698111051474917e-02
5.200000000000000178e-01 1.415698111051474917e-02
5.300000000000000266e-01 1.415698111051474917e-02
5.400000000000000355e-01 1.415698111051474917e-02
5.500000000000000444e-01 1.415698111051474917e-02
5.600000000000000533e-01 1.415698111051474917e-02
5.699999999999999512e-01 1.415698111051474917e-02
5.799999999999999600e-01 1.415698111051474917e-02
5.899999999999999689e-01 1.415698111051474917e-02
5.999999999999999778e-01 1.415698111051474917e-02
6.099999999999999867e-01 1.415698111051474917e-02
6.199999999999999956e-01 1.415698111051474917e-02
6.300000000000000044e-01 1.415698111051474917e-02
6.400000000000000133e-01 1.415698111051474917e-02
6.500000000000000222e-01 1.415698111051474917e-02
6.600000000000000311e-01 1.415698111051474917e-02
6.700000000000000400e-01 1.415698111051474917e-02
6.800000000000000488e-01 1.415698111051474917e-02
6.899999999999999467e-01 1.415698111051474917e-02
6.999999999999999556e-01 1.415698111051474917e-02
7.099999999999999645e-01 1.415698111051474917e-02
7.199999999999999734e-01 1.415698111051474917e-02
7.299999999999999822e-01 1.415698111051474917e-02
7.399999999999999911e-01 1.415698111051474917e-02
7.500000000000000000e-01 1.415698111051474917e-02
7.600000000000000089e-01 1.415698111051474917e-02
7.700000000000000178e-01 1.415698111051474917e-02
7.800000000000000266e-01 1.415698111051474917e-02
7.900000000000000355e-01 1.415698111051474917e-02
8.000000000000000444e-01 1.415698111051474917e-02
8.100000000000000533e-01 1.415698111051474917e-02
8.199999999999999512e-01 1.415698111051474917e-02
8.299999999999999600e-01 1.415698111051474917e-02
8.399999999999999689e-01 1.415698111051474917e-02
8.499999999999999778e-01 1.415698111051474917e-02
8.599999999999999867e-01 1.415698111051474917e-02
8.699999999999999956e-01 1.415698111051474917e-02
8.800000000000000044e-01 1.415698111051474917e-02
8.900000000000000133e-01 1.415698111051474917e-02
9.000000000000000222e-01 1.415698111051474917e-02
9.100000000000000311e-01 1.415698111051474917e-02
9.200000000000000400e-01 1.415698111051474917e-02
9.300000000000000488e-01 1.415698111051474917e-02
9.399999999999999467e-01 1.415698111051474917e-02
9.499999999999999556e-01 1.415698111051474917e-02
9.599999999999999645e-01 1.415698111051474917e-02
9.699999999999999734e-01 1.415698111051474917e-02
9.799999999999999822e-01 1.415698111051474917e-02
9.899999999999999911e-01 1.415698111051474917e-02
1.000000000000000000e+00 1.415698111051474917e-02
1.010000000000000009e+00 1.415698111051474917e-02
1.020000000000000018e+00 1.415698111051474917e-02
1.030000000000000027e+00 1.415698111051474917e-02
1.040000000000000036e+00 1.415698111051474917e-02
1.050000000000000044e+00 1.415698111051474917e-02
1.060000000000000053e+00 1.415698111051474917e-02
1.070000000000000062e+00 1.415698111051474917e-02
1.080000000000000071e+00 1.415698111051474917e-02
1.090000000000000080e+00 1.415698111051474917e-02
1.100000000000000089e+00 1.415698111051474917e-02
1.110000000000000098e+00 1.415698111051474917e-02
1.120000000000000107e+00 1.415698111051474917e-02
1.129999999999999893e+00 1.415698111051474917e-02
1.139999999999999902e+00 1.415698111051474917e-02
1.149999999999999911e+00 1.415698111051474917e-02
1.159999999999999920e+00 1.415698111051474917e-02
1.169999999999999929e+00 1.415698111051474917e-02
1.179999999999999938e+00 1.415698111051474917e-02
1.189999999999999947e+00 1.415698111051474917e-02
1.199999999999999956e+00 1.415698111051474917e-02
1.209999999999999964e+00 1.415698111051474917e-02
1.219999999999999973e+00 1.415698111051474917e-02
1.229999999999999982e+00 1.415698111051478733e-02
1.239999999999999991e+00 1.415698111051598429e-02
1.250000000000000000e+00 1.415698111054820331e-02
1.260000000000000009e+00 1.415698111128033121e-02
1.270000000000000018e+00 1.415698112531627723e-02
1.280000000000000027e+00 1.415698135249754061e-02
1.290000000000000036e+00 1.415698445949331759e-02
1.300000000000000044e+00 1.415702040053020729e-02
1.310000000000000053e+00 1.415737249731693730e-02
1.320000000000000062e+00 1.416029798848615802e-02
1.330000000000000071e+00 1.418094938149658257e-02
1.340000000000000080e+00 1.430504429162034880e-02
1.350000000000000089e+00 1.494112268190577429e-02
1.360000000000000098e+00 1.772797959939146836e-02
1.370000000000000107e+00 2.818408024441542564e-02
1.379999999999999893e+00 6.182559729239830992e-02
1.389999999999999902e+00 1.547016719439989751e-01
1.399999999999999911e+00 3.746275052560145147e-01
1.409999999999999920e+00 8.205356370595882076e-01
1.419999999999999929e+00 1.592054772741200219e+00
1.429999999999999938e+00 2.724758418436090679e+00
1.439999999999999947e+00 4.122413595581712720e+00
1.449999999999999956e+00 5.546232180026192893e+00
1.459999999999999964e+00 6.696704352064934973e+00
1.469999999999999973e+00 7.347871577909264929e+00
1.479999999999999982e+00 7.440566349870880281e+00
1.489999999999999991e+00 7.074485904115348056e+00
1.500000000000000000e+00 6.424911128897196733e+00
1.510000000000000009e+00 5.657097788134946015e+00
1.520000000000000018e+00 4.885871554010122964e+00
1.530000000000000027e+00 4.177088704865616009e+00
1.540000000000000036e+00 3.563750984781567155e+00
1.550000000000000044e+00 3.057586477079955678e+00
1.560000000000000053e+00 2.653501845445922491e+00
1.570000000000000062e+00 2.332739757418412552e+00
1.580000000000000071e+00 2.069222400297014985e+00
1.590000000000000080e+00 1.838196625543204066e+00
1.600000000000000089e+00 1.622971126288954569e+00
1.610000000000000098e+00 1.416700504288551876e+00
1.620000000000000107e+00 1.219760146036518611e+00
1.629999999999999893e+00 1.035609381100715654e+00
1.639999999999999902e+00 8.676951824238601230e-01
1.649999999999999911e+00 7.181900047744166349e-01
1.659999999999999920e+00 5.879905162804730523e-01
1.669999999999999929e+00 4.770817260202895871e-01
1.679999999999999938e+00 3.847426189804768470e-01
1.689999999999999947e+00 3.095666175016890675e-01
1.699999999999999956e+00 2.495221410763116543e-01
1.709999999999999964e+00 2.022017117672148812e-01
1.719999999999999973e+00 1.651800034644388682e-01
1.729999999999999982e+00 1.362856233817594243e-01
1.739999999999999991e+00 1.136870312733623961e-01
1.750000000000000000e+00 9.586113661040097933e-02
1.760000000000000009e+00 8.156666977496648818e-02
1.770000000000000018e+00 6.986106353771623367e-02
1.780000000000000027e+00 6.010847601611786495e-02
1.790000000000000036e+00 5.192733837051204115e-02
1.800000000000000044e+00 4.508945238575493702e-02
1.810000000000000053e+00 3.942432916479252092e-02
1.820000000000000062e+00 3.476810225379906721e-02
1.830000000000000071e+00 3.095675014506696354e-02
1.840000000000000080e+00 2.783942661599703508e-02
1.850000000000000089e+00 2.529020364325820780e-02
1.860000000000000098e+00 2.321073497029535471e-02
1.870000000000000107e+00 2.152624997292830814e-02
1.879999999999999893e+00 2.017903594999499381e-02
1.889999999999999902e+00 1.912169200136527164e-02
1.899999999999999911e+00 1.831112310968852769e-02
1.909999999999999920e+00 1.770416390697984385e-02
1.919999999999999929e+00 1.725589777468643227e-02
1.929999999999999938e+00 1.692131312302994073e-02
1.939999999999999947e+00 1.665959466755608312e-02
1.949999999999999956e+00 1.643876095157780284e-02
1.959999999999999964e+00 1.623806093924632168e-02
1.969999999999999973e+00 1.604714892164062906e-02
1.979999999999999982e+00 1.586315518476564754e-02
1.989999999999999991e+00 1.568751149101702339e-02
2.000000000000000000e+00 1.552358059210942783e-02
2.009999999999999787e+00 1.537503057345306415e-02
2.020000000000000018e+00 1.524454377220452010e-02
2.029999999999999805e+00 1.513285883705046790e-02
2.040000000000000036e+00 1.503859492320991538e-02
2.049999999999999822e+00 1.495913146977388697e-02
2.060000000000000053e+00 1.489205736568905390e-02
2.069999999999999840e+00 1.483614494170900494e-02
2.080000000000000071e+00 1.479115493834338470e-02
2.089999999999999858e+00 1.475679378845681268e-02
2.100000000000000089e+00 1.473181708583564016e-02
2.109999999999999876e+00 1.471396519406658991e-02
2.120000000000000107e+00 1.470057012460091600e-02
2.129999999999999893e+00 1.468921328377244782e-02
2.140000000000000124e+00 1.467805045801350711e-02
2.149999999999999911e+00 1.466585551974332671e-02
2.160000000000000142e+00 1.465195927811667811e-02
2.169999999999999929e+00 1.463612536047580008e-02
2.180000000000000160e+00 1.461833913444141216e-02
2.189999999999999947e+00 1.459858464319971003e-02
2.200000000000000178e+00 1.457676505766072883e-02
2.209999999999999964e+00 1.455283330510875363e-02
2.220000000000000195e+00 1.452701517390289458e-02
2.229999999999999982e+00 1.449991569400094736e-02
2.240000000000000213e+00 1.447239009587432575e-02
2.250000000000000000e+00 1.444524890640107653e-02
2.259999999999999787e+00 1.441899302905103215e-02
2.270000000000000018e+00 1.439374542381890998e-02
2.279999999999999805e+00 1.436939874530324297e-02
2.290000000000000036e+00 1.434585644253257193e-02
2.299999999999999822e+00 1.432321104138020544e-02
2.310000000000000053e+00 1.430178079399821792e-02
2.319999999999999840e+00 1.428203049955198943e-02
2.330000000000000071e+00 1.426444870437344054e-02
2.339999999999999858e+00 1.424943005045905750e-02
2.350000000000000089e+00 1.423717329066675336e-02
2.359999999999999876e+00 1.422760287578703209e-02
2.370000000000000107e+00 1.422034754092260829e-02
2.379999999999999893e+00 1.421481291776041829e-02
2.390000000000000124e+00 1.421033718689338962e-02
2.399999999999999911e+00 1.420635535592134312e-02
2.410000000000000142e+00 1.420248948596388588e-02
2.419999999999999929e+00 1.419854612991431828e-02
2.430000000000000160e+00 1.419447101677623335e-02
2.439999999999999947e+00 1.419031478723151336e-02
2.450000000000000178e+00 1.418621524793913999e-02
2.459999999999999964e+00 1.418236813680129674e-02
2.470000000000000195e+00 1.417897195096989339e-02
2.479999999999999982e+00 1.417616506890613179e-02
2.490000000000000213e+00 1.417398609036888378e-02
2.500000000000000000e+00 1.417237371968522314e-02
2.509999999999999787e+00 1.417120038171472071e-02
2.520000000000000018e+00 1.417032280430887033e-02
2.529999999999999805e+00 1.416963437127088422e-02
2.540000000000000036e+00 1.416910773555332854e-02
2.549999999999999822e+00 1.416881560203392919e-02
2.560000000000000053e+00 1.416891858242854373e-02
2.569999999999999840e+00 1.416962131650235761e-02
2.580000000000000071e+00 1.417111869091483393e-02
2.589999999999999858e+00 1.417356393175218075e-02
2.600000000000000089e+00 1.417707479552823488e-02
2.609999999999999876e+00 1.418176401214335351e-02
2.620000000000000107e+00 1.418776335112704838e-02
2.629999999999999893e+00 1.419522075264234573e-02
2.640000000000000124e+00 1.420427348110400549e-02
2.649999999999999911e+00 1.421501530751093957e-02
2.660000000000000142e+00 1.422747341855427373e-02
2.669999999999999929e+00 1.424159748361576890e-02
2.680000000000000160e+00 1.425725064615603228e-02
2.689999999999999947e+00 1.427418841897878932e-02
2.700000000000000178e+00 1.429201891448078285e-02
2.709999999999999964e+00 1.431015449338086769e-02
2.720000000000000195e+00 1.432778566237686950e-02
2.729999999999999982e+00 1.434392149594820344e-02
2.740000000000000213e+00 1.435752812367850628e-02
2.750000000000000000e+00 1.436774715583206095e-02
2.759999999999999787e+00 1.437411196621844918e-02
2.770000000000000018e+00 1.437665453101812790e-02
2.779999999999999805e+00 1.437584416202133779e-02
2.790000000000000036e+00 1.437239414846428615e-02
2.799999999999999822e+00 1.436704121844775521e-02
2.810000000000000053e+00 1.436039780438401643e-02
2.819999999999999840e+00 1.435291398217135653e-02
2.830000000000000071e+00 1.434491883855744734e-02
2.839999999999999858e+00 1.433668208523759639e-02
2.850000000000000089e+00 1.432845150603710878e-02
2.859999999999999876e+00 1.432045770330846700e-02
2.870000000000000107e+00 1.431290527469021405e-02
2.879999999999999893e+00 1.430597199505152448e-02
2.890000000000000124e+00 1.429981925323728711e-02
2.899999999999999911e+00 1.429459772314413575e-02
2.910000000000000142e+00 1.429042972316590075e-02
2.919999999999999929e+00 1.428736538680007787e-02
2.930000000000000160e+00 1.428533017421387309e-02
2.939999999999999947e+00 1.428409120706148304e-02
2.950000000000000178e+00 1.428326358629474283e-02
2.959999999999999964e+00 1.428236001295821872e-02
2.970000000000000195e+00 1.428086802237358253e-02
2.979999999999999982e+00 1.427832929270137288e-02
2.990000000000000213e+00 1.427439979925839569e-02
3.000000000000000000e+00 1.426888399194333086e-02
3.009999999999999787e+00 1.426174964360670330e-02
3.020000000000000018e+00 1.425313285909771133e-02
3.029999999999999805e+00 1.424333436755443986e-02
3.040000000000000036e+00 1.423279760475756710e-02
3.049999999999999822e+00 1.422205752636000048e-02
3.060000000000000053e+00 1.421166083627806685e-02
3.069999999999999840e+00 1.420207623216795251e-02
3.080000000000000071e+00 1.419362375861793653e-02
3.089999999999999858e+00 1.418644642187684088e-02
3.100000000000000089e+00 1.418052821174832154e-02
3.109999999999999876e+00 1.417574340343343356e-02
3.120000000000000107e+00 1.417191388701215075e-02
3.129999999999999893e+00 1.416885596880751962e-02
3.140000000000000124e+00 1.416640883649051240e-02
3.149999999999999911e+00 1.416444599201094334e-02
3.160000000000000142e+00 1.416287513797852109e-02
3.169999999999999929e+00 1.416163204591605780e-02
3.180000000000000160e+00 1.416067204203495626e-02
3.189999999999999947e+00 1.415996096645065483e-02
3.200000000000000178e+00 1.415946706287560600e-02
3.209999999999999964e+00 1.415915588463487543e-02
3.220000000000000195e+00 1.415899006381358960e-02
3.229999999999999982e+00 1.415893351278732677e-02
3.240000000000000213e+00 1.415895690265564846e-02
3.250000000000000000e+00 1.415904084217062958e-02
3.259999999999999787e+00 1.415917544285084234e-02
3.270000000000000018e+00 1.415935746374692369e-02
3.279999999999999805e+00 1.415958687048740790e-02
3.290000000000000036e+00 1.415986379606608281e-02
3.299999999999999822e+00 1.416018616394281240e-02
3.310000000000000053e+00 1.416054825371698862e-02
3.319999999999999840e+00 1.416094061420565715e-02
3.330000000000000071e+00 1.416135134714355259e-02
3.339999999999999858e+00 1.416176815691170578e-02
3.350000000000000089e+00 1.416218035084305417e-02
3.359999999999999876e+00 1.416258031721081417e-02
3.370000000000000107e+00 1.416296435018030327e-02
3.379999999999999893e+00 1.416333264110396575e-02
3.390000000000000124e+00 1.416368825920343195e-02
3.399999999999999911e+00 1.416403556989075281e-02
3.410000000000000142e+00 1.416437926570758045e-02
3.419999999999999929e+00 1.416472475480822640e-02
3.430000000000000160e+00 1.416507886945118228e-02
3.439999999999999947e+00 1.416544843318234478e-02
3.450000000000000178e+00 1.416583524948292379e-02
3.459999999999999964e+00 1.416622942736664274e-02
3.470000000000000195e+00 1.416660562424177337e-02
3.479999999999999982e+00 1.416692575247979063e-02
3.490000000000000213e+00 1.416714764753462634e-02
3.500000000000000000e+00 1.416723589785408473e-02
3.509999999999999787e+00 1.416717080979377520e-02
3.520000000000000018e+00 1.416695308042475489e-02
3.529999999999999805e+00 1.416660312000203072e-02
3.540000000000000036e+00 1.416615500937000449e-02
3.549999999999999822e+00 1.416564673760450227e-02
3.560000000000000053e+00 1.416511031460567990e-02
3.569999999999999840e+00 1.416456586898986493e-02
3.580000000000000071e+00 1.416402186361810471e-02
3.589999999999999858e+00 1.416348023553812285e-02
3.600000000000000089e+00 1.416294301858029084e-02
3.609999999999999876e+00 1.416241716717616186e-02
3.620000000000000107e+00 1.416191600932712770e-02
3.629999999999999893e+00 1.416145728533469567e-02
3.640000000000000124e+00 1.416105856808348717e-02
3.649999999999999911e+00 1.416073185014006010e-02
3.660000000000000142e+00 1.416048019684381515e-02
3.669999999999999929e+00 1.416029879168965999e-02
3.680000000000000160e+00 1.416017969585886549e-02
3.689999999999999947e+00 1.416011683214375878e-02
3.700000000000000178e+00 1.416010812284287067e-02
3.709999999999999964e+00 1.416015464639956180e-02
3.720000000000000195e+00 1.416025877421091261e-02
3.729999999999999982e+00 1.416042287897725446e-02
3.740000000000000213e+00 1.416064874935785665e-02
3.750000000000000000e+00 1.416093723810418238e-02
3.759999999999999787e+00 1.416128818685890786e-02
3.770000000000000018e+00 1.416170112512001901e-02
3.779999999999999805e+00 1.416217671831193799e-02
3.790000000000000036e+00 1.416271799244393260e-02
3.799999999999999822e+00 1.416333025119532671e-02
3.810000000000000053e+00 1.416401954967464426e-02
3.819999999999999840e+00 1.416479047836478183e-02
3.830000000000000071e+00 1.416564389293517232e-02
3.839999999999999858e+00 1.416657454616973393e-02
3.850000000000000089e+00 1.416756856268511569e-02
3.859999999999999876e+00 1.416860158701972044e-02
3.870000000000000107e+00 1.416963882877379614e-02
3.879999999999999893e+00 1.417063702978697826e-02
3.890000000000000124e+00 1.417154696602892540e-02
3.899999999999999911e+00 1.417231568757590376e-02
3.910000000000000142e+00 1.417288969207703385e-02
3.919999999999999929e+00 1.417322062672344250e-02
3.930000000000000160e+00 1.417327289104911882e-02
3.939999999999999947e+00 1.417303022023086966e-02
3.950000000000000178e+00 1.417249872592868734e-02
3.959999999999999964e+00 1.417170639698067149e-02
3.970000000000000195e+00 1.417070056636473424e-02
3.979999999999999982e+00 1.416954370319359682e-02
3.990000000000000213e+00 1.416830633097217879e-02
4.000000000000000000e+00 1.416705696285123356e-02
4.009999999999999787e+00 1.416585195430388432e-02
4.019999999999999574e+00 1.416472939211016815e-02
4.030000000000000249e+00 1.416370893162707985e-02
4.040000000000000036e+00 1.416279610872473761e-02
4.049999999999999822e+00 1.416198799335762447e-02
4.059999999999999609e+00 1.416127770380098440e-02
4.070000000000000284e+00 1.416065693776947035e-02
4.080000000000000071e+00 1.416011693469651153e-02
4.089999999999999858e+00 1.415964870385660879e-02
4.099999999999999645e+00 1.415924317336065413e-02
4.110000000000000320e+00 1.415889153728923204e-02
4.120000000000000107e+00 1.415858576745972729e-02
4.129999999999999893e+00 1.415831910779935011e-02
4.139999999999999680e+00 1.415808636854401503e-02
4.150000000000000355e+00 1.415788391893790799e-02
4.160000000000000142e+00 1.415770937949117556e-02
4.169999999999999929e+00 1.415756111106377356e-02
4.179999999999999716e+00 1.415743767306667025e-02
4.190000000000000391e+00 1.415733744123312543e-02
4.200000000000000178e+00 1.415725850005057108e-02
4.209999999999999964e+00 1.415719877371958597e-02
4.219999999999999751e+00 1.415715622119669524e-02
4.230000000000000426e+00 1.415712890467197595e-02
4.240000000000000213e+00 1.415711488451579410e-02
4.250000000000000000e+00 1.415711209262163726e-02
4.259999999999999787e+00 1.415711839921223250e-02
4.269999999999999574e+00 1.415713193418903504e-02
4.280000000000000249e+00 1.415715149909279463e-02
4.290000000000000036e+00 1.415717683328715157e-02
4.299999999999999822e+00 1.415720862882343528e-02
4.309999999999999609e+00 1.415724836130019537e-02
4.320000000000000284e+00 1.415729803803501656e-02
4.330000000000000071e+00 1.415735984753539733e-02
4.339999999999999858e+00 1.415743559870523069e-02
4.349999999999999645e+00 1.415752595693420789e-02
4.360000000000000320e+00 1.415762977680916357e-02
4.370000000000000107e+00 1.415774396665827814e-02
4.379999999999999893e+00 1.415786404178568519e-02
4.389999999999999680e+00 1.415798505614240983e-02
4.400000000000000355e+00 1.415810243174994883e-02
4.410000000000000142e+00 1.415821244220964205e-02
4.419999999999999929e+00 1.415831239561301386e-02
4.429999999999999716e+00 1.415840063387398956e-02
4.440000000000000391e+00 1.415847642154669309e-02
4.450000000000000178e+00 1.415853979654420162e-02
4.459999999999999964e+00 1.415859145403526587e-02
4.469999999999999751e+00 1.415863265798029610e-02
4.480000000000000426e+00 1.415866510630509403e-02
4.490000000000000213e+00 1.415869071860499477e-02
4.500000000000000000e+00 1.415871139916576732e-02
4.509999999999999787e+00 1.415872881951393478e-02
4.519999999999999574e+00 1.415874419761295466e-02
4.530000000000000249e+00 1.415875808070266029e-02
4.540000000000000036e+00 1.415877026804886023e-02
4.549999999999999822e+00 1.415878003914991350e-02
4.559999999999999609e+00 1.415878673352041067e-02
4.570000000000000284e+00 1.415879076800268845e-02
4.580000000000000071e+00 1.415879549868694250e-02
4.589999999999999858e+00 1.415881019903043186e-02
4.599999999999999645e+00 1.415885290018336663e-02
4.610000000000000320e+00 1.415894967195951634e-02
4.620000000000000107e+00 1.415912697714160826e-02
4.629999999999999893e+00 1.415939800184928127e-02
4.639999999999999680e+00 1.415974980369048668e-02
4.650000000000000355e+00 1.416013990716978588e-02
4.660000000000000142e+00 1.416050593662759004e-02
4.669999999999999929e+00 1.416078404716103467e-02
4.679999999999999716e+00 1.416092753686735116e-02
4.690000000000000391e+00 1.416091817828785300e-02
4.700000000000000178e+00 1.416076711119919167e-02
4.709999999999999964e+00 1.416050666031728154e-02
4.719999999999999751e+00 1.416017765074562354e-02
4.730000000000000426e+00 1.415981787041379475e-02
4.740000000000000213e+00 1.415945579325418244e-02
4.750000000000000000e+00 1.415911015527481637e-02
4.759999999999999787e+00 1.415879260576231174e-02
4.769999999999999574e+00 1.415850988674040474e-02
4.780000000000000249e+00 1.415826422520220264e-02
4.790000000000000036e+00 1.415805332159064678e-02
4.799999999999999822e+00 1.415787165305939718e-02
4.809999999999999609e+00 1.415771298401163891e-02
4.820000000000000284e+00 1.415757257651699234e-02
4.830000000000000071e+00 1.415744802285627546e-02
4.839999999999999858e+00 1.415733884569148927e-02
4.849999999999999645e+00 1.415724558978155752e-02
4.860000000000000320e+00 1.415716891502641177e-02
4.870000000000000107e+00 1.415710886740717371e-02
4.879999999999999893e+00 1.415706443451870099e-02
4.889999999999999680e+00 1.415703351751325043e-02
4.900000000000000355e+00 1.415701332378281087e-02
4.910000000000000142e+00 1.415700096350271976e-02
4.919999999999999929e+00 1.415699395435089485e-02
4.929999999999999716e+00 1.415699047174560736e-02
4.940000000000000391e+00 1.415698937157829594e-02
4.950000000000000178e+00 1.415699010337243685e-02
4.959999999999999964e+00 1.415699261425006419e-02
4.969999999999999751e+00 1.415699729226983783e-02
4.980000000000000426e+00 1.415700496284998978e-02
4.990000000000000213e+00 1.415701693310135109e-02
5.000000000000000000e+00 1.415703505369332420e-02
5.009999999999999787e+00 1.415706172969717624e-02
5.019999999999999574e+00 1.415709978196911557e-02
5.030000000000000249e+00 1.415715206814229313e-02
5.040000000000000036e+00 1.415722081985919603e-02
5.049999999999999822e+00 1.415730671691738107e-02
5.059999999999999609e+00 1.415740780636102515e-02
5.070000000000000284e+00 1.415751854045812011e-02
5.080000000000000071e+00 1.415762942671811193e-02
5.089999999999999858e+00 1.415772783140271940e-02
5.099999999999999645e+00 1.415780011993543822e-02
5.110000000000000320e+00 1.415783466567792012e-02
5.120000000000000107e+00 1.415782477229692027e-02
5.129999999999999893e+00 1.415777057701377711e-02
5.139999999999999680e+00 1.415767939991683516e-02
5.150000000000000355e+00 1.415756439354049108e-02
5.160000000000000142e+00 1.415744163398911099e-02
5.169999999999999929e+00 1.415732626719930047e-02
5.179999999999999716e+00 1.415722899383561363e-02
5.190000000000000391e+00 1.415715435732988262e-02
5.200000000000000178e+00 1.415710141394626968e-02
5.209999999999999964e+00 1.415706598253607500e-02
5.219999999999999751e+00 1.415704301579564714e-02
5.230000000000000426e+00 1.415702811003567187e-02
5.240000000000000213e+00 1.415701805284936415e-02
5.250000000000000000e+00 1.415701079236371396e-02
5.259999999999999787e+00 1.415700518550424246e-02
5.269999999999999574e+00 1.415700069080614611e-02
5.280000000000000249e+00 1.415699707445077817e-02
5.290000000000000036e+00 1.415699419284290918e-02
5.299999999999999822e+00 1.415699189419221404e-02
5.309999999999999609e+00 1.415699001884681077e-02
5.320000000000000284e+00 1.415698843449363607e-02
5.330000000000000071e+00 1.415698705641369425e-02
5.339999999999999858e+00 1.415698584392000199e-02
5.349999999999999645e+00 1.415698478663978549e-02
5.360000000000000320e+00 1.415698389086468556e-02
5.370000000000000107e+00 1.415698316683960956e-02
5.379999999999999893e+00 1.415698261680465100e-02
5.389999999999999680e+00 1.415698222750731705e-02
5.400000000000000355e+00 1.415698197081706119e-02
5.410000000000000142e+00 1.415698181101058932e-02
5.419999999999999929e+00 1.415698171345011573e-02
5.429999999999999716e+00 1.415698165042223594e-02
5.440000000000000391e+00 1.415698160334519402e-02
5.450000000000000178e+00 1.415698156254585095e-02
5.459999999999999964e+00 1.415698152558034564e-02
5.469999999999999751e+00 1.415698149438114443e-02
5.480000000000000426e+00 1.415698147179371078e-02
5.490000000000000213e+00 1.415698145880401985e-02
5.500000000000000000e+00 1.415698145356446801e-02
5.509999999999999787e+00 1.415698145210138315e-02
5.519999999999999574e+00 1.415698144967023238e-02
5.530000000000000249e+00 1.415698144195775936e-02
5.540000000000000036e+00 1.415698142605191848e-02
5.549999999999999822e+00 1.415698140126265062e-02
5.559999999999999609e+00 1.415698136943610227e-02
5.570000000000000284e+00 1.415698133424890363e-02
5.580000000000000071e+00 1.415698129963215320e-02
5.589999999999999858e+00 1.415698126829083130e-02
5.599999999999999645e+00 1.415698124121816774e-02
5.610000000000000320e+00 1.415698121819819986e-02
5.620000000000000107e+00 1.415698119858920315e-02
5.629999999999999893e+00 1.415698118180467278e-02
5.639999999999999680e+00 1.415698116743552108e-02
5.650000000000000355e+00 1.415698115523188715e-02
5.660000000000000142e+00 1.415698114507412016e-02
5.669999999999999929e+00 1.415698113691259315e-02
5.679999999999999716e+00 1.415698113065814480e-02
5.690000000000000391e+00 1.415698112609055197e-02
5.700000000000000178e+00 1.415698112286115085e-02
5.709999999999999964e+00 1.415698112057909609e-02
5.719999999999999751e+00 1.415698111890406098e-02
5.730000000000000426e+00 1.415698111758954131e-02
5.740000000000000213e+00 1.415698111648073035e-02
5.750000000000000000e+00 1.415698111549733816e-02
5.759999999999999787e+00 1.415698111461593731e-02
5.769999999999999574e+00 1.415698111384796828e-02
5.780000000000000249e+00 1.415698111321168733e-02
5.790000000000000036e+00 1.415698111270928365e-02
5.799999999999999822e+00 1.415698111232100570e-02
5.809999999999999609e+00 1.415698111201508722e-02
5.820000000000000284e+00 1.415698111176142727e-02
5.830000000000000071e+00 1.415698111153942951e-02
5.839999999999999858e+00 1.415698111133890415e-02
5.849999999999999645e+00 1.415698111115769840e-02
5.860000000000000320e+00 1.415698111099856007e-02
5.870000000000000107e+00 1.415698111086578781e-02
5.879999999999999893e+00 1.415698111076195767e-02
5.889999999999999680e+00 1.415698111068598372e-02
5.900000000000000355e+00 1.415698111063337303e-02
5.910000000000000142e+00 1.415698111059811477e-02
5.919999999999999929e+00 1.415698111057458672e-02
5.929999999999999716e+00 1.415698111055856481e-02
5.940000000000000391e+00 1.415698111054725615e-02
5.950000000000000178e+00 1.415698111053895203e-02
5.959999999999999964e+00 1.415698111053266539e-02
5.969999999999999751e+00 1.415698111052785847e-02
5.980000000000000426e+00 1.415698111052419474e-02
5.990000000000000213e+00 1.415698111052143132e-02
6.000000000000000000e+00 1.415698111051933925e-02
6.200000000000000178e+00 1.415698111051775371e-02
6.400000000000000355e+00 1.415698111051658103e-02
6.599999999999999645e+00 1.415698111051576571e-02
6.799999999999999822e+00 1.415698111051525050e-02
7.000000000000000000e+00 0.000000000000000000e+00
