0.000000000000000000e+00 0.000000000000000000e+00
1.000000000000000021e-02 1.415698111051474396e-02
2.000000000000000042e-02 1.415698111051474396e-02
2.999999999999999889e-02 1.415698111051474743e-02
4.000000000000000083e-02 1.415698111051474743e-02
5.000000000000000278e-02 1.415698111051475090e-02
5.999999999999999778e-02 1.415698111051475611e-02
7.000000000000000666e-02 1.415698111051476304e-02
8.000000000000000167e-02 1.415698111051477519e-02
8.999999999999999667e-02 1.415698111051481335e-02
1.000000000000000056e-01 1.415698111051491570e-02
1.100000000000000006e-01 1.415698111051516897e-02
1.199999999999999956e-01 1.415698111051568592e-02
1.300000000000000044e-01 1.415698111051655501e-02
1.400000000000000133e-01 1.415698111051773983e-02
1.499999999999999944e-01 1.415698111051900444e-02
1.600000000000000033e-01 1.415698111051997068e-02
1.700000000000000122e-01 1.415698111052028293e-02
1.799999999999999933e-01 1.415698111051983017e-02
1.900000000000000022e-01 1.415698111051880495e-02
2.000000000000000111e-01 1.415698111051757330e-02
2.099999999999999922e-01 1.415698111051647348e-02
2.200000000000000011e-01 1.415698111051567551e-02
2.300000000000000100e-01 1.415698111051519152e-02
2.399999999999999911e-01 1.415698111051493825e-02
2.500000000000000000e-01 1.415698111051482203e-02
2.600000000000000089e-01 1.415698111051477519e-02
2.700000000000000178e-01 1.415698111051475611e-02
2.800000000000000266e-01 1.415698111051475090e-02
2.899999999999999800e-01 1.415698111051474743e-02
2.999999999999999889e-01 1.415698111051474396e-02
3.099999999999999978e-01 1.415698111051474396e-02
3.200000000000000067e-01 1.415698111051474396e-02
3.300000000000000155e-01 1.415698111051474396e-02
3.400000000000000244e-01 1.415698111051474396e-02
3.499999999999999778e-01 1.415698111051474396e-02
3.599999999999999867e-01 1.415698111051474396e-02
3.699999999999999956e-01 1.415698111051474396e-02
3.800000000000000044e-01 1.415698111051474396e-02
3.900000000000000133e-01 1.415698111051474396e-02
4.000000000000000222e-01 1.415698111051474396e-02
4.099999999999999756e-01 1.415698111051474396e-02
4.199999999999999845e-01 1.415698111051474396e-02
4.299999999999999933e-01 1.415698111051474396e-02
4.400000000000000022e-01 1.415698111051474396e-02
4.500000000000000111e-01 1.415698111051475090e-02
4.600000000000000200e-01 1.415698111051480121e-02
4.699999999999999734e-01 1.415698111051532510e-02
4.799999999999999822e-01 1.415698111052202807e-02
4.899999999999999911e-01 1.415698111061084070e-02
5.000000000000000000e-01 1.415698111171363564e-02
5.100000000000000089e-01 1.415698112387244779e-02
5.200000000000000178e-01 1.415698124054185110e-02
5.300000000000000266e-01 1.415698220871923312e-02
5.400000000000000355e-01 1.415698915043711245e-02
5.500000000000000444e-01 1.415703221058090509e-02
5.600000000000000533e-01 1.415726389327790456e-02
5.699999999999999512e-01 1.415834867380530958e-02
5.799999999999999600e-01 1.416278410316728319e-02
5.899999999999999689e-01 1.417866915586350404e-02
5.999999999999999778e-01 1.422858315317202145e-02
6.099999999999999867e-01 1.436609626442591180e-02
6.199999999999999956e-01 1.469699135602493302e-02
6.300000000000000044e-01 1.538718539627205624e-02
6.400000000000000133e-01 1.662022668482340468e-02
6.500000000000000222e-01 1.847288987817089986e-02
6.600000000000000311e-01 2.074439472465955739e-02
6.700000000000000400e-01 2.287977137317708312e-02
6.800000000000000488e-01 2.414342087673196705e-02
6.899999999999999467e-01 2.401645339901961260e-02
6.999999999999999556e-01 2.253782554981309527e-02
7.099999999999999645e-01 2.029230388552040465e-02
7.199999999999999734e-01 1.805377959799655055e-02
7.299999999999999822e-01 1.639782216972206219e-02
7.399999999999999911e-01 1.556823883307969884e-02
7.500000000000000000e-01 1.559688294773672879e-02
7.600000000000000089e-01 1.646654265400257500e-02
7.700000000000000178e-01 1.813670861381488225e-02
7.800000000000000266e-01 2.042418231791730959e-02
7.900000000000000355e-01 2.288176155427717670e-02
8.000000000000000444e-01 2.484363788761486530e-02
8.100000000000000533e-01 2.567950770112269882e-02
8.199999999999999512e-01 2.510888029918469447e-02
8.299999999999999600e-01 2.334661418757163695e-02
8.399999999999999689e-01 2.097216157819546331e-02
8.499999999999999778e-01 1.862716206727470583e-02
8.599999999999999867e-01 1.675066156651045662e-02
8.699999999999999956e-01 1.548801866242758424e-02
8.800000000000000044e-01 1.476130966068486990e-02
8.900000000000000133e-01 1.440049024423945175e-02
9.000000000000000222e-01 1.424528174428891028e-02
9.100000000000000311e-01 1.418728020299061914e-02
9.200000000000000400e-01 1.416829232936214419e-02
9.300000000000000488e-01 1.416258429410301861e-02
9.399999999999999467e-01 1.416066183555612402e-02
9.499999999999999556e-01 1.415964131244864567e-02
9.599999999999999645e-01 1.415885740894512988e-02
9.699999999999999734e-01 1.415823051685424598e-02
9.799999999999999822e-01 1.415776872263409432e-02
9.899999999999999911e-01 1.415745869054130419e-02
1.000000000000000000e+00 1.415726601024248042e-02
1.010000000000000009e+00 1.415715295415003079e-02
1.020000000000000018e+00 1.415708931003646469e-02
1.030000000000000027e+00 1.415705492895945154e-02
1.040000000000000036e+00 1.415703813080341524e-02
1.050000000000000044e+00 1.415703358472252156e-02
1.060000000000000053e+00 1.415704219102485902e-02
1.070000000000000062e+00 1.415707627649624191e-02
1.080000000000000071e+00 1.415717794817821645e-02
1.090000000000000080e+00 1.415746875048936801e-02
1.100000000000000089e+00 1.415826406011241011e-02
1.110000000000000098e+00 1.416029642815680271e-02
1.120000000000000107e+00 1.416507784365308824e-02
1.129999999999999893e+00 1.417537653218056519e-02
1.139999999999999902e+00 1.419572580262368211e-02
1.149999999999999911e+00 1.423294621602525650e-02
1.159999999999999920e+00 1.429696135837692748e-02
1.169999999999999929e+00 1.440247542855612253e-02
1.179999999999999938e+00 1.457144185227608919e-02
1.189999999999999947e+00 1.483368055706573915e-02
1.199999999999999956e+00 1.521943512110651882e-02
1.209999999999999964e+00 1.573789068891629991e-02
1.219999999999999973e+00 1.634582424622106969e-02
1.229999999999999982e+00 1.692865693836003577e-02
1.239999999999999991e+00 1.732432109868019612e-02
1.250000000000000000e+00 1.739698313117450310e-02
1.260000000000000009e+00 1.712032709490952237e-02
1.270000000000000018e+00 1.660621636348369456e-02
1.280000000000000027e+00 1.605205305280402173e-02
1.290000000000000036e+00 1.564810755753428054e-02
1.300000000000000044e+00 1.551070506875979783e-02
1.310000000000000053e+00 1.566604851795755718e-02
1.320000000000000062e+00 1.606101129948160622e-02
1.330000000000000071e+00 1.657872423656835820e-02
1.340000000000000080e+00 1.706902371494461307e-02
1.350000000000000089e+00 1.740621077217564122e-02
1.360000000000000098e+00 1.754780298482124662e-02
1.370000000000000107e+00 1.754446646639002891e-02
1.379999999999999893e+00 1.748682196879587300e-02
1.389999999999999902e+00 1.743436524441184868e-02
1.399999999999999911e+00 1.738585276424587170e-02
1.409999999999999920e+00 1.730576701263192296e-02
1.419999999999999929e+00 1.717129907023776450e-02
1.429999999999999938e+00 1.699732458804740012e-02
1.439999999999999947e+00 1.682692296170032117e-02
1.449999999999999956e+00 1.670395754281174885e-02
1.459999999999999964e+00 1.664983238110832181e-02
1.469999999999999973e+00 1.665581790999644610e-02
1.479999999999999982e+00 1.669085179241296818e-02
1.489999999999999991e+00 1.671870029510509267e-02
1.500000000000000000e+00 1.671636592131993740e-02
1.510000000000000009e+00 1.668621534875394316e-02
1.520000000000000018e+00 1.665752985767871008e-02
1.530000000000000027e+00 1.667791414237112732e-02
1.540000000000000036e+00 1.679834035252851174e-02
1.550000000000000044e+00 1.705605332518524836e-02
1.560000000000000053e+00 1.745913190495141168e-02
1.570000000000000062e+00 1.797744632864717307e-02
1.580000000000000071e+00 1.854545025717259030e-02
1.590000000000000080e+00 1.907910476607216008e-02
1.600000000000000089e+00 1.950207479911219427e-02
1.610000000000000098e+00 1.976966993253679097e-02
1.620000000000000107e+00 1.987823169782018673e-02
1.629999999999999893e+00 1.985493667246610028e-02
1.639999999999999902e+00 1.973498994271290219e-02
1.649999999999999911e+00 1.954187667601535103e-02
1.659999999999999920e+00 1.928413419910177465e-02
1.669999999999999929e+00 1.896929478815288783e-02
1.679999999999999938e+00 1.862205526082292770e-02
1.689999999999999947e+00 1.829076922359745838e-02
1.699999999999999956e+00 1.803664125093070586e-02
1.709999999999999964e+00 1.791492786393975023e-02
1.719999999999999973e+00 1.796502201712823696e-02
1.729999999999999982e+00 1.822144191583131845e-02
1.739999999999999991e+00 1.874519899901097575e-02
1.750000000000000000e+00 1.966327090434626459e-02
1.760000000000000009e+00 2.119975604279002515e-02
1.770000000000000018e+00 2.369249236903466643e-02
1.780000000000000027e+00 2.762002994535682834e-02
1.790000000000000036e+00 3.371303517081316453e-02
1.800000000000000044e+00 4.327280955064851525e-02
1.810000000000000053e+00 5.883650345519463726e-02
1.820000000000000062e+00 8.527271274201414508e-02
1.830000000000000071e+00 1.312240978144372794e-01
1.840000000000000080e+00 2.105483247556670656e-01
1.850000000000000089e+00 3.431484428548232102e-01
1.860000000000000098e+00 5.544723402975161308e-01
1.870000000000000107e+00 8.730877076952875404e-01
1.879999999999999893e+00 1.326117889301514419e+00
1.889999999999999902e+00 1.932898140617209437e+00
1.899999999999999911e+00 2.697797460136333036e+00
1.909999999999999920e+00 3.603494955877830641e+00
1.919999999999999929e+00 4.606084490616483507e+00
1.929999999999999938e+00 5.633550107063539869e+00
1.939999999999999947e+00 6.589552824052217872e+00
1.949999999999999956e+00 7.364377838635317808e+00
1.959999999999999964e+00 7.853208643464594019e+00
1.969999999999999973e+00 7.978607889685958909e+00
1.979999999999999982e+00 7.710831314712931039e+00
1.989999999999999991e+00 7.078524545909088417e+00
2.000000000000000000e+00 6.164684982002881952e+00
2.009999999999999787e+00 5.088092646052128742e+00
2.020000000000000018e+00 3.976353649518795219e+00
2.029999999999999805e+00 2.939855232501766835e+00
2.040000000000000036e+00 2.054452303976496363e+00
2.049999999999999822e+00 1.356002022598100210e+00
2.060000000000000053e+00 8.451322451724981866e-01
2.069999999999999840e+00 4.980469203057415473e-01
2.080000000000000071e+00 2.788825770107010715e-01
2.089999999999999858e+00 1.502180157323308174e-01
2.100000000000000089e+00 7.992837953228254522e-02
2.109999999999999876e+00 4.412428674245002375e-02
2.120000000000000107e+00 2.706401434467592751e-02
2.129999999999999893e+00 1.942837868337583124e-02
2.140000000000000124e+00 1.620430389354568512e-02
2.149999999999999911e+00 1.491494952457573901e-02
2.160000000000000142e+00 1.442502589956653862e-02
2.169999999999999929e+00 1.424769385715832573e-02
2.180000000000000160e+00 1.418641055157449614e-02
2.189999999999999947e+00 1.416614603672836266e-02
2.200000000000000178e+00 1.415972267954092485e-02
2.209999999999999964e+00 1.415776892642789213e-02
2.220000000000000195e+00 1.415719862702604324e-02
2.229999999999999982e+00 1.415703890243514250e-02
2.240000000000000213e+00 1.415699594434715290e-02
2.250000000000000000e+00 1.415698481252691300e-02
2.259999999999999787e+00 1.415698201566899933e-02
2.270000000000000018e+00 1.415698132874126935e-02
2.279999999999999805e+00 1.415698116255572486e-02
2.290000000000000036e+00 1.415698112277788412e-02
2.299999999999999822e+00 1.415698111335834432e-02
2.310000000000000053e+00 1.415698111116038202e-02
2.319999999999999840e+00 1.415698111065800784e-02
2.330000000000000071e+00 1.415698111054605919e-02
2.339999999999999858e+00 1.415698111052168112e-02
2.350000000000000089e+00 1.415698111051639542e-02
2.359999999999999876e+00 1.415698111051519499e-02
2.370000000000000107e+00 1.415698111051488794e-02
2.379999999999999893e+00 1.415698111051479427e-02
2.390000000000000124e+00 1.415698111051476304e-02
2.399999999999999911e+00 1.415698111051475090e-02
2.410000000000000142e+00 1.415698111051474743e-02
2.419999999999999929e+00 1.415698111051474396e-02
2.430000000000000160e+00 1.415698111051474396e-02
2.439999999999999947e+00 1.415698111051474396e-02
2.450000000000000178e+00 1.415698111051474396e-02
2.459999999999999964e+00 1.415698111051474396e-02
2.470000000000000195e+00 1.415698111051474396e-02
2.479999999999999982e+00 1.415698111051474396e-02
2.490000000000000213e+00 1.415698111051474396e-02
2.500000000000000000e+00 1.415698111051474396e-02
2.509999999999999787e+00 1.415698111051474396e-02
2.520000000000000018e+00 1.415698111051474396e-02
2.529999999999999805e+00 1.415698111051474396e-02
2.540000000000000036e+00 1.415698111051474396e-02
2.549999999999999822e+00 1.415698111051474396e-02
2.560000000000000053e+00 1.415698111051474396e-02
2.569999999999999840e+00 1.415698111051474396e-02
2.580000000000000071e+00 1.415698111051474396e-02
2.589999999999999858e+00 1.415698111051474396e-02
2.600000000000000089e+00 1.415698111051474396e-02
2.609999999999999876e+00 1.415698111051474396e-02
2.620000000000000107e+00 1.415698111051474396e-02
2.629999999999999893e+00 1.415698111051474396e-02
2.640000000000000124e+00 1.415698111051474396e-02
2.649999999999999911e+00 1.415698111051474396e-02
2.660000000000000142e+00 1.415698111051474396e-02
2.669999999999999929e+00 1.415698111051474396e-02
2.680000000000000160e+00 1.415698111051474396e-02
2.689999999999999947e+00 1.415698111051474396e-02
2.700000000000000178e+00 1.415698111051474396e-02
2.709999999999999964e+00 1.415698111051474396e-02
2.720000000000000195e+00 1.415698111051474396e-02
2.729999999999999982e+00 1.415698111051474396e-02
2.740000000000000213e+00 1.415698111051474396e-02
2.750000000000000000e+00 1.415698111051474396e-02
2.759999999999999787e+00 1.415698111051474396e-02
2.770000000000000018e+00 1.415698111051474396e-02
2.779999999999999805e+00 1.415698111051474396e-02
2.790000000000000036e+00 1.415698111051474396e-02
2.799999999999999822e+00 1.415698111051474396e-02
2.810000000000000053e+00 1.415698111051474396e-02
2.819999999999999840e+00 1.415698111051474396e-02
2.830000000000000071e+00 1.415698111051474396e-02
2.839999999999999858e+00 1.415698111051474396e-02
2.850000000000000089e+00 1.415698111051474396e-02
2.859999999999999876e+00 1.415698111051474396e-02
2.870000000000000107e+00 1.415698111051474396e-02
2.879999999999999893e+00 1.415698111051474396e-02
2.890000000000000124e+00 1.415698111051474396e-02
2.899999999999999911e+00 1.415698111051474396e-02
2.910000000000000142e+00 1.415698111051474396e-02
2.919999999999999929e+00 1.415698111051474396e-02
2.930000000000000160e+00 1.415698111051474396e-02
2.939999999999999947e+00 1.415698111051474396e-02
2.950000000000000178e+00 1.415698111051474396e-02
2.959999999999999964e+00 1.415698111051474396e-02
2.970000000000000195e+00 1.415698111051474396e-02
2.979999999999999982e+00 1.415698111051474396e-02
2.990000000000000213e+00 1.415698111051474396e-02
3.000000000000000000e+00 1.415698111051474396e-02
3.009999999999999787e+00 1.415698111051474396e-02
3.020000000000000018e+00 1.415698111051474396e-02
3.029999999999999805e+00 1.415698111051474396e-02
3.040000000000000036e+00 1.415698111051474396e-02
3.049999999999999822e+00 1.415698111051474396e-02
3.060000000000000053e+00 1.415698111051474396e-02
3.069999999999999840e+00 1.415698111051474396e-02
3.080000000000000071e+00 1.415698111051474396e-02
3.089999999999999858e+00 1.415698111051474396e-02
3.100000000000000089e+00 1.415698111051474396e-02
3.109999999999999876e+00 1.415698111051474396e-02
3.120000000000000107e+00 1.415698111051474396e-02
3.129999999999999893e+00 1.415698111051474396e-02
3.140000000000000124e+00 1.415698111051474396e-02
3.149999999999999911e+00 1.415698111051474396e-02
3.160000000000000142e+00 1.415698111051474396e-02
3.169999999999999929e+00 1.415698111051474396e-02
3.180000000000000160e+00 1.415698111051474396e-02
3.189999999999999947e+00 1.415698111051474396e-02
3.200000000000000178e+00 1.415698111051474396e-02
3.209999999999999964e+00 1.415698111051474396e-02
3.220000000000000195e+00 1.415698111051474396e-02
3.229999999999999982e+00 1.415698111051474396e-02
3.240000000000000213e+00 1.415698111051474396e-02
3.250000000000000000e+00 1.415698111051474396e-02
3.259999999999999787e+00 1.415698111051474396e-02
3.270000000000000018e+00 1.415698111051474396e-02
3.279999999999999805e+00 1.415698111051474396e-02
3.290000000000000036e+00 1.415698111051474396e-02
3.299999999999999822e+00 1.415698111051474396e-02
3.310000000000000053e+00 1.415698111051474396e-02
3.319999999999999840e+00 1.415698111051474396e-02
3.330000000000000071e+00 1.415698111051474396e-02
3.339999999999999858e+00 1.415698111051474396e-02
3.350000000000000089e+00 1.415698111051474396e-02
3.359999999999999876e+00 1.415698111051474396e-02
3.370000000000000107e+00 1.415698111051474396e-02
3.379999999999999893e+00 1.415698111051474396e-02
3.390000000000000124e+00 1.415698111051474396e-02
3.399999999999999911e+00 1.415698111051474396e-02
3.410000000000000142e+00 1.415698111051474396e-02
3.419999999999999929e+00 1.415698111051474396e-02
3.430000000000000160e+00 1.415698111051474396e-02
3.439999999999999947e+00 1.415698111051474396e-02
3.450000000000000178e+00 1.415698111051474396e-02
3.459999999999999964e+00 1.415698111051474396e-02
3.470000000000000195e+00 1.415698111051474396e-02
3.479999999999999982e+00 1.415698111051474396e-02
3.490000000000000213e+00 1.415698111051474396e-02
3.500000000000000000e+00 1.415698111051474396e-02
3.509999999999999787e+00 1.415698111051474396e-02
3.520000000000000018e+00 1.415698111051474396e-02
3.529999999999999805e+00 1.415698111051474396e-02
3.540000000000000036e+00 1.415698111051474396e-02
3.549999999999999822e+00 1.415698111051474396e-02
3.560000000000000053e+00 1.415698111051474396e-02
3.569999999999999840e+00 1.415698111051474396e-02
3.580000000000000071e+00 1.415698111051474396e-02
3.589999999999999858e+00 1.415698111051474396e-02
3.600000000000000089e+00 1.415698111051474396e-02
3.609999999999999876e+00 1.415698111051474396e-02
3.620000000000000107e+00 1.415698111051474396e-02
3.629999999999999893e+00 1.415698111051474396e-02
3.640000000000000124e+00 1.415698111051474396e-02
3.649999999999999911e+00 1.415698111051474396e-02
3.660000000000000142e+00 1.415698111051474396e-02
3.669999999999999929e+00 1.415698111051474396e-02
3.680000000000000160e+00 1.415698111051474396e-02
3.689999999999999947e+00 1.415698111051474396e-02
3.700000000000000178e+00 1.415698111051474396e-02
3.709999999999999964e+00 1.415698111051474396e-02
3.720000000000000195e+00 1.415698111051474396e-02
3.729999999999999982e+00 1.415698111051474396e-02
3.740000000000000213e+00 1.415698111051474396e-02
3.750000000000000000e+00 1.415698111051474396e-02
3.759999999999999787e+00 1.415698111051474396e-02
3.770000000000000018e+00 1.415698111051474396e-02
3.779999999999999805e+00 1.415698111051474396e-02
3.790000000000000036e+00 1.415698111051474396e-02
3.799999999999999822e+00 1.415698111051474396e-02
3.810000000000000053e+00 1.415698111051474396e-02
3.819999999999999840e+00 1.415698111051474396e-02
3.830000000000000071e+00 1.415698111051474396e-02
3.839999999999999858e+00 1.415698111051474396e-02
3.850000000000000089e+00 1.415698111051474396e-02
3.859999999999999876e+00 1.415698111051474396e-02
3.870000000000000107e+00 1.415698111051474396e-02
3.879999999999999893e+00 1.415698111051474396e-02
3.890000000000000124e+00 1.415698111051474396e-02
3.899999999999999911e+00 1.415698111051474396e-02
3.910000000000000142e+00 1.415698111051474396e-02
3.919999999999999929e+00 1.415698111051474396e-02
3.930000000000000160e+00 1.415698111051474396e-02
3.939999999999999947e+00 1.415698111051474396e-02
3.950000000000000178e+00 1.415698111051474396e-02
3.959999999999999964e+00 1.415698111051474396e-02
3.970000000000000195e+00 1.415698111051474396e-02
3.979999999999999982e+00 1.415698111051474396e-02
3.990000000000000213e+00 1.415698111051474396e-02
4.000000000000000000e+00 1.415698111051474396e-02
4.009999999999999787e+00 1.415698111051474396e-02
4.019999999999999574e+00 1.415698111051474396e-02
4.030000000000000249e+00 1.415698111051474396e-02
4.040000000000000036e+00 1.415698111051474396e-02
4.049999999999999822e+00 1.415698111051474396e-02
4.059999999999999609e+00 1.415698111051474396e-02
4.070000000000000284e+00 1.415698111051474396e-02
4.080000000000000071e+00 1.415698111051474396e-02
4.089999999999999858e+00 1.415698111051474396e-02
4.099999999999999645e+00 1.415698111051474396e-02
4.110000000000000320e+00 1.415698111051474396e-02
4.120000000000000107e+00 1.415698111051474396e-02
4.129999999999999893e+00 1.415698111051474396e-02
4.139999999999999680e+00 1.415698111051474396e-02
4.150000000000000355e+00 1.415698111051474396e-02
4.160000000000000142e+00 1.415698111051474396e-02
4.169999999999999929e+00 1.415698111051474396e-02
4.179999999999999716e+00 1.415698111051474396e-02
4.190000000000000391e+00 1.415698111051474396e-02
4.200000000000000178e+00 1.415698111051474396e-02
4.209999999999999964e+00 1.415698111051474396e-02
4.219999999999999751e+00 1.415698111051474396e-02
4.230000000000000426e+00 1.415698111051474396e-02
4.240000000000000213e+00 1.415698111051474396e-02
4.250000000000000000e+00 1.415698111051474396e-02
4.259999999999999787e+00 1.415698111051474396e-02
4.269999999999999574e+00 1.415698111051474396e-02
4.280000000000000249e+00 1.415698111051474396e-02
4.290000000000000036e+00 1.415698111051474396e-02
4.299999999999999822e+00 1.415698111051474396e-02
4.309999999999999609e+00 1.415698111051474396e-02
4.320000000000000284e+00 1.415698111051474396e-02
4.330000000000000071e+00 1.415698111051474396e-02
4.339999999999999858e+00 1.415698111051474396e-02
4.349999999999999645e+00 1.415698111051474396e-02
4.360000000000000320e+00 1.415698111051474396e-02
4.370000000000000107e+00 1.415698111051474396e-02
4.379999999999999893e+00 1.415698111051474396e-02
4.389999999999999680e+00 1.415698111051474396e-02
4.400000000000000355e+00 1.415698111051474396e-02
4.410000000000000142e+00 1.415698111051474396e-02
4.419999999999999929e+00 1.415698111051474396e-02
4.429999999999999716e+00 1.415698111051474396e-02
4.440000000000000391e+00 1.415698111051474396e-02
4.450000000000000178e+00 1.415698111051474396e-02
4.459999999999999964e+00 1.415698111051474396e-02
4.469999999999999751e+00 1.415698111051474396e-02
4.480000000000000426e+00 1.415698111051474396e-02
4.490000000000000213e+00 1.415698111051474396e-02
4.500000000000000000e+00 1.415698111051474396e-02
4.509999999999999787e+00 1.415698111051474396e-02
4.519999999999999574e+00 1.415698111051474396e-02
4.530000000000000249e+00 1.415698111051474396e-02
4.540000000000000036e+00 1.415698111051474396e-02
4.549999999999999822e+00 1.415698111051474396e-02
4.559999999999999609e+00 1.415698111051474396e-02
4.570000000000000284e+00 1.415698111051474396e-02
4.580000000000000071e+00 1.415698111051474396e-02
4.589999999999999858e+00 1.415698111051474396e-02
4.599999999999999645e+00 1.415698111051474396e-02
4.610000000000000320e+00 1.415698111051474396e-02
4.620000000000000107e+00 1.415698111051474396e-02
4.629999999999999893e+00 1.415698111051474396e-02
4.639999999999999680e+00 1.415698111051474396e-02
4.650000000000000355e+00 1.415698111051474396e-02
4.660000000000000142e+00 1.415698111051474396e-02
4.669999999999999929e+00 1.415698111051474396e-02
4.679999999999999716e+00 1.415698111051474396e-02
4.690000000000000391e+00 1.415698111051474396e-02
4.700000000000000178e+00 1.415698111051474396e-02
4.709999999999999964e+00 1.415698111051474396e-02
4.719999999999999751e+00 1.415698111051474396e-02
4.730000000000000426e+00 1.415698111051474396e-02
4.740000000000000213e+00 1.415698111051474396e-02
4.750000000000000000e+00 1.415698111051474396e-02
4.759999999999999787e+00 1.415698111051474396e-02
4.769999999999999574e+00 1.415698111051474396e-02
4.780000000000000249e+00 1.415698111051474396e-02
4.790000000000000036e+00 1.415698111051474396e-02
4.799999999999999822e+00 1.415698111051474396e-02
4.809999999999999609e+00 1.415698111051474396e-02
4.820000000000000284e+00 1.415698111051474396e-02
4.830000000000000071e+00 1.415698111051474396e-02
4.839999999999999858e+00 1.415698111051474396e-02
4.849999999999999645e+00 1.415698111051474396e-02
4.860000000000000320e+00 1.415698111051474396e-02
4.870000000000000107e+00 1.415698111051474396e-02
4.879999999999999893e+00 1.415698111051474396e-02
4.889999999999999680e+00 1.415698111051474396e-02
4.900000000000000355e+00 1.415698111051474396e-02
4.910000000000000142e+00 1.415698111051474396e-02
4.919999999999999929e+00 1.415698111051474396e-02
4.929999999999999716e+00 1.415698111051474396e-02
4.940000000000000391e+00 1.415698111051474396e-02
4.950000000000000178e+00 1.415698111051474396e-02
4.959999999999999964e+00 1.415698111051474396e-02
4.969999999999999751e+00 1.415698111051474396e-02
4.980000000000000426e+00 1.415698111051474396e-02
4.990000000000000213e+00 1.415698111051474396e-02
5.000000000000000000e+00 1.415698111051474396e-02
5.009999999999999787e+00 1.415698111051474396e-02
5.019999999999999574e+00 1.415698111051474396e-02
5.030000000000000249e+00 1.415698111051474396e-02
5.040000000000000036e+00 1.415698111051474396e-02
5.049999999999999822e+00 1.415698111051474396e-02
5.059999999999999609e+00 1.415698111051474396e-02
5.070000000000000284e+00 1.415698111051474396e-02
5.080000000000000071e+00 1.415698111051474396e-02
5.089999999999999858e+00 1.415698111051474396e-02
5.099999999999999645e+00 1.415698111051474396e-02
5.110000000000000320e+00 1.415698111051474396e-02
5.120000000000000107e+00 1.415698111051474396e-02
5.129999999999999893e+00 1.415698111051474396e-02
5.139999999999999680e+00 1.415698111051474396e-02
5.150000000000000355e+00 1.415698111051474396e-02
5.160000000000000142e+00 1.415698111051474396e-02
5.169999999999999929e+00 1.415698111051474396e-02
5.179999999999999716e+00 1.415698111051474396e-02
5.190000000000000391e+00 1.415698111051474396e-02
5.200000000000000178e+00 1.415698111051474396e-02
5.209999999999999964e+00 1.415698111051474396e-02
5.219999999999999751e+00 1.415698111051474396e-02
5.230000000000000426e+00 1.415698111051474396e-02
5.240000000000000213e+00 1.415698111051474396e-02
5.250000000000000000e+00 1.415698111051474396e-02
5.259999999999999787e+00 1.415698111051474396e-02
5.269999999999999574e+00 1.415698111051474396e-02
5.280000000000000249e+00 1.415698111051474396e-02
5.290000000000000036e+00 1.415698111051474396e-02
5.299999999999999822e+00 1.415698111051474396e-02
5.309999999999999609e+00 1.415698111051474396e-02
5.320000000000000284e+00 1.415698111051474396e-02
5.330000000000000071e+00 1.415698111051474396e-02
5.339999999999999858e+00 1.415698111051474396e-02
5.349999999999999645e+00 1.415698111051474396e-02
5.360000000000000320e+00 1.415698111051474396e-02
5.370000000000000107e+00 1.415698111051474396e-02
5.379999999999999893e+00 1.415698111051474396e-02
5.389999999999999680e+00 1.415698111051474396e-02
5.400000000000000355e+00 1.415698111051474396e-02
5.410000000000000142e+00 1.415698111051474396e-02
5.419999999999999929e+00 1.415698111051474396e-02
5.429999999999999716e+00 1.415698111051474396e-02
5.440000000000000391e+00 1.415698111051474396e-02
5.450000000000000178e+00 1.415698111051474396e-02
5.459999999999999964e+00 1.415698111051474396e-02
5.469999999999999751e+00 1.415698111051474396e-02
5.480000000000000426e+00 1.415698111051474396e-02
5.490000000000000213e+00 1.415698111051474396e-02
5.500000000000000000e+00 1.415698111051474396e-02
5.509999999999999787e+00 1.415698111051474396e-02
5.519999999999999574e+00 1.415698111051474396e-02
5.530000000000000249e+00 1.415698111051474396e-02
5.540000000000000036e+00 1.415698111051474396e-02
5.549999999999999822e+00 1.415698111051474396e-02
5.559999999999999609e+00 1.415698111051474396e-02
5.570000000000000284e+00 1.415698111051474396e-02
5.580000000000000071e+00 1.415698111051474396e-02
5.589999999999999858e+00 1.415698111051474396e-02
5.599999999999999645e+00 1.415698111051474396e-02
5.610000000000000320e+00 1.415698111051474396e-02
5.620000000000000107e+00 1.415698111051474396e-02
5.629999999999999893e+00 1.415698111051474396e-02
5.639999999999999680e+00 1.415698111051474396e-02
5.650000000000000355e+00 1.415698111051474396e-02
5.660000000000000142e+00 1.415698111051474396e-02
5.669999999999999929e+00 1.415698111051474396e-02
5.679999999999999716e+00 1.415698111051474396e-02
5.690000000000000391e+00 1.415698111051474396e-02
5.700000000000000178e+00 1.415698111051474396e-02
5.709999999999999964e+00 1.415698111051474396e-02
5.719999999999999751e+00 1.415698111051474396e-02
5.730000000000000426e+00 1.415698111051474396e-02
5.740000000000000213e+00 1.415698111051474396e-02
5.750000000000000000e+00 1.415698111051474396e-02
5.759999999999999787e+00 1.415698111051474396e-02
5.769999999999999574e+00 1.415698111051474396e-02
5.780000000000000249e+00 1.415698111051474396e-02
5.790000000000000036e+00 1.415698111051474396e-02
5.799999999999999822e+00 1.415698111051474396e-02
5.809999999999999609e+00 1.415698111051474396e-02
5.820000000000000284e+00 1.415698111051474396e-02
5.830000000000000071e+00 1.415698111051474396e-02
5.839999999999999858e+00 1.415698111051474396e-02
5.849999999999999645e+00 1.415698111051474396e-02
5.860000000000000320e+00 1.415698111051474396e-02
5.870000000000000107e+00 1.415698111051474396e-02
5.879999999999999893e+00 1.415698111051474396e-02
5.889999999999999680e+00 1.415698111051474396e-02
5.900000000000000355e+00 1.415698111051474396e-02
5.910000000000000142e+00 1.415698111051474396e-02
5.919999999999999929e+00 1.415698111051474396e-02
5.929999999999999716e+00 1.415698111051474396e-02
5.940000000000000391e+00 1.415698111051474396e-02
5.950000000000000178e+00 1.415698111051474396e-02
5.959999999999999964e+00 1.415698111051474396e-02
5.969999999999999751e+00 1.415698111051474396e-02
5.980000000000000426e+00 1.415698111051474396e-02
5.990000000000000213e+00 1.415698111051474396e-02
6.000000000000000000e+00 1.415698111051474396e-02
6.200000000000000178e+00 1.415698111051474396e-02
6.400000000000000355e+00 1.415698111051474396e-02
6.599999999999999645e+00 1.415698111051474396e-02
6.799999999999999822e+00 1.415698111051474396e-02
7.000000000000000000e+00 0.000000000000000000e+00
