0.000000000000000000e+00 0.000000000000000000e+00
1.000000000000000021e-02 1.007852129394518625e-01
2.000000000000000042e-02 1.301939259442992103e-01
2.999999999999999889e-02 1.562864507091134003e-01
4.000000000000000083e-02 1.765007812375272156e-01
5.000000000000000278e-02 1.907063445853544315e-01
5.999999999999999778e-02 2.003687056561132274e-01
7.000000000000000666e-02 2.072752432302295555e-01
8.000000000000000167e-02 2.127563775302107607e-01
8.999999999999999667e-02 2.175570198116086873e-01
1.000000000000000056e-01 2.220281767591410216e-01
1.100000000000000006e-01 2.263332407951901271e-01
1.199999999999999956e-01 2.305633053122198850e-01
1.300000000000000044e-01 2.347762073017873874e-01
1.400000000000000133e-01 2.389977416140459110e-01
1.499999999999999944e-01 2.432134146080305315e-01
1.600000000000000033e-01 2.473687850580920389e-01
1.700000000000000122e-01 2.513882528765055135e-01
1.799999999999999933e-01 2.552112174526561250e-01
1.900000000000000022e-01 2.588306905827795767e-01
2.000000000000000111e-01 2.623104927170328837e-01
2.099999999999999922e-01 2.657637146808960460e-01
2.200000000000000011e-01 2.692981460135979166e-01
2.300000000000000100e-01 2.729587327060439828e-01
2.399999999999999911e-01 2.767019968665305196e-01
2.500000000000000000e-01 2.804160819760631029e-01
2.600000000000000089e-01 2.839701164816356704e-01
2.700000000000000178e-01 2.872636787578760620e-01
2.800000000000000266e-01 2.902570814106805730e-01
2.899999999999999800e-01 2.929785729109676273e-01
2.999999999999999889e-01 2.955120980362755945e-01
3.099999999999999978e-01 2.979737260071548266e-01
3.200000000000000067e-01 3.004897371783458171e-01
3.300000000000000155e-01 3.031848285279885591e-01
3.400000000000000244e-01 3.061724822316364558e-01
3.499999999999999778e-01 3.095302975898303055e-01
3.599999999999999867e-01 3.132577417432633182e-01
3.699999999999999956e-01 3.172406282801045752e-01
3.800000000000000044e-01 3.212570820598822374e-01
3.900000000000000133e-01 3.250392221608648380e-01
4.000000000000000222e-01 3.283674269237651377e-01
4.099999999999999756e-01 3.311511684203989891e-01
4.199999999999999845e-01 3.334605951569619142e-01
4.299999999999999933e-01 3.355019333127611803e-01
4.400000000000000022e-01 3.375502975305900710e-01
4.500000000000000111e-01 3.398609534826994572e-01
4.600000000000000200e-01 3.425872481351531773e-01
4.699999999999999734e-01 3.457385576004560201e-01
4.799999999999999822e-01 3.491976399406961917e-01
4.899999999999999911e-01 3.527822593277153973e-01
5.000000000000000000e-01 3.563067181021806751e-01
5.100000000000000089e-01 3.596030415673382996e-01
5.200000000000000178e-01 3.624986964060950001e-01
5.300000000000000266e-01 3.647873906831531343e-01
5.400000000000000355e-01 3.662388995697435368e-01
5.500000000000000444e-01 3.666655214739946711e-01
5.600000000000000533e-01 3.660175644041913645e-01
5.699999999999999512e-01 3.644511157148060398e-01
5.799999999999999600e-01 3.623215162646784004e-01
5.899999999999999689e-01 3.600989641691279552e-01
5.999999999999999778e-01 3.582432512926697066e-01
6.099999999999999867e-01 3.570840704530326426e-01
6.199999999999999956e-01 3.567396246411992378e-01
6.300000000000000044e-01 3.570933565927006392e-01
6.400000000000000133e-01 3.578389911147178415e-01
6.500000000000000222e-01 3.585854538976225303e-01
6.600000000000000311e-01 3.589885809669820516e-01
6.700000000000000400e-01 3.588625082116860820e-01
6.800000000000000488e-01 3.582285692799547783e-01
6.899999999999999467e-01 3.572809764102633512e-01
6.999999999999999556e-01 3.562815685633121676e-01
7.099999999999999645e-01 3.554291891279418580e-01
7.199999999999999734e-01 3.547644367072228522e-01
7.299999999999999822e-01 3.541595206721898093e-01
7.399999999999999911e-01 3.534156486462264879e-01
7.500000000000000000e-01 3.524508257417073853e-01
7.600000000000000089e-01 3.514958092623351460e-01
7.700000000000000178e-01 3.511478496719879772e-01
7.800000000000000266e-01 3.521638966246034008e-01
7.900000000000000355e-01 3.550739445465251332e-01
8.000000000000000444e-01 3.599032077386933870e-01
8.100000000000000533e-01 3.662336898852621703e-01
8.199999999999999512e-01 3.735193094214443454e-01
8.299999999999999600e-01 3.813562652880114756e-01
8.399999999999999689e-01 3.895351431022554545e-01
8.499999999999999778e-01 3.979567111266031909e-01
8.599999999999999867e-01 4.065681101449972190e-01
8.699999999999999956e-01 4.153604498347407414e-01
8.800000000000000044e-01 4.243662712388728830e-01
8.900000000000000133e-01 4.336135944839881740e-01
9.000000000000000222e-01 4.430662626359364586e-01
9.100000000000000311e-01 4.526072369882148116e-01
9.200000000000000400e-01 4.620821029005569014e-01
9.300000000000000488e-01 4.713672482704718836e-01
9.399999999999999467e-01 4.804136731060760224e-01
9.499999999999999556e-01 4.892438685399190246e-01
9.599999999999999645e-01 4.979067378384284259e-01
9.699999999999999734e-01 5.063954635813557870e-01
9.799999999999999822e-01 5.145171122629609295e-01
9.899999999999999911e-01 5.217117640837928283e-01
1.000000000000000000e+00 5.268901529589539168e-01
1.010000000000000009e+00 5.284708719764612539e-01
1.020000000000000018e+00 5.248220256061295608e-01
1.030000000000000027e+00 5.150903501375737603e-01
1.040000000000000036e+00 4.999953183097142206e-01
1.050000000000000044e+00 4.819629684860212149e-01
1.060000000000000053e+00 4.643191736611357867e-01
1.070000000000000062e+00 4.499602224385895743e-01
1.080000000000000071e+00 4.403303273938393714e-01
1.090000000000000080e+00 4.352643704271728087e-01
1.100000000000000089e+00 4.335843299720450461e-01
1.110000000000000098e+00 4.338935954317827970e-01
1.120000000000000107e+00 4.350926284130127719e-01
1.129999999999999893e+00 4.365060525632072363e-01
1.139999999999999902e+00 4.377778859067840700e-01
1.149999999999999911e+00 4.387235146586505041e-01
1.159999999999999920e+00 4.392364465591214184e-01
1.169999999999999929e+00 4.392630755377835428e-01
1.179999999999999938e+00 4.388152809962120871e-01
1.189999999999999947e+00 4.379791837789755449e-01
1.199999999999999956e+00 4.368925313203740890e-01
1.209999999999999964e+00 4.356936411415361365e-01
1.219999999999999973e+00 4.344695515580307976e-01
1.229999999999999982e+00 4.332318481350235784e-01
1.239999999999999991e+00 4.319291342898121111e-01
1.250000000000000000e+00 4.304847938680192443e-01
1.260000000000000009e+00 4.288424071495669510e-01
1.270000000000000018e+00 4.270079986930088167e-01
1.280000000000000027e+00 4.250876457722944091e-01
1.290000000000000036e+00 4.233212394232757081e-01
1.300000000000000044e+00 4.221032514594202922e-01
1.310000000000000053e+00 4.219611937615437292e-01
1.320000000000000062e+00 4.234506902284345120e-01
1.330000000000000071e+00 4.269564584181668176e-01
1.340000000000000080e+00 4.324706005743369497e-01
1.350000000000000089e+00 4.394925774511893035e-01
1.360000000000000098e+00 4.471611710379533866e-01
1.370000000000000107e+00 4.545734247442637099e-01
1.379999999999999893e+00 4.610975102810074278e-01
1.389999999999999902e+00 4.664942077553778654e-01
1.399999999999999911e+00 4.708187901655013774e-01
1.409999999999999920e+00 4.742264077995797522e-01
1.419999999999999929e+00 4.768255438276445823e-01
1.429999999999999938e+00 4.786389969663111810e-01
1.439999999999999947e+00 4.796432197135953590e-01
1.449999999999999956e+00 4.798260232119101465e-01
1.459999999999999964e+00 4.792203485028699861e-01
1.469999999999999973e+00 4.779046669152519078e-01
1.479999999999999982e+00 4.759854571781898525e-01
1.489999999999999991e+00 4.735831646611654566e-01
1.500000000000000000e+00 4.708305914203443354e-01
1.510000000000000009e+00 4.678753215237121954e-01
1.520000000000000018e+00 4.648720861232198409e-01
1.530000000000000027e+00 4.619605943447416263e-01
1.540000000000000036e+00 4.592376862121555492e-01
1.550000000000000044e+00 4.567368339074750483e-01
1.560000000000000053e+00 4.544218427723189513e-01
1.570000000000000062e+00 4.521930318796525405e-01
1.580000000000000071e+00 4.498991478714271519e-01
1.590000000000000080e+00 4.473469403675378042e-01
1.600000000000000089e+00 4.443024800748726078e-01
1.610000000000000098e+00 4.404861651768422481e-01
1.620000000000000107e+00 4.355758848068503331e-01
1.629999999999999893e+00 4.292403539233399790e-01
1.639999999999999902e+00 4.212166296593691794e-01
1.649999999999999911e+00 4.114247171624993427e-01
1.659999999999999920e+00 4.000894624983004078e-01
1.669999999999999929e+00 3.878184486070802572e-01
1.679999999999999938e+00 3.755678384324794283e-01
1.689999999999999947e+00 3.644473090313025132e-01
1.699999999999999956e+00 3.554011409264300481e-01
1.709999999999999964e+00 3.489117436190323218e-01
1.719999999999999973e+00 3.448948585655620680e-01
1.729999999999999982e+00 3.428407816653203932e-01
1.739999999999999991e+00 3.420931078382697388e-01
1.750000000000000000e+00 3.420902780159014167e-01
1.760000000000000009e+00 3.424670659922383620e-01
1.770000000000000018e+00 3.430316694908944752e-01
1.780000000000000027e+00 3.436942376737893712e-01
1.790000000000000036e+00 3.444071410721995519e-01
1.800000000000000044e+00 3.451356384116925358e-01
1.810000000000000053e+00 3.458520577561718934e-01
1.820000000000000062e+00 3.465416489901105845e-01
1.830000000000000071e+00 3.472101908467654652e-01
1.840000000000000080e+00 3.478848560257511990e-01
1.850000000000000089e+00 3.486034422480334682e-01
1.860000000000000098e+00 3.493953535100453034e-01
1.870000000000000107e+00 3.502657799862015642e-01
1.879999999999999893e+00 3.511944152122082885e-01
1.889999999999999902e+00 3.521502675110901870e-01
1.899999999999999911e+00 3.531124706768131727e-01
1.909999999999999920e+00 3.540830428713740430e-01
1.919999999999999929e+00 3.550832931690849348e-01
1.929999999999999938e+00 3.561346580241034898e-01
1.939999999999999947e+00 3.572300748643311707e-01
1.949999999999999956e+00 3.583025950303935225e-01
1.959999999999999964e+00 3.591977798290564294e-01
1.969999999999999973e+00 3.596583560503021082e-01
1.979999999999999982e+00 3.593327624612478455e-01
1.989999999999999991e+00 3.578211827989276062e-01
2.000000000000000000e+00 3.547693310247374554e-01
2.009999999999999787e+00 3.500035905933907565e-01
2.020000000000000018e+00 3.436671090846894483e-01
2.029999999999999805e+00 3.362831600647804842e-01
2.040000000000000036e+00 3.286787799322145598e-01
2.049999999999999822e+00 3.217691611096982207e-01
2.060000000000000053e+00 3.162932591427443652e-01
2.069999999999999840e+00 3.126281852729050348e-01
2.080000000000000071e+00 3.107584062930180968e-01
2.089999999999999858e+00 3.103802128928435100e-01
2.100000000000000089e+00 3.110594014854557443e-01
2.109999999999999876e+00 3.123641172053052140e-01
2.120000000000000107e+00 3.139386766492163194e-01
2.129999999999999893e+00 3.155245143201078073e-01
2.140000000000000124e+00 3.169507927038707207e-01
2.149999999999999911e+00 3.181143805467215868e-01
2.160000000000000142e+00 3.189591939243053287e-01
2.169999999999999929e+00 3.194570940271047044e-01
2.180000000000000160e+00 3.195903458917669360e-01
2.189999999999999947e+00 3.193381998765989493e-01
2.200000000000000178e+00 3.186728062398267447e-01
2.209999999999999964e+00 3.175676997390768919e-01
2.220000000000000195e+00 3.160153285503622400e-01
2.229999999999999982e+00 3.140433107575889560e-01
2.240000000000000213e+00 3.117180300962021366e-01
2.250000000000000000e+00 3.091311338682392051e-01
2.259999999999999787e+00 3.063757770692406290e-01
2.270000000000000018e+00 3.035266334579948544e-01
2.279999999999999805e+00 3.006342222429611022e-01
2.290000000000000036e+00 2.977325401948153760e-01
2.299999999999999822e+00 2.948495753808538233e-01
2.310000000000000053e+00 2.920105603610468337e-01
2.319999999999999840e+00 2.892314873976514766e-01
2.330000000000000071e+00 2.865076979807834601e-01
2.339999999999999858e+00 2.838050116876398299e-01
2.350000000000000089e+00 2.810600128713567347e-01
2.359999999999999876e+00 2.781934450271874026e-01
2.370000000000000107e+00 2.751358423826105182e-01
2.379999999999999893e+00 2.718578899742661870e-01
2.390000000000000124e+00 2.683928020507886369e-01
2.399999999999999911e+00 2.648387039029524992e-01
2.410000000000000142e+00 2.613377877259743798e-01
2.419999999999999929e+00 2.580431950625284854e-01
2.430000000000000160e+00 2.550962005256666165e-01
2.439999999999999947e+00 2.526356934448716896e-01
2.450000000000000178e+00 2.508451310682050517e-01
2.459999999999999964e+00 2.500166478887461130e-01
2.470000000000000195e+00 2.505940003611593636e-01
2.479999999999999982e+00 2.531565293869532107e-01
2.490000000000000213e+00 2.583213472291834290e-01
2.500000000000000000e+00 2.665615048816060706e-01
2.509999999999999787e+00 2.779645989322037103e-01
2.520000000000000018e+00 2.919862114830676370e-01
2.529999999999999805e+00 3.072595354352709585e-01
2.540000000000000036e+00 3.215004024254324855e-01
2.549999999999999822e+00 3.315794377110226065e-01
2.560000000000000053e+00 3.339891120073755770e-01
2.569999999999999840e+00 3.259817616984187483e-01
2.580000000000000071e+00 3.071501298876436747e-01
2.589999999999999858e+00 2.803286981638639097e-01
2.600000000000000089e+00 2.506005406226376464e-01
2.609999999999999876e+00 2.226766058567988815e-01
2.620000000000000107e+00 1.986291485341470653e-01
2.629999999999999893e+00 1.777358846829631411e-01
2.640000000000000124e+00 1.581426095375841057e-01
2.649999999999999911e+00 1.386066440866934590e-01
2.660000000000000142e+00 1.191194270744120043e-01
2.669999999999999929e+00 1.005267835746647825e-01
2.680000000000000160e+00 8.381783187746430497e-02
2.689999999999999947e+00 6.956984363878015998e-02
2.700000000000000178e+00 5.779792063451330564e-02
2.709999999999999964e+00 4.821086161816411086e-02
2.720000000000000195e+00 4.054644244789551433e-02
2.729999999999999982e+00 3.463550229330828595e-02
2.740000000000000213e+00 3.023869608070903561e-02
2.750000000000000000e+00 2.697192529214508319e-02
2.759999999999999787e+00 2.444147604343969299e-02
2.770000000000000018e+00 2.240537171378512854e-02
2.779999999999999805e+00 2.078284027518874019e-02
2.790000000000000036e+00 1.955050098424576666e-02
2.799999999999999822e+00 1.866329592398703954e-02
2.810000000000000053e+00 1.805133446644275816e-02
2.819999999999999840e+00 1.764599921492086138e-02
2.830000000000000071e+00 1.739033767605474567e-02
2.839999999999999858e+00 1.723537236455517652e-02
2.850000000000000089e+00 1.713920522171014788e-02
2.859999999999999876e+00 1.707132495162171082e-02
2.870000000000000107e+00 1.701510403072012748e-02
2.879999999999999893e+00 1.696538052478085284e-02
2.890000000000000124e+00 1.692329811892526875e-02
2.899999999999999911e+00 1.689132865793045030e-02
2.910000000000000142e+00 1.687019265385057351e-02
2.919999999999999929e+00 1.685821370065438210e-02
2.930000000000000160e+00 1.685242685071474886e-02
2.939999999999999947e+00 1.685002512120105725e-02
2.950000000000000178e+00 1.684911815278775440e-02
2.959999999999999964e+00 1.684872255717305076e-02
2.970000000000000195e+00 1.684842865473441809e-02
2.979999999999999982e+00 1.684810778229437617e-02
2.990000000000000213e+00 1.684775465454552840e-02
3.000000000000000000e+00 1.684741352049788296e-02
3.009999999999999787e+00 1.684713348152426168e-02
3.020000000000000018e+00 1.684693983224222480e-02
3.029999999999999805e+00 1.684682738443647049e-02
3.040000000000000036e+00 1.684677261964568837e-02
3.049999999999999822e+00 1.684675024586254968e-02
3.060000000000000053e+00 1.684674255882120941e-02
3.069999999999999840e+00 1.684674031723928586e-02
3.080000000000000071e+00 1.684673974428464380e-02
3.089999999999999858e+00 1.684673960020987779e-02
3.100000000000000089e+00 1.684673955151387570e-02
3.109999999999999876e+00 1.684673952320465268e-02
3.120000000000000107e+00 1.684673950154716437e-02
3.129999999999999893e+00 1.684673948518171718e-02
3.140000000000000124e+00 1.684673947415597783e-02
3.149999999999999911e+00 1.684673946769423350e-02
3.160000000000000142e+00 1.684673946436342912e-02
3.169999999999999929e+00 1.684673946276890252e-02
3.180000000000000160e+00 1.684673946196561106e-02
3.189999999999999947e+00 1.684673946146770726e-02
3.200000000000000178e+00 1.684673946107716203e-02
3.209999999999999964e+00 1.684673946072504438e-02
3.220000000000000195e+00 1.684673946038377570e-02
3.229999999999999982e+00 1.684673946003449954e-02
3.240000000000000213e+00 1.684673945966416383e-02
3.250000000000000000e+00 1.684673945927482597e-02
3.259999999999999787e+00 1.684673945889019961e-02
3.270000000000000018e+00 1.684673945854859439e-02
3.279999999999999805e+00 1.684673945828366395e-02
3.290000000000000036e+00 1.684673945810734319e-02
3.299999999999999822e+00 1.684673945800763475e-02
3.310000000000000053e+00 1.684673945796000619e-02
3.319999999999999840e+00 1.684673945794085484e-02
3.330000000000000071e+00 1.684673945793438432e-02
3.339999999999999858e+00 1.684673945793255245e-02
3.350000000000000089e+00 1.684673945793211530e-02
3.359999999999999876e+00 1.684673945793202857e-02
3.370000000000000107e+00 1.684673945793201469e-02
3.379999999999999893e+00 1.684673945793201122e-02
3.390000000000000124e+00 1.684673945793201122e-02
3.399999999999999911e+00 1.684673945793201122e-02
3.410000000000000142e+00 1.684673945793201122e-02
3.419999999999999929e+00 1.684673945793201122e-02
3.430000000000000160e+00 1.684673945793201122e-02
3.439999999999999947e+00 1.684673945793201122e-02
3.450000000000000178e+00 1.684673945793201122e-02
3.459999999999999964e+00 1.684673945793201122e-02
3.470000000000000195e+00 1.684673945793201122e-02
3.479999999999999982e+00 1.684673945793201122e-02
3.490000000000000213e+00 1.684673945793201122e-02
3.500000000000000000e+00 1.684673945793201122e-02
3.509999999999999787e+00 1.684673945793201122e-02
3.520000000000000018e+00 1.684673945793201122e-02
3.529999999999999805e+00 1.684673945793201122e-02
3.540000000000000036e+00 1.684673945793201122e-02
3.549999999999999822e+00 1.684673945793201122e-02
3.560000000000000053e+00 1.684673945793201122e-02
3.569999999999999840e+00 1.684673945793201122e-02
3.580000000000000071e+00 1.684673945793201122e-02
3.589999999999999858e+00 1.684673945793201122e-02
3.600000000000000089e+00 1.684673945793201122e-02
3.609999999999999876e+00 1.684673945793201122e-02
3.620000000000000107e+00 1.684673945793201122e-02
3.629999999999999893e+00 1.684673945793201122e-02
3.640000000000000124e+00 1.684673945793201122e-02
3.649999999999999911e+00 1.684673945793201122e-02
3.660000000000000142e+00 1.684673945793201122e-02
3.669999999999999929e+00 1.684673945793201122e-02
3.680000000000000160e+00 1.684673945793201122e-02
3.689999999999999947e+00 1.684673945793201122e-02
3.700000000000000178e+00 1.684673945793201122e-02
3.709999999999999964e+00 1.684673945793201122e-02
3.720000000000000195e+00 1.684673945793201122e-02
3.729999999999999982e+00 1.684673945793201122e-02
3.740000000000000213e+00 1.684673945793201122e-02
3.750000000000000000e+00 1.684673945793201122e-02
3.759999999999999787e+00 1.684673945793201122e-02
3.770000000000000018e+00 1.684673945793201122e-02
3.779999999999999805e+00 1.684673945793201122e-02
3.790000000000000036e+00 1.684673945793201122e-02
3.799999999999999822e+00 1.684673945793201122e-02
3.810000000000000053e+00 1.684673945793201122e-02
3.819999999999999840e+00 1.684673945793201122e-02
3.830000000000000071e+00 1.684673945793201122e-02
3.839999999999999858e+00 1.684673945793201122e-02
3.850000000000000089e+00 1.684673945793201122e-02
3.859999999999999876e+00 1.684673945793201122e-02
3.870000000000000107e+00 1.684673945793201122e-02
3.879999999999999893e+00 1.684673945793201122e-02
3.890000000000000124e+00 1.684673945793201122e-02
3.899999999999999911e+00 1.684673945793201122e-02
3.910000000000000142e+00 1.684673945793201122e-02
3.919999999999999929e+00 1.684673945793201122e-02
3.930000000000000160e+00 1.684673945793201122e-02
3.939999999999999947e+00 1.684673945793201122e-02
3.950000000000000178e+00 1.684673945793201122e-02
3.959999999999999964e+00 1.684673945793201122e-02
3.970000000000000195e+00 1.684673945793201122e-02
3.979999999999999982e+00 1.684673945793201122e-02
3.990000000000000213e+00 1.684673945793201122e-02
4.000000000000000000e+00 1.684673945793201122e-02
4.009999999999999787e+00 1.684673945793201122e-02
4.019999999999999574e+00 1.684673945793201122e-02
4.030000000000000249e+00 1.684673945793201122e-02
4.040000000000000036e+00 1.684673945793201122e-02
4.049999999999999822e+00 1.684673945793201122e-02
4.059999999999999609e+00 1.684673945793201122e-02
4.070000000000000284e+00 1.684673945793201122e-02
4.080000000000000071e+00 1.684673945793201122e-02
4.089999999999999858e+00 1.684673945793201122e-02
4.099999999999999645e+00 1.684673945793201122e-02
4.110000000000000320e+00 1.684673945793201122e-02
4.120000000000000107e+00 1.684673945793201122e-02
4.129999999999999893e+00 1.684673945793201122e-02
4.139999999999999680e+00 1.684673945793201122e-02
4.150000000000000355e+00 1.684673945793201122e-02
4.160000000000000142e+00 1.684673945793201122e-02
4.169999999999999929e+00 1.684673945793201122e-02
4.179999999999999716e+00 1.684673945793201122e-02
4.190000000000000391e+00 1.684673945793201122e-02
4.200000000000000178e+00 1.684673945793201122e-02
4.209999999999999964e+00 1.684673945793201122e-02
4.219999999999999751e+00 1.684673945793201122e-02
4.230000000000000426e+00 1.684673945793201122e-02
4.240000000000000213e+00 1.684673945793201122e-02
4.250000000000000000e+00 1.684673945793201122e-02
4.259999999999999787e+00 1.684673945793201122e-02
4.269999999999999574e+00 1.684673945793201122e-02
4.280000000000000249e+00 1.684673945793201122e-02
4.290000000000000036e+00 1.684673945793201122e-02
4.299999999999999822e+00 1.684673945793201122e-02
4.309999999999999609e+00 1.684673945793201122e-02
4.320000000000000284e+00 1.684673945793201122e-02
4.330000000000000071e+00 1.684673945793201122e-02
4.339999999999999858e+00 1.684673945793201122e-02
4.349999999999999645e+00 1.684673945793201122e-02
4.360000000000000320e+00 1.684673945793201122e-02
4.370000000000000107e+00 1.684673945793201122e-02
4.379999999999999893e+00 1.684673945793201122e-02
4.389999999999999680e+00 1.684673945793201122e-02
4.400000000000000355e+00 1.684673945793201122e-02
4.410000000000000142e+00 1.684673945793201122e-02
4.419999999999999929e+00 1.684673945793201122e-02
4.429999999999999716e+00 1.684673945793201122e-02
4.440000000000000391e+00 1.684673945793201122e-02
4.450000000000000178e+00 1.684673945793201122e-02
4.459999999999999964e+00 1.684673945793201122e-02
4.469999999999999751e+00 1.684673945793201122e-02
4.480000000000000426e+00 1.684673945793201122e-02
4.490000000000000213e+00 1.684673945793201122e-02
4.500000000000000000e+00 1.684673945793201122e-02
4.509999999999999787e+00 1.684673945793201122e-02
4.519999999999999574e+00 1.684673945793201122e-02
4.530000000000000249e+00 1.684673945793201122e-02
4.540000000000000036e+00 1.684673945793201122e-02
4.549999999999999822e+00 1.684673945793201122e-02
4.559999999999999609e+00 1.684673945793201122e-02
4.570000000000000284e+00 1.684673945793201122e-02
4.580000000000000071e+00 1.684673945793201122e-02
4.589999999999999858e+00 1.684673945793201122e-02
4.599999999999999645e+00 1.684673945793201122e-02
4.610000000000000320e+00 1.684673945793201122e-02
4.620000000000000107e+00 1.684673945793201122e-02
4.629999999999999893e+00 1.684673945793201122e-02
4.639999999999999680e+00 1.684673945793201122e-02
4.650000000000000355e+00 1.684673945793201122e-02
4.660000000000000142e+00 1.684673945793201122e-02
4.669999999999999929e+00 1.684673945793201122e-02
4.679999999999999716e+00 1.684673945793201122e-02
4.690000000000000391e+00 1.684673945793201122e-02
4.700000000000000178e+00 1.684673945793201122e-02
4.709999999999999964e+00 1.684673945793201122e-02
4.719999999999999751e+00 1.684673945793201122e-02
4.730000000000000426e+00 1.684673945793201122e-02
4.740000000000000213e+00 1.684673945793201122e-02
4.750000000000000000e+00 1.684673945793201122e-02
4.759999999999999787e+00 1.684673945793201122e-02
4.769999999999999574e+00 1.684673945793201122e-02
4.780000000000000249e+00 1.684673945793201122e-02
4.790000000000000036e+00 1.684673945793201122e-02
4.799999999999999822e+00 1.684673945793201122e-02
4.809999999999999609e+00 1.684673945793201122e-02
4.820000000000000284e+00 1.684673945793201122e-02
4.830000000000000071e+00 1.684673945793201122e-02
4.839999999999999858e+00 1.684673945793201122e-02
4.849999999999999645e+00 1.684673945793201122e-02
4.860000000000000320e+00 1.684673945793201122e-02
4.870000000000000107e+00 1.684673945793201122e-02
4.879999999999999893e+00 1.684673945793201122e-02
4.889999999999999680e+00 1.684673945793201122e-02
4.900000000000000355e+00 1.684673945793201122e-02
4.910000000000000142e+00 1.684673945793201122e-02
4.919999999999999929e+00 1.684673945793201122e-02
4.929999999999999716e+00 1.684673945793201122e-02
4.940000000000000391e+00 1.684673945793201122e-02
4.950000000000000178e+00 1.684673945793201122e-02
4.959999999999999964e+00 1.684673945793201122e-02
4.969999999999999751e+00 1.684673945793201122e-02
4.980000000000000426e+00 1.684673945793201122e-02
4.990000000000000213e+00 1.684673945793201122e-02
5.000000000000000000e+00 1.684673945793201122e-02
5.009999999999999787e+00 1.684673945793201122e-02
5.019999999999999574e+00 1.684673945793201122e-02
5.030000000000000249e+00 1.684673945793201122e-02
5.040000000000000036e+00 1.684673945793201122e-02
5.049999999999999822e+00 1.684673945793201122e-02
5.059999999999999609e+00 1.684673945793201122e-02
5.070000000000000284e+00 1.684673945793201122e-02
5.080000000000000071e+00 1.684673945793201122e-02
5.089999999999999858e+00 1.684673945793201122e-02
5.099999999999999645e+00 1.684673945793201122e-02
5.110000000000000320e+00 1.684673945793201122e-02
5.120000000000000107e+00 1.684673945793201122e-02
5.129999999999999893e+00 1.684673945793201122e-02
5.139999999999999680e+00 1.684673945793201122e-02
5.150000000000000355e+00 1.684673945793201122e-02
5.160000000000000142e+00 1.684673945793201122e-02
5.169999999999999929e+00 1.684673945793201122e-02
5.179999999999999716e+00 1.684673945793201122e-02
5.190000000000000391e+00 1.684673945793201122e-02
5.200000000000000178e+00 1.684673945793201122e-02
5.209999999999999964e+00 1.684673945793201122e-02
5.219999999999999751e+00 1.684673945793201122e-02
5.230000000000000426e+00 1.684673945793201122e-02
5.240000000000000213e+00 1.684673945793201122e-02
5.250000000000000000e+00 1.684673945793201122e-02
5.259999999999999787e+00 1.684673945793201122e-02
5.269999999999999574e+00 1.684673945793201122e-02
5.280000000000000249e+00 1.684673945793201122e-02
5.290000000000000036e+00 1.684673945793201122e-02
5.299999999999999822e+00 1.684673945793201122e-02
5.309999999999999609e+00 1.684673945793201122e-02
5.320000000000000284e+00 1.684673945793201122e-02
5.330000000000000071e+00 1.684673945793201122e-02
5.339999999999999858e+00 1.684673945793201122e-02
5.349999999999999645e+00 1.684673945793201122e-02
5.360000000000000320e+00 1.684673945793201122e-02
5.370000000000000107e+00 1.684673945793201122e-02
5.379999999999999893e+00 1.684673945793201122e-02
5.389999999999999680e+00 1.684673945793201122e-02
5.400000000000000355e+00 1.684673945793201122e-02
5.410000000000000142e+00 1.684673945793201122e-02
5.419999999999999929e+00 1.684673945793201122e-02
5.429999999999999716e+00 1.684673945793201122e-02
5.440000000000000391e+00 1.684673945793201122e-02
5.450000000000000178e+00 1.684673945793201122e-02
5.459999999999999964e+00 1.684673945793201122e-02
5.469999999999999751e+00 1.684673945793201122e-02
5.480000000000000426e+00 1.684673945793201122e-02
5.490000000000000213e+00 1.684673945793201122e-02
5.500000000000000000e+00 1.684673945793201122e-02
5.509999999999999787e+00 1.684673945793201122e-02
5.519999999999999574e+00 1.684673945793201122e-02
5.530000000000000249e+00 1.684673945793201122e-02
5.540000000000000036e+00 1.684673945793201122e-02
5.549999999999999822e+00 1.684673945793201122e-02
5.559999999999999609e+00 1.684673945793201122e-02
5.570000000000000284e+00 1.684673945793201122e-02
5.580000000000000071e+00 1.684673945793201122e-02
5.589999999999999858e+00 1.684673945793201122e-02
5.599999999999999645e+00 1.684673945793201122e-02
5.610000000000000320e+00 1.684673945793201122e-02
5.620000000000000107e+00 1.684673945793201122e-02
5.629999999999999893e+00 1.684673945793201122e-02
5.639999999999999680e+00 1.684673945793201122e-02
5.650000000000000355e+00 1.684673945793201122e-02
5.660000000000000142e+00 1.684673945793201122e-02
5.669999999999999929e+00 1.684673945793201122e-02
5.679999999999999716e+00 1.684673945793201122e-02
5.690000000000000391e+00 1.684673945793201122e-02
5.700000000000000178e+00 1.684673945793201122e-02
5.709999999999999964e+00 1.684673945793201122e-02
5.719999999999999751e+00 1.684673945793201122e-02
5.730000000000000426e+00 1.684673945793201122e-02
5.740000000000000213e+00 1.684673945793201122e-02
5.750000000000000000e+00 1.684673945793201122e-02
5.759999999999999787e+00 1.684673945793201122e-02
5.769999999999999574e+00 1.684673945793201122e-02
5.780000000000000249e+00 1.684673945793201122e-02
5.790000000000000036e+00 1.684673945793201122e-02
5.799999999999999822e+00 1.684673945793201122e-02
5.809999999999999609e+00 1.684673945793201122e-02
5.820000000000000284e+00 1.684673945793201122e-02
5.830000000000000071e+00 1.684673945793201122e-02
5.839999999999999858e+00 1.684673945793201122e-02
5.849999999999999645e+00 1.684673945793201122e-02
5.860000000000000320e+00 1.684673945793201122e-02
5.870000000000000107e+00 1.684673945793201122e-02
5.879999999999999893e+00 1.684673945793201122e-02
5.889999999999999680e+00 1.684673945793201122e-02
5.900000000000000355e+00 1.684673945793201122e-02
5.910000000000000142e+00 1.684673945793201122e-02
5.919999999999999929e+00 1.684673945793201122e-02
5.929999999999999716e+00 1.684673945793201122e-02
5.940000000000000391e+00 1.684673945793201122e-02
5.950000000000000178e+00 1.684673945793201122e-02
5.959999999999999964e+00 1.684673945793201122e-02
5.969999999999999751e+00 1.684673945793201122e-02
5.980000000000000426e+00 1.684673945793201122e-02
5.990000000000000213e+00 1.684673945793201122e-02
6.000000000000000000e+00 1.684673945793201122e-02
6.200000000000000178e+00 1.684673945793201122e-02
6.400000000000000355e+00 1.684673945793201122e-02
6.599999999999999645e+00 1.684673945793201122e-02
6.799999999999999822e+00 1.684673945793201122e-02
7.000000000000000000e+00 0.000000000000000000e+00
