0.000000000000000000e+00 0.000000000000000000e+00
1.000000000000000021e-02 1.415698111051474743e-02
2.000000000000000042e-02 1.415698111051474743e-02
2.999999999999999889e-02 1.415698111051474743e-02
4.000000000000000083e-02 1.415698111051474743e-02
5.000000000000000278e-02 1.415698111051474743e-02
5.999999999999999778e-02 1.415698111051474743e-02
7.000000000000000666e-02 1.415698111051474743e-02
8.000000000000000167e-02 1.415698111051474743e-02
8.999999999999999667e-02 1.415698111051474743e-02
1.000000000000000056e-01 1.415698111051474743e-02
1.100000000000000006e-01 1.415698111051474743e-02
1.199999999999999956e-01 1.415698111051474743e-02
1.300000000000000044e-01 1.415698111051474743e-02
1.400000000000000133e-01 1.415698111051474743e-02
1.499999999999999944e-01 1.415698111051474743e-02
1.600000000000000033e-01 1.415698111051474743e-02
1.700000000000000122e-01 1.415698111051474743e-02
1.799999999999999933e-01 1.415698111051474743e-02
1.900000000000000022e-01 1.415698111051474743e-02
2.000000000000000111e-01 1.415698111051474743e-02
2.099999999999999922e-01 1.415698111051474743e-02
2.200000000000000011e-01 1.415698111051474743e-02
2.300000000000000100e-01 1.415698111051474743e-02
2.399999999999999911e-01 1.415698111051474743e-02
2.500000000000000000e-01 1.415698111051474743e-02
2.600000000000000089e-01 1.415698111051475090e-02
2.700000000000000178e-01 1.415698111051475090e-02
2.800000000000000266e-01 1.415698111051475264e-02
2.899999999999999800e-01 1.415698111051475264e-02
2.999999999999999889e-01 1.415698111051475958e-02
3.099999999999999978e-01 1.415698111051476825e-02
3.200000000000000067e-01 1.415698111051478213e-02
3.300000000000000155e-01 1.415698111051480294e-02
3.400000000000000244e-01 1.415698111051483417e-02
3.499999999999999778e-01 1.415698111051488101e-02
3.599999999999999867e-01 1.415698111051495386e-02
3.699999999999999956e-01 1.415698111051506315e-02
3.800000000000000044e-01 1.415698111051522795e-02
3.900000000000000133e-01 1.415698111051548122e-02
4.000000000000000222e-01 1.415698111051587327e-02
4.099999999999999756e-01 1.415698111051647522e-02
4.199999999999999845e-01 1.415698111051740156e-02
4.299999999999999933e-01 1.415698111051882056e-02
4.400000000000000022e-01 1.415698111052099244e-02
4.500000000000000111e-01 1.415698111052430402e-02
4.600000000000000200e-01 1.415698111052931737e-02
4.699999999999999734e-01 1.415698111053685475e-02
4.799999999999999822e-01 1.415698111054811484e-02
4.899999999999999911e-01 1.415698111056490002e-02
5.000000000000000000e-01 1.415698111058993729e-02
5.100000000000000089e-01 1.415698111062738997e-02
5.200000000000000178e-01 1.415698111068358633e-02
5.300000000000000266e-01 1.415698111076820094e-02
5.400000000000000355e-01 1.415698111089637098e-02
5.500000000000000444e-01 1.415698111109232535e-02
5.600000000000000533e-01 1.415698111139505888e-02
5.699999999999999512e-01 1.415698111186588712e-02
5.799999999999999600e-01 1.415698111259707133e-02
5.899999999999999689e-01 1.415698111371989538e-02
5.999999999999999778e-01 1.415698111541013535e-02
6.099999999999999867e-01 1.415698111788815661e-02
6.199999999999999956e-01 1.415698112141141642e-02
6.300000000000000044e-01 1.415698112626111865e-02
6.400000000000000133e-01 1.415698113273528187e-02
6.500000000000000222e-01 1.415698114117511404e-02
6.600000000000000311e-01 1.415698115205924271e-02
6.700000000000000400e-01 1.415698116618102631e-02
6.800000000000000488e-01 1.415698118487189981e-02
6.899999999999999467e-01 1.415698121018390057e-02
6.999999999999999556e-01 1.415698124496333858e-02
7.099999999999999645e-01 1.415698129286031837e-02
7.199999999999999734e-01 1.415698135845874783e-02
7.299999999999999822e-01 1.415698144779267177e-02
7.399999999999999911e-01 1.415698156954184155e-02
7.500000000000000000e-01 1.415698173725407454e-02
7.600000000000000089e-01 1.415698197307094230e-02
7.700000000000000178e-01 1.415698231358826324e-02
7.800000000000000266e-01 1.415698281836983742e-02
7.900000000000000355e-01 1.415698358042318493e-02
8.000000000000000444e-01 1.415698473480088773e-02
8.100000000000000533e-01 1.415698645780426139e-02
8.199999999999999512e-01 1.415698895019996094e-02
8.299999999999999600e-01 1.415699240825045967e-02
8.399999999999999689e-01 1.415699700213981886e-02
8.499999999999999778e-01 1.415700288774567744e-02
8.599999999999999867e-01 1.415701026160165986e-02
8.699999999999999956e-01 1.415701943512528115e-02
8.800000000000000044e-01 1.415703087754314853e-02
8.900000000000000133e-01 1.415704518593853892e-02
9.000000000000000222e-01 1.415706299194197451e-02
9.100000000000000311e-01 1.415708487507109231e-02
9.200000000000000400e-01 1.415711136995166479e-02
9.300000000000000488e-01 1.415714310893798587e-02
9.399999999999999467e-01 1.415718106827651424e-02
9.499999999999999556e-01 1.415722683291681730e-02
9.599999999999999645e-01 1.415728279637031885e-02
9.699999999999999734e-01 1.415735230943644500e-02
9.799999999999999822e-01 1.415743996972552987e-02
9.899999999999999911e-01 1.415755228979320539e-02
1.000000000000000000e+00 1.415769863965317919e-02
1.010000000000000009e+00 1.415789186805176993e-02
1.020000000000000018e+00 1.415814829097524451e-02
1.030000000000000027e+00 1.415848902102303901e-02
1.040000000000000036e+00 1.415895189931571860e-02
1.050000000000000044e+00 1.415964850733776072e-02
1.060000000000000053e+00 1.416098364546920438e-02
1.070000000000000062e+00 1.416437191984367891e-02
1.080000000000000071e+00 1.417419292192983495e-02
1.090000000000000080e+00 1.420213864884826808e-02
1.100000000000000089e+00 1.427480518988996985e-02
1.110000000000000098e+00 1.444331028551972679e-02
1.120000000000000107e+00 1.478988117212685048e-02
1.129999999999999893e+00 1.542356708202362314e-02
1.139999999999999902e+00 1.646008582959385472e-02
1.149999999999999911e+00 1.799036424567167919e-02
1.159999999999999920e+00 2.005193740547652967e-02
1.169999999999999929e+00 2.261766222939809098e-02
1.179999999999999938e+00 2.560596406932504759e-02
1.189999999999999947e+00 2.890552335154822350e-02
1.199999999999999956e+00 3.240421761280396634e-02
1.209999999999999964e+00 3.601625890696991128e-02
1.219999999999999973e+00 3.970496311131162942e-02
1.229999999999999982e+00 4.349740964879339478e-02
1.239999999999999991e+00 4.748483658125749601e-02
1.250000000000000000e+00 5.180422148336175092e-02
1.260000000000000009e+00 5.660278910179819545e-02
1.270000000000000018e+00 6.199389767094276582e-02
1.280000000000000027e+00 6.801550485187646267e-02
1.290000000000000036e+00 7.460130797471259401e-02
1.300000000000000044e+00 8.157364203356676224e-02
1.310000000000000053e+00 8.866749722993207128e-02
1.320000000000000062e+00 9.559011626466677736e-02
1.330000000000000071e+00 1.021038204009180189e-01
1.340000000000000080e+00 1.080985837410160938e-01
1.350000000000000089e+00 1.136159758656311164e-01
1.360000000000000098e+00 1.188069873726695924e-01
1.370000000000000107e+00 1.238362724409275001e-01
1.379999999999999893e+00 1.287622875771974040e-01
1.389999999999999902e+00 1.334291742046601337e-01
1.399999999999999911e+00 1.374202442763205190e-01
1.409999999999999920e+00 1.401362249248177261e-01
1.419999999999999929e+00 1.410279448828538063e-01
1.429999999999999938e+00 1.399071466422977528e-01
1.439999999999999947e+00 1.371461285074859759e-01
1.449999999999999956e+00 1.335878030449190734e-01
1.459999999999999964e+00 1.301723216860792287e-01
1.469999999999999973e+00 1.275055191358990814e-01
1.479999999999999982e+00 1.256340340798680344e-01
1.489999999999999991e+00 1.241098783745420153e-01
1.500000000000000000e+00 1.222147086559771390e-01
1.510000000000000009e+00 1.191720369457349299e-01
1.520000000000000018e+00 1.142961473899114094e-01
1.530000000000000027e+00 1.071421367876152358e-01
1.540000000000000036e+00 9.770839711056901467e-02
1.550000000000000044e+00 8.662262352315329428e-02
1.560000000000000053e+00 7.513928508122996730e-02
1.570000000000000062e+00 6.482218961244173849e-02
1.580000000000000071e+00 5.700065009338929622e-02
1.590000000000000080e+00 5.230243571552019993e-02
1.600000000000000089e+00 5.054897185167478435e-02
1.610000000000000098e+00 5.103126503968877931e-02
1.620000000000000107e+00 5.292505786207044732e-02
1.629999999999999893e+00 5.558321097746739270e-02
1.639999999999999902e+00 5.861680856743279461e-02
1.649999999999999911e+00 6.183554064799864913e-02
1.659999999999999920e+00 6.515144383526125238e-02
1.669999999999999929e+00 6.850416257277185117e-02
1.679999999999999938e+00 7.182183706506067855e-02
1.689999999999999947e+00 7.501537120560787530e-02
1.699999999999999956e+00 7.799847812409402281e-02
1.709999999999999964e+00 8.071808062544752471e-02
1.719999999999999973e+00 8.317475826116181581e-02
1.729999999999999982e+00 8.542011264996868247e-02
1.739999999999999991e+00 8.753405432017687116e-02
1.750000000000000000e+00 8.959726683329247154e-02
1.760000000000000009e+00 9.167425589397429353e-02
1.770000000000000018e+00 9.381420046265324941e-02
1.780000000000000027e+00 9.606899045304784224e-02
1.790000000000000036e+00 9.852363578230548258e-02
1.800000000000000044e+00 1.013315819383724392e-01
1.810000000000000053e+00 1.047464860192307001e-01
1.820000000000000062e+00 1.091451617317497763e-01
1.830000000000000071e+00 1.150386710664638573e-01
1.840000000000000080e+00 1.230548783471762248e-01
1.850000000000000089e+00 1.338427806627451588e-01
1.860000000000000098e+00 1.478378756869350164e-01
1.870000000000000107e+00 1.649098131731635275e-01
1.879999999999999893e+00 1.840820904752691889e-01
1.889999999999999902e+00 2.035982853322465258e-01
1.899999999999999911e+00 2.214251600075972382e-01
1.909999999999999920e+00 2.359292161614133243e-01
1.919999999999999929e+00 2.463105583336863413e-01
1.929999999999999938e+00 2.526143637311866752e-01
1.939999999999999947e+00 2.554884730779083402e-01
1.949999999999999956e+00 2.559301831049647369e-01
1.959999999999999964e+00 2.550736806489379283e-01
1.969999999999999973e+00 2.539379280039658071e-01
1.979999999999999982e+00 2.531465621970007129e-01
1.989999999999999991e+00 2.527704298124593962e-01
2.000000000000000000e+00 2.524125726950299797e-01
2.009999999999999787e+00 2.514828535870175519e-01
2.020000000000000018e+00 2.494895936678246939e-01
2.029999999999999805e+00 2.462145546373647187e-01
2.040000000000000036e+00 2.417635095483502417e-01
2.049999999999999822e+00 2.365671237674456528e-01
2.060000000000000053e+00 2.313866205974077217e-01
2.069999999999999840e+00 2.272906799010676049e-01
2.080000000000000071e+00 2.255049946150998741e-01
2.089999999999999858e+00 2.270833228445667262e-01
2.100000000000000089e+00 2.325082736352345469e-01
2.109999999999999876e+00 2.414602180140185406e-01
2.120000000000000107e+00 2.529310409842404073e-01
2.129999999999999893e+00 2.656329616657606696e-01
2.140000000000000124e+00 2.784817182997477714e-01
2.149999999999999911e+00 2.909698260546725868e-01
2.160000000000000142e+00 3.033918706507076624e-01
2.169999999999999929e+00 3.169371276816366767e-01
2.180000000000000160e+00 3.335803685305837596e-01
2.189999999999999947e+00 3.556491851174117813e-01
2.200000000000000178e+00 3.851001388070492415e-01
2.209999999999999964e+00 4.228221306679347813e-01
2.220000000000000195e+00 4.683951999896393548e-01
2.229999999999999982e+00 5.204716190840742440e-01
2.240000000000000213e+00 5.775122592467895055e-01
2.250000000000000000e+00 6.384027591244305633e-01
2.259999999999999787e+00 7.026444236986013614e-01
2.270000000000000018e+00 7.701494736977302358e-01
2.279999999999999805e+00 8.408796776619825719e-01
2.290000000000000036e+00 9.145654406516444679e-01
2.299999999999999822e+00 9.906230778713361884e-01
2.310000000000000053e+00 1.068255438803416224e+00
2.319999999999999840e+00 1.146624560130518500e+00
2.330000000000000071e+00 1.224960642412886269e+00
2.339999999999999858e+00 1.302543718014040008e+00
2.350000000000000089e+00 1.378619939643435099e+00
2.359999999999999876e+00 1.452384801218163046e+00
2.370000000000000107e+00 1.523101155110902605e+00
2.379999999999999893e+00 1.590260975019773149e+00
2.390000000000000124e+00 1.653592278541379912e+00
2.399999999999999911e+00 1.712782105822478140e+00
2.410000000000000142e+00 1.767009025919706433e+00
2.419999999999999929e+00 1.814586096772711654e+00
2.430000000000000160e+00 1.853042653543835128e+00
2.439999999999999947e+00 1.879791006502377293e+00
2.450000000000000178e+00 1.893220034845537469e+00
2.459999999999999964e+00 1.893744979903029702e+00
2.470000000000000195e+00 1.884169004226161626e+00
2.479999999999999982e+00 1.868908923292963431e+00
2.490000000000000213e+00 1.852305115509191191e+00
2.500000000000000000e+00 1.836963698853884663e+00
2.509999999999999787e+00 1.823132484762710837e+00
2.520000000000000018e+00 1.809312283355764661e+00
2.529999999999999805e+00 1.793412686893768093e+00
2.540000000000000036e+00 1.773609335834351208e+00
2.549999999999999822e+00 1.748599441511662800e+00
2.560000000000000053e+00 1.717500701834346444e+00
2.569999999999999840e+00 1.679755909514432988e+00
2.580000000000000071e+00 1.635194891655440408e+00
2.589999999999999858e+00 1.584174959444003772e+00
2.600000000000000089e+00 1.527648031423598063e+00
2.609999999999999876e+00 1.467068745459094048e+00
2.620000000000000107e+00 1.404153030115707024e+00
2.629999999999999893e+00 1.340550626971581227e+00
2.640000000000000124e+00 1.277519375506735111e+00
2.649999999999999911e+00 1.215707738037205887e+00
2.660000000000000142e+00 1.155139836908872564e+00
2.669999999999999929e+00 1.095417606037069724e+00
2.680000000000000160e+00 1.036038131705046883e+00
2.689999999999999947e+00 9.766650752584861150e-01
2.700000000000000178e+00 9.172476221158208931e-01
2.709999999999999964e+00 8.579962501715618917e-01
2.720000000000000195e+00 7.992991090220686878e-01
2.729999999999999982e+00 7.416518233008720928e-01
2.740000000000000213e+00 6.856152738880224584e-01
2.750000000000000000e+00 6.317714600064304742e-01
2.759999999999999787e+00 5.806482008326547817e-01
2.770000000000000018e+00 5.326195526182232465e-01
2.779999999999999805e+00 4.878246135340294498e-01
2.790000000000000036e+00 4.461508841904763822e-01
2.799999999999999822e+00 4.072972470301678971e-01
2.810000000000000053e+00 3.708903389636716841e-01
2.819999999999999840e+00 3.366036921266701842e-01
2.830000000000000071e+00 3.042336290730792148e-01
2.839999999999999858e+00 2.737134773771724983e-01
2.850000000000000089e+00 2.450791930526810269e-01
2.859999999999999876e+00 2.184154985608614263e-01
2.870000000000000107e+00 1.938068790941424591e-01
2.879999999999999893e+00 1.713035368363374777e-01
2.890000000000000124e+00 1.509027533491272277e-01
2.899999999999999911e+00 1.325441610602065279e-01
2.910000000000000142e+00 1.161173554052343793e-01
2.919999999999999929e+00 1.014785964338010688e-01
2.930000000000000160e+00 8.847198416890825201e-02
2.939999999999999947e+00 7.695079957128934944e-02
2.950000000000000178e+00 6.679511706166718632e-02
2.959999999999999964e+00 5.792135330802909016e-02
2.970000000000000195e+00 5.027916247837437014e-02
2.979999999999999982e+00 4.383286019299034025e-02
2.990000000000000213e+00 3.853058843112495274e-02
3.000000000000000000e+00 3.427423993500965799e-02
3.009999999999999787e+00 3.090877575995200702e-02
3.020000000000000018e+00 2.824109149886264158e-02
3.029999999999999805e+00 2.607903325810705109e-02
3.040000000000000036e+00 2.426785466970354799e-02
3.049999999999999822e+00 2.270640614252685680e-02
3.060000000000000053e+00 2.134150839329914881e-02
3.069999999999999840e+00 2.015070582045068448e-02
3.080000000000000071e+00 1.912456432154168579e-02
3.089999999999999858e+00 1.825458546611840108e-02
3.100000000000000089e+00 1.752784893319205700e-02
3.109999999999999876e+00 1.692679843709922125e-02
3.120000000000000107e+00 1.643168916401914828e-02
3.129999999999999893e+00 1.602345598348297803e-02
3.140000000000000124e+00 1.568566763431078481e-02
3.149999999999999911e+00 1.540523766166546245e-02
3.160000000000000142e+00 1.517219702049624717e-02
3.169999999999999929e+00 1.497900167878781982e-02
3.180000000000000160e+00 1.481975160999465281e-02
3.189999999999999947e+00 1.468954568818665006e-02
3.200000000000000178e+00 1.458406760684745514e-02
3.209999999999999964e+00 1.449939227637383164e-02
3.220000000000000195e+00 1.443193306934599518e-02
3.229999999999999982e+00 1.437844366959133667e-02
3.240000000000000213e+00 1.433603541090458511e-02
3.250000000000000000e+00 1.430221830240899390e-02
3.259999999999999787e+00 1.427497108445628833e-02
3.270000000000000018e+00 1.425279912718513051e-02
3.279999999999999805e+00 1.423470967718117562e-02
3.290000000000000036e+00 1.422007274744084560e-02
3.299999999999999822e+00 1.420842098770830168e-02
3.310000000000000053e+00 1.419929266253608033e-02
3.319999999999999840e+00 1.419218591976791587e-02
3.330000000000000071e+00 1.418660661462110492e-02
3.339999999999999858e+00 1.418213906881869366e-02
3.350000000000000089e+00 1.417848448825216254e-02
3.359999999999999876e+00 1.417545726152113182e-02
3.370000000000000107e+00 1.417295559354500578e-02
3.379999999999999893e+00 1.417092292675527047e-02
3.390000000000000124e+00 1.416931144037588720e-02
3.399999999999999911e+00 1.416805844052426190e-02
3.410000000000000142e+00 1.416708300724418661e-02
3.419999999999999929e+00 1.416629960968772937e-02
3.430000000000000160e+00 1.416563604220602221e-02
3.439999999999999947e+00 1.416504383317160679e-02
3.450000000000000178e+00 1.416449786375368995e-02
3.459999999999999964e+00 1.416398931830155881e-02
3.470000000000000195e+00 1.416351752929005323e-02
3.479999999999999982e+00 1.416308387791328713e-02
3.490000000000000213e+00 1.416268843736298057e-02
3.500000000000000000e+00 1.416232889274540371e-02
3.509999999999999787e+00 1.416200093986193231e-02
3.520000000000000018e+00 1.416169933052321105e-02
3.529999999999999805e+00 1.416141891607386114e-02
3.540000000000000036e+00 1.416115535792260120e-02
3.549999999999999822e+00 1.416090541979259099e-02
3.560000000000000053e+00 1.416066686410496350e-02
3.569999999999999840e+00 1.416043806834392689e-02
3.580000000000000071e+00 1.416021761913407659e-02
3.589999999999999858e+00 1.416000417898647876e-02
3.600000000000000089e+00 1.415979670972806158e-02
3.609999999999999876e+00 1.415959482876153440e-02
3.620000000000000107e+00 1.415939897799752337e-02
3.629999999999999893e+00 1.415921027711104091e-02
3.640000000000000124e+00 1.415903018244296652e-02
3.649999999999999911e+00 1.415886014137668868e-02
3.660000000000000142e+00 1.415870131914698411e-02
3.669999999999999929e+00 1.415855436943740109e-02
3.680000000000000160e+00 1.415841925633996856e-02
3.689999999999999947e+00 1.415829523003268517e-02
3.700000000000000178e+00 1.415818103460651269e-02
3.709999999999999964e+00 1.415807527221047551e-02
3.720000000000000195e+00 1.415797673712563751e-02
3.729999999999999982e+00 1.415788458521184852e-02
3.740000000000000213e+00 1.415779834235645837e-02
3.750000000000000000e+00 1.415771783267540801e-02
3.759999999999999787e+00 1.415764307998534054e-02
3.770000000000000018e+00 1.415757418456626768e-02
3.779999999999999805e+00 1.415751118305275981e-02
3.790000000000000036e+00 1.415745394252776283e-02
3.799999999999999822e+00 1.415740214178002124e-02
3.810000000000000053e+00 1.415735533609123291e-02
3.819999999999999840e+00 1.415731305091609028e-02
3.830000000000000071e+00 1.415727485343737900e-02
3.839999999999999858e+00 1.415724038722215687e-02
3.850000000000000089e+00 1.415720937817313216e-02
3.859999999999999876e+00 1.415718161848330929e-02
3.870000000000000107e+00 1.415715693118078239e-02
3.879999999999999893e+00 1.415713512695674497e-02
3.890000000000000124e+00 1.415711597550999186e-02
3.899999999999999911e+00 1.415709920605063600e-02
3.910000000000000142e+00 1.415708453000225769e-02
3.919999999999999929e+00 1.415707166671292642e-02
3.930000000000000160e+00 1.415706036024242526e-02
3.939999999999999947e+00 1.415705038835917209e-02
3.950000000000000178e+00 1.415704156827229249e-02
3.959999999999999964e+00 1.415703375830031259e-02
3.970000000000000195e+00 1.415702685194752085e-02
3.979999999999999982e+00 1.415702076608001125e-02
3.990000000000000213e+00 1.415701543138778509e-02
4.000000000000000000e+00 1.415701079178536062e-02
4.009999999999999787e+00 1.415700681006917989e-02
4.019999999999999574e+00 1.415700346936058646e-02
4.030000000000000249e+00 1.415700076158322475e-02
4.040000000000000036e+00 1.415699866490324060e-02
4.049999999999999822e+00 1.415699712315555622e-02
4.059999999999999609e+00 1.415699604137821838e-02
4.070000000000000284e+00 1.415699530048511109e-02
4.080000000000000071e+00 1.415699478110425853e-02
4.089999999999999858e+00 1.415699438353030561e-02
4.099999999999999645e+00 1.415699403744814268e-02
4.110000000000000320e+00 1.415699370234874306e-02
4.120000000000000107e+00 1.415699336206053399e-02
4.129999999999999893e+00 1.415699301668735255e-02
4.139999999999999680e+00 1.415699267508348409e-02
4.150000000000000355e+00 1.415699234993967118e-02
4.160000000000000142e+00 1.415699205482476644e-02
4.169999999999999929e+00 1.415699180065084321e-02
4.179999999999999716e+00 1.415699159051290665e-02
4.190000000000000391e+00 1.415699141444166746e-02
4.200000000000000178e+00 1.415699124508510917e-02
4.209999999999999964e+00 1.415699103313101427e-02
4.219999999999999751e+00 1.415699070423034889e-02
4.230000000000000426e+00 1.415699016828887019e-02
4.240000000000000213e+00 1.415698935415025950e-02
4.250000000000000000e+00 1.415698826256062137e-02
4.259999999999999787e+00 1.415698699840801933e-02
4.269999999999999574e+00 1.415698574039148117e-02
4.280000000000000249e+00 1.415698465456728672e-02
4.290000000000000036e+00 1.415698381456360726e-02
4.299999999999999822e+00 1.415698318932719427e-02
4.309999999999999609e+00 1.415698269777386671e-02
4.320000000000000284e+00 1.415698227600140774e-02
4.330000000000000071e+00 1.415698190674078739e-02
4.339999999999999858e+00 1.415698160458397047e-02
4.349999999999999645e+00 1.415698138511459724e-02
4.360000000000000320e+00 1.415698124648325992e-02
4.370000000000000107e+00 1.415698117074067411e-02
4.379999999999999893e+00 1.415698113493175578e-02
4.389999999999999680e+00 1.415698112024822708e-02
4.400000000000000355e+00 1.415698111500683122e-02
4.410000000000000142e+00 1.415698111336131070e-02
4.419999999999999929e+00 1.415698111288481859e-02
4.429999999999999716e+00 1.415698111272729875e-02
4.440000000000000391e+00 1.415698111263313450e-02
4.450000000000000178e+00 1.415698111253274258e-02
4.459999999999999964e+00 1.415698111240466794e-02
4.469999999999999751e+00 1.415698111223783265e-02
4.480000000000000426e+00 1.415698111202644445e-02
4.490000000000000213e+00 1.415698111177561211e-02
4.500000000000000000e+00 1.415698111150642813e-02
4.509999999999999787e+00 1.415698111125160766e-02
4.519999999999999574e+00 1.415698111104121346e-02
4.530000000000000249e+00 1.415698111088854738e-02
4.540000000000000036e+00 1.415698111078704698e-02
4.549999999999999822e+00 1.415698111071901459e-02
4.559999999999999609e+00 1.415698111066759912e-02
4.570000000000000284e+00 1.415698111062378868e-02
4.580000000000000071e+00 1.415698111058618855e-02
4.589999999999999858e+00 1.415698111055673641e-02
4.599999999999999645e+00 1.415698111053663270e-02
4.610000000000000320e+00 1.415698111052486087e-02
4.620000000000000107e+00 1.415698111051894199e-02
4.629999999999999893e+00 1.415698111051635379e-02
4.639999999999999680e+00 1.415698111051534071e-02
4.650000000000000355e+00 1.415698111051496601e-02
4.660000000000000142e+00 1.415698111051482896e-02
4.669999999999999929e+00 1.415698111051477866e-02
4.679999999999999716e+00 1.415698111051475958e-02
4.690000000000000391e+00 1.415698111051475264e-02
4.700000000000000178e+00 1.415698111051475090e-02
4.709999999999999964e+00 1.415698111051475090e-02
4.719999999999999751e+00 1.415698111051475090e-02
4.730000000000000426e+00 1.415698111051475090e-02
4.740000000000000213e+00 1.415698111051475090e-02
4.750000000000000000e+00 1.415698111051475090e-02
4.759999999999999787e+00 1.415698111051475090e-02
4.769999999999999574e+00 1.415698111051475090e-02
4.780000000000000249e+00 1.415698111051475090e-02
4.790000000000000036e+00 1.415698111051475090e-02
4.799999999999999822e+00 1.415698111051475090e-02
4.809999999999999609e+00 1.415698111051475090e-02
4.820000000000000284e+00 1.415698111051475090e-02
4.830000000000000071e+00 1.415698111051475090e-02
4.839999999999999858e+00 1.415698111051475090e-02
4.849999999999999645e+00 1.415698111051475090e-02
4.860000000000000320e+00 1.415698111051475090e-02
4.870000000000000107e+00 1.415698111051474743e-02
4.879999999999999893e+00 1.415698111051474743e-02
4.889999999999999680e+00 1.415698111051474743e-02
4.900000000000000355e+00 1.415698111051474743e-02
4.910000000000000142e+00 1.415698111051474743e-02
4.919999999999999929e+00 1.415698111051474743e-02
4.929999999999999716e+00 1.415698111051474743e-02
4.940000000000000391e+00 1.415698111051474743e-02
4.950000000000000178e+00 1.415698111051474743e-02
4.959999999999999964e+00 1.415698111051474743e-02
4.969999999999999751e+00 1.415698111051474743e-02
4.980000000000000426e+00 1.415698111051474743e-02
4.990000000000000213e+00 1.415698111051474743e-02
5.000000000000000000e+00 1.415698111051474743e-02
5.009999999999999787e+00 1.415698111051474743e-02
5.019999999999999574e+00 1.415698111051474743e-02
5.030000000000000249e+00 1.415698111051474743e-02
5.040000000000000036e+00 1.415698111051474743e-02
5.049999999999999822e+00 1.415698111051474743e-02
5.059999999999999609e+00 1.415698111051474743e-02
5.070000000000000284e+00 1.415698111051474743e-02
5.080000000000000071e+00 1.415698111051474743e-02
5.089999999999999858e+00 1.415698111051474743e-02
5.099999999999999645e+00 1.415698111051474743e-02
5.110000000000000320e+00 1.415698111051474743e-02
5.120000000000000107e+00 1.415698111051474743e-02
5.129999999999999893e+00 1.415698111051474743e-02
5.139999999999999680e+00 1.415698111051474743e-02
5.150000000000000355e+00 1.415698111051474743e-02
5.160000000000000142e+00 1.415698111051474743e-02
5.169999999999999929e+00 1.415698111051474743e-02
5.179999999999999716e+00 1.415698111051474743e-02
5.190000000000000391e+00 1.415698111051474743e-02
5.200000000000000178e+00 1.415698111051474743e-02
5.209999999999999964e+00 1.415698111051474743e-02
5.219999999999999751e+00 1.415698111051474743e-02
5.230000000000000426e+00 1.415698111051474743e-02
5.240000000000000213e+00 1.415698111051474743e-02
5.250000000000000000e+00 1.415698111051474743e-02
5.259999999999999787e+00 1.415698111051474743e-02
5.269999999999999574e+00 1.415698111051474743e-02
5.280000000000000249e+00 1.415698111051474743e-02
5.290000000000000036e+00 1.415698111051474743e-02
5.299999999999999822e+00 1.415698111051474743e-02
5.309999999999999609e+00 1.415698111051474743e-02
5.320000000000000284e+00 1.415698111051474743e-02
5.330000000000000071e+00 1.415698111051474743e-02
5.339999999999999858e+00 1.415698111051474743e-02
5.349999999999999645e+00 1.415698111051474743e-02
5.360000000000000320e+00 1.415698111051474743e-02
5.370000000000000107e+00 1.415698111051474743e-02
5.379999999999999893e+00 1.415698111051474743e-02
5.389999999999999680e+00 1.415698111051474743e-02
5.400000000000000355e+00 1.415698111051474743e-02
5.410000000000000142e+00 1.415698111051474743e-02
5.419999999999999929e+00 1.415698111051474743e-02
5.429999999999999716e+00 1.415698111051474743e-02
5.440000000000000391e+00 1.415698111051474743e-02
5.450000000000000178e+00 1.415698111051474743e-02
5.459999999999999964e+00 1.415698111051474743e-02
5.469999999999999751e+00 1.415698111051474743e-02
5.480000000000000426e+00 1.415698111051474743e-02
5.490000000000000213e+00 1.415698111051474743e-02
5.500000000000000000e+00 1.415698111051474743e-02
5.509999999999999787e+00 1.415698111051474743e-02
5.519999999999999574e+00 1.415698111051474743e-02
5.530000000000000249e+00 1.415698111051474743e-02
5.540000000000000036e+00 1.415698111051474743e-02
5.549999999999999822e+00 1.415698111051474743e-02
5.559999999999999609e+00 1.415698111051474743e-02
5.570000000000000284e+00 1.415698111051474743e-02
5.580000000000000071e+00 1.415698111051474743e-02
5.589999999999999858e+00 1.415698111051474743e-02
5.599999999999999645e+00 1.415698111051474743e-02
5.610000000000000320e+00 1.415698111051474743e-02
5.620000000000000107e+00 1.415698111051474743e-02
5.629999999999999893e+00 1.415698111051474743e-02
5.639999999999999680e+00 1.415698111051474743e-02
5.650000000000000355e+00 1.415698111051474743e-02
5.660000000000000142e+00 1.415698111051474743e-02
5.669999999999999929e+00 1.415698111051474743e-02
5.679999999999999716e+00 1.415698111051474743e-02
5.690000000000000391e+00 1.415698111051474743e-02
5.700000000000000178e+00 1.415698111051474743e-02
5.709999999999999964e+00 1.415698111051474743e-02
5.719999999999999751e+00 1.415698111051474743e-02
5.730000000000000426e+00 1.415698111051474743e-02
5.740000000000000213e+00 1.415698111051474743e-02
5.750000000000000000e+00 1.415698111051474743e-02
5.759999999999999787e+00 1.415698111051474743e-02
5.769999999999999574e+00 1.415698111051474743e-02
5.780000000000000249e+00 1.415698111051474743e-02
5.790000000000000036e+00 1.415698111051474743e-02
5.799999999999999822e+00 1.415698111051474743e-02
5.809999999999999609e+00 1.415698111051474743e-02
5.820000000000000284e+00 1.415698111051474743e-02
5.830000000000000071e+00 1.415698111051474743e-02
5.839999999999999858e+00 1.415698111051474743e-02
5.849999999999999645e+00 1.415698111051474743e-02
5.860000000000000320e+00 1.415698111051474743e-02
5.870000000000000107e+00 1.415698111051474743e-02
5.879999999999999893e+00 1.415698111051474743e-02
5.889999999999999680e+00 1.415698111051474743e-02
5.900000000000000355e+00 1.415698111051474743e-02
5.910000000000000142e+00 1.415698111051474743e-02
5.919999999999999929e+00 1.415698111051474743e-02
5.929999999999999716e+00 1.415698111051474743e-02
5.940000000000000391e+00 1.415698111051474743e-02
5.950000000000000178e+00 1.415698111051474743e-02
5.959999999999999964e+00 1.415698111051474743e-02
5.969999999999999751e+00 1.415698111051474743e-02
5.980000000000000426e+00 1.415698111051474743e-02
5.990000000000000213e+00 1.415698111051474743e-02
6.000000000000000000e+00 1.415698111051474743e-02
6.200000000000000178e+00 1.415698111051474743e-02
6.400000000000000355e+00 1.415698111051474743e-02
6.599999999999999645e+00 1.415698111051474743e-02
6.799999999999999822e+00 1.415698111051474743e-02
7.000000000000000000e+00 0.000000000000000000e+00
