0.000000000000000000e+00 0.000000000000000000e+00
1.000000000000000021e-02 1.683738397590025734e-02
2.000000000000000042e-02 1.683738463689125886e-02
2.999999999999999889e-02 1.683738575601875440e-02
4.000000000000000083e-02 1.683738739355353231e-02
5.000000000000000278e-02 1.683738939662048073e-02
5.999999999999999778e-02 1.683739133676369001e-02
7.000000000000000666e-02 1.683739263824740595e-02
8.000000000000000167e-02 1.683739289259788066e-02
8.999999999999999667e-02 1.683739217130902910e-02
1.000000000000000056e-01 1.683739112550357644e-02
1.100000000000000006e-01 1.683739086617186756e-02
1.199999999999999956e-01 1.683739282810551782e-02
1.300000000000000044e-01 1.683739877654968561e-02
1.400000000000000133e-01 1.683741086848054153e-02
1.499999999999999944e-01 1.683743154679144885e-02
1.600000000000000033e-01 1.683746319912758985e-02
1.700000000000000122e-01 1.683750771732225870e-02
1.799999999999999933e-01 1.683756599031119988e-02
1.900000000000000022e-01 1.683763707306441121e-02
2.000000000000000111e-01 1.683771694151900422e-02
2.099999999999999922e-01 1.683779760162778735e-02
2.200000000000000011e-01 1.683786789968224132e-02
2.300000000000000100e-01 1.683791648385399645e-02
2.399999999999999911e-01 1.683793551174661909e-02
2.500000000000000000e-01 1.683792296507201358e-02
2.600000000000000089e-01 1.683788272476461484e-02
2.700000000000000178e-01 1.683782323309759507e-02
2.800000000000000266e-01 1.683775575776986708e-02
2.899999999999999800e-01 1.683769239076589319e-02
2.999999999999999889e-01 1.683764361408352297e-02
3.099999999999999978e-01 1.683761589496528960e-02
3.200000000000000067e-01 1.683761025838978465e-02
3.300000000000000155e-01 1.683762247323188771e-02
3.400000000000000244e-01 1.683764481151164144e-02
3.499999999999999778e-01 1.683766876989977249e-02
3.599999999999999867e-01 1.683768769358193890e-02
3.699999999999999956e-01 1.683769812350223785e-02
3.800000000000000044e-01 1.683769935573102908e-02
3.900000000000000133e-01 1.683769191534720960e-02
4.000000000000000222e-01 1.683767632075557075e-02
4.099999999999999756e-01 1.683765297548136392e-02
4.199999999999999845e-01 1.683762289086298755e-02
4.299999999999999933e-01 1.683758832883839457e-02
4.400000000000000022e-01 1.683755270585773206e-02
4.500000000000000111e-01 1.683751974379843128e-02
4.600000000000000200e-01 1.683749237688142789e-02
4.699999999999999734e-01 1.683747206338563618e-02
4.799999999999999822e-01 1.683745881383181750e-02
4.899999999999999911e-01 1.683745168271350706e-02
5.000000000000000000e-01 1.683744922551153045e-02
5.100000000000000089e-01 1.683744971140544930e-02
5.200000000000000178e-01 1.683745127876122225e-02
5.300000000000000266e-01 1.683745224106692612e-02
5.400000000000000355e-01 1.683745146548348143e-02
5.500000000000000444e-01 1.683744857540437137e-02
5.600000000000000533e-01 1.683744385290303347e-02
5.699999999999999512e-01 1.683743794120067319e-02
5.799999999999999600e-01 1.683743153990571034e-02
5.899999999999999689e-01 1.683742522178273068e-02
5.999999999999999778e-01 1.683741938635814617e-02
6.099999999999999867e-01 1.683741429407274726e-02
6.199999999999999956e-01 1.683741011906074100e-02
6.300000000000000044e-01 1.683740698973103245e-02
6.400000000000000133e-01 1.683740501532828351e-02
6.500000000000000222e-01 1.683740431478482694e-02
6.600000000000000311e-01 1.683740507765438960e-02
6.700000000000000400e-01 1.683740768648121777e-02
6.800000000000000488e-01 1.683741291838376092e-02
6.899999999999999467e-01 1.683742226146741836e-02
6.999999999999999556e-01 1.683743842543730315e-02
7.099999999999999645e-01 1.683746605379391609e-02
7.199999999999999734e-01 1.683751232700684414e-02
7.299999999999999822e-01 1.683758686119015552e-02
7.399999999999999911e-01 1.683770087826815323e-02
7.500000000000000000e-01 1.683786781791810766e-02
7.600000000000000089e-01 1.683811127775064476e-02
7.700000000000000178e-01 1.683849045739272549e-02
7.800000000000000266e-01 1.683915662356386816e-02
7.900000000000000355e-01 1.684045296277979567e-02
8.000000000000000444e-01 1.684305741374423140e-02
8.100000000000000533e-01 1.684813864910462977e-02
8.199999999999999512e-01 1.685746106422917126e-02
8.299999999999999600e-01 1.687336827409594703e-02
8.399999999999999689e-01 1.689861759062151123e-02
8.499999999999999778e-01 1.693608877456312736e-02
8.599999999999999867e-01 1.698835838376989288e-02
8.699999999999999956e-01 1.705700863826211874e-02
8.800000000000000044e-01 1.714152765557680480e-02
8.900000000000000133e-01 1.723803292468520723e-02
9.000000000000000222e-01 1.733874769464734469e-02
9.100000000000000311e-01 1.743351649445578494e-02
9.200000000000000400e-01 1.751385248722504839e-02
9.300000000000000488e-01 1.757815622621884330e-02
9.399999999999999467e-01 1.763530840326684584e-02
9.499999999999999556e-01 1.770448348209112399e-02
9.599999999999999645e-01 1.781155697412375657e-02
9.699999999999999734e-01 1.798455606745592850e-02
9.799999999999999822e-01 1.825021288524674226e-02
9.899999999999999911e-01 1.863141754293277594e-02
1.000000000000000000e+00 1.914374338578747614e-02
1.010000000000000009e+00 1.979004322280675937e-02
1.020000000000000018e+00 2.055488727611677266e-02
1.030000000000000027e+00 2.140286483197958306e-02
1.040000000000000036e+00 2.228396600053615673e-02
1.050000000000000044e+00 2.314535634155477639e-02
1.060000000000000053e+00 2.394531922931167692e-02
1.070000000000000062e+00 2.466592632686268050e-02
1.080000000000000071e+00 2.532491983234885086e-02
1.090000000000000080e+00 2.598665048889431742e-02
1.100000000000000089e+00 2.676178971686106120e-02
1.110000000000000098e+00 2.777688934365054804e-02
1.120000000000000107e+00 2.910913574149226121e-02
1.129999999999999893e+00 3.071905342571248920e-02
1.139999999999999902e+00 3.243513520935410038e-02
1.149999999999999911e+00 3.401165128422918571e-02
1.159999999999999920e+00 3.521919558523682603e-02
1.169999999999999929e+00 3.590626638583080399e-02
1.179999999999999938e+00 3.601080744301442260e-02
1.189999999999999947e+00 3.554691685460598105e-02
1.199999999999999956e+00 3.459238727874010266e-02
1.209999999999999964e+00 3.327542827275394022e-02
1.219999999999999973e+00 3.174872372544419036e-02
1.229999999999999982e+00 3.015317851787636255e-02
1.239999999999999991e+00 2.858775419929081643e-02
1.250000000000000000e+00 2.710002890821293711e-02
1.260000000000000009e+00 2.569937671400049015e-02
1.270000000000000018e+00 2.438212706959051040e-02
1.280000000000000027e+00 2.315314545646888697e-02
1.290000000000000036e+00 2.203300601291968697e-02
1.300000000000000044e+00 2.105051169247663598e-02
1.310000000000000053e+00 2.022897934042708346e-02
1.320000000000000062e+00 1.957584203565415973e-02
1.330000000000000071e+00 1.907999370314109391e-02
1.340000000000000080e+00 1.871564496244268808e-02
1.350000000000000089e+00 1.844925019984854087e-02
1.360000000000000098e+00 1.824680010031667216e-02
1.370000000000000107e+00 1.807995959348743589e-02
1.379999999999999893e+00 1.792998235263870699e-02
1.389999999999999902e+00 1.778863691795355001e-02
1.399999999999999911e+00 1.765626319595981972e-02
1.409999999999999920e+00 1.753823324825586755e-02
1.419999999999999929e+00 1.744156849138965570e-02
1.429999999999999938e+00 1.737281307214450302e-02
1.439999999999999947e+00 1.733704193635907109e-02
1.449999999999999956e+00 1.733711440597154180e-02
1.459999999999999964e+00 1.737253176825572301e-02
1.469999999999999973e+00 1.743823378796991938e-02
1.479999999999999982e+00 1.752450182536020168e-02
1.489999999999999991e+00 1.761891868041673762e-02
1.500000000000000000e+00 1.770986441814559678e-02
1.510000000000000009e+00 1.778942583065943120e-02
1.520000000000000018e+00 1.785372213225780089e-02
1.530000000000000027e+00 1.790099353024379031e-02
1.540000000000000036e+00 1.793018731388128228e-02
1.550000000000000044e+00 1.794233104733119338e-02
1.560000000000000053e+00 1.794367914603703026e-02
1.570000000000000062e+00 1.794690071025148090e-02
1.580000000000000071e+00 1.796772590733340322e-02
1.590000000000000080e+00 1.801866624997532432e-02
1.600000000000000089e+00 1.810428329839184128e-02
1.610000000000000098e+00 1.822101898522010890e-02
1.620000000000000107e+00 1.836072888189579921e-02
1.629999999999999893e+00 1.851488968578400562e-02
1.639999999999999902e+00 1.867727571290337535e-02
1.649999999999999911e+00 1.884468567639547426e-02
1.659999999999999920e+00 1.901619325502625080e-02
1.669999999999999929e+00 1.919154626116277226e-02
1.679999999999999938e+00 1.936954812182217073e-02
1.689999999999999947e+00 1.954748916915250226e-02
1.699999999999999956e+00 1.972243739533964188e-02
1.709999999999999964e+00 1.989460022506161704e-02
1.719999999999999973e+00 2.007332911208438084e-02
1.729999999999999982e+00 2.028954161891593361e-02
1.739999999999999991e+00 2.062489746507549168e-02
1.750000000000000000e+00 2.127288495425664130e-02
1.760000000000000009e+00 2.263581778976367365e-02
1.770000000000000018e+00 2.542047580668816906e-02
1.780000000000000027e+00 3.063885482300497676e-02
1.790000000000000036e+00 3.941189394517564948e-02
1.800000000000000044e+00 5.257524299655343819e-02
1.810000000000000053e+00 7.026277545337986097e-02
1.820000000000000062e+00 9.174884101007051151e-02
1.830000000000000071e+00 1.157319139218868087e-01
1.840000000000000080e+00 1.409603129538881394e-01
1.850000000000000089e+00 1.668134063165086223e-01
1.860000000000000098e+00 1.933914693260897766e-01
1.870000000000000107e+00 2.209597554860677215e-01
1.879999999999999893e+00 2.490874432316413645e-01
1.889999999999999902e+00 2.761155725469893185e-01
1.899999999999999911e+00 2.993787030070764188e-01
1.909999999999999920e+00 3.160633015936240020e-01
1.919999999999999929e+00 3.242067628307765403e-01
1.929999999999999938e+00 3.233837878059970250e-01
1.939999999999999947e+00 3.148839787738917928e-01
1.949999999999999956e+00 3.013685656875366159e-01
1.959999999999999964e+00 2.861086134500263056e-01
1.969999999999999973e+00 2.720712085418400261e-01
1.979999999999999982e+00 2.612457599656518026e-01
1.989999999999999991e+00 2.544941069598026795e-01
2.000000000000000000e+00 2.518921069723975559e-01
2.009999999999999787e+00 2.532656944668631449e-01
2.020000000000000018e+00 2.585937784918989624e-01
2.029999999999999805e+00 2.680954333163774184e-01
2.040000000000000036e+00 2.819970331211049674e-01
2.049999999999999822e+00 3.001373455835102955e-01
2.060000000000000053e+00 3.216982269731791244e-01
2.069999999999999840e+00 3.453322906609332943e-01
2.080000000000000071e+00 3.696987086166867442e-01
2.089999999999999858e+00 3.940680376703100674e-01
2.100000000000000089e+00 4.185591197778415484e-01
2.109999999999999876e+00 4.438651622662160290e-01
2.120000000000000107e+00 4.707383476042177328e-01
2.129999999999999893e+00 4.996331558325582956e-01
2.140000000000000124e+00 5.306759229710651393e-01
2.149999999999999911e+00 5.638255235633010676e-01
2.160000000000000142e+00 5.990126561419166773e-01
2.169999999999999929e+00 6.361746544973485573e-01
2.180000000000000160e+00 6.752204484011850028e-01
2.189999999999999947e+00 7.159642214107913016e-01
2.200000000000000178e+00 7.580502207522268332e-01
2.209999999999999964e+00 8.009463816673376702e-01
2.220000000000000195e+00 8.441410719089765813e-01
2.229999999999999982e+00 8.875810125368515102e-01
2.240000000000000213e+00 9.321121147249428196e-01
2.250000000000000000e+00 9.794565461426640862e-01
2.259999999999999787e+00 1.031425982099626770e+00
2.270000000000000018e+00 1.088689410731383145e+00
2.279999999999999805e+00 1.149963043252795636e+00
2.290000000000000036e+00 1.212292076093492543e+00
2.299999999999999822e+00 1.272202948192756589e+00
2.310000000000000053e+00 1.326819307008868520e+00
2.319999999999999840e+00 1.374239676828904466e+00
2.330000000000000071e+00 1.413231015221538600e+00
2.339999999999999858e+00 1.442787496873518815e+00
2.350000000000000089e+00 1.462033675100824270e+00
2.359999999999999876e+00 1.470621461360013038e+00
2.370000000000000107e+00 1.469502046946533191e+00
2.379999999999999893e+00 1.461752369133821228e+00
2.390000000000000124e+00 1.452928005000527323e+00
2.399999999999999911e+00 1.450379844198484536e+00
2.410000000000000142e+00 1.461422114828366370e+00
2.419999999999999929e+00 1.491079684177249565e+00
2.430000000000000160e+00 1.540661553846653709e+00
2.439999999999999947e+00 1.607964965694890225e+00
2.450000000000000178e+00 1.688806928058224743e+00
2.459999999999999964e+00 1.778811376456006954e+00
2.470000000000000195e+00 1.874531362861021178e+00
2.479999999999999982e+00 1.973680557856998030e+00
2.490000000000000213e+00 2.074758900967929698e+00
2.500000000000000000e+00 2.176383856155787555e+00
2.509999999999999787e+00 2.276437535548252455e+00
2.520000000000000018e+00 2.371120965397338409e+00
2.529999999999999805e+00 2.454277591667185288e+00
2.540000000000000036e+00 2.517559487439667176e+00
2.549999999999999822e+00 2.551700013733213535e+00
2.560000000000000053e+00 2.548397403495310964e+00
2.569999999999999840e+00 2.501866307678433543e+00
2.580000000000000071e+00 2.409557495413413353e+00
2.589999999999999858e+00 2.272366236458588595e+00
2.600000000000000089e+00 2.094823973940403761e+00
2.609999999999999876e+00 1.885189885966730206e+00
2.620000000000000107e+00 1.654926600917014712e+00
2.629999999999999893e+00 1.417330990959139170e+00
2.640000000000000124e+00 1.185678870694133025e+00
2.649999999999999911e+00 9.714543114639637711e-01
2.660000000000000142e+00 7.829933696571106383e-01
2.669999999999999929e+00 6.246474578705304426e-01
2.680000000000000160e+00 4.966414066298434626e-01
2.689999999999999947e+00 3.958410575497126604e-01
2.700000000000000178e+00 3.172779594319113938e-01
2.709999999999999964e+00 2.557809599535266210e-01
2.720000000000000195e+00 2.070357002545483716e-01
2.729999999999999982e+00 1.678827154407198374e-01
2.740000000000000213e+00 1.361408743260807963e-01
2.750000000000000000e+00 1.103225458422608107e-01
2.759999999999999787e+00 8.940657700222683080e-02
2.770000000000000018e+00 7.265996037327536461e-02
2.779999999999999805e+00 5.948008292624038656e-02
2.790000000000000036e+00 4.928458387577176747e-02
2.799999999999999822e+00 4.148457027134363345e-02
2.810000000000000053e+00 3.552566474080712938e-02
2.819999999999999840e+00 3.094178668157230444e-02
2.830000000000000071e+00 2.738016751421334938e-02
2.839999999999999858e+00 2.459363234781914223e-02
2.850000000000000089e+00 2.241639907526027375e-02
2.859999999999999876e+00 2.073710458135116438e-02
2.870000000000000107e+00 1.947471242223639681e-02
2.879999999999999893e+00 1.856013072049000207e-02
2.890000000000000124e+00 1.792632405766398512e-02
2.899999999999999911e+00 1.750733065326071786e-02
2.910000000000000142e+00 1.724261136610727441e-02
2.919999999999999929e+00 1.708173105943933470e-02
2.930000000000000160e+00 1.698649314992652440e-02
2.939999999999999947e+00 1.693043478619379871e-02
2.950000000000000178e+00 1.689676650746137904e-02
2.959999999999999964e+00 1.687573610937174312e-02
2.970000000000000195e+00 1.686208810213922146e-02
2.979999999999999982e+00 1.685306647911280487e-02
2.990000000000000213e+00 1.684713632638813394e-02
3.000000000000000000e+00 1.684332436341741401e-02
3.009999999999999787e+00 1.684094493272067852e-02
3.020000000000000018e+00 1.683950205976994172e-02
3.029999999999999805e+00 1.683864739131078411e-02
3.040000000000000036e+00 1.683814831604663054e-02
3.049999999999999822e+00 1.683785766016781746e-02
3.060000000000000053e+00 1.683768696639047907e-02
3.069999999999999840e+00 1.683758531273032294e-02
3.080000000000000071e+00 1.683752397550385832e-02
3.089999999999999858e+00 1.683748641935361653e-02
3.100000000000000089e+00 1.683746263944523036e-02
3.109999999999999876e+00 1.683744643962230281e-02
3.120000000000000107e+00 1.683743417068288631e-02
3.129999999999999893e+00 1.683742394761360284e-02
3.140000000000000124e+00 1.683741500225796259e-02
3.149999999999999911e+00 1.683740717038740772e-02
3.160000000000000142e+00 1.683740053956876009e-02
3.169999999999999929e+00 1.683739522456769583e-02
3.180000000000000160e+00 1.683739123505349072e-02
3.189999999999999947e+00 1.683738843251427614e-02
3.200000000000000178e+00 1.683738657056730453e-02
3.209999999999999964e+00 1.683738537702810303e-02
3.220000000000000195e+00 1.683738462183435869e-02
3.229999999999999982e+00 1.683738414269366629e-02
3.240000000000000213e+00 1.683738383707425110e-02
3.250000000000000000e+00 1.683738364269918991e-02
3.259999999999999787e+00 1.683738352102593858e-02
3.270000000000000018e+00 1.683738344710801471e-02
3.279999999999999805e+00 1.683738340412106391e-02
3.290000000000000036e+00 1.683738338047350777e-02
3.299999999999999822e+00 1.683738336825800139e-02
3.310000000000000053e+00 1.683738336233156843e-02
3.319999999999999840e+00 1.683738335960567600e-02
3.330000000000000071e+00 1.683738335839612271e-02
3.339999999999999858e+00 1.683738335786752818e-02
3.350000000000000089e+00 1.683738335763604321e-02
3.359999999999999876e+00 1.683738335753345167e-02
3.370000000000000107e+00 1.683738335748732884e-02
3.379999999999999893e+00 1.683738335746639073e-02
3.390000000000000124e+00 1.683738335745690526e-02
3.399999999999999911e+00 1.683738335745267253e-02
3.410000000000000142e+00 1.683738335745082332e-02
3.419999999999999929e+00 1.683738335745002188e-02
3.430000000000000160e+00 1.683738335744966105e-02
3.439999999999999947e+00 1.683738335744947717e-02
3.450000000000000178e+00 1.683738335744936615e-02
3.459999999999999964e+00 1.683738335744929329e-02
3.470000000000000195e+00 1.683738335744924125e-02
3.479999999999999982e+00 1.683738335744920309e-02
3.490000000000000213e+00 1.683738335744918227e-02
3.500000000000000000e+00 1.683738335744916492e-02
3.509999999999999787e+00 1.683738335744915451e-02
3.520000000000000018e+00 1.683738335744915104e-02
3.529999999999999805e+00 1.683738335744915104e-02
3.540000000000000036e+00 1.683738335744914758e-02
3.549999999999999822e+00 1.683738335744914758e-02
3.560000000000000053e+00 1.683738335744914411e-02
3.569999999999999840e+00 1.683738335744914411e-02
3.580000000000000071e+00 1.683738335744914411e-02
3.589999999999999858e+00 1.683738335744914411e-02
3.600000000000000089e+00 1.683738335744914411e-02
3.609999999999999876e+00 1.683738335744914411e-02
3.620000000000000107e+00 1.683738335744914411e-02
3.629999999999999893e+00 1.683738335744914411e-02
3.640000000000000124e+00 1.683738335744914411e-02
3.649999999999999911e+00 1.683738335744914411e-02
3.660000000000000142e+00 1.683738335744914411e-02
3.669999999999999929e+00 1.683738335744914411e-02
3.680000000000000160e+00 1.683738335744914411e-02
3.689999999999999947e+00 1.683738335744914411e-02
3.700000000000000178e+00 1.683738335744914411e-02
3.709999999999999964e+00 1.683738335744914411e-02
3.720000000000000195e+00 1.683738335744914411e-02
3.729999999999999982e+00 1.683738335744914411e-02
3.740000000000000213e+00 1.683738335744914411e-02
3.750000000000000000e+00 1.683738335744914411e-02
3.759999999999999787e+00 1.683738335744914411e-02
3.770000000000000018e+00 1.683738335744914411e-02
3.779999999999999805e+00 1.683738335744914411e-02
3.790000000000000036e+00 1.683738335744914411e-02
3.799999999999999822e+00 1.683738335744914411e-02
3.810000000000000053e+00 1.683738335744914411e-02
3.819999999999999840e+00 1.683738335744914411e-02
3.830000000000000071e+00 1.683738335744914411e-02
3.839999999999999858e+00 1.683738335744914411e-02
3.850000000000000089e+00 1.683738335744914411e-02
3.859999999999999876e+00 1.683738335744914411e-02
3.870000000000000107e+00 1.683738335744914411e-02
3.879999999999999893e+00 1.683738335744914411e-02
3.890000000000000124e+00 1.683738335744914411e-02
3.899999999999999911e+00 1.683738335744914411e-02
3.910000000000000142e+00 1.683738335744914411e-02
3.919999999999999929e+00 1.683738335744914411e-02
3.930000000000000160e+00 1.683738335744914411e-02
3.939999999999999947e+00 1.683738335744914411e-02
3.950000000000000178e+00 1.683738335744914411e-02
3.959999999999999964e+00 1.683738335744914411e-02
3.970000000000000195e+00 1.683738335744914411e-02
3.979999999999999982e+00 1.683738335744914411e-02
3.990000000000000213e+00 1.683738335744914411e-02
4.000000000000000000e+00 1.683738335744914411e-02
4.009999999999999787e+00 1.683738335744914411e-02
4.019999999999999574e+00 1.683738335744914411e-02
4.030000000000000249e+00 1.683738335744914411e-02
4.040000000000000036e+00 1.683738335744914411e-02
4.049999999999999822e+00 1.683738335744914411e-02
4.059999999999999609e+00 1.683738335744914411e-02
4.070000000000000284e+00 1.683738335744914411e-02
4.080000000000000071e+00 1.683738335744914411e-02
4.089999999999999858e+00 1.683738335744914411e-02
4.099999999999999645e+00 1.683738335744914411e-02
4.110000000000000320e+00 1.683738335744914411e-02
4.120000000000000107e+00 1.683738335744914411e-02
4.129999999999999893e+00 1.683738335744914411e-02
4.139999999999999680e+00 1.683738335744914411e-02
4.150000000000000355e+00 1.683738335744914411e-02
4.160000000000000142e+00 1.683738335744914411e-02
4.169999999999999929e+00 1.683738335744914411e-02
4.179999999999999716e+00 1.683738335744914411e-02
4.190000000000000391e+00 1.683738335744914411e-02
4.200000000000000178e+00 1.683738335744914411e-02
4.209999999999999964e+00 1.683738335744914411e-02
4.219999999999999751e+00 1.683738335744914411e-02
4.230000000000000426e+00 1.683738335744914411e-02
4.240000000000000213e+00 1.683738335744914411e-02
4.250000000000000000e+00 1.683738335744914411e-02
4.259999999999999787e+00 1.683738335744914411e-02
4.269999999999999574e+00 1.683738335744914411e-02
4.280000000000000249e+00 1.683738335744914411e-02
4.290000000000000036e+00 1.683738335744914411e-02
4.299999999999999822e+00 1.683738335744914411e-02
4.309999999999999609e+00 1.683738335744914411e-02
4.320000000000000284e+00 1.683738335744914411e-02
4.330000000000000071e+00 1.683738335744914411e-02
4.339999999999999858e+00 1.683738335744914411e-02
4.349999999999999645e+00 1.683738335744914411e-02
4.360000000000000320e+00 1.683738335744914411e-02
4.370000000000000107e+00 1.683738335744914411e-02
4.379999999999999893e+00 1.683738335744914411e-02
4.389999999999999680e+00 1.683738335744914411e-02
4.400000000000000355e+00 1.683738335744914411e-02
4.410000000000000142e+00 1.683738335744914411e-02
4.419999999999999929e+00 1.683738335744914411e-02
4.429999999999999716e+00 1.683738335744914411e-02
4.440000000000000391e+00 1.683738335744914411e-02
4.450000000000000178e+00 1.683738335744914411e-02
4.459999999999999964e+00 1.683738335744914411e-02
4.469999999999999751e+00 1.683738335744914411e-02
4.480000000000000426e+00 1.683738335744914411e-02
4.490000000000000213e+00 1.683738335744914411e-02
4.500000000000000000e+00 1.683738335744914411e-02
4.509999999999999787e+00 1.683738335744914411e-02
4.519999999999999574e+00 1.683738335744914411e-02
4.530000000000000249e+00 1.683738335744914411e-02
4.540000000000000036e+00 1.683738335744914411e-02
4.549999999999999822e+00 1.683738335744914411e-02
4.559999999999999609e+00 1.683738335744914411e-02
4.570000000000000284e+00 1.683738335744914411e-02
4.580000000000000071e+00 1.683738335744914411e-02
4.589999999999999858e+00 1.683738335744914411e-02
4.599999999999999645e+00 1.683738335744914411e-02
4.610000000000000320e+00 1.683738335744914411e-02
4.620000000000000107e+00 1.683738335744914411e-02
4.629999999999999893e+00 1.683738335744914411e-02
4.639999999999999680e+00 1.683738335744914411e-02
4.650000000000000355e+00 1.683738335744914411e-02
4.660000000000000142e+00 1.683738335744914411e-02
4.669999999999999929e+00 1.683738335744914411e-02
4.679999999999999716e+00 1.683738335744914411e-02
4.690000000000000391e+00 1.683738335744914411e-02
4.700000000000000178e+00 1.683738335744914411e-02
4.709999999999999964e+00 1.683738335744914411e-02
4.719999999999999751e+00 1.683738335744914411e-02
4.730000000000000426e+00 1.683738335744914411e-02
4.740000000000000213e+00 1.683738335744914411e-02
4.750000000000000000e+00 1.683738335744914411e-02
4.759999999999999787e+00 1.683738335744914411e-02
4.769999999999999574e+00 1.683738335744914411e-02
4.780000000000000249e+00 1.683738335744914411e-02
4.790000000000000036e+00 1.683738335744914411e-02
4.799999999999999822e+00 1.683738335744914411e-02
4.809999999999999609e+00 1.683738335744914411e-02
4.820000000000000284e+00 1.683738335744914411e-02
4.830000000000000071e+00 1.683738335744914411e-02
4.839999999999999858e+00 1.683738335744914411e-02
4.849999999999999645e+00 1.683738335744914411e-02
4.860000000000000320e+00 1.683738335744914411e-02
4.870000000000000107e+00 1.683738335744914411e-02
4.879999999999999893e+00 1.683738335744914411e-02
4.889999999999999680e+00 1.683738335744914411e-02
4.900000000000000355e+00 1.683738335744914411e-02
4.910000000000000142e+00 1.683738335744914411e-02
4.919999999999999929e+00 1.683738335744914411e-02
4.929999999999999716e+00 1.683738335744914411e-02
4.940000000000000391e+00 1.683738335744914411e-02
4.950000000000000178e+00 1.683738335744914411e-02
4.959999999999999964e+00 1.683738335744914411e-02
4.969999999999999751e+00 1.683738335744914411e-02
4.980000000000000426e+00 1.683738335744914411e-02
4.990000000000000213e+00 1.683738335744914411e-02
5.000000000000000000e+00 1.683738335744914411e-02
5.009999999999999787e+00 1.683738335744914411e-02
5.019999999999999574e+00 1.683738335744914411e-02
5.030000000000000249e+00 1.683738335744914411e-02
5.040000000000000036e+00 1.683738335744914411e-02
5.049999999999999822e+00 1.683738335744914411e-02
5.059999999999999609e+00 1.683738335744914411e-02
5.070000000000000284e+00 1.683738335744914411e-02
5.080000000000000071e+00 1.683738335744914411e-02
5.089999999999999858e+00 1.683738335744914411e-02
5.099999999999999645e+00 1.683738335744914411e-02
5.110000000000000320e+00 1.683738335744914411e-02
5.120000000000000107e+00 1.683738335744914411e-02
5.129999999999999893e+00 1.683738335744914411e-02
5.139999999999999680e+00 1.683738335744914411e-02
5.150000000000000355e+00 1.683738335744914411e-02
5.160000000000000142e+00 1.683738335744914411e-02
5.169999999999999929e+00 1.683738335744914411e-02
5.179999999999999716e+00 1.683738335744914411e-02
5.190000000000000391e+00 1.683738335744914411e-02
5.200000000000000178e+00 1.683738335744914411e-02
5.209999999999999964e+00 1.683738335744914411e-02
5.219999999999999751e+00 1.683738335744914411e-02
5.230000000000000426e+00 1.683738335744914411e-02
5.240000000000000213e+00 1.683738335744914411e-02
5.250000000000000000e+00 1.683738335744914411e-02
5.259999999999999787e+00 1.683738335744914411e-02
5.269999999999999574e+00 1.683738335744914411e-02
5.280000000000000249e+00 1.683738335744914411e-02
5.290000000000000036e+00 1.683738335744914411e-02
5.299999999999999822e+00 1.683738335744914411e-02
5.309999999999999609e+00 1.683738335744914411e-02
5.320000000000000284e+00 1.683738335744914411e-02
5.330000000000000071e+00 1.683738335744914411e-02
5.339999999999999858e+00 1.683738335744914411e-02
5.349999999999999645e+00 1.683738335744914411e-02
5.360000000000000320e+00 1.683738335744914411e-02
5.370000000000000107e+00 1.683738335744914411e-02
5.379999999999999893e+00 1.683738335744914411e-02
5.389999999999999680e+00 1.683738335744914411e-02
5.400000000000000355e+00 1.683738335744914411e-02
5.410000000000000142e+00 1.683738335744914411e-02
5.419999999999999929e+00 1.683738335744914411e-02
5.429999999999999716e+00 1.683738335744914411e-02
5.440000000000000391e+00 1.683738335744914411e-02
5.450000000000000178e+00 1.683738335744914411e-02
5.459999999999999964e+00 1.683738335744914411e-02
5.469999999999999751e+00 1.683738335744914411e-02
5.480000000000000426e+00 1.683738335744914411e-02
5.490000000000000213e+00 1.683738335744914411e-02
5.500000000000000000e+00 1.683738335744914411e-02
5.509999999999999787e+00 1.683738335744914411e-02
5.519999999999999574e+00 1.683738335744914411e-02
5.530000000000000249e+00 1.683738335744914411e-02
5.540000000000000036e+00 1.683738335744914411e-02
5.549999999999999822e+00 1.683738335744914411e-02
5.559999999999999609e+00 1.683738335744914411e-02
5.570000000000000284e+00 1.683738335744914411e-02
5.580000000000000071e+00 1.683738335744914411e-02
5.589999999999999858e+00 1.683738335744914411e-02
5.599999999999999645e+00 1.683738335744914411e-02
5.610000000000000320e+00 1.683738335744914411e-02
5.620000000000000107e+00 1.683738335744914411e-02
5.629999999999999893e+00 1.683738335744914411e-02
5.639999999999999680e+00 1.683738335744914411e-02
5.650000000000000355e+00 1.683738335744914411e-02
5.660000000000000142e+00 1.683738335744914411e-02
5.669999999999999929e+00 1.683738335744914411e-02
5.679999999999999716e+00 1.683738335744914411e-02
5.690000000000000391e+00 1.683738335744914411e-02
5.700000000000000178e+00 1.683738335744914411e-02
5.709999999999999964e+00 1.683738335744914411e-02
5.719999999999999751e+00 1.683738335744914411e-02
5.730000000000000426e+00 1.683738335744914411e-02
5.740000000000000213e+00 1.683738335744914411e-02
5.750000000000000000e+00 1.683738335744914411e-02
5.759999999999999787e+00 1.683738335744914411e-02
5.769999999999999574e+00 1.683738335744914411e-02
5.780000000000000249e+00 1.683738335744914411e-02
5.790000000000000036e+00 1.683738335744914411e-02
5.799999999999999822e+00 1.683738335744914411e-02
5.809999999999999609e+00 1.683738335744914411e-02
5.820000000000000284e+00 1.683738335744914411e-02
5.830000000000000071e+00 1.683738335744914411e-02
5.839999999999999858e+00 1.683738335744914411e-02
5.849999999999999645e+00 1.683738335744914411e-02
5.860000000000000320e+00 1.683738335744914411e-02
5.870000000000000107e+00 1.683738335744914411e-02
5.879999999999999893e+00 1.683738335744914411e-02
5.889999999999999680e+00 1.683738335744914411e-02
5.900000000000000355e+00 1.683738335744914411e-02
5.910000000000000142e+00 1.683738335744914411e-02
5.919999999999999929e+00 1.683738335744914411e-02
5.929999999999999716e+00 1.683738335744914411e-02
5.940000000000000391e+00 1.683738335744914411e-02
5.950000000000000178e+00 1.683738335744914411e-02
5.959999999999999964e+00 1.683738335744914411e-02
5.969999999999999751e+00 1.683738335744914411e-02
5.980000000000000426e+00 1.683738335744914411e-02
5.990000000000000213e+00 1.683738335744914411e-02
6.000000000000000000e+00 1.683738335744914411e-02
6.200000000000000178e+00 1.683738335744914411e-02
6.400000000000000355e+00 1.683738335744914411e-02
6.599999999999999645e+00 1.683738335744914411e-02
6.799999999999999822e+00 1.683738335744914411e-02
7.000000000000000000e+00 0.000000000000000000e+00
