0.000000000000000000e+00 0.000000000000000000e+00
1.000000000000000021e-02 1.756868164723618397e-02
2.000000000000000042e-02 1.783811736888607502e-02
2.999999999999999889e-02 1.808483480889029951e-02
4.000000000000000083e-02 1.828403724427282370e-02
5.000000000000000278e-02 1.843221473857655640e-02
5.999999999999999778e-02 1.854113179650267174e-02
7.000000000000000666e-02 1.862667033819991741e-02
8.000000000000000167e-02 1.870129096891888498e-02
8.999999999999999667e-02 1.877235612947937213e-02
1.000000000000000056e-01 1.884363233296008910e-02
1.100000000000000006e-01 1.891699109685948677e-02
1.199999999999999956e-01 1.899320656985165057e-02
1.300000000000000044e-01 1.907218334214142927e-02
1.400000000000000133e-01 1.915332942966025201e-02
1.499999999999999944e-01 1.923663065172944234e-02
1.600000000000000033e-01 1.932479241275589926e-02
1.700000000000000122e-01 1.942651835273996944e-02
1.799999999999999933e-01 1.956002500332743727e-02
1.900000000000000022e-01 1.975427060800434217e-02
2.000000000000000111e-01 2.004480095278270840e-02
2.099999999999999922e-01 2.046370811911338294e-02
2.200000000000000011e-01 2.102806815342318433e-02
2.300000000000000100e-01 2.173369652835736160e-02
2.399999999999999911e-01 2.255772558768671943e-02
2.500000000000000000e-01 2.346716256702177303e-02
2.600000000000000089e-01 2.442738667235364383e-02
2.700000000000000178e-01 2.540679107664899072e-02
2.800000000000000266e-01 2.637806051854293260e-02
2.899999999999999800e-01 2.731854523677777410e-02
2.999999999999999889e-01 2.821099868338882918e-02
3.099999999999999978e-01 2.904403567816979739e-02
3.200000000000000067e-01 2.981142836017438777e-02
3.300000000000000155e-01 3.051054174981179812e-02
3.400000000000000244e-01 3.114086010138022997e-02
3.499999999999999778e-01 3.170291211286589000e-02
3.599999999999999867e-01 3.219717514670534381e-02
3.699999999999999956e-01 3.262284015119702035e-02
3.800000000000000044e-01 3.297718803772291957e-02
3.900000000000000133e-01 3.325656393901045560e-02
4.000000000000000222e-01 3.345905866042175880e-02
4.099999999999999756e-01 3.358768223107638090e-02
4.199999999999999845e-01 3.365217514491625900e-02
4.299999999999999933e-01 3.366816360459312651e-02
4.400000000000000022e-01 3.365364866247458342e-02
4.500000000000000111e-01 3.362410464097224938e-02
4.600000000000000200e-01 3.358839053922628437e-02
4.699999999999999734e-01 3.354784282880423490e-02
4.799999999999999822e-01 3.349967400806493079e-02
4.899999999999999911e-01 3.344323120628117652e-02
5.000000000000000000e-01 3.338529304885347326e-02
5.100000000000000089e-01 3.334041110751543441e-02
5.200000000000000178e-01 3.332513795104219412e-02
5.300000000000000266e-01 3.334945025992035184e-02
5.400000000000000355e-01 3.341149664243248801e-02
5.500000000000000444e-01 3.349997185740143796e-02
5.600000000000000533e-01 3.360265346610309678e-02
5.699999999999999512e-01 3.371493478428828905e-02
5.799999999999999600e-01 3.384291706616364415e-02
5.899999999999999689e-01 3.400041746996395470e-02
5.999999999999999778e-01 3.420288362969381435e-02
6.099999999999999867e-01 3.446111800719261348e-02
6.199999999999999956e-01 3.477620415498902662e-02
6.300000000000000044e-01 3.513685389100774242e-02
6.400000000000000133e-01 3.552087753857023633e-02
6.500000000000000222e-01 3.590132931071942507e-02
6.600000000000000311e-01 3.625510391525442466e-02
6.700000000000000400e-01 3.656983621714741256e-02
6.800000000000000488e-01 3.684577362256465094e-02
6.899999999999999467e-01 3.709229692664322425e-02
6.999999999999999556e-01 3.732180180369940037e-02
7.099999999999999645e-01 3.754467229565867231e-02
7.199999999999999734e-01 3.776738044590639831e-02
7.299999999999999822e-01 3.799258759439007316e-02
7.399999999999999911e-01 3.821827163431323893e-02
7.500000000000000000e-01 3.843465503188406990e-02
7.600000000000000089e-01 3.862214987064198357e-02
7.700000000000000178e-01 3.875592067847168781e-02
7.800000000000000266e-01 3.881854883864625794e-02
7.900000000000000355e-01 3.881374906622871157e-02
8.000000000000000444e-01 3.876987190064191957e-02
8.100000000000000533e-01 3.872826187407597820e-02
8.199999999999999512e-01 3.872364092361874066e-02
8.299999999999999600e-01 3.876988962517324139e-02
8.399999999999999689e-01 3.885939904136767598e-02
8.499999999999999778e-01 3.897369439134762414e-02
8.599999999999999867e-01 3.909683197220658463e-02
8.699999999999999956e-01 3.922417425884765912e-02
8.800000000000000044e-01 3.936388700887334668e-02
8.900000000000000133e-01 3.953255609620245914e-02
9.000000000000000222e-01 3.974813642040075923e-02
9.100000000000000311e-01 4.002351307250380519e-02
9.200000000000000400e-01 4.036318207410937581e-02
9.300000000000000488e-01 4.076423795059300192e-02
9.399999999999999467e-01 4.122081292293162946e-02
9.499999999999999556e-01 4.172910293169800749e-02
9.599999999999999645e-01 4.229003553726638776e-02
9.699999999999999734e-01 4.290899590389014168e-02
9.799999999999999822e-01 4.359434097422196924e-02
9.899999999999999911e-01 4.435598788507123802e-02
1.000000000000000000e+00 4.520299780326326317e-02
1.010000000000000009e+00 4.613845336233383942e-02
1.020000000000000018e+00 4.715300987178264180e-02
1.030000000000000027e+00 4.822256616346903835e-02
1.040000000000000036e+00 4.931514320486079378e-02
1.050000000000000044e+00 5.040513543193025220e-02
1.060000000000000053e+00 5.148509410084607663e-02
1.070000000000000062e+00 5.256520835982234074e-02
1.080000000000000071e+00 5.366061988508850911e-02
1.090000000000000080e+00 5.477711544785136832e-02
1.100000000000000089e+00 5.590589524414955880e-02
1.110000000000000098e+00 5.702896009850678266e-02
1.120000000000000107e+00 5.812864524872039113e-02
1.129999999999999893e+00 5.919457877332031520e-02
1.139999999999999902e+00 6.022594181218777348e-02
1.149999999999999911e+00 6.123062437931121177e-02
1.159999999999999920e+00 6.222384116832197637e-02
1.169999999999999929e+00 6.322799178441668166e-02
1.179999999999999938e+00 6.427357779475492694e-02
1.189999999999999947e+00 6.539838848704607188e-02
1.199999999999999956e+00 6.664147211238945212e-02
1.209999999999999964e+00 6.803209495066132872e-02
1.219999999999999973e+00 6.957955775959101530e-02
1.229999999999999982e+00 7.127087531247622287e-02
1.239999999999999991e+00 7.307745984480930324e-02
1.250000000000000000e+00 7.496501073164645035e-02
1.260000000000000009e+00 7.690024241541597305e-02
1.270000000000000018e+00 7.885393398407807009e-02
1.280000000000000027e+00 8.080506312833191096e-02
1.290000000000000036e+00 8.274909759119754293e-02
1.300000000000000044e+00 8.470571448917021962e-02
1.310000000000000053e+00 8.671583335888662092e-02
1.320000000000000062e+00 8.882334426870366895e-02
1.330000000000000071e+00 9.105076472136655608e-02
1.340000000000000080e+00 9.338622085542007401e-02
1.350000000000000089e+00 9.579133006207452006e-02
1.360000000000000098e+00 9.822279853877723121e-02
1.370000000000000107e+00 1.006514040551367006e-01
1.379999999999999893e+00 1.030673360133274319e-01
1.389999999999999902e+00 1.054729038100094968e-01
1.399999999999999911e+00 1.078722481556653734e-01
1.409999999999999920e+00 1.102690862398410382e-01
1.419999999999999929e+00 1.126776028230138116e-01
1.429999999999999938e+00 1.151396091513636755e-01
1.439999999999999947e+00 1.177300107159999915e-01
1.449999999999999956e+00 1.205352937312287875e-01
1.459999999999999964e+00 1.236107165433338456e-01
1.469999999999999973e+00 1.269440521257526877e-01
1.479999999999999982e+00 1.304521189002106341e-01
1.489999999999999991e+00 1.340102925888014274e-01
1.500000000000000000e+00 1.374924923298699309e-01
1.510000000000000009e+00 1.408005449763286288e-01
1.520000000000000018e+00 1.438772034110905318e-01
1.530000000000000027e+00 1.467064246049302745e-01
1.540000000000000036e+00 1.493058094852013351e-01
1.550000000000000044e+00 1.517181693228386030e-01
1.560000000000000053e+00 1.540101284810974913e-01
1.570000000000000062e+00 1.562771828116225614e-01
1.580000000000000071e+00 1.586424722847882551e-01
1.590000000000000080e+00 1.612379769742465219e-01
1.600000000000000089e+00 1.641744726748949057e-01
1.610000000000000098e+00 1.675200325294587400e-01
1.620000000000000107e+00 1.712990368236317895e-01
1.629999999999999893e+00 1.755039235612113613e-01
1.639999999999999902e+00 1.801032005071402653e-01
1.649999999999999911e+00 1.850393431528631061e-01
1.659999999999999920e+00 1.902258540154164457e-01
1.669999999999999929e+00 1.955583087681389276e-01
1.679999999999999938e+00 2.009470254767767861e-01
1.689999999999999947e+00 2.063653130699454330e-01
1.699999999999999956e+00 2.118911847227995249e-01
1.709999999999999964e+00 2.177072458369284924e-01
1.719999999999999973e+00 2.240310260650295870e-01
1.729999999999999982e+00 2.309918812620081752e-01
1.739999999999999991e+00 2.385253246835469798e-01
1.750000000000000000e+00 2.463607042424846572e-01
1.760000000000000009e+00 2.541134074326094061e-01
1.770000000000000018e+00 2.614206919320135047e-01
1.780000000000000027e+00 2.680523343680004666e-01
1.790000000000000036e+00 2.739730373671037111e-01
1.800000000000000044e+00 2.793639207145078851e-01
1.810000000000000053e+00 2.845947112350580288e-01
1.820000000000000062e+00 2.901196392545589697e-01
1.830000000000000071e+00 2.963030141618915869e-01
1.840000000000000080e+00 3.032503462709401076e-01
1.850000000000000089e+00 3.107475446157751953e-01
1.860000000000000098e+00 3.183468072984662611e-01
1.870000000000000107e+00 3.255395058351801540e-01
1.879999999999999893e+00 3.319198196136310397e-01
1.889999999999999902e+00 3.372881239762005601e-01
1.899999999999999911e+00 3.417010265033632588e-01
1.909999999999999920e+00 3.454786083311374156e-01
1.919999999999999929e+00 3.491389288442555139e-01
1.929999999999999938e+00 3.532194699494642931e-01
1.939999999999999947e+00 3.580177852880622735e-01
1.949999999999999956e+00 3.633873626672460833e-01
1.959999999999999964e+00 3.687369143446324604e-01
1.969999999999999973e+00 3.732602206334822981e-01
1.979999999999999982e+00 3.762782375461762863e-01
1.989999999999999991e+00 3.775301812858052886e-01
2.000000000000000000e+00 3.772999090539648770e-01
2.009999999999999787e+00 3.763275946219521439e-01
2.020000000000000018e+00 3.755192642309083673e-01
2.029999999999999805e+00 3.755644689336458675e-01
2.040000000000000036e+00 3.766627267252291023e-01
2.049999999999999822e+00 3.785217402899984096e-01
2.060000000000000053e+00 3.806037105328118897e-01
2.069999999999999840e+00 3.824247455338685708e-01
2.080000000000000071e+00 3.837255197914958282e-01
2.089999999999999858e+00 3.844892667060536562e-01
2.100000000000000089e+00 3.848966103718712284e-01
2.109999999999999876e+00 3.852776297577515940e-01
2.120000000000000107e+00 3.860369433986123311e-01
2.129999999999999893e+00 3.875179809473479065e-01
2.140000000000000124e+00 3.898484078271022835e-01
2.149999999999999911e+00 3.928670168677336205e-01
2.160000000000000142e+00 3.961943237435346932e-01
2.169999999999999929e+00 3.994088829138226493e-01
2.180000000000000160e+00 4.022241733285624177e-01
2.189999999999999947e+00 4.045736829390576550e-01
2.200000000000000178e+00 4.065729100359187775e-01
2.209999999999999964e+00 4.083892076832729146e-01
2.220000000000000195e+00 4.100981542581634831e-01
2.229999999999999982e+00 4.116231616181807995e-01
2.240000000000000213e+00 4.128065226855048286e-01
2.250000000000000000e+00 4.135525518436838910e-01
2.259999999999999787e+00 4.139131443666070331e-01
2.270000000000000018e+00 4.140398254157852120e-01
2.279999999999999805e+00 4.140563916675631950e-01
2.290000000000000036e+00 4.139719751528812552e-01
2.299999999999999822e+00 4.136921624234690120e-01
2.310000000000000053e+00 4.130830562822033203e-01
2.319999999999999840e+00 4.120206736159031102e-01
2.330000000000000071e+00 4.104194964035379201e-01
2.339999999999999858e+00 4.082784750047657729e-01
2.350000000000000089e+00 4.057486173326418366e-01
2.359999999999999876e+00 4.031636781797390268e-01
2.370000000000000107e+00 4.009699753579960557e-01
2.379999999999999893e+00 3.995619014230541999e-01
2.390000000000000124e+00 3.991147858027480622e-01
2.399999999999999911e+00 3.995253750551817640e-01
2.410000000000000142e+00 4.004977128069130976e-01
2.419999999999999929e+00 4.017104946117781572e-01
2.430000000000000160e+00 4.029593747853766894e-01
2.439999999999999947e+00 4.042065027302726432e-01
2.450000000000000178e+00 4.055379647314465985e-01
2.459999999999999964e+00 4.070747125497397034e-01
2.470000000000000195e+00 4.088915124861063344e-01
2.479999999999999982e+00 4.109797361087936807e-01
2.490000000000000213e+00 4.132561318373544346e-01
2.500000000000000000e+00 4.155931611115807889e-01
2.509999999999999787e+00 4.178461581461103136e-01
2.520000000000000018e+00 4.198718200613361651e-01
2.529999999999999805e+00 4.215469091634646004e-01
2.540000000000000036e+00 4.227931842187046541e-01
2.549999999999999822e+00 4.236031405213217527e-01
2.560000000000000053e+00 4.240539318033686444e-01
2.569999999999999840e+00 4.242981014597196343e-01
2.580000000000000071e+00 4.245287789785804899e-01
2.589999999999999858e+00 4.249315064239542195e-01
2.600000000000000089e+00 4.256452532605701777e-01
2.609999999999999876e+00 4.267480682696004890e-01
2.620000000000000107e+00 4.282614411758476902e-01
2.629999999999999893e+00 4.301561120628040746e-01
2.640000000000000124e+00 4.323544029888469198e-01
2.649999999999999911e+00 4.347405043334700014e-01
2.660000000000000142e+00 4.371859861773586542e-01
2.669999999999999929e+00 4.395800477113209759e-01
2.680000000000000160e+00 4.418476155506562142e-01
2.689999999999999947e+00 4.439494702949552396e-01
2.700000000000000178e+00 4.458715181299776620e-01
2.709999999999999964e+00 4.476129872065658377e-01
2.720000000000000195e+00 4.491784326104909519e-01
2.729999999999999982e+00 4.505737002934039337e-01
2.740000000000000213e+00 4.518043856891924559e-01
2.750000000000000000e+00 4.528754441059226754e-01
2.759999999999999787e+00 4.537909607427927927e-01
2.770000000000000018e+00 4.545535456090684656e-01
2.779999999999999805e+00 4.551635182094330712e-01
2.790000000000000036e+00 4.556184885455887290e-01
2.799999999999999822e+00 4.559136404703061363e-01
2.810000000000000053e+00 4.560424824571440716e-01
2.819999999999999840e+00 4.559981804291845520e-01
2.830000000000000071e+00 4.557771304067759766e-01
2.839999999999999858e+00 4.553876283952498771e-01
2.850000000000000089e+00 4.548644110965198162e-01
2.859999999999999876e+00 4.542827055240808432e-01
2.870000000000000107e+00 4.537573017719757629e-01
2.879999999999999893e+00 4.534141031303619562e-01
2.890000000000000124e+00 4.533405284688636905e-01
2.899999999999999911e+00 4.535439971928913461e-01
2.910000000000000142e+00 4.539483934130527087e-01
2.919999999999999929e+00 4.544304813402954002e-01
2.930000000000000160e+00 4.548688611931742121e-01
2.939999999999999947e+00 4.551757541472133961e-01
2.950000000000000178e+00 4.553028316351919180e-01
2.959999999999999964e+00 4.552314599737927736e-01
2.970000000000000195e+00 4.549615243137842269e-01
2.979999999999999982e+00 4.545072389560421700e-01
2.990000000000000213e+00 4.539023904513166952e-01
3.000000000000000000e+00 4.532125988959095908e-01
3.009999999999999787e+00 4.525453168761393030e-01
3.020000000000000018e+00 4.520419421359547774e-01
3.029999999999999805e+00 4.518412995878407501e-01
3.040000000000000036e+00 4.520253539891712080e-01
3.049999999999999822e+00 4.525805307233816133e-01
3.060000000000000053e+00 4.534048528111546683e-01
3.069999999999999840e+00 4.543593330404745445e-01
3.080000000000000071e+00 4.553315847063515998e-01
3.089999999999999858e+00 4.562769157422062460e-01
3.100000000000000089e+00 4.572211350296783161e-01
3.109999999999999876e+00 4.582292163779619343e-01
3.120000000000000107e+00 4.593573338774978865e-01
3.129999999999999893e+00 4.606134233648981335e-01
3.140000000000000124e+00 4.619474467722669564e-01
3.149999999999999911e+00 4.632734630244301766e-01
3.160000000000000142e+00 4.645050034876861411e-01
3.169999999999999929e+00 4.655816550525229691e-01
3.180000000000000160e+00 4.664786041129590499e-01
3.189999999999999947e+00 4.672054910439953357e-01
3.200000000000000178e+00 4.678032901813897193e-01
3.209999999999999964e+00 4.683400283969376687e-01
3.220000000000000195e+00 4.688987991819936196e-01
3.229999999999999982e+00 4.695538230363322518e-01
3.240000000000000213e+00 4.703419554596133811e-01
3.250000000000000000e+00 4.712466030238030568e-01
3.259999999999999787e+00 4.722060663497180677e-01
3.270000000000000018e+00 4.731411491247440315e-01
3.279999999999999805e+00 4.739840512858757293e-01
3.290000000000000036e+00 4.746935622436611046e-01
3.299999999999999822e+00 4.752543833638923076e-01
3.310000000000000053e+00 4.756678533788950003e-01
3.319999999999999840e+00 4.759421753116412912e-01
3.330000000000000071e+00 4.760862047572276268e-01
3.339999999999999858e+00 4.761069359137098389e-01
3.350000000000000089e+00 4.760090246280281323e-01
3.359999999999999876e+00 4.757948533197947638e-01
3.370000000000000107e+00 4.754647614441888104e-01
3.379999999999999893e+00 4.750178772081818934e-01
3.390000000000000124e+00 4.744537568506524972e-01
3.399999999999999911e+00 4.737741909296926401e-01
3.410000000000000142e+00 4.729842215839467068e-01
3.419999999999999929e+00 4.720923003224075098e-01
3.430000000000000160e+00 4.711109663598488928e-01
3.439999999999999947e+00 4.700597134106960229e-01
3.450000000000000178e+00 4.689693958147332364e-01
3.459999999999999964e+00 4.678836674957538855e-01
3.470000000000000195e+00 4.668519377210514909e-01
3.479999999999999982e+00 4.659138677080936208e-01
3.490000000000000213e+00 4.650840475605168556e-01
3.500000000000000000e+00 4.643476732706603438e-01
3.509999999999999787e+00 4.636696975143591026e-01
3.520000000000000018e+00 4.630089841951373630e-01
3.529999999999999805e+00 4.623257010915635679e-01
3.540000000000000036e+00 4.615751063218491157e-01
3.549999999999999822e+00 4.606884979524779045e-01
3.560000000000000053e+00 4.595507822146032706e-01
3.569999999999999840e+00 4.579905523373407061e-01
3.580000000000000071e+00 4.557832355301951188e-01
3.589999999999999858e+00 4.526157022192720536e-01
3.600000000000000089e+00 4.479288154719874293e-01
3.609999999999999876e+00 4.406737801294658974e-01
3.620000000000000107e+00 4.292956171545130872e-01
3.629999999999999893e+00 4.123587986897675473e-01
3.640000000000000124e+00 3.897434951368331513e-01
3.649999999999999911e+00 3.635092122727021646e-01
3.660000000000000142e+00 3.373714747769084865e-01
3.669999999999999929e+00 3.148333347830838402e-01
3.680000000000000160e+00 2.973464740441251752e-01
3.689999999999999947e+00 2.839167967169585194e-01
3.700000000000000178e+00 2.722889913212416246e-01
3.709999999999999964e+00 2.606419833461529612e-01
3.720000000000000195e+00 2.485706391474501453e-01
3.729999999999999982e+00 2.368184877905510910e-01
3.740000000000000213e+00 2.261327616626527537e-01
3.750000000000000000e+00 2.161859213514881473e-01
3.759999999999999787e+00 2.053857671174529331e-01
3.770000000000000018e+00 1.916968010724348637e-01
3.779999999999999805e+00 1.738823208653348940e-01
3.790000000000000036e+00 1.523347452498287624e-01
3.799999999999999822e+00 1.289908561469715054e-01
3.810000000000000053e+00 1.064707745203756634e-01
3.819999999999999840e+00 8.703611848564496434e-02
3.830000000000000071e+00 7.190265859456348996e-02
3.839999999999999858e+00 6.107794576020440791e-02
3.850000000000000089e+00 5.363929490746524587e-02
3.859999999999999876e+00 4.828626409366825606e-02
3.870000000000000107e+00 4.393303326082647481e-02
3.879999999999999893e+00 4.006474014669270806e-02
3.890000000000000124e+00 3.670377088455079040e-02
3.899999999999999911e+00 3.408785743502825566e-02
3.910000000000000142e+00 3.233726653532410789e-02
3.919999999999999929e+00 3.132689380212550639e-02
3.930000000000000160e+00 3.076725874974615624e-02
3.939999999999999947e+00 3.035604606509599221e-02
3.950000000000000178e+00 2.988132110377924797e-02
3.959999999999999964e+00 2.924733233252230225e-02
3.970000000000000195e+00 2.844866109605676333e-02
3.979999999999999982e+00 2.752585474526995923e-02
3.990000000000000213e+00 2.652523497003349620e-02
4.000000000000000000e+00 2.547478942852613587e-02
4.009999999999999787e+00 2.438321901569293765e-02
4.019999999999999574e+00 2.326344077704893196e-02
4.030000000000000249e+00 2.216245148493560177e-02
4.040000000000000036e+00 2.116326995900411762e-02
4.049999999999999822e+00 2.034584856565553948e-02
4.059999999999999609e+00 1.973901136774345796e-02
4.070000000000000284e+00 1.930794122589944359e-02
4.080000000000000071e+00 1.898495260442231020e-02
4.089999999999999858e+00 1.871179048783443502e-02
4.099999999999999645e+00 1.846032629317566690e-02
4.110000000000000320e+00 1.822582010804440350e-02
4.120000000000000107e+00 1.801014289195117246e-02
4.129999999999999893e+00 1.781333382347237773e-02
4.139999999999999680e+00 1.763634754085260589e-02
4.150000000000000355e+00 1.748478279712161604e-02
4.160000000000000142e+00 1.736551841648230690e-02
4.169999999999999929e+00 1.727935476851552576e-02
4.179999999999999716e+00 1.721791672452745170e-02
4.190000000000000391e+00 1.716788150793359391e-02
4.200000000000000178e+00 1.711846200281659860e-02
4.209999999999999964e+00 1.706633339502424546e-02
4.219999999999999751e+00 1.701522003495773566e-02
4.230000000000000426e+00 1.697141486619401646e-02
4.240000000000000213e+00 1.693894381868958632e-02
4.250000000000000000e+00 1.691758912491711161e-02
4.259999999999999787e+00 1.690419541684307775e-02
4.269999999999999574e+00 1.689524051230552673e-02
4.280000000000000249e+00 1.688850932880935768e-02
4.290000000000000036e+00 1.688321798205808660e-02
4.299999999999999822e+00 1.687925778910485952e-02
4.309999999999999609e+00 1.687646540477675747e-02
4.320000000000000284e+00 1.687433803942340466e-02
4.330000000000000071e+00 1.687212861408226780e-02
4.339999999999999858e+00 1.686911728336624658e-02
4.349999999999999645e+00 1.686491646852040713e-02
4.360000000000000320e+00 1.685967905746941359e-02
4.370000000000000107e+00 1.685405969883377666e-02
4.379999999999999893e+00 1.684889909680946374e-02
4.389999999999999680e+00 1.684482495414945866e-02
4.400000000000000355e+00 1.684203600632363032e-02
4.410000000000000142e+00 1.684036005712908832e-02
4.419999999999999929e+00 1.683945968295471468e-02
4.429999999999999716e+00 1.683901242390007866e-02
4.440000000000000391e+00 1.683879003740286137e-02
4.450000000000000178e+00 1.683865822524901676e-02
4.459999999999999964e+00 1.683854633576055762e-02
4.469999999999999751e+00 1.683842056833663794e-02
4.480000000000000426e+00 1.683827089367809574e-02
4.490000000000000213e+00 1.683810611950489408e-02
4.500000000000000000e+00 1.683794720927771563e-02
4.509999999999999787e+00 1.683781556377009561e-02
4.519999999999999574e+00 1.683772216691114404e-02
4.530000000000000249e+00 1.683766473958448265e-02
4.540000000000000036e+00 1.683763295149577621e-02
4.549999999999999822e+00 1.683761567025193057e-02
4.559999999999999609e+00 1.683760510627942825e-02
4.570000000000000284e+00 1.683759720880726590e-02
4.580000000000000071e+00 1.683759031699956846e-02
4.589999999999999858e+00 1.683758380064058827e-02
4.599999999999999645e+00 1.683757723290280062e-02
4.610000000000000320e+00 1.683757000487015598e-02
4.620000000000000107e+00 1.683756128526738699e-02
4.629999999999999893e+00 1.683755034722653199e-02
4.639999999999999680e+00 1.683753715037394558e-02
4.650000000000000355e+00 1.683752274120023026e-02
4.660000000000000142e+00 1.683750898824088946e-02
4.669999999999999929e+00 1.683749769009240671e-02
4.679999999999999716e+00 1.683748971518791993e-02
4.690000000000000391e+00 1.683748480877900536e-02
4.700000000000000178e+00 1.683748205777002918e-02
4.709999999999999964e+00 1.683748050134374966e-02
4.719999999999999751e+00 1.683747946438883883e-02
4.730000000000000426e+00 1.683747857093115946e-02
4.740000000000000213e+00 1.683747761699570800e-02
4.750000000000000000e+00 1.683747646607857210e-02
4.759999999999999787e+00 1.683747503003422269e-02
4.769999999999999574e+00 1.683747331457920507e-02
4.780000000000000249e+00 1.683747145795546143e-02
4.790000000000000036e+00 1.683746969454207043e-02
4.799999999999999822e+00 1.683746824553338656e-02
4.809999999999999609e+00 1.683746721568380247e-02
4.820000000000000284e+00 1.683746657174176042e-02
4.830000000000000071e+00 1.683746620024707125e-02
4.839999999999999858e+00 1.683746598250485810e-02
4.849999999999999645e+00 1.683746583608544678e-02
4.860000000000000320e+00 1.683746571806095729e-02
4.870000000000000107e+00 1.683746561102726289e-02
4.879999999999999893e+00 1.683746550957208876e-02
4.889999999999999680e+00 1.683746541261721061e-02
4.900000000000000355e+00 1.683746532024032669e-02
4.910000000000000142e+00 1.683746523261640815e-02
4.919999999999999929e+00 1.683746514971673144e-02
4.929999999999999716e+00 1.683746507124530764e-02
4.940000000000000391e+00 1.683746499667449631e-02
4.950000000000000178e+00 1.683746492536257466e-02
4.959999999999999964e+00 1.683746485673928012e-02
4.969999999999999751e+00 1.683746479050421060e-02
4.980000000000000426e+00 1.683746472675258163e-02
4.990000000000000213e+00 1.683746466595939517e-02
5.000000000000000000e+00 1.683746460881654916e-02
5.009999999999999787e+00 1.683746455598865779e-02
5.019999999999999574e+00 1.683746450788657992e-02
5.030000000000000249e+00 1.683746446452709378e-02
5.040000000000000036e+00 1.683746442546377522e-02
5.049999999999999822e+00 1.683746438968508272e-02
5.059999999999999609e+00 1.683746435538162334e-02
5.070000000000000284e+00 1.683746431970663260e-02
5.080000000000000071e+00 1.683746427904457207e-02
5.089999999999999858e+00 1.683746423038209178e-02
5.099999999999999645e+00 1.683746417353578634e-02
5.110000000000000320e+00 1.683746411261142703e-02
5.120000000000000107e+00 1.683746405487979853e-02
5.129999999999999893e+00 1.683746400727093029e-02
5.139999999999999680e+00 1.683746397305486628e-02
5.150000000000000355e+00 1.683746395113996236e-02
5.160000000000000142e+00 1.683746393791211993e-02
5.169999999999999929e+00 1.683746392961895516e-02
5.179999999999999716e+00 1.683746392367775624e-02
5.190000000000000391e+00 1.683746391876057152e-02
5.200000000000000178e+00 1.683746391433685666e-02
5.209999999999999964e+00 1.683746391023987349e-02
5.219999999999999751e+00 1.683746390642674312e-02
5.230000000000000426e+00 1.683746390288289735e-02
5.240000000000000213e+00 1.683746389959316081e-02
5.250000000000000000e+00 1.683746389653611661e-02
5.259999999999999787e+00 1.683746389368560165e-02
5.269999999999999574e+00 1.683746389101429750e-02
5.280000000000000249e+00 1.683746388849726577e-02
5.290000000000000036e+00 1.683746388611439757e-02
5.299999999999999822e+00 1.683746388385112813e-02
5.309999999999999609e+00 1.683746388169747935e-02
5.320000000000000284e+00 1.683746387964598148e-02
5.330000000000000071e+00 1.683746387768910585e-02
5.339999999999999858e+00 1.683746387581703044e-02
5.349999999999999645e+00 1.683746387401609604e-02
5.360000000000000320e+00 1.683746387226778274e-02
5.370000000000000107e+00 1.683746387054576785e-02
5.379999999999999893e+00 1.683746386880454610e-02
5.389999999999999680e+00 1.683746386694811095e-02
5.400000000000000355e+00 1.683746386477246240e-02
5.410000000000000142e+00 1.683746386190922498e-02
5.419999999999999929e+00 1.683746385785513805e-02
5.429999999999999716e+00 1.683746385218193309e-02
5.440000000000000391e+00 1.683746384488925968e-02
5.450000000000000178e+00 1.683746383664508003e-02
5.459999999999999964e+00 1.683746382862343766e-02
5.469999999999999751e+00 1.683746382196185665e-02
5.480000000000000426e+00 1.683746381723546723e-02
5.490000000000000213e+00 1.683746381433302505e-02
5.500000000000000000e+00 1.683746381273283632e-02
5.509999999999999787e+00 1.683746381187255226e-02
5.519999999999999574e+00 1.683746381135797776e-02
5.530000000000000249e+00 1.683746381098293401e-02
5.540000000000000036e+00 1.683746381066286366e-02
5.549999999999999822e+00 1.683746381036979947e-02
5.559999999999999609e+00 1.683746381009602888e-02
5.570000000000000284e+00 1.683746380983957083e-02
5.580000000000000071e+00 1.683746380959967592e-02
5.589999999999999858e+00 1.683746380937568496e-02
5.599999999999999645e+00 1.683746380916681731e-02
5.610000000000000320e+00 1.683746380897215011e-02
5.620000000000000107e+00 1.683746380879062865e-02
5.629999999999999893e+00 1.683746380862115657e-02
5.639999999999999680e+00 1.683746380846264101e-02
5.650000000000000355e+00 1.683746380831405501e-02
5.660000000000000142e+00 1.683746380817445834e-02
5.669999999999999929e+00 1.683746380804301140e-02
5.679999999999999716e+00 1.683746380791898561e-02
5.690000000000000391e+00 1.683746380780177729e-02
5.700000000000000178e+00 1.683746380769090417e-02
5.709999999999999964e+00 1.683746380758600197e-02
5.719999999999999751e+00 1.683746380748681049e-02
5.730000000000000426e+00 1.683746380739315276e-02
5.740000000000000213e+00 1.683746380730489697e-02
5.750000000000000000e+00 1.683746380722192515e-02
5.759999999999999787e+00 1.683746380714409852e-02
5.769999999999999574e+00 1.683746380707124707e-02
5.780000000000000249e+00 1.683746380700314876e-02
5.790000000000000036e+00 1.683746380693952951e-02
5.799999999999999822e+00 1.683746380688007360e-02
5.809999999999999609e+00 1.683746380682442367e-02
5.820000000000000284e+00 1.683746380677220850e-02
5.830000000000000071e+00 1.683746380672306378e-02
5.839999999999999858e+00 1.683746380667664258e-02
5.849999999999999645e+00 1.683746380663263265e-02
5.860000000000000320e+00 1.683746380659077724e-02
5.870000000000000107e+00 1.683746380655088554e-02
5.879999999999999893e+00 1.683746380651280142e-02
5.889999999999999680e+00 1.683746380647642080e-02
5.900000000000000355e+00 1.683746380644166735e-02
5.910000000000000142e+00 1.683746380640847862e-02
5.919999999999999929e+00 1.683746380637678869e-02
5.929999999999999716e+00 1.683746380634650389e-02
5.940000000000000391e+00 1.683746380631741257e-02
5.950000000000000178e+00 1.683746380628893188e-02
5.959999999999999964e+00 1.683746380625960812e-02
5.969999999999999751e+00 1.683746380622645061e-02
5.980000000000000426e+00 1.683746380618460908e-02
5.990000000000000213e+00 1.683746380612839710e-02
6.000000000000000000e+00 1.683746380605409543e-02
6.200000000000000178e+00 1.683746380596326184e-02
6.400000000000000355e+00 1.683746380586376157e-02
6.599999999999999645e+00 1.683746380576694665e-02
6.799999999999999822e+00 1.683746380568265644e-02
7.000000000000000000e+00 0.000000000000000000e+00
