0.000000000000000000e+00 0.000000000000000000e+00
1.000000000000000021e-02 1.683742166092110429e-02
2.000000000000000042e-02 1.683747323302281843e-02
2.999999999999999889e-02 1.683757004563229964e-02
4.000000000000000083e-02 1.683773040316599925e-02
5.000000000000000278e-02 1.683796827841796753e-02
5.999999999999999778e-02 1.683829062571584947e-02
7.000000000000000666e-02 1.683869965029505950e-02
8.000000000000000167e-02 1.683919904715388410e-02
8.999999999999999667e-02 1.683980009552618270e-02
1.000000000000000056e-01 1.684052351171407003e-02
1.100000000000000006e-01 1.684139604221106257e-02
1.199999999999999956e-01 1.684244558957653445e-02
1.300000000000000044e-01 1.684370266468631847e-02
1.400000000000000133e-01 1.684521428678292798e-02
1.499999999999999944e-01 1.684706678933389074e-02
1.600000000000000033e-01 1.684940324494652725e-02
1.700000000000000122e-01 1.685241977884563425e-02
1.799999999999999933e-01 1.685633347275372965e-02
1.900000000000000022e-01 1.686132551092125662e-02
2.000000000000000111e-01 1.686747538936793356e-02
2.099999999999999922e-01 1.687471653869634935e-02
2.200000000000000011e-01 1.688284742636481789e-02
2.300000000000000100e-01 1.689160922202356460e-02
2.399999999999999911e-01 1.690080381195648018e-02
2.500000000000000000e-01 1.691040266037057566e-02
2.600000000000000089e-01 1.692059036702626973e-02
2.700000000000000178e-01 1.693169251613653448e-02
2.800000000000000266e-01 1.694399010458373656e-02
2.899999999999999800e-01 1.695753290920286663e-02
2.999999999999999889e-01 1.697212350292949881e-02
3.099999999999999978e-01 1.698753152873814370e-02
3.200000000000000067e-01 1.700378818504300060e-02
3.300000000000000155e-01 1.702132138671286210e-02
3.400000000000000244e-01 1.704081028462700598e-02
3.499999999999999778e-01 1.706283674976648984e-02
3.599999999999999867e-01 1.708753676410948094e-02
3.699999999999999956e-01 1.711446140619517914e-02
3.800000000000000044e-01 1.714276568585283017e-02
3.900000000000000133e-01 1.717168830062843279e-02
4.000000000000000222e-01 1.720112753383563203e-02
4.099999999999999756e-01 1.723203406327453516e-02
4.199999999999999845e-01 1.726638238135140904e-02
4.299999999999999933e-01 1.730665608155133525e-02
4.400000000000000022e-01 1.735501642761927768e-02
4.500000000000000111e-01 1.741246771706655636e-02
4.600000000000000200e-01 1.747831083015186776e-02
4.699999999999999734e-01 1.755010312038029346e-02
4.799999999999999822e-01 1.762430159009980082e-02
4.899999999999999911e-01 1.769756623741598062e-02
5.000000000000000000e-01 1.776820835060658257e-02
5.100000000000000089e-01 1.783691409617345694e-02
5.200000000000000178e-01 1.790628531527882830e-02
5.300000000000000266e-01 1.797973610972549569e-02
5.400000000000000355e-01 1.806079092196025485e-02
5.500000000000000444e-01 1.815317631276419305e-02
5.600000000000000533e-01 1.826099874776498239e-02
5.699999999999999512e-01 1.838805001514198442e-02
5.799999999999999600e-01 1.853616854061938476e-02
5.899999999999999689e-01 1.870360203098795152e-02
5.999999999999999778e-01 1.888443667732307013e-02
6.099999999999999867e-01 1.906942560502699821e-02
6.199999999999999956e-01 1.924779231323475379e-02
6.300000000000000044e-01 1.940942024393624288e-02
6.400000000000000133e-01 1.954715465455364801e-02
6.500000000000000222e-01 1.965912549781856367e-02
6.600000000000000311e-01 1.975058091927214127e-02
6.700000000000000400e-01 1.983399844360594910e-02
6.800000000000000488e-01 1.992626129018166062e-02
6.899999999999999467e-01 2.004317959959967671e-02
6.999999999999999556e-01 2.019377624135831883e-02
7.099999999999999645e-01 2.037755136070414433e-02
7.199999999999999734e-01 2.058633482299546472e-02
7.299999999999999822e-01 2.080950419182429900e-02
7.399999999999999911e-01 2.103948256807246925e-02
7.500000000000000000e-01 2.127474979965544855e-02
7.600000000000000089e-01 2.151966826490463169e-02
7.700000000000000178e-01 2.178270038840791900e-02
7.800000000000000266e-01 2.207537908214253497e-02
7.900000000000000355e-01 2.241292066076599684e-02
8.000000000000000444e-01 2.281458691740276962e-02
8.100000000000000533e-01 2.330032107585395390e-02
8.199999999999999512e-01 2.388232382285401106e-02
8.299999999999999600e-01 2.455561735195786049e-02
8.399999999999999689e-01 2.529526742066193906e-02
8.499999999999999778e-01 2.606463601846572067e-02
8.599999999999999867e-01 2.683057779789004005e-02
8.699999999999999956e-01 2.757600967968526495e-02
8.800000000000000044e-01 2.830291495179472830e-02
8.900000000000000133e-01 2.902615330105710531e-02
9.000000000000000222e-01 2.976368149045828526e-02
9.100000000000000311e-01 3.052912455898946012e-02
9.200000000000000400e-01 3.132968329485658759e-02
9.300000000000000488e-01 3.216875822736532664e-02
9.399999999999999467e-01 3.305018171643613056e-02
9.499999999999999556e-01 3.398035233813420652e-02
9.599999999999999645e-01 3.496599214361831992e-02
9.699999999999999734e-01 3.600841518970943761e-02
9.799999999999999822e-01 3.709872683509855135e-02
9.899999999999999911e-01 3.821926088610055894e-02
1.000000000000000000e+00 3.935254410265821845e-02
1.010000000000000009e+00 4.049259262744998866e-02
1.020000000000000018e+00 4.165086504893695390e-02
1.030000000000000027e+00 4.285431984903752267e-02
1.040000000000000036e+00 4.414138225218525863e-02
1.050000000000000044e+00 4.556504496726117986e-02
1.060000000000000053e+00 4.720784751440260801e-02
1.070000000000000062e+00 4.920618312629160968e-02
1.080000000000000071e+00 5.177694601727230589e-02
1.090000000000000080e+00 5.523488569319366659e-02
1.100000000000000089e+00 5.997638276650560374e-02
1.110000000000000098e+00 6.639304613019345047e-02
1.120000000000000107e+00 7.469998423287541045e-02
1.129999999999999893e+00 8.473754644287492810e-02
1.139999999999999902e+00 9.587840554858022279e-02
1.149999999999999911e+00 1.071459717437606429e-01
1.159999999999999920e+00 1.175096817169275359e-01
1.169999999999999929e+00 1.261927227520534822e-01
1.179999999999999938e+00 1.328374872979392329e-01
1.189999999999999947e+00 1.374949238316262867e-01
1.199999999999999956e+00 1.405005545382702614e-01
1.209999999999999964e+00 1.423105488455054801e-01
1.219999999999999973e+00 1.433485079221541447e-01
1.229999999999999982e+00 1.439062019732890996e-01
1.239999999999999991e+00 1.441297629802673064e-01
1.250000000000000000e+00 1.440819579976603260e-01
1.260000000000000009e+00 1.438272786249205348e-01
1.270000000000000018e+00 1.434812328077023080e-01
1.280000000000000027e+00 1.432004684052227694e-01
1.290000000000000036e+00 1.431329816080476602e-01
1.300000000000000044e+00 1.433687725255452239e-01
1.310000000000000053e+00 1.439244927218789050e-01
1.320000000000000062e+00 1.447696986299085165e-01
1.330000000000000071e+00 1.458740129905917171e-01
1.340000000000000080e+00 1.472430379745664764e-01
1.350000000000000089e+00 1.489245180844459837e-01
1.360000000000000098e+00 1.509916814608499858e-01
1.370000000000000107e+00 1.535239031942259857e-01
1.379999999999999893e+00 1.565964507236639880e-01
1.389999999999999902e+00 1.602752239920210986e-01
1.399999999999999911e+00 1.646064735919663957e-01
1.409999999999999920e+00 1.695959094374876741e-01
1.419999999999999929e+00 1.751790165543926359e-01
1.429999999999999938e+00 1.811948382800320501e-01
1.439999999999999947e+00 1.873852679879187411e-01
1.449999999999999956e+00 1.934344996432784958e-01
1.459999999999999964e+00 1.990357086923624230e-01
1.469999999999999973e+00 2.039514827671868313e-01
1.479999999999999982e+00 2.080434849815520626e-01
1.489999999999999991e+00 2.112704948096734425e-01
1.500000000000000000e+00 2.136651346495026527e-01
1.510000000000000009e+00 2.152966127589374112e-01
1.520000000000000018e+00 2.162262236711720298e-01
1.530000000000000027e+00 2.164698236717463309e-01
1.540000000000000036e+00 2.159880252242254994e-01
1.550000000000000044e+00 2.147209183024518520e-01
1.560000000000000053e+00 2.126648915119289107e-01
1.570000000000000062e+00 2.099569602342281072e-01
1.580000000000000071e+00 2.069078437410972193e-01
1.590000000000000080e+00 2.039420570609339067e-01
1.600000000000000089e+00 2.014644477207249984e-01
1.610000000000000098e+00 1.997264770610089890e-01
1.620000000000000107e+00 1.987585838004320982e-01
1.629999999999999893e+00 1.983808733862575113e-01
1.639999999999999902e+00 1.982640384925427601e-01
1.649999999999999911e+00 1.980121541655575357e-01
1.659999999999999920e+00 1.972512344430285558e-01
1.669999999999999929e+00 1.957080211111295043e-01
1.679999999999999938e+00 1.932619939998189706e-01
1.689999999999999947e+00 1.899618282388613189e-01
1.699999999999999956e+00 1.860072321660533878e-01
1.709999999999999964e+00 1.817008951127069283e-01
1.719999999999999973e+00 1.773813009744233116e-01
1.729999999999999982e+00 1.733598418489101511e-01
1.739999999999999991e+00 1.698908098954393653e-01
1.750000000000000000e+00 1.671851062751197603e-01
1.760000000000000009e+00 1.654441404075354949e-01
1.770000000000000018e+00 1.648655030772042396e-01
1.780000000000000027e+00 1.655837145164142654e-01
1.790000000000000036e+00 1.675636527729201242e-01
1.800000000000000044e+00 1.705258375775635937e-01
1.810000000000000053e+00 1.739873441765753537e-01
1.820000000000000062e+00 1.774242464436029398e-01
1.830000000000000071e+00 1.804659871690610373e-01
1.840000000000000080e+00 1.830127685930074133e-01
1.850000000000000089e+00 1.852319822586759590e-01
1.860000000000000098e+00 1.874585991676057384e-01
1.870000000000000107e+00 1.900441264312217604e-01
1.879999999999999893e+00 1.931989584180458797e-01
1.889999999999999902e+00 1.968878889829037693e-01
1.899999999999999911e+00 2.008368377156810325e-01
1.909999999999999920e+00 2.046517318614118619e-01
1.919999999999999929e+00 2.079769052950057595e-01
1.929999999999999938e+00 2.106067850894707827e-01
1.939999999999999947e+00 2.125172873013101427e-01
1.949999999999999956e+00 2.138353476953179511e-01
1.959999999999999964e+00 2.147743593888082614e-01
1.969999999999999973e+00 2.155536686725526008e-01
1.979999999999999982e+00 2.163225670215233043e-01
1.989999999999999991e+00 2.171150809266888526e-01
2.000000000000000000e+00 2.178504926444378986e-01
2.009999999999999787e+00 2.183718009034295582e-01
2.020000000000000018e+00 2.185052435283935668e-01
2.029999999999999805e+00 2.181380376638648033e-01
2.040000000000000036e+00 2.173266420752240358e-01
2.049999999999999822e+00 2.164282230224971737e-01
2.060000000000000053e+00 2.161861293201025880e-01
2.069999999999999840e+00 2.176534013695153869e-01
2.080000000000000071e+00 2.218957235687619989e-01
2.089999999999999858e+00 2.295807099839003440e-01
2.100000000000000089e+00 2.406922712763613081e-01
2.109999999999999876e+00 2.545557617592730804e-01
2.120000000000000107e+00 2.701526020762063940e-01
2.129999999999999893e+00 2.865288055672147727e-01
2.140000000000000124e+00 3.030904052066608068e-01
2.149999999999999911e+00 3.196930751435155260e-01
2.160000000000000142e+00 3.365551367019886109e-01
2.169999999999999929e+00 3.540778877067299324e-01
2.180000000000000160e+00 3.726490004887830221e-01
2.189999999999999947e+00 3.924748913456541644e-01
2.200000000000000178e+00 4.134669671152064740e-01
2.209999999999999964e+00 4.352042989096608916e-01
2.220000000000000195e+00 4.570031708972064899e-01
2.229999999999999982e+00 4.781088855657858461e-01
2.240000000000000213e+00 4.979588458010327234e-01
2.250000000000000000e+00 5.163872896233867582e-01
2.259999999999999787e+00 5.336429992466141803e-01
2.270000000000000018e+00 5.502035500694106851e-01
2.279999999999999805e+00 5.665059788305486510e-01
2.290000000000000036e+00 5.827563512304163584e-01
2.299999999999999822e+00 5.989028790114971912e-01
2.310000000000000053e+00 6.147372294958487471e-01
2.319999999999999840e+00 6.300238965530929880e-01
2.330000000000000071e+00 6.445808367460317267e-01
2.339999999999999858e+00 6.583029768929570258e-01
2.350000000000000089e+00 6.711667663875942047e-01
2.359999999999999876e+00 6.832451015439957587e-01
2.370000000000000107e+00 6.947173944623413755e-01
2.379999999999999893e+00 7.058335305808917104e-01
2.390000000000000124e+00 7.168221302151357444e-01
2.399999999999999911e+00 7.277941234797098424e-01
2.410000000000000142e+00 7.387031171058505707e-01
2.419999999999999929e+00 7.493588134227840980e-01
2.430000000000000160e+00 7.594294756597852469e-01
2.439999999999999947e+00 7.683985039083602864e-01
2.450000000000000178e+00 7.755258290300096613e-01
2.459999999999999964e+00 7.799004828163591529e-01
2.470000000000000195e+00 7.806149406123709111e-01
2.479999999999999982e+00 7.770061586287823063e-01
2.490000000000000213e+00 7.688696141755875235e-01
2.500000000000000000e+00 7.565746419720997817e-01
2.509999999999999787e+00 7.410520567056853025e-01
2.520000000000000018e+00 7.236552049526048247e-01
2.529999999999999805e+00 7.059184199951052952e-01
2.540000000000000036e+00 6.892689784120280549e-01
2.549999999999999822e+00 6.747784907874857518e-01
2.560000000000000053e+00 6.630352672394637104e-01
2.569999999999999840e+00 6.541701685933789534e-01
2.580000000000000071e+00 6.480009303890262862e-01
2.589999999999999858e+00 6.442122603305415751e-01
2.600000000000000089e+00 6.424862423489559049e-01
2.609999999999999876e+00 6.425418594964038554e-01
2.620000000000000107e+00 6.441079811562521185e-01
2.629999999999999893e+00 6.468946010860699980e-01
2.640000000000000124e+00 6.506094466112829489e-01
2.649999999999999911e+00 6.550073865406387252e-01
2.660000000000000142e+00 6.599162060116667838e-01
2.669999999999999929e+00 6.652002569461010761e-01
2.680000000000000160e+00 6.706892504933085197e-01
2.689999999999999947e+00 6.761493516324965647e-01
2.700000000000000178e+00 6.813549396126361568e-01
2.709999999999999964e+00 6.862377330765448979e-01
2.720000000000000195e+00 6.910033275410595310e-01
2.729999999999999982e+00 6.960844969765617174e-01
2.740000000000000213e+00 7.018877986985144757e-01
2.750000000000000000e+00 7.084525249074786757e-01
2.759999999999999787e+00 7.152563933685167630e-01
2.770000000000000018e+00 7.213427776444335526e-01
2.779999999999999805e+00 7.257223803493989545e-01
2.790000000000000036e+00 7.277985388871194283e-01
2.799999999999999822e+00 7.275581111312616756e-01
2.810000000000000053e+00 7.254519620917767586e-01
2.819999999999999840e+00 7.220907707224509808e-01
2.830000000000000071e+00 7.179551082243854632e-01
2.839999999999999858e+00 7.132553557835187297e-01
2.850000000000000089e+00 7.079630967392092078e-01
2.859999999999999876e+00 7.019495412575752491e-01
2.870000000000000107e+00 6.951373275650203354e-01
2.879999999999999893e+00 6.875923257432936531e-01
2.890000000000000124e+00 6.795269464445213847e-01
2.899999999999999911e+00 6.712298589603494792e-01
2.910000000000000142e+00 6.629653515612866643e-01
2.919999999999999929e+00 6.548943297784018958e-01
2.930000000000000160e+00 6.470538252641393484e-01
2.939999999999999947e+00 6.393967523880887960e-01
2.950000000000000178e+00 6.318593608984619525e-01
2.959999999999999964e+00 6.244139380847160137e-01
2.970000000000000195e+00 6.170835577185298515e-01
2.979999999999999982e+00 6.099259597226777130e-01
2.990000000000000213e+00 6.030085935593021418e-01
3.000000000000000000e+00 5.963857552473785795e-01
3.009999999999999787e+00 5.900699846949810645e-01
3.020000000000000018e+00 5.839915260014303389e-01
3.029999999999999805e+00 5.779641581712211540e-01
3.040000000000000036e+00 5.716936753893943068e-01
3.049999999999999822e+00 5.648473235101132417e-01
3.060000000000000053e+00 5.571551451469687333e-01
3.069999999999999840e+00 5.484817202864979979e-01
3.080000000000000071e+00 5.388265293151475177e-01
3.089999999999999858e+00 5.282657530412440128e-01
3.100000000000000089e+00 5.168826772700919614e-01
3.109999999999999876e+00 5.047225766690127680e-01
3.120000000000000107e+00 4.917790239996548407e-01
3.129999999999999893e+00 4.780062360662664100e-01
3.140000000000000124e+00 4.633547823644039165e-01
3.149999999999999911e+00 4.478234259779076409e-01
3.160000000000000142e+00 4.315037012236958014e-01
3.169999999999999929e+00 4.145885893891649854e-01
3.180000000000000160e+00 3.973393163766342773e-01
3.189999999999999947e+00 3.800356980457136880e-01
3.200000000000000178e+00 3.629405323613785206e-01
3.209999999999999964e+00 3.462839332164381889e-01
3.220000000000000195e+00 3.302514613981063496e-01
3.229999999999999982e+00 3.149642725151319267e-01
3.240000000000000213e+00 3.004594443641028234e-01
3.250000000000000000e+00 2.866881512970484991e-01
3.259999999999999787e+00 2.735385153674936287e-01
3.270000000000000018e+00 2.608731992433828695e-01
3.279999999999999805e+00 2.485676053640629712e-01
3.290000000000000036e+00 2.365415284139591456e-01
3.299999999999999822e+00 2.247798642648933531e-01
3.310000000000000053e+00 2.133340557430844775e-01
3.319999999999999840e+00 2.022992554087234274e-01
3.330000000000000071e+00 1.917778487360236039e-01
3.339999999999999858e+00 1.818528095277731349e-01
3.350000000000000089e+00 1.725871805986850249e-01
3.359999999999999876e+00 1.640415847984975084e-01
3.370000000000000107e+00 1.562831418057323007e-01
3.379999999999999893e+00 1.493667483536224583e-01
3.390000000000000124e+00 1.432969362807077485e-01
3.399999999999999911e+00 1.379981392760285808e-01
3.410000000000000142e+00 1.333161227079212585e-01
3.419999999999999929e+00 1.290524719867920111e-01
3.430000000000000160e+00 1.250162397241368073e-01
3.439999999999999947e+00 1.210708408105177908e-01
3.450000000000000178e+00 1.171572462611376042e-01
3.459999999999999964e+00 1.132824508658155649e-01
3.470000000000000195e+00 1.094757803788511397e-01
3.479999999999999982e+00 1.057341867419593767e-01
3.490000000000000213e+00 1.019905196458586183e-01
3.500000000000000000e+00 9.813146225554589264e-02
3.509999999999999787e+00 9.406355608965295823e-02
3.520000000000000018e+00 8.979335480471473119e-02
3.529999999999999805e+00 8.547268204470812036e-02
3.540000000000000036e+00 8.137463691562010770e-02
3.549999999999999822e+00 7.780522179953273942e-02
3.560000000000000053e+00 7.499470568229196776e-02
3.569999999999999840e+00 7.302364048114295958e-02
3.580000000000000071e+00 7.181396272260605340e-02
3.589999999999999858e+00 7.117676354586986720e-02
3.600000000000000089e+00 7.088290590889470555e-02
3.609999999999999876e+00 7.072270548622994202e-02
3.620000000000000107e+00 7.053862985399048102e-02
3.629999999999999893e+00 7.023409537465646890e-02
3.640000000000000124e+00 6.977001283674454102e-02
3.649999999999999911e+00 6.915722653210140680e-02
3.660000000000000142e+00 6.844469513934621496e-02
3.669999999999999929e+00 6.770003135464815192e-02
3.680000000000000160e+00 6.698464556411720672e-02
3.689999999999999947e+00 6.633328060533438819e-02
3.700000000000000178e+00 6.574708913366719698e-02
3.709999999999999964e+00 6.520037810213645535e-02
3.720000000000000195e+00 6.465356182748212277e-02
3.729999999999999982e+00 6.406552222243944161e-02
3.740000000000000213e+00 6.340380395638497979e-02
3.750000000000000000e+00 6.265327690809512073e-02
3.759999999999999787e+00 6.182133836432818913e-02
3.770000000000000018e+00 6.093585457730120447e-02
3.779999999999999805e+00 6.003552281384955114e-02
3.790000000000000036e+00 5.915788413744633295e-02
3.799999999999999822e+00 5.833087473567931391e-02
3.810000000000000053e+00 5.756915331699329064e-02
3.819999999999999840e+00 5.687293128518633445e-02
3.830000000000000071e+00 5.622832051381942975e-02
3.839999999999999858e+00 5.561080935491651694e-02
3.850000000000000089e+00 5.499261251139841294e-02
3.859999999999999876e+00 5.435077832306647178e-02
3.870000000000000107e+00 5.367116667537273622e-02
3.879999999999999893e+00 5.294684343649081609e-02
3.890000000000000124e+00 5.217443483625517492e-02
3.899999999999999911e+00 5.135253341807000105e-02
3.910000000000000142e+00 5.048235043730103788e-02
3.919999999999999929e+00 4.956815556410441165e-02
3.930000000000000160e+00 4.861656691071164493e-02
3.939999999999999947e+00 4.763622637393548354e-02
3.950000000000000178e+00 4.663882681662529645e-02
3.959999999999999964e+00 4.563954426882476517e-02
3.970000000000000195e+00 4.465403628286798710e-02
3.979999999999999982e+00 4.369250507957875979e-02
3.990000000000000213e+00 4.275527794623699279e-02
4.000000000000000000e+00 4.183373940224284493e-02
4.009999999999999787e+00 4.091574922701886330e-02
4.019999999999999574e+00 3.999147715333212921e-02
4.030000000000000249e+00 3.905691317720305644e-02
4.040000000000000036e+00 3.811535623150227869e-02
4.049999999999999822e+00 3.717785461907589101e-02
4.059999999999999609e+00 3.626174607935303551e-02
4.070000000000000284e+00 3.538575086107145079e-02
4.080000000000000071e+00 3.456278991790329852e-02
4.089999999999999858e+00 3.379495985703896699e-02
4.099999999999999645e+00 3.307426848202759534e-02
4.110000000000000320e+00 3.238812439523496012e-02
4.120000000000000107e+00 3.172530775655004603e-02
4.129999999999999893e+00 3.107932202177452266e-02
4.139999999999999680e+00 3.044928227047518157e-02
4.150000000000000355e+00 2.983983745025611464e-02
4.160000000000000142e+00 2.926030236841694471e-02
4.169999999999999929e+00 2.872197658349067220e-02
4.179999999999999716e+00 2.823384068983152834e-02
4.190000000000000391e+00 2.779893521586582553e-02
4.200000000000000178e+00 2.741358587017163687e-02
4.209999999999999964e+00 2.706921013399710488e-02
4.219999999999999751e+00 2.675482136329671717e-02
4.230000000000000426e+00 2.645915237933543773e-02
4.240000000000000213e+00 2.617276650734219612e-02
4.250000000000000000e+00 2.589038630174152894e-02
4.259999999999999787e+00 2.561227479941916019e-02
4.269999999999999574e+00 2.534313266283650876e-02
4.280000000000000249e+00 2.508875058960467405e-02
4.290000000000000036e+00 2.485272300171202306e-02
4.299999999999999822e+00 2.463529268623555063e-02
4.309999999999999609e+00 2.443414698164607032e-02
4.320000000000000284e+00 2.424551308957375792e-02
4.330000000000000071e+00 2.406464843467316303e-02
4.339999999999999858e+00 2.388630138542491635e-02
4.349999999999999645e+00 2.370585977869342845e-02
4.360000000000000320e+00 2.352067006983131828e-02
4.370000000000000107e+00 2.333023243038054306e-02
4.379999999999999893e+00 2.313492085816926461e-02
4.389999999999999680e+00 2.293445267507519814e-02
4.400000000000000355e+00 2.272750585310614677e-02
4.410000000000000142e+00 2.251252869522003472e-02
4.419999999999999929e+00 2.228872889815917274e-02
4.429999999999999716e+00 2.205656478467780263e-02
4.440000000000000391e+00 2.181792928446922228e-02
4.450000000000000178e+00 2.157634674265267519e-02
4.459999999999999964e+00 2.133689204784093227e-02
4.469999999999999751e+00 2.110526548731003760e-02
4.480000000000000426e+00 2.088614581830748260e-02
4.490000000000000213e+00 2.068183082981311233e-02
4.500000000000000000e+00 2.049206750679386652e-02
4.509999999999999787e+00 2.031494733072881226e-02
4.519999999999999574e+00 2.014802532297688478e-02
4.530000000000000249e+00 1.998908605102248798e-02
4.540000000000000036e+00 1.983662130943355736e-02
4.549999999999999822e+00 1.969023821110356051e-02
4.559999999999999609e+00 1.955084025423286034e-02
4.570000000000000284e+00 1.942020701963289436e-02
4.580000000000000071e+00 1.930000175039916013e-02
4.589999999999999858e+00 1.919082736841069489e-02
4.599999999999999645e+00 1.909195741419961873e-02
4.610000000000000320e+00 1.900176239996306804e-02
4.620000000000000107e+00 1.891836080852623073e-02
4.629999999999999893e+00 1.884009672292808954e-02
4.639999999999999680e+00 1.876578780179954942e-02
4.650000000000000355e+00 1.869483439874851730e-02
4.660000000000000142e+00 1.862718385479894545e-02
4.669999999999999929e+00 1.856308312666558880e-02
4.679999999999999716e+00 1.850269190225601115e-02
4.690000000000000391e+00 1.844579322685073117e-02
4.700000000000000178e+00 1.839177643858377550e-02
4.709999999999999964e+00 1.833982760531822909e-02
4.719999999999999751e+00 1.828913389619430188e-02
4.730000000000000426e+00 1.823901036146119078e-02
4.740000000000000213e+00 1.818900792959078638e-02
4.750000000000000000e+00 1.813905089817442751e-02
4.759999999999999787e+00 1.808951026415745247e-02
4.769999999999999574e+00 1.804106626023184792e-02
4.780000000000000249e+00 1.799437214129012350e-02
4.790000000000000036e+00 1.794973503913644547e-02
4.799999999999999822e+00 1.790702113966709252e-02
4.809999999999999609e+00 1.786578078662130753e-02
4.820000000000000284e+00 1.782543410463752198e-02
4.830000000000000071e+00 1.778540741337231168e-02
4.839999999999999858e+00 1.774524072150081636e-02
4.849999999999999645e+00 1.770471174260406302e-02
4.860000000000000320e+00 1.766393122225732443e-02
4.870000000000000107e+00 1.762330813310318892e-02
4.879999999999999893e+00 1.758336670339333968e-02
4.889999999999999680e+00 1.754453224538168182e-02
4.900000000000000355e+00 1.750702167756369373e-02
4.910000000000000142e+00 1.747086299020575093e-02
4.919999999999999929e+00 1.743597196524705739e-02
4.929999999999999716e+00 1.740222693426910980e-02
4.940000000000000391e+00 1.736954089368588500e-02
4.950000000000000178e+00 1.733793730285134588e-02
4.959999999999999964e+00 1.730759053740199560e-02
4.969999999999999751e+00 1.727877684621139526e-02
4.980000000000000426e+00 1.725174453920887835e-02
4.990000000000000213e+00 1.722659015266670909e-02
5.000000000000000000e+00 1.720322340146295328e-02
5.009999999999999787e+00 1.718142179220203541e-02
5.019999999999999574e+00 1.716091392671753937e-02
5.030000000000000249e+00 1.714144497966850825e-02
5.040000000000000036e+00 1.712282390574966853e-02
5.049999999999999822e+00 1.710496334015981779e-02
5.059999999999999609e+00 1.708789668948608453e-02
5.070000000000000284e+00 1.707174420762547912e-02
5.080000000000000071e+00 1.705663319591087940e-02
5.089999999999999858e+00 1.704262188800790070e-02
5.099999999999999645e+00 1.702967461998635898e-02
5.110000000000000320e+00 1.701768855676773218e-02
5.120000000000000107e+00 1.700653629609944276e-02
5.129999999999999893e+00 1.699609721404046411e-02
5.139999999999999680e+00 1.698627791843677556e-02
5.150000000000000355e+00 1.697703001108527565e-02
5.160000000000000142e+00 1.696835865927762838e-02
5.169999999999999929e+00 1.696030691460521933e-02
5.179999999999999716e+00 1.695291710687436837e-02
5.190000000000000391e+00 1.694619394426462311e-02
5.200000000000000178e+00 1.694009323532682382e-02
5.209999999999999964e+00 1.693453576771216176e-02
5.219999999999999751e+00 1.692942806981944173e-02
5.230000000000000426e+00 1.692467750995223230e-02
5.240000000000000213e+00 1.692020369846944372e-02
5.250000000000000000e+00 1.691595065370845100e-02
5.259999999999999787e+00 1.691189450789947965e-02
5.269999999999999574e+00 1.690803676515912138e-02
5.280000000000000249e+00 1.690438366353206462e-02
5.290000000000000036e+00 1.690092662626728817e-02
5.299999999999999822e+00 1.689763845127718184e-02
5.309999999999999609e+00 1.689448481166546528e-02
5.320000000000000284e+00 1.689143878750068092e-02
5.330000000000000071e+00 1.688848843018178961e-02
5.339999999999999858e+00 1.688563666229513094e-02
5.349999999999999645e+00 1.688289756171806183e-02
5.360000000000000320e+00 1.688029106562927845e-02
5.370000000000000107e+00 1.687783555748682482e-02
5.379999999999999893e+00 1.687553959325406583e-02
5.389999999999999680e+00 1.687339734310059139e-02
5.400000000000000355e+00 1.687139104997419092e-02
5.410000000000000142e+00 1.686949824404736578e-02
5.419999999999999929e+00 1.686769835513601476e-02
5.429999999999999716e+00 1.686597604267640535e-02
5.440000000000000391e+00 1.686432270923264240e-02
5.450000000000000178e+00 1.686273799633311241e-02
5.459999999999999964e+00 1.686123003422967601e-02
5.469999999999999751e+00 1.685981180106404381e-02
5.480000000000000426e+00 1.685849396224286395e-02
5.490000000000000213e+00 1.685727860741992670e-02
5.500000000000000000e+00 1.685615804695480766e-02
5.509999999999999787e+00 1.685511841598683752e-02
5.519999999999999574e+00 1.685414452999325560e-02
5.530000000000000249e+00 1.685322328356834640e-02
5.540000000000000036e+00 1.685234551784415072e-02
5.549999999999999822e+00 1.685150716162293547e-02
5.559999999999999609e+00 1.685070930000853381e-02
5.570000000000000284e+00 1.684995615344649436e-02
5.580000000000000071e+00 1.684925135649374683e-02
5.589999999999999858e+00 1.684859481863724973e-02
5.599999999999999645e+00 1.684798219960300866e-02
5.610000000000000320e+00 1.684740675120434752e-02
5.620000000000000107e+00 1.684686164474369016e-02
5.629999999999999893e+00 1.684634142770652723e-02
5.639999999999999680e+00 1.684584267397662427e-02
5.650000000000000355e+00 1.684536435526555812e-02
5.660000000000000142e+00 1.684490781676522067e-02
5.669999999999999929e+00 1.684447580995263385e-02
5.679999999999999716e+00 1.684407069468278617e-02
5.690000000000000391e+00 1.684369288646994992e-02
5.700000000000000178e+00 1.684334053810638762e-02
5.709999999999999964e+00 1.684301034250082138e-02
5.719999999999999751e+00 1.684269857149521543e-02
5.730000000000000426e+00 1.684240176225389879e-02
5.740000000000000213e+00 1.684211715510730567e-02
5.750000000000000000e+00 1.684184313843017228e-02
5.759999999999999787e+00 1.684157954318998146e-02
5.769999999999999574e+00 1.684132738233598547e-02
5.780000000000000249e+00 1.684108800825866864e-02
5.790000000000000036e+00 1.684086223193473689e-02
5.799999999999999822e+00 1.684064996946876142e-02
5.809999999999999609e+00 1.684045044197008539e-02
5.820000000000000284e+00 1.684026253962088437e-02
5.830000000000000071e+00 1.684008507088873702e-02
5.839999999999999858e+00 1.683991693941822368e-02
5.849999999999999645e+00 1.683975736488519184e-02
5.860000000000000320e+00 1.683960607071065263e-02
5.870000000000000107e+00 1.683946324380987750e-02
5.879999999999999893e+00 1.683932923855935987e-02
5.889999999999999680e+00 1.683920423929916033e-02
5.900000000000000355e+00 1.683908808679361949e-02
5.910000000000000142e+00 1.683898025399675064e-02
5.919999999999999929e+00 1.683887985042964441e-02
5.929999999999999716e+00 1.683878563426013247e-02
5.940000000000000391e+00 1.683869605109480222e-02
5.950000000000000178e+00 1.683860911966549370e-02
5.959999999999999964e+00 1.683852182847267107e-02
5.969999999999999751e+00 1.683842914682136954e-02
5.980000000000000426e+00 1.683832385017060632e-02
5.990000000000000213e+00 1.683819893428447137e-02
6.000000000000000000e+00 1.683805273569091362e-02
6.200000000000000178e+00 1.683789342156320409e-02
6.400000000000000355e+00 1.683773810205949420e-02
6.599999999999999645e+00 1.683760557366456578e-02
6.799999999999999822e+00 1.683750760111858008e-02
7.000000000000000000e+00 0.000000000000000000e+00
