0.000000000000000000e+00 0.000000000000000000e+00
1.000000000000000021e-02 1.683738335767252792e-02
2.000000000000000042e-02 1.683738335824794957e-02
2.999999999999999889e-02 1.683738335967309777e-02
4.000000000000000083e-02 1.683738336262044846e-02
5.000000000000000278e-02 1.683738336765432803e-02
5.999999999999999778e-02 1.683738337464311258e-02
7.000000000000000666e-02 1.683738338240702015e-02
8.000000000000000167e-02 1.683738338965326889e-02
8.999999999999999667e-02 1.683738339837305767e-02
1.000000000000000056e-01 1.683738342054000997e-02
1.100000000000000006e-01 1.683738348794535170e-02
1.199999999999999956e-01 1.683738366148165855e-02
1.300000000000000044e-01 1.683738402892275693e-02
1.400000000000000133e-01 1.683738467609935743e-02
1.499999999999999944e-01 1.683738563014909595e-02
1.600000000000000033e-01 1.683738680684936789e-02
1.700000000000000122e-01 1.683738801502430993e-02
1.799999999999999933e-01 1.683738904073135353e-02
1.900000000000000022e-01 1.683738976604129411e-02
2.000000000000000111e-01 1.683739023972765855e-02
2.099999999999999922e-01 1.683739065064471935e-02
2.200000000000000011e-01 1.683739122279197253e-02
2.300000000000000100e-01 1.683739209788380486e-02
2.399999999999999911e-01 1.683739327902512850e-02
2.500000000000000000e-01 1.683739467582716712e-02
2.600000000000000089e-01 1.683739622068705297e-02
2.700000000000000178e-01 1.683739797470314159e-02
2.800000000000000266e-01 1.683740018107379721e-02
2.899999999999999800e-01 1.683740330170895028e-02
2.999999999999999889e-01 1.683740803882276260e-02
3.099999999999999978e-01 1.683741521099473351e-02
3.200000000000000067e-01 1.683742540282035308e-02
3.300000000000000155e-01 1.683743873185041678e-02
3.400000000000000244e-01 1.683745555891877702e-02
3.499999999999999778e-01 1.683747884557611207e-02
3.599999999999999867e-01 1.683751783111758771e-02
3.699999999999999956e-01 1.683759117614687731e-02
3.800000000000000044e-01 1.683772641499390460e-02
3.900000000000000133e-01 1.683795226791630698e-02
4.000000000000000222e-01 1.683828259682367684e-02
4.099999999999999756e-01 1.683869718039354008e-02
4.199999999999999845e-01 1.683913269154463724e-02
4.299999999999999933e-01 1.683949822855548839e-02
4.400000000000000022e-01 1.683971618910246743e-02
4.500000000000000111e-01 1.683977037921229741e-02
4.600000000000000200e-01 1.683974068721916933e-02
4.699999999999999734e-01 1.683982332497408613e-02
4.799999999999999822e-01 1.684035432958767148e-02
4.899999999999999911e-01 1.684184720534571272e-02
5.000000000000000000e-01 1.684502670075448127e-02
5.100000000000000089e-01 1.685080973638451718e-02
5.200000000000000178e-01 1.686016794320445433e-02
5.300000000000000266e-01 1.687383069171877192e-02
5.400000000000000355e-01 1.689188740650070589e-02
5.500000000000000444e-01 1.691349142853326368e-02
5.600000000000000533e-01 1.693691551612264840e-02
5.699999999999999512e-01 1.696005417693124961e-02
5.799999999999999600e-01 1.698120867134427989e-02
5.899999999999999689e-01 1.699983357494687722e-02
5.999999999999999778e-01 1.701692741613488463e-02
6.099999999999999867e-01 1.703484378968580723e-02
6.199999999999999956e-01 1.705652696460439183e-02
6.300000000000000044e-01 1.708459239544102629e-02
6.400000000000000133e-01 1.712093518226632735e-02
6.500000000000000222e-01 1.716710157068373696e-02
6.600000000000000311e-01 1.722469438952617740e-02
6.700000000000000400e-01 1.729480961907773826e-02
6.800000000000000488e-01 1.737662663864686721e-02
6.899999999999999467e-01 1.746659325060192364e-02
6.999999999999999556e-01 1.755932674241343291e-02
7.099999999999999645e-01 1.764956887901145480e-02
7.199999999999999734e-01 1.773342268435823543e-02
7.299999999999999822e-01 1.780793071161198768e-02
7.399999999999999911e-01 1.786980118316987276e-02
7.500000000000000000e-01 1.791503855514032378e-02
7.600000000000000089e-01 1.794081988311406473e-02
7.700000000000000178e-01 1.794974935333523355e-02
7.800000000000000266e-01 1.795535229464536794e-02
7.900000000000000355e-01 1.798640832012827345e-02
8.000000000000000444e-01 1.808608607915447933e-02
8.100000000000000533e-01 1.830099794194289115e-02
8.199999999999999512e-01 1.865915959889974732e-02
8.299999999999999600e-01 1.914618307116756554e-02
8.399999999999999689e-01 1.969775930204226144e-02
8.499999999999999778e-01 2.022001391589415414e-02
8.599999999999999867e-01 2.062759959930754797e-02
8.699999999999999956e-01 2.087336843668411920e-02
8.800000000000000044e-01 2.095188330821518355e-02
8.900000000000000133e-01 2.088290239770184548e-02
9.000000000000000222e-01 2.069441871112995268e-02
9.100000000000000311e-01 2.041734073780611738e-02
9.200000000000000400e-01 2.008873045908951202e-02
9.300000000000000488e-01 1.975385071566814615e-02
9.399999999999999467e-01 1.946130507798168527e-02
9.499999999999999556e-01 1.925253631105316304e-02
9.599999999999999645e-01 1.915083056740173387e-02
9.699999999999999734e-01 1.915523234525135995e-02
9.799999999999999822e-01 1.924267560844905231e-02
9.899999999999999911e-01 1.937773193090443907e-02
1.000000000000000000e+00 1.952529591255300345e-02
1.010000000000000009e+00 1.966037002851434359e-02
1.020000000000000018e+00 1.977187571239629252e-02
1.030000000000000027e+00 1.986123251913383264e-02
1.040000000000000036e+00 1.993801037248601332e-02
1.050000000000000044e+00 2.001435622784008411e-02
1.060000000000000053e+00 2.009968200338596925e-02
1.070000000000000062e+00 2.019818393796146000e-02
1.080000000000000071e+00 2.031160454108970476e-02
1.090000000000000080e+00 2.044563829465765453e-02
1.100000000000000089e+00 2.061292930953292912e-02
1.110000000000000098e+00 2.082592894393463234e-02
1.120000000000000107e+00 2.108265424608894018e-02
1.129999999999999893e+00 2.135926844208071995e-02
1.139999999999999902e+00 2.162075722178587178e-02
1.149999999999999911e+00 2.184343033037651136e-02
1.159999999999999920e+00 2.202956202327540844e-02
1.169999999999999929e+00 2.220188600752626834e-02
1.179999999999999938e+00 2.238485187156435963e-02
1.189999999999999947e+00 2.258858587488402070e-02
1.199999999999999956e+00 2.280475314845736845e-02
1.209999999999999964e+00 2.301303304579968914e-02
1.219999999999999973e+00 2.319188994603795656e-02
1.229999999999999982e+00 2.332740717535050287e-02
1.239999999999999991e+00 2.341705547509150345e-02
1.250000000000000000e+00 2.346943972820358590e-02
1.260000000000000009e+00 2.350256008558310530e-02
1.270000000000000018e+00 2.354053877239318041e-02
1.280000000000000027e+00 2.360635863605572635e-02
1.290000000000000036e+00 2.371070639977748001e-02
1.300000000000000044e+00 2.384319925531653422e-02
1.310000000000000053e+00 2.397556044371923142e-02
1.320000000000000062e+00 2.408222506605033411e-02
1.330000000000000071e+00 2.417562543636547767e-02
1.340000000000000080e+00 2.434908920485833253e-02
1.350000000000000089e+00 2.482234640325444580e-02
1.360000000000000098e+00 2.598150317060895012e-02
1.370000000000000107e+00 2.838029171964014455e-02
1.379999999999999893e+00 3.263390565871288063e-02
1.389999999999999902e+00 3.915387686317806093e-02
1.399999999999999911e+00 4.780217002831141371e-02
1.409999999999999920e+00 5.771854489253469556e-02
1.419999999999999929e+00 6.758403322891134990e-02
1.429999999999999938e+00 7.628690183382758061e-02
1.439999999999999947e+00 8.355348728090986055e-02
1.449999999999999956e+00 9.002214187296585235e-02
1.459999999999999964e+00 9.665416909967708414e-02
1.469999999999999973e+00 1.039403291909783422e-01
1.479999999999999982e+00 1.115244630388429192e-01
1.489999999999999991e+00 1.184763870810103120e-01
1.500000000000000000e+00 1.239127103144880560e-01
1.510000000000000009e+00 1.274838707664817938e-01
1.520000000000000018e+00 1.294793922574011824e-01
1.530000000000000027e+00 1.306100286330674765e-01
1.540000000000000036e+00 1.316362859057457202e-01
1.550000000000000044e+00 1.329930089642778201e-01
1.560000000000000053e+00 1.345733763823166729e-01
1.570000000000000062e+00 1.358356140055167471e-01
1.580000000000000071e+00 1.362247036045781678e-01
1.590000000000000080e+00 1.356377347933243604e-01
1.600000000000000089e+00 1.346118035958698556e-01
1.610000000000000098e+00 1.341754404761732189e-01
1.620000000000000107e+00 1.355751217970712075e-01
1.629999999999999893e+00 1.400689860876852821e-01
1.639999999999999902e+00 1.487784436998851323e-01
1.649999999999999911e+00 1.625191945344342526e-01
1.659999999999999920e+00 1.816581790320536960e-01
1.669999999999999929e+00 2.061305984025559035e-01
1.679999999999999938e+00 2.356454613338979653e-01
1.689999999999999947e+00 2.699387585997969352e-01
1.699999999999999956e+00 3.089070728280799982e-01
1.709999999999999964e+00 3.525797873708743091e-01
1.719999999999999973e+00 4.010072001780338180e-01
1.729999999999999982e+00 4.541592105327441620e-01
1.739999999999999991e+00 5.118990787986684721e-01
1.750000000000000000e+00 5.740934963491753917e-01
1.760000000000000009e+00 6.409112195315089799e-01
1.770000000000000018e+00 7.132576146831036690e-01
1.780000000000000027e+00 7.930880490113370040e-01
1.790000000000000036e+00 8.831873925601559927e-01
1.800000000000000044e+00 9.861334708704685426e-01
1.810000000000000053e+00 1.102705134201354964e+00
1.820000000000000062e+00 1.230665160137582648e+00
1.830000000000000071e+00 1.364952969780761194e+00
1.840000000000000080e+00 1.499460283357730628e+00
1.850000000000000089e+00 1.629335173425613847e+00
1.860000000000000098e+00 1.752321496974549753e+00
1.870000000000000107e+00 1.868423822583096472e+00
1.879999999999999893e+00 1.978466934966961244e+00
1.889999999999999902e+00 2.082864536585661952e+00
1.899999999999999911e+00 2.181658039456352505e+00
1.909999999999999920e+00 2.275819081184256021e+00
1.919999999999999929e+00 2.368593538482496541e+00
1.929999999999999938e+00 2.465295901406816537e+00
1.939999999999999947e+00 2.571080613328102338e+00
1.949999999999999956e+00 2.688069727660337360e+00
1.959999999999999964e+00 2.813926539856196118e+00
1.969999999999999973e+00 2.942625002424255065e+00
1.979999999999999982e+00 3.066198683141110326e+00
1.989999999999999991e+00 3.175798448822714004e+00
2.000000000000000000e+00 3.261714174393369969e+00
2.009999999999999787e+00 3.313419579223098488e+00
2.020000000000000018e+00 3.320695867990596906e+00
2.029999999999999805e+00 3.275740890438705755e+00
2.040000000000000036e+00 3.175227304011516871e+00
2.049999999999999822e+00 3.021330710300113243e+00
2.060000000000000053e+00 2.821421460926862412e+00
2.069999999999999840e+00 2.586674972356873159e+00
2.080000000000000071e+00 2.330094847142775816e+00
2.089999999999999858e+00 2.064506484386778418e+00
2.100000000000000089e+00 1.801012239391512448e+00
2.109999999999999876e+00 1.548185093251112976e+00
2.120000000000000107e+00 1.311996565954710814e+00
2.129999999999999893e+00 1.096242319846040258e+00
2.140000000000000124e+00 9.031306203163855795e-01
2.149999999999999911e+00 7.337640200156612114e-01
2.160000000000000142e+00 5.883990097365314753e-01
2.169999999999999929e+00 4.665027948026954641e-01
2.180000000000000160e+00 3.667164854634615834e-01
2.189999999999999947e+00 2.868847680690551072e-01
2.200000000000000178e+00 2.242687531934414169e-01
2.209999999999999964e+00 1.759088609682443738e-01
2.220000000000000195e+00 1.389769057621134396e-01
2.229999999999999982e+00 1.109828892646477494e-01
2.240000000000000213e+00 8.983758451243128995e-02
2.250000000000000000e+00 7.385524425813280724e-02
2.259999999999999787e+00 6.174375146889343052e-02
2.270000000000000018e+00 5.256123815417756973e-02
2.279999999999999805e+00 4.561987874771550322e-02
2.290000000000000036e+00 4.037398900047962230e-02
2.299999999999999822e+00 3.635482172849967275e-02
2.310000000000000053e+00 3.317360711862502032e-02
2.319999999999999840e+00 3.055570274675712891e-02
2.330000000000000071e+00 2.835273553176004963e-02
2.339999999999999858e+00 2.651186452071224026e-02
2.350000000000000089e+00 2.502081512449147102e-02
2.359999999999999876e+00 2.386015826224608880e-02
2.370000000000000107e+00 2.298157074776769129e-02
2.379999999999999893e+00 2.231216379555282098e-02
2.390000000000000124e+00 2.177340006596922839e-02
2.399999999999999911e+00 2.130043601416361718e-02
2.410000000000000142e+00 2.085212403723562050e-02
2.419999999999999929e+00 2.041026098408290843e-02
2.430000000000000160e+00 1.997322283894764974e-02
2.439999999999999947e+00 1.954948726467046344e-02
2.450000000000000178e+00 1.915264161847175101e-02
2.459999999999999964e+00 1.879677164619620797e-02
2.470000000000000195e+00 1.849187184960762037e-02
2.479999999999999982e+00 1.824073703260231660e-02
2.490000000000000213e+00 1.803886410596627909e-02
2.500000000000000000e+00 1.787714995873622773e-02
2.509999999999999787e+00 1.774553669089990252e-02
2.520000000000000018e+00 1.763565366487221744e-02
2.529999999999999805e+00 1.754166741630306184e-02
2.540000000000000036e+00 1.745978515896527347e-02
2.549999999999999822e+00 1.738736075709263265e-02
2.560000000000000053e+00 1.732233124160435095e-02
2.569999999999999840e+00 1.726319019743118369e-02
2.580000000000000071e+00 1.720927591747417260e-02
2.589999999999999858e+00 1.716100067383076466e-02
2.600000000000000089e+00 1.711973978362097207e-02
2.609999999999999876e+00 1.708730287036421686e-02
2.620000000000000107e+00 1.706513069280764239e-02
2.629999999999999893e+00 1.705354077548013048e-02
2.640000000000000124e+00 1.705137784901265482e-02
2.649999999999999911e+00 1.705622168045161507e-02
2.660000000000000142e+00 1.706497501545794701e-02
2.669999999999999929e+00 1.707447783254173457e-02
2.680000000000000160e+00 1.708191284462819842e-02
2.689999999999999947e+00 1.708501093150945754e-02
2.700000000000000178e+00 1.708217836818631472e-02
2.709999999999999964e+00 1.707260834615113507e-02
2.720000000000000195e+00 1.705635219051709547e-02
2.729999999999999982e+00 1.703431269926763969e-02
2.740000000000000213e+00 1.700815213431340275e-02
2.750000000000000000e+00 1.698011009556079504e-02
2.759999999999999787e+00 1.695269763353779435e-02
2.770000000000000018e+00 1.692824706067073623e-02
2.779999999999999805e+00 1.690840577976624251e-02
2.790000000000000036e+00 1.689378880116939805e-02
2.799999999999999822e+00 1.688398767964015626e-02
2.810000000000000053e+00 1.687793313603133324e-02
2.819999999999999840e+00 1.687439120079917490e-02
2.830000000000000071e+00 1.687233416235649208e-02
2.839999999999999858e+00 1.687107488197015642e-02
2.850000000000000089e+00 1.687022197839904702e-02
2.859999999999999876e+00 1.686957093674830432e-02
2.870000000000000107e+00 1.686900665632336607e-02
2.879999999999999893e+00 1.686844212513475758e-02
2.890000000000000124e+00 1.686779590000654291e-02
2.899999999999999911e+00 1.686700093341262502e-02
2.910000000000000142e+00 1.686602437345018773e-02
2.919999999999999929e+00 1.686487403877192162e-02
2.930000000000000160e+00 1.686358275740450219e-02
2.939999999999999947e+00 1.686218393317019670e-02
2.950000000000000178e+00 1.686069869263348911e-02
2.959999999999999964e+00 1.685914143082148375e-02
2.970000000000000195e+00 1.685753292266397446e-02
2.979999999999999982e+00 1.685590670069496075e-02
2.990000000000000213e+00 1.685430479558850184e-02
3.000000000000000000e+00 1.685276847354657756e-02
3.009999999999999787e+00 1.685133001182998261e-02
3.020000000000000018e+00 1.685000803289203944e-02
3.029999999999999805e+00 1.684880772260870588e-02
3.040000000000000036e+00 1.684772688437165961e-02
3.049999999999999822e+00 1.684676559054738842e-02
3.060000000000000053e+00 1.684593296295652798e-02
3.069999999999999840e+00 1.684524496173195676e-02
3.080000000000000071e+00 1.684471368884481526e-02
3.089999999999999858e+00 1.684433570933723673e-02
3.100000000000000089e+00 1.684408713256614967e-02
3.109999999999999876e+00 1.684392723451234170e-02
3.120000000000000107e+00 1.684380720895799557e-02
3.129999999999999893e+00 1.684368027128198275e-02
3.140000000000000124e+00 1.684351119671164201e-02
3.149999999999999911e+00 1.684328349536114502e-02
3.160000000000000142e+00 1.684300106708757142e-02
3.169999999999999929e+00 1.684268202928217856e-02
3.180000000000000160e+00 1.684234703698919353e-02
3.189999999999999947e+00 1.684200887721617676e-02
3.200000000000000178e+00 1.684166921608060488e-02
3.209999999999999964e+00 1.684132266549231982e-02
3.220000000000000195e+00 1.684096362284477622e-02
3.229999999999999982e+00 1.684059135340225041e-02
3.240000000000000213e+00 1.684021171455694216e-02
3.250000000000000000e+00 1.683983613525341649e-02
3.259999999999999787e+00 1.683947880551617260e-02
3.270000000000000018e+00 1.683915285729806893e-02
3.279999999999999805e+00 1.683886679458565516e-02
3.290000000000000036e+00 1.683862283299526405e-02
3.299999999999999822e+00 1.683841787581779117e-02
3.310000000000000053e+00 1.683824609340687714e-02
3.319999999999999840e+00 1.683810130954984177e-02
3.330000000000000071e+00 1.683797823831904156e-02
3.339999999999999858e+00 1.683787282302312560e-02
3.350000000000000089e+00 1.683778227750270390e-02
3.359999999999999876e+00 1.683770501338326120e-02
3.370000000000000107e+00 1.683764029188387565e-02
3.379999999999999893e+00 1.683758759511162079e-02
3.390000000000000124e+00 1.683754604452809486e-02
3.399999999999999911e+00 1.683751420166675408e-02
3.410000000000000142e+00 1.683749025691275852e-02
3.419999999999999929e+00 1.683747235072519458e-02
3.430000000000000160e+00 1.683745881084521695e-02
3.439999999999999947e+00 1.683744826998500796e-02
3.450000000000000178e+00 1.683743971657319233e-02
3.459999999999999964e+00 1.683743249625350644e-02
3.470000000000000195e+00 1.683742624314947881e-02
3.479999999999999982e+00 1.683742075344196037e-02
3.490000000000000213e+00 1.683741587050248054e-02
3.500000000000000000e+00 1.683741144396240508e-02
3.509999999999999787e+00 1.683740735588224596e-02
3.520000000000000018e+00 1.683740355665585761e-02
3.529999999999999805e+00 1.683740006741608550e-02
3.540000000000000036e+00 1.683739694996037872e-02
3.549999999999999822e+00 1.683739426875163411e-02
3.560000000000000053e+00 1.683739206302236821e-02
3.569999999999999840e+00 1.683739033240658906e-02
3.580000000000000071e+00 1.683738903428091613e-02
3.589999999999999858e+00 1.683738809268896242e-02
3.600000000000000089e+00 1.683738741687985582e-02
3.609999999999999876e+00 1.683738692150075350e-02
3.620000000000000107e+00 1.683738653914390940e-02
3.629999999999999893e+00 1.683738622248500197e-02
3.640000000000000124e+00 1.683738594052820378e-02
3.649999999999999911e+00 1.683738567447683188e-02
3.660000000000000142e+00 1.683738541483283460e-02
3.669999999999999929e+00 1.683738515875932498e-02
3.680000000000000160e+00 1.683738490805727558e-02
3.689999999999999947e+00 1.683738466917470214e-02
3.700000000000000178e+00 1.683738445378445137e-02
3.709999999999999964e+00 1.683738427571034729e-02
3.720000000000000195e+00 1.683738414342190667e-02
3.729999999999999982e+00 1.683738405380013833e-02
3.740000000000000213e+00 1.683738399329004487e-02
3.750000000000000000e+00 1.683738394567119850e-02
3.759999999999999787e+00 1.683738389986693881e-02
3.770000000000000018e+00 1.683738385244785973e-02
3.779999999999999805e+00 1.683738380494131590e-02
3.790000000000000036e+00 1.683738375970934842e-02
3.799999999999999822e+00 1.683738371761903455e-02
3.810000000000000053e+00 1.683738367802654554e-02
3.819999999999999840e+00 1.683738363977874131e-02
3.830000000000000071e+00 1.683738360203618223e-02
3.839999999999999858e+00 1.683738356463900313e-02
3.850000000000000089e+00 1.683738352820069242e-02
3.859999999999999876e+00 1.683738349397962200e-02
3.870000000000000107e+00 1.683738346343938153e-02
3.879999999999999893e+00 1.683738343761661746e-02
3.890000000000000124e+00 1.683738341669554356e-02
3.899999999999999911e+00 1.683738340010294821e-02
3.910000000000000142e+00 1.683738338700810355e-02
3.919999999999999929e+00 1.683738337679152597e-02
3.930000000000000160e+00 1.683738336914961803e-02
3.939999999999999947e+00 1.683738336387715501e-02
3.950000000000000178e+00 1.683738336062625199e-02
3.959999999999999964e+00 1.683738335886904650e-02
3.970000000000000195e+00 1.683738335804072991e-02
3.979999999999999982e+00 1.683738335769503769e-02
3.990000000000000213e+00 1.683738335756008661e-02
4.000000000000000000e+00 1.683738335750443668e-02
4.009999999999999787e+00 1.683738335747640355e-02
4.019999999999999574e+00 1.683738335745875794e-02
4.030000000000000249e+00 1.683738335744609446e-02
4.040000000000000036e+00 1.683738335743642858e-02
4.049999999999999822e+00 1.683738335742880968e-02
4.059999999999999609e+00 1.683738335742274855e-02
4.070000000000000284e+00 1.683738335741801276e-02
4.080000000000000071e+00 1.683738335741444617e-02
4.089999999999999858e+00 1.683738335741186143e-02
4.099999999999999645e+00 1.683738335741001221e-02
4.110000000000000320e+00 1.683738335740864872e-02
4.120000000000000107e+00 1.683738335740755931e-02
4.129999999999999893e+00 1.683738335740661909e-02
4.139999999999999680e+00 1.683738335740577255e-02
4.150000000000000355e+00 1.683738335740502315e-02
4.160000000000000142e+00 1.683738335740440906e-02
4.169999999999999929e+00 1.683738335740395456e-02
4.179999999999999716e+00 1.683738335740365272e-02
4.190000000000000391e+00 1.683738335740347578e-02
4.200000000000000178e+00 1.683738335740337863e-02
4.209999999999999964e+00 1.683738335740333006e-02
4.219999999999999751e+00 1.683738335740330577e-02
4.230000000000000426e+00 1.683738335740329189e-02
4.240000000000000213e+00 1.683738335740327802e-02
4.250000000000000000e+00 1.683738335740326761e-02
4.259999999999999787e+00 1.683738335740326414e-02
4.269999999999999574e+00 1.683738335740326067e-02
4.280000000000000249e+00 1.683738335740325720e-02
4.290000000000000036e+00 1.683738335740325373e-02
4.299999999999999822e+00 1.683738335740325373e-02
4.309999999999999609e+00 1.683738335740325373e-02
4.320000000000000284e+00 1.683738335740325373e-02
4.330000000000000071e+00 1.683738335740325373e-02
4.339999999999999858e+00 1.683738335740325373e-02
4.349999999999999645e+00 1.683738335740325373e-02
4.360000000000000320e+00 1.683738335740325373e-02
4.370000000000000107e+00 1.683738335740325373e-02
4.379999999999999893e+00 1.683738335740325373e-02
4.389999999999999680e+00 1.683738335740325373e-02
4.400000000000000355e+00 1.683738335740325373e-02
4.410000000000000142e+00 1.683738335740325373e-02
4.419999999999999929e+00 1.683738335740325373e-02
4.429999999999999716e+00 1.683738335740325373e-02
4.440000000000000391e+00 1.683738335740325373e-02
4.450000000000000178e+00 1.683738335740325373e-02
4.459999999999999964e+00 1.683738335740325373e-02
4.469999999999999751e+00 1.683738335740325373e-02
4.480000000000000426e+00 1.683738335740325373e-02
4.490000000000000213e+00 1.683738335740325373e-02
4.500000000000000000e+00 1.683738335740325373e-02
4.509999999999999787e+00 1.683738335740325373e-02
4.519999999999999574e+00 1.683738335740325373e-02
4.530000000000000249e+00 1.683738335740325373e-02
4.540000000000000036e+00 1.683738335740325373e-02
4.549999999999999822e+00 1.683738335740325373e-02
4.559999999999999609e+00 1.683738335740325373e-02
4.570000000000000284e+00 1.683738335740325373e-02
4.580000000000000071e+00 1.683738335740325373e-02
4.589999999999999858e+00 1.683738335740325373e-02
4.599999999999999645e+00 1.683738335740325373e-02
4.610000000000000320e+00 1.683738335740325373e-02
4.620000000000000107e+00 1.683738335740325373e-02
4.629999999999999893e+00 1.683738335740325373e-02
4.639999999999999680e+00 1.683738335740325373e-02
4.650000000000000355e+00 1.683738335740325373e-02
4.660000000000000142e+00 1.683738335740325373e-02
4.669999999999999929e+00 1.683738335740325373e-02
4.679999999999999716e+00 1.683738335740325373e-02
4.690000000000000391e+00 1.683738335740325373e-02
4.700000000000000178e+00 1.683738335740325373e-02
4.709999999999999964e+00 1.683738335740325373e-02
4.719999999999999751e+00 1.683738335740325373e-02
4.730000000000000426e+00 1.683738335740325373e-02
4.740000000000000213e+00 1.683738335740325373e-02
4.750000000000000000e+00 1.683738335740325373e-02
4.759999999999999787e+00 1.683738335740325373e-02
4.769999999999999574e+00 1.683738335740325373e-02
4.780000000000000249e+00 1.683738335740325373e-02
4.790000000000000036e+00 1.683738335740325373e-02
4.799999999999999822e+00 1.683738335740325373e-02
4.809999999999999609e+00 1.683738335740325373e-02
4.820000000000000284e+00 1.683738335740325373e-02
4.830000000000000071e+00 1.683738335740325373e-02
4.839999999999999858e+00 1.683738335740325373e-02
4.849999999999999645e+00 1.683738335740325373e-02
4.860000000000000320e+00 1.683738335740325373e-02
4.870000000000000107e+00 1.683738335740325373e-02
4.879999999999999893e+00 1.683738335740325373e-02
4.889999999999999680e+00 1.683738335740325373e-02
4.900000000000000355e+00 1.683738335740325373e-02
4.910000000000000142e+00 1.683738335740325373e-02
4.919999999999999929e+00 1.683738335740325373e-02
4.929999999999999716e+00 1.683738335740325373e-02
4.940000000000000391e+00 1.683738335740325373e-02
4.950000000000000178e+00 1.683738335740325373e-02
4.959999999999999964e+00 1.683738335740325373e-02
4.969999999999999751e+00 1.683738335740325373e-02
4.980000000000000426e+00 1.683738335740325373e-02
4.990000000000000213e+00 1.683738335740325373e-02
5.000000000000000000e+00 1.683738335740325373e-02
5.009999999999999787e+00 1.683738335740325373e-02
5.019999999999999574e+00 1.683738335740325373e-02
5.030000000000000249e+00 1.683738335740325373e-02
5.040000000000000036e+00 1.683738335740325373e-02
5.049999999999999822e+00 1.683738335740325373e-02
5.059999999999999609e+00 1.683738335740325373e-02
5.070000000000000284e+00 1.683738335740325373e-02
5.080000000000000071e+00 1.683738335740325373e-02
5.089999999999999858e+00 1.683738335740325373e-02
5.099999999999999645e+00 1.683738335740325373e-02
5.110000000000000320e+00 1.683738335740325373e-02
5.120000000000000107e+00 1.683738335740325373e-02
5.129999999999999893e+00 1.683738335740325373e-02
5.139999999999999680e+00 1.683738335740325373e-02
5.150000000000000355e+00 1.683738335740325373e-02
5.160000000000000142e+00 1.683738335740325373e-02
5.169999999999999929e+00 1.683738335740325373e-02
5.179999999999999716e+00 1.683738335740325373e-02
5.190000000000000391e+00 1.683738335740325373e-02
5.200000000000000178e+00 1.683738335740325373e-02
5.209999999999999964e+00 1.683738335740325373e-02
5.219999999999999751e+00 1.683738335740325373e-02
5.230000000000000426e+00 1.683738335740325373e-02
5.240000000000000213e+00 1.683738335740325373e-02
5.250000000000000000e+00 1.683738335740325373e-02
5.259999999999999787e+00 1.683738335740325373e-02
5.269999999999999574e+00 1.683738335740325373e-02
5.280000000000000249e+00 1.683738335740325373e-02
5.290000000000000036e+00 1.683738335740325373e-02
5.299999999999999822e+00 1.683738335740325373e-02
5.309999999999999609e+00 1.683738335740325373e-02
5.320000000000000284e+00 1.683738335740325373e-02
5.330000000000000071e+00 1.683738335740325373e-02
5.339999999999999858e+00 1.683738335740325373e-02
5.349999999999999645e+00 1.683738335740325373e-02
5.360000000000000320e+00 1.683738335740325373e-02
5.370000000000000107e+00 1.683738335740325373e-02
5.379999999999999893e+00 1.683738335740325373e-02
5.389999999999999680e+00 1.683738335740325373e-02
5.400000000000000355e+00 1.683738335740325373e-02
5.410000000000000142e+00 1.683738335740325373e-02
5.419999999999999929e+00 1.683738335740325373e-02
5.429999999999999716e+00 1.683738335740325373e-02
5.440000000000000391e+00 1.683738335740325373e-02
5.450000000000000178e+00 1.683738335740325373e-02
5.459999999999999964e+00 1.683738335740325373e-02
5.469999999999999751e+00 1.683738335740325373e-02
5.480000000000000426e+00 1.683738335740325373e-02
5.490000000000000213e+00 1.683738335740325373e-02
5.500000000000000000e+00 1.683738335740325373e-02
5.509999999999999787e+00 1.683738335740325373e-02
5.519999999999999574e+00 1.683738335740325373e-02
5.530000000000000249e+00 1.683738335740325373e-02
5.540000000000000036e+00 1.683738335740325373e-02
5.549999999999999822e+00 1.683738335740325373e-02
5.559999999999999609e+00 1.683738335740325373e-02
5.570000000000000284e+00 1.683738335740325373e-02
5.580000000000000071e+00 1.683738335740325373e-02
5.589999999999999858e+00 1.683738335740325373e-02
5.599999999999999645e+00 1.683738335740325373e-02
5.610000000000000320e+00 1.683738335740325373e-02
5.620000000000000107e+00 1.683738335740325373e-02
5.629999999999999893e+00 1.683738335740325373e-02
5.639999999999999680e+00 1.683738335740325373e-02
5.650000000000000355e+00 1.683738335740325373e-02
5.660000000000000142e+00 1.683738335740325373e-02
5.669999999999999929e+00 1.683738335740325373e-02
5.679999999999999716e+00 1.683738335740325373e-02
5.690000000000000391e+00 1.683738335740325373e-02
5.700000000000000178e+00 1.683738335740325373e-02
5.709999999999999964e+00 1.683738335740325373e-02
5.719999999999999751e+00 1.683738335740325373e-02
5.730000000000000426e+00 1.683738335740325373e-02
5.740000000000000213e+00 1.683738335740325373e-02
5.750000000000000000e+00 1.683738335740325373e-02
5.759999999999999787e+00 1.683738335740325373e-02
5.769999999999999574e+00 1.683738335740325373e-02
5.780000000000000249e+00 1.683738335740325373e-02
5.790000000000000036e+00 1.683738335740325373e-02
5.799999999999999822e+00 1.683738335740325373e-02
5.809999999999999609e+00 1.683738335740325373e-02
5.820000000000000284e+00 1.683738335740325373e-02
5.830000000000000071e+00 1.683738335740325373e-02
5.839999999999999858e+00 1.683738335740325373e-02
5.849999999999999645e+00 1.683738335740325373e-02
5.860000000000000320e+00 1.683738335740325373e-02
5.870000000000000107e+00 1.683738335740325373e-02
5.879999999999999893e+00 1.683738335740325373e-02
5.889999999999999680e+00 1.683738335740325373e-02
5.900000000000000355e+00 1.683738335740325373e-02
5.910000000000000142e+00 1.683738335740325373e-02
5.919999999999999929e+00 1.683738335740325373e-02
5.929999999999999716e+00 1.683738335740325373e-02
5.940000000000000391e+00 1.683738335740325373e-02
5.950000000000000178e+00 1.683738335740325373e-02
5.959999999999999964e+00 1.683738335740325373e-02
5.969999999999999751e+00 1.683738335740325373e-02
5.980000000000000426e+00 1.683738335740325373e-02
5.990000000000000213e+00 1.683738335740325373e-02
6.000000000000000000e+00 1.683738335740325373e-02
6.200000000000000178e+00 1.683738335740325373e-02
6.400000000000000355e+00 1.683738335740325373e-02
6.599999999999999645e+00 1.683738335740325373e-02
6.799999999999999822e+00 1.683738335740325373e-02
7.000000000000000000e+00 0.000000000000000000e+00
