0.000000000000000000e+00 0.000000000000000000e+00
1.000000000000000021e-02 1.415701529230634255e-02
2.000000000000000042e-02 1.415705353772749725e-02
2.999999999999999889e-02 1.415712024293962722e-02
4.000000000000000083e-02 1.415722565307864916e-02
5.000000000000000278e-02 1.415737971260430314e-02
5.999999999999999778e-02 1.415759957173605248e-02
7.000000000000000666e-02 1.415794554963808495e-02
8.000000000000000167e-02 1.415863075367095741e-02
8.999999999999999667e-02 1.416028120957522722e-02
1.000000000000000056e-01 1.416442895372064907e-02
1.100000000000000006e-01 1.417422638350150643e-02
1.199999999999999956e-01 1.419511093698248329e-02
1.300000000000000044e-01 1.423483170985222201e-02
1.400000000000000133e-01 1.430230139191327084e-02
1.499999999999999944e-01 1.440569107790302082e-02
1.600000000000000033e-01 1.455196654550974800e-02
1.700000000000000122e-01 1.475131645288814408e-02
1.799999999999999933e-01 1.502832679556549873e-02
1.900000000000000022e-01 1.543591355232324693e-02
2.000000000000000111e-01 1.606022377291969200e-02
2.099999999999999922e-01 1.700166017865972420e-02
2.200000000000000011e-01 1.832545806841791303e-02
2.300000000000000100e-01 1.999422188475049808e-02
2.399999999999999911e-01 2.181544402225200213e-02
2.500000000000000000e-01 2.344685836338185683e-02
2.600000000000000089e-01 2.448835127612000728e-02
2.700000000000000178e-01 2.464235176296670007e-02
2.800000000000000266e-01 2.386262886885930773e-02
2.899999999999999800e-01 2.238970048974167279e-02
2.999999999999999889e-01 2.063486352229777776e-02
3.099999999999999978e-01 1.898618329084991729e-02
3.200000000000000067e-01 1.766472095763890748e-02
3.300000000000000155e-01 1.670482672694735549e-02
3.400000000000000244e-01 1.603007592533891440e-02
3.499999999999999778e-01 1.554417517270360177e-02
3.599999999999999867e-01 1.518042562126638642e-02
3.699999999999999956e-01 1.490564275708626020e-02
3.800000000000000044e-01 1.470380055649638668e-02
3.900000000000000133e-01 1.456203136244679786e-02
4.000000000000000222e-01 1.446619840683730646e-02
4.099999999999999756e-01 1.440262625483837260e-02
4.199999999999999845e-01 1.436069003154115051e-02
4.299999999999999933e-01 1.433352713910557817e-02
4.400000000000000022e-01 1.431680814580508360e-02
4.500000000000000111e-01 1.430686465783647873e-02
4.600000000000000200e-01 1.429965059970177838e-02
4.699999999999999734e-01 1.429122223203232317e-02
4.799999999999999822e-01 1.427912265684248144e-02
4.899999999999999911e-01 1.426328610108614295e-02
5.000000000000000000e-01 1.424559336058938384e-02
5.100000000000000089e-01 1.422848567778873911e-02
5.200000000000000178e-01 1.421376253186831459e-02
5.300000000000000266e-01 1.420224892619536237e-02
5.400000000000000355e-01 1.419409775044029251e-02
5.500000000000000444e-01 1.418908787065027710e-02
5.600000000000000533e-01 1.418661562611479333e-02
5.699999999999999512e-01 1.418560780844691470e-02
5.799999999999999600e-01 1.418472142939860604e-02
5.899999999999999689e-01 1.418286437393846515e-02
5.999999999999999778e-01 1.417967582715338321e-02
6.099999999999999867e-01 1.417558129541475996e-02
6.199999999999999956e-01 1.417140086603687656e-02
6.300000000000000044e-01 1.416784423253946053e-02
6.400000000000000133e-01 1.416523220880695766e-02
6.500000000000000222e-01 1.416351777539092381e-02
6.600000000000000311e-01 1.416245763825868705e-02
6.700000000000000400e-01 1.416177233570091454e-02
6.800000000000000488e-01 1.416123686580809081e-02
6.899999999999999467e-01 1.416071602212721180e-02
6.999999999999999556e-01 1.416016373704758087e-02
7.099999999999999645e-01 1.415959532033958176e-02
7.199999999999999734e-01 1.415904820416163078e-02
7.299999999999999822e-01 1.415855333887118019e-02
7.399999999999999911e-01 1.415812723609195280e-02
7.500000000000000000e-01 1.415777650941888247e-02
7.600000000000000089e-01 1.415750243820477691e-02
7.700000000000000178e-01 1.415730143890342463e-02
7.800000000000000266e-01 1.415716448224821171e-02
7.900000000000000355e-01 1.415707837536540371e-02
8.000000000000000444e-01 1.415702866485003125e-02
8.100000000000000533e-01 1.415700243043196971e-02
8.199999999999999512e-01 1.415698983588103282e-02
8.299999999999999600e-01 1.415698436333873676e-02
8.399999999999999689e-01 1.415698221994282635e-02
8.499999999999999778e-01 1.415698146433728988e-02
8.599999999999999867e-01 1.415698122371284763e-02
8.699999999999999956e-01 1.415698115377597363e-02
8.800000000000000044e-01 1.415698113513994515e-02
8.900000000000000133e-01 1.415698113112096729e-02
9.000000000000000222e-01 1.415698113156875493e-02
9.100000000000000311e-01 1.415698113392748793e-02
9.200000000000000400e-01 1.415698113765577297e-02
9.300000000000000488e-01 1.415698114271026799e-02
9.399999999999999467e-01 1.415698114914564626e-02
9.499999999999999556e-01 1.415698115705391405e-02
9.599999999999999645e-01 1.415698116664797744e-02
9.699999999999999734e-01 1.415698117841469351e-02
9.799999999999999822e-01 1.415698119331735075e-02
9.899999999999999911e-01 1.415698121316085259e-02
1.000000000000000000e+00 1.415698124153631429e-02
1.010000000000000009e+00 1.415698128631984187e-02
1.020000000000000018e+00 1.415698136544508989e-02
1.030000000000000027e+00 1.415698151813156100e-02
1.040000000000000036e+00 1.415698182308919827e-02
1.050000000000000044e+00 1.415698242272696653e-02
1.060000000000000053e+00 1.415698354819008853e-02
1.070000000000000062e+00 1.415698553606054878e-02
1.080000000000000071e+00 1.415698882862294859e-02
1.090000000000000080e+00 1.415699396127921041e-02
1.100000000000000089e+00 1.415700155971467110e-02
1.110000000000000098e+00 1.415701237386019634e-02
1.120000000000000107e+00 1.415702733382725315e-02
1.129999999999999893e+00 1.415704751920967772e-02
1.139999999999999902e+00 1.415707385014030456e-02
1.149999999999999911e+00 1.415710636754270897e-02
1.159999999999999920e+00 1.415714327254206061e-02
1.169999999999999929e+00 1.415718032694001857e-02
1.179999999999999938e+00 1.415721137295378879e-02
1.189999999999999947e+00 1.415723021732988481e-02
1.199999999999999956e+00 1.415723310959814130e-02
1.209999999999999964e+00 1.415722036280794502e-02
1.219999999999999973e+00 1.415719606823966775e-02
1.229999999999999982e+00 1.415716611868047745e-02
1.239999999999999991e+00 1.415713581347358314e-02
1.250000000000000000e+00 1.415710835889568558e-02
1.260000000000000009e+00 1.415708476207921951e-02
1.270000000000000018e+00 1.415706471241438835e-02
1.280000000000000027e+00 1.415704764084797264e-02
1.290000000000000036e+00 1.415703333132514903e-02
1.300000000000000044e+00 1.415702195072833514e-02
1.310000000000000053e+00 1.415701377480903592e-02
1.320000000000000062e+00 1.415700896955400696e-02
1.330000000000000071e+00 1.415700758373277142e-02
1.340000000000000080e+00 1.415700966165562950e-02
1.350000000000000089e+00 1.415701529399714283e-02
1.360000000000000098e+00 1.415702450976186882e-02
1.370000000000000107e+00 1.415703706791721778e-02
1.379999999999999893e+00 1.415705230548474497e-02
1.389999999999999902e+00 1.415706916432516761e-02
1.399999999999999911e+00 1.415708637559274022e-02
1.409999999999999920e+00 1.415710265212700471e-02
1.419999999999999929e+00 1.415711675018606341e-02
1.429999999999999938e+00 1.415712741114140590e-02
1.439999999999999947e+00 1.415713334111110694e-02
1.449999999999999956e+00 1.415713338916609401e-02
1.459999999999999964e+00 1.415712693013741058e-02
1.469999999999999973e+00 1.415711426575440128e-02
1.479999999999999982e+00 1.415709677802801623e-02
1.489999999999999991e+00 1.415707667455120243e-02
1.500000000000000000e+00 1.415705639846661507e-02
1.510000000000000009e+00 1.415703797677143709e-02
1.520000000000000018e+00 1.415702260459308567e-02
1.530000000000000027e+00 1.415701060104521472e-02
1.540000000000000036e+00 1.415700165706151002e-02
1.550000000000000044e+00 1.415699517865047323e-02
1.560000000000000053e+00 1.415699055617287636e-02
1.570000000000000062e+00 1.415698729504063537e-02
1.580000000000000071e+00 1.415698503408174477e-02
1.590000000000000080e+00 1.415698351174789725e-02
1.600000000000000089e+00 1.415698252822341664e-02
1.610000000000000098e+00 1.415698192368448731e-02
1.620000000000000107e+00 1.415698157156219765e-02
1.629999999999999893e+00 1.415698137762698774e-02
1.639999999999999902e+00 1.415698127766119863e-02
1.649999999999999911e+00 1.415698123172141713e-02
1.659999999999999920e+00 1.415698121661723187e-02
1.669999999999999929e+00 1.415698121897749316e-02
1.679999999999999938e+00 1.415698123031602397e-02
1.689999999999999947e+00 1.415698124433904283e-02
1.699999999999999956e+00 1.415698125602467099e-02
1.709999999999999964e+00 1.415698126172996139e-02
1.719999999999999973e+00 1.415698125957979073e-02
1.729999999999999982e+00 1.415698124959581354e-02
1.739999999999999991e+00 1.415698123336544753e-02
1.750000000000000000e+00 1.415698121337368234e-02
1.760000000000000009e+00 1.415698119227091004e-02
1.770000000000000018e+00 1.415698117230584918e-02
1.780000000000000027e+00 1.415698115501796278e-02
1.790000000000000036e+00 1.415698114117049447e-02
1.800000000000000044e+00 1.415698113085417202e-02
1.810000000000000053e+00 1.415698112368455643e-02
1.820000000000000062e+00 1.415698111902555234e-02
1.830000000000000071e+00 1.415698111618556368e-02
1.840000000000000080e+00 1.415698111455253837e-02
1.850000000000000089e+00 1.415698111365841852e-02
1.860000000000000098e+00 1.415698111318564913e-02
1.870000000000000107e+00 1.415698111293999840e-02
1.879999999999999893e+00 1.415698111281297501e-02
1.889999999999999902e+00 1.415698111274864453e-02
1.899999999999999911e+00 1.415698111272022802e-02
1.909999999999999920e+00 1.415698111271590162e-02
1.919999999999999929e+00 1.415698111273096076e-02
1.929999999999999938e+00 1.415698111276348509e-02
1.939999999999999947e+00 1.415698111281179020e-02
1.949999999999999956e+00 1.415698111287291144e-02
1.959999999999999964e+00 1.415698111294201762e-02
1.969999999999999973e+00 1.415698111301305281e-02
1.979999999999999982e+00 1.415698111308054223e-02
1.989999999999999991e+00 1.415698111314250482e-02
2.000000000000000000e+00 1.415698111320418638e-02
2.009999999999999787e+00 1.415698111328258894e-02
2.020000000000000018e+00 1.415698111341232371e-02
2.029999999999999805e+00 1.415698111365433845e-02
2.040000000000000036e+00 1.415698111411049266e-02
2.049999999999999822e+00 1.415698111494662938e-02
2.060000000000000053e+00 1.415698111642235170e-02
2.069999999999999840e+00 1.415698111891630119e-02
2.080000000000000071e+00 1.415698112292590634e-02
2.089999999999999858e+00 1.415698112902117820e-02
2.100000000000000089e+00 1.415698113775726644e-02
2.109999999999999876e+00 1.415698114960905855e-02
2.120000000000000107e+00 1.415698116507049797e-02
2.129999999999999893e+00 1.415698118511772574e-02
2.140000000000000124e+00 1.415698121220439198e-02
2.149999999999999911e+00 1.415698125180205741e-02
2.160000000000000142e+00 1.415698131425750621e-02
2.169999999999999929e+00 1.415698141653127032e-02
2.180000000000000160e+00 1.415698158333115152e-02
2.189999999999999947e+00 1.415698184726076926e-02
2.200000000000000178e+00 1.415698224771681432e-02
2.209999999999999964e+00 1.415698282835991736e-02
2.220000000000000195e+00 1.415698363363439467e-02
2.229999999999999982e+00 1.415698470718474572e-02
2.240000000000000213e+00 1.415698609956315100e-02
2.250000000000000000e+00 1.415698789748883607e-02
2.259999999999999787e+00 1.415699028902148854e-02
2.270000000000000018e+00 1.415699367945039491e-02
2.279999999999999805e+00 1.415699888280297358e-02
2.290000000000000036e+00 1.415700745182447984e-02
2.299999999999999822e+00 1.415702227613421446e-02
2.310000000000000053e+00 1.415704861963334830e-02
2.319999999999999840e+00 1.415709567454734308e-02
2.330000000000000071e+00 1.415717842835975508e-02
2.339999999999999858e+00 1.415731935147076376e-02
2.350000000000000089e+00 1.415754951542389818e-02
2.359999999999999876e+00 1.415790949498878064e-02
2.370000000000000107e+00 1.415845152734313168e-02
2.379999999999999893e+00 1.415924528361198892e-02
2.390000000000000124e+00 1.416038984364979651e-02
2.399999999999999911e+00 1.416203394168878346e-02
2.410000000000000142e+00 1.416440474357835190e-02
2.419999999999999929e+00 1.416784096841617810e-02
2.430000000000000160e+00 1.417281841252394751e-02
2.439999999999999947e+00 1.417994814410715801e-02
2.450000000000000178e+00 1.418992817929302409e-02
2.459999999999999964e+00 1.420344689181225750e-02
2.470000000000000195e+00 1.422107168091950487e-02
2.479999999999999982e+00 1.424320061285727287e-02
2.490000000000000213e+00 1.427019303057994182e-02
2.500000000000000000e+00 1.430280661827208928e-02
2.509999999999999787e+00 1.434302088029077230e-02
2.520000000000000018e+00 1.439518705228695454e-02
2.529999999999999805e+00 1.446722150660980852e-02
2.540000000000000036e+00 1.457134824397804743e-02
2.549999999999999822e+00 1.472382588425466196e-02
2.560000000000000053e+00 1.494319289401565241e-02
2.569999999999999840e+00 1.524675647750291588e-02
2.580000000000000071e+00 1.564542658587909918e-02
2.589999999999999858e+00 1.613790979498555198e-02
2.600000000000000089e+00 1.670673450057401713e-02
2.609999999999999876e+00 1.731948039721031146e-02
2.620000000000000107e+00 1.793721423851951657e-02
2.629999999999999893e+00 1.852810734867328668e-02
2.640000000000000124e+00 1.907995481182262615e-02
2.649999999999999911e+00 1.960470457627916385e-02
2.660000000000000142e+00 2.013254725169173406e-02
2.669999999999999929e+00 2.069922020686982070e-02
2.680000000000000160e+00 2.133280074581127631e-02
2.689999999999999947e+00 2.204412456737238346e-02
2.700000000000000178e+00 2.282151960432807908e-02
2.709999999999999964e+00 2.362915056064009839e-02
2.720000000000000195e+00 2.440879552835804184e-02
2.729999999999999982e+00 2.508553562329924810e-02
2.740000000000000213e+00 2.557801681459164270e-02
2.750000000000000000e+00 2.581384625355199330e-02
2.759999999999999787e+00 2.574929528543607946e-02
2.770000000000000018e+00 2.538819314043057676e-02
2.779999999999999805e+00 2.478979093257782651e-02
2.790000000000000036e+00 2.405634288478851468e-02
2.799999999999999822e+00 2.330187695451252025e-02
2.810000000000000053e+00 2.261665684947162039e-02
2.819999999999999840e+00 2.204485663052307282e-02
2.830000000000000071e+00 2.158314615310324286e-02
2.839999999999999858e+00 2.119484485087043055e-02
2.850000000000000089e+00 2.082890661933824855e-02
2.859999999999999876e+00 2.043695238575402029e-02
2.870000000000000107e+00 1.998786496623564460e-02
2.879999999999999893e+00 1.948067598050379212e-02
2.890000000000000124e+00 1.895216754222136396e-02
2.899999999999999911e+00 1.847216467672521331e-02
2.910000000000000142e+00 1.812315764729054840e-02
2.919999999999999929e+00 1.797092666851554318e-02
2.930000000000000160e+00 1.804082910688546704e-02
2.939999999999999947e+00 1.831176592222104674e-02
2.950000000000000178e+00 1.872797012063059582e-02
2.959999999999999964e+00 1.921882608338161200e-02
2.970000000000000195e+00 1.971679482211773776e-02
2.979999999999999982e+00 2.016953024150970955e-02
2.990000000000000213e+00 2.054703808111047608e-02
3.000000000000000000e+00 2.084653149244388576e-02
3.009999999999999787e+00 2.109791751066156934e-02
3.020000000000000018e+00 2.137063793590444558e-02
3.029999999999999805e+00 2.177711326207442885e-02
3.040000000000000036e+00 2.246403785884735702e-02
3.049999999999999822e+00 2.358746752626822429e-02
3.060000000000000053e+00 2.528029824675302045e-02
3.069999999999999840e+00 2.762914952976185806e-02
3.080000000000000071e+00 3.067115706855110674e-02
3.089999999999999858e+00 3.440567586488118418e-02
3.100000000000000089e+00 3.880783816266335229e-02
3.109999999999999876e+00 4.383631490338323056e-02
3.120000000000000107e+00 4.943642332455828320e-02
3.129999999999999893e+00 5.554154852968763018e-02
3.140000000000000124e+00 6.207234088497626256e-02
3.149999999999999911e+00 6.893218984855421783e-02
3.160000000000000142e+00 7.600165058516390737e-02
3.169999999999999929e+00 8.313879126382656137e-02
3.180000000000000160e+00 9.019087923169595566e-02
3.189999999999999947e+00 9.701440785662573951e-02
3.200000000000000178e+00 1.034891412244386272e-01
3.209999999999999964e+00 1.095060616236330497e-01
3.220000000000000195e+00 1.149210966675509871e-01
3.229999999999999982e+00 1.194992313895797270e-01
3.240000000000000213e+00 1.229016524931077908e-01
3.250000000000000000e+00 1.247522093984790165e-01
3.259999999999999787e+00 1.247580101380016543e-01
3.270000000000000018e+00 1.228110409880063814e-01
3.279999999999999805e+00 1.190169362992646584e-01
3.290000000000000036e+00 1.136607165341306652e-01
3.299999999999999822e+00 1.071575166794456746e-01
3.310000000000000053e+00 1.000212953720517051e-01
3.319999999999999840e+00 9.285119176017861409e-02
3.330000000000000071e+00 8.632080012138738934e-02
3.339999999999999858e+00 8.116100434917158934e-02
3.350000000000000089e+00 7.813823918291412651e-02
3.359999999999999876e+00 7.804230147694711517e-02
3.370000000000000107e+00 8.170764771904719115e-02
3.379999999999999893e+00 9.008710446874984568e-02
3.390000000000000124e+00 1.043677761153907063e-01
3.399999999999999911e+00 1.260791175212832016e-01
3.410000000000000142e+00 1.571308517659313897e-01
3.419999999999999929e+00 1.997693979050088886e-01
3.430000000000000160e+00 2.565334469940038220e-01
3.439999999999999947e+00 3.303002316261411386e-01
3.450000000000000178e+00 4.243169309914978649e-01
3.459999999999999964e+00 5.418308794074571111e-01
3.470000000000000195e+00 6.849966651966366005e-01
3.479999999999999982e+00 8.533725405680174791e-01
3.490000000000000213e+00 1.043022712022019238e+00
3.500000000000000000e+00 1.247213589630422614e+00
3.509999999999999787e+00 1.458802347600556271e+00
3.520000000000000018e+00 1.673350838730068402e+00
3.529999999999999805e+00 1.891470657286743018e+00
3.540000000000000036e+00 2.119104590509873542e+00
3.549999999999999822e+00 2.365125665402319388e+00
3.560000000000000053e+00 2.636489794043461732e+00
3.569999999999999840e+00 2.932262936008827481e+00
3.580000000000000071e+00 3.239226993320902803e+00
3.589999999999999858e+00 3.532486071152570961e+00
3.600000000000000089e+00 3.782840054931968954e+00
3.609999999999999876e+00 3.968510669491534415e+00
3.620000000000000107e+00 4.084737276947923768e+00
3.629999999999999893e+00 4.144427562956611411e+00
3.640000000000000124e+00 4.168038734190041339e+00
3.649999999999999911e+00 4.168685097474532419e+00
3.660000000000000142e+00 4.142978620108432430e+00
3.669999999999999929e+00 4.074216245213982290e+00
3.680000000000000160e+00 3.944544802426831254e+00
3.689999999999999947e+00 3.745947914755892061e+00
3.700000000000000178e+00 3.482758471237909603e+00
3.709999999999999964e+00 3.166907512291664339e+00
3.720000000000000195e+00 2.812182445143907472e+00
3.729999999999999982e+00 2.431974871646596092e+00
3.740000000000000213e+00 2.040403493763514486e+00
3.750000000000000000e+00 1.654000879257754075e+00
3.759999999999999787e+00 1.291358582676850775e+00
3.770000000000000018e+00 9.700370003913953987e-01
3.779999999999999805e+00 7.022822540023374582e-01
3.790000000000000036e+00 4.921943866011164737e-01
3.799999999999999822e+00 3.360113188564734510e-01
3.810000000000000053e+00 2.249594319111698770e-01
3.819999999999999840e+00 1.487066309084493776e-01
3.830000000000000071e+00 9.779517223380145008e-02
3.839999999999999858e+00 6.465756762229026011e-02
3.850000000000000089e+00 4.367001064157186724e-02
3.859999999999999876e+00 3.081631454563418457e-02
3.870000000000000107e+00 2.329468444494894874e-02
3.879999999999999893e+00 1.918155358600655280e-02
3.890000000000000124e+00 1.717206472003775242e-02
3.899999999999999911e+00 1.639055693146506884e-02
3.910000000000000142e+00 1.625581099115528186e-02
3.919999999999999929e+00 1.638556871326196998e-02
3.930000000000000160e+00 1.653272269169443406e-02
3.939999999999999947e+00 1.655095184368363462e-02
3.950000000000000178e+00 1.638176860545643640e-02
3.959999999999999964e+00 1.604484321205629574e-02
3.970000000000000195e+00 1.561440745649400608e-02
3.979999999999999982e+00 1.518081479178750096e-02
3.990000000000000213e+00 1.481361341276979382e-02
4.000000000000000000e+00 1.454368803017074344e-02
4.009999999999999787e+00 1.436768747943113766e-02
4.019999999999999574e+00 1.426407940878658687e-02
4.030000000000000249e+00 1.420816199622466219e-02
4.040000000000000036e+00 1.418012861221710358e-02
4.049999999999999822e+00 1.416693366335689333e-02
4.059999999999999609e+00 1.416105654485993147e-02
4.070000000000000284e+00 1.415856808526612387e-02
4.080000000000000071e+00 1.415756591501638947e-02
4.089999999999999858e+00 1.415718352286649516e-02
4.099999999999999645e+00 1.415704635219017064e-02
4.110000000000000320e+00 1.415700055164788480e-02
4.120000000000000107e+00 1.415698645358835599e-02
4.129999999999999893e+00 1.415698247640013140e-02
4.139999999999999680e+00 1.415698144503278744e-02
4.150000000000000355e+00 1.415698119414002948e-02
4.160000000000000142e+00 1.415698113405019706e-02
4.169999999999999929e+00 1.415698111880744729e-02
4.179999999999999716e+00 1.415698111449514331e-02
4.190000000000000391e+00 1.415698111316312201e-02
4.200000000000000178e+00 1.415698111274355485e-02
4.209999999999999964e+00 1.415698111261662340e-02
4.219999999999999751e+00 1.415698111258103728e-02
4.230000000000000426e+00 1.415698111257196988e-02
4.240000000000000213e+00 1.415698111256988127e-02
4.250000000000000000e+00 1.415698111256944412e-02
4.259999999999999787e+00 1.415698111256934871e-02
4.269999999999999574e+00 1.415698111256932443e-02
4.280000000000000249e+00 1.415698111256931228e-02
4.290000000000000036e+00 1.415698111256930534e-02
4.299999999999999822e+00 1.415698111256930014e-02
4.309999999999999609e+00 1.415698111256929667e-02
4.320000000000000284e+00 1.415698111256929667e-02
4.330000000000000071e+00 1.415698111256929320e-02
4.339999999999999858e+00 1.415698111256929320e-02
4.349999999999999645e+00 1.415698111256929320e-02
4.360000000000000320e+00 1.415698111256928973e-02
4.370000000000000107e+00 1.415698111256928973e-02
4.379999999999999893e+00 1.415698111256928973e-02
4.389999999999999680e+00 1.415698111256928973e-02
4.400000000000000355e+00 1.415698111256928973e-02
4.410000000000000142e+00 1.415698111256928973e-02
4.419999999999999929e+00 1.415698111256928973e-02
4.429999999999999716e+00 1.415698111256928973e-02
4.440000000000000391e+00 1.415698111256928973e-02
4.450000000000000178e+00 1.415698111256928973e-02
4.459999999999999964e+00 1.415698111256928973e-02
4.469999999999999751e+00 1.415698111256928973e-02
4.480000000000000426e+00 1.415698111256928973e-02
4.490000000000000213e+00 1.415698111256928973e-02
4.500000000000000000e+00 1.415698111256928973e-02
4.509999999999999787e+00 1.415698111256928973e-02
4.519999999999999574e+00 1.415698111256928973e-02
4.530000000000000249e+00 1.415698111256928973e-02
4.540000000000000036e+00 1.415698111256928973e-02
4.549999999999999822e+00 1.415698111256928973e-02
4.559999999999999609e+00 1.415698111256928973e-02
4.570000000000000284e+00 1.415698111256928973e-02
4.580000000000000071e+00 1.415698111256928973e-02
4.589999999999999858e+00 1.415698111256928973e-02
4.599999999999999645e+00 1.415698111256928973e-02
4.610000000000000320e+00 1.415698111256928973e-02
4.620000000000000107e+00 1.415698111256928973e-02
4.629999999999999893e+00 1.415698111256928973e-02
4.639999999999999680e+00 1.415698111256928973e-02
4.650000000000000355e+00 1.415698111256928973e-02
4.660000000000000142e+00 1.415698111256928973e-02
4.669999999999999929e+00 1.415698111256928973e-02
4.679999999999999716e+00 1.415698111256928973e-02
4.690000000000000391e+00 1.415698111256928973e-02
4.700000000000000178e+00 1.415698111256928973e-02
4.709999999999999964e+00 1.415698111256928973e-02
4.719999999999999751e+00 1.415698111256928973e-02
4.730000000000000426e+00 1.415698111256928973e-02
4.740000000000000213e+00 1.415698111256928973e-02
4.750000000000000000e+00 1.415698111256928973e-02
4.759999999999999787e+00 1.415698111256928973e-02
4.769999999999999574e+00 1.415698111256928973e-02
4.780000000000000249e+00 1.415698111256928973e-02
4.790000000000000036e+00 1.415698111256928973e-02
4.799999999999999822e+00 1.415698111256928973e-02
4.809999999999999609e+00 1.415698111256928973e-02
4.820000000000000284e+00 1.415698111256928973e-02
4.830000000000000071e+00 1.415698111256928973e-02
4.839999999999999858e+00 1.415698111256928973e-02
4.849999999999999645e+00 1.415698111256928973e-02
4.860000000000000320e+00 1.415698111256928973e-02
4.870000000000000107e+00 1.415698111256928973e-02
4.879999999999999893e+00 1.415698111256928973e-02
4.889999999999999680e+00 1.415698111256928973e-02
4.900000000000000355e+00 1.415698111256928973e-02
4.910000000000000142e+00 1.415698111256928973e-02
4.919999999999999929e+00 1.415698111256928973e-02
4.929999999999999716e+00 1.415698111256928973e-02
4.940000000000000391e+00 1.415698111256928973e-02
4.950000000000000178e+00 1.415698111256928973e-02
4.959999999999999964e+00 1.415698111256928973e-02
4.969999999999999751e+00 1.415698111256928973e-02
4.980000000000000426e+00 1.415698111256928973e-02
4.990000000000000213e+00 1.415698111256928973e-02
5.000000000000000000e+00 1.415698111256928973e-02
5.009999999999999787e+00 1.415698111256928973e-02
5.019999999999999574e+00 1.415698111256928973e-02
5.030000000000000249e+00 1.415698111256928973e-02
5.040000000000000036e+00 1.415698111256928973e-02
5.049999999999999822e+00 1.415698111256928973e-02
5.059999999999999609e+00 1.415698111256928973e-02
5.070000000000000284e+00 1.415698111256928973e-02
5.080000000000000071e+00 1.415698111256928973e-02
5.089999999999999858e+00 1.415698111256928973e-02
5.099999999999999645e+00 1.415698111256928973e-02
5.110000000000000320e+00 1.415698111256928973e-02
5.120000000000000107e+00 1.415698111256928973e-02
5.129999999999999893e+00 1.415698111256928973e-02
5.139999999999999680e+00 1.415698111256928973e-02
5.150000000000000355e+00 1.415698111256928973e-02
5.160000000000000142e+00 1.415698111256928973e-02
5.169999999999999929e+00 1.415698111256928973e-02
5.179999999999999716e+00 1.415698111256928973e-02
5.190000000000000391e+00 1.415698111256928973e-02
5.200000000000000178e+00 1.415698111256928973e-02
5.209999999999999964e+00 1.415698111256928973e-02
5.219999999999999751e+00 1.415698111256928973e-02
5.230000000000000426e+00 1.415698111256928973e-02
5.240000000000000213e+00 1.415698111256928973e-02
5.250000000000000000e+00 1.415698111256928973e-02
5.259999999999999787e+00 1.415698111256928973e-02
5.269999999999999574e+00 1.415698111256928973e-02
5.280000000000000249e+00 1.415698111256928973e-02
5.290000000000000036e+00 1.415698111256928973e-02
5.299999999999999822e+00 1.415698111256928973e-02
5.309999999999999609e+00 1.415698111256928973e-02
5.320000000000000284e+00 1.415698111256928973e-02
5.330000000000000071e+00 1.415698111256928973e-02
5.339999999999999858e+00 1.415698111256928973e-02
5.349999999999999645e+00 1.415698111256928973e-02
5.360000000000000320e+00 1.415698111256928973e-02
5.370000000000000107e+00 1.415698111256928973e-02
5.379999999999999893e+00 1.415698111256928973e-02
5.389999999999999680e+00 1.415698111256928973e-02
5.400000000000000355e+00 1.415698111256928973e-02
5.410000000000000142e+00 1.415698111256928973e-02
5.419999999999999929e+00 1.415698111256928973e-02
5.429999999999999716e+00 1.415698111256928973e-02
5.440000000000000391e+00 1.415698111256928973e-02
5.450000000000000178e+00 1.415698111256928973e-02
5.459999999999999964e+00 1.415698111256928973e-02
5.469999999999999751e+00 1.415698111256928973e-02
5.480000000000000426e+00 1.415698111256928973e-02
5.490000000000000213e+00 1.415698111256928973e-02
5.500000000000000000e+00 1.415698111256928973e-02
5.509999999999999787e+00 1.415698111256928973e-02
5.519999999999999574e+00 1.415698111256928973e-02
5.530000000000000249e+00 1.415698111256928973e-02
5.540000000000000036e+00 1.415698111256928973e-02
5.549999999999999822e+00 1.415698111256928973e-02
5.559999999999999609e+00 1.415698111256928973e-02
5.570000000000000284e+00 1.415698111256928973e-02
5.580000000000000071e+00 1.415698111256928973e-02
5.589999999999999858e+00 1.415698111256928973e-02
5.599999999999999645e+00 1.415698111256928973e-02
5.610000000000000320e+00 1.415698111256928973e-02
5.620000000000000107e+00 1.415698111256928973e-02
5.629999999999999893e+00 1.415698111256928973e-02
5.639999999999999680e+00 1.415698111256928973e-02
5.650000000000000355e+00 1.415698111256928973e-02
5.660000000000000142e+00 1.415698111256928973e-02
5.669999999999999929e+00 1.415698111256928973e-02
5.679999999999999716e+00 1.415698111256928973e-02
5.690000000000000391e+00 1.415698111256928973e-02
5.700000000000000178e+00 1.415698111256928973e-02
5.709999999999999964e+00 1.415698111256928973e-02
5.719999999999999751e+00 1.415698111256928973e-02
5.730000000000000426e+00 1.415698111256928973e-02
5.740000000000000213e+00 1.415698111256928973e-02
5.750000000000000000e+00 1.415698111256928973e-02
5.759999999999999787e+00 1.415698111256928973e-02
5.769999999999999574e+00 1.415698111256928973e-02
5.780000000000000249e+00 1.415698111256928973e-02
5.790000000000000036e+00 1.415698111256928973e-02
5.799999999999999822e+00 1.415698111256928973e-02
5.809999999999999609e+00 1.415698111256928973e-02
5.820000000000000284e+00 1.415698111256928973e-02
5.830000000000000071e+00 1.415698111256928973e-02
5.839999999999999858e+00 1.415698111256928973e-02
5.849999999999999645e+00 1.415698111256928973e-02
5.860000000000000320e+00 1.415698111256928973e-02
5.870000000000000107e+00 1.415698111256928973e-02
5.879999999999999893e+00 1.415698111256928973e-02
5.889999999999999680e+00 1.415698111256928973e-02
5.900000000000000355e+00 1.415698111256928973e-02
5.910000000000000142e+00 1.415698111256928973e-02
5.919999999999999929e+00 1.415698111256928973e-02
5.929999999999999716e+00 1.415698111256928973e-02
5.940000000000000391e+00 1.415698111256928973e-02
5.950000000000000178e+00 1.415698111256928973e-02
5.959999999999999964e+00 1.415698111256928973e-02
5.969999999999999751e+00 1.415698111256928973e-02
5.980000000000000426e+00 1.415698111256928973e-02
5.990000000000000213e+00 1.415698111256928973e-02
6.000000000000000000e+00 1.415698111256928973e-02
6.200000000000000178e+00 1.415698111256928973e-02
6.400000000000000355e+00 1.415698111256928973e-02
6.599999999999999645e+00 1.415698111256928973e-02
6.799999999999999822e+00 1.415698111256928973e-02
7.000000000000000000e+00 0.000000000000000000e+00
