0.000000000000000000e+00 0.000000000000000000e+00
1.000000000000000021e-02 1.415698111493489744e-02
2.000000000000000042e-02 1.415698112252926875e-02
2.999999999999999889e-02 1.415698113918148308e-02
4.000000000000000083e-02 1.415698117116520084e-02
5.000000000000000278e-02 1.415698122574262849e-02
5.999999999999999778e-02 1.415698131013423851e-02
7.000000000000000666e-02 1.415698143152899040e-02
8.000000000000000167e-02 1.415698159922526393e-02
8.999999999999999667e-02 1.415698182890104233e-02
1.000000000000000056e-01 1.415698214767037097e-02
1.100000000000000006e-01 1.415698259759489916e-02
1.199999999999999956e-01 1.415698323502933773e-02
1.300000000000000044e-01 1.415698412414788387e-02
1.400000000000000133e-01 1.415698532569843564e-02
1.499999999999999944e-01 1.415698688582250550e-02
1.600000000000000033e-01 1.415698883274212928e-02
1.700000000000000122e-01 1.415699118893143892e-02
1.799999999999999933e-01 1.415699400087021970e-02
1.900000000000000022e-01 1.415699737654928063e-02
2.000000000000000111e-01 1.415700150691697780e-02
2.099999999999999922e-01 1.415700664479530024e-02
2.200000000000000011e-01 1.415701303631725083e-02
2.300000000000000100e-01 1.415702083727629103e-02
2.399999999999999911e-01 1.415703006760095535e-02
2.500000000000000000e-01 1.415704063647348944e-02
2.600000000000000089e-01 1.415705242041818794e-02
2.700000000000000178e-01 1.415706533471610372e-02
2.800000000000000266e-01 1.415707933645674564e-02
2.899999999999999800e-01 1.415709434599972047e-02
2.999999999999999889e-01 1.415711015168895706e-02
3.099999999999999978e-01 1.415712640689315883e-02
3.200000000000000067e-01 1.415714277355299699e-02
3.300000000000000155e-01 1.415715913618924987e-02
3.400000000000000244e-01 1.415717573124285374e-02
3.499999999999999778e-01 1.415719310324439068e-02
3.599999999999999867e-01 1.415721194480040572e-02
3.699999999999999956e-01 1.415723294243428042e-02
3.800000000000000044e-01 1.415725668136580406e-02
3.900000000000000133e-01 1.415728357151298938e-02
4.000000000000000222e-01 1.415731376045997573e-02
4.099999999999999756e-01 1.415734706677715914e-02
4.199999999999999845e-01 1.415738299135058109e-02
4.299999999999999933e-01 1.415742082242164163e-02
4.400000000000000022e-01 1.415745981225399394e-02
4.500000000000000111e-01 1.415749940638557323e-02
4.600000000000000200e-01 1.415753950842382584e-02
4.699999999999999734e-01 1.415758072839904715e-02
4.799999999999999822e-01 1.415762451869015739e-02
4.899999999999999911e-01 1.415767309850696036e-02
5.000000000000000000e-01 1.415772911752884861e-02
5.100000000000000089e-01 1.415779508143667764e-02
5.200000000000000178e-01 1.415787263873594104e-02
5.300000000000000266e-01 1.415796193889088880e-02
5.400000000000000355e-01 1.415806140976861097e-02
5.500000000000000444e-01 1.415816829770638434e-02
5.600000000000000533e-01 1.415827993926031814e-02
5.699999999999999512e-01 1.415839508735893676e-02
5.799999999999999600e-01 1.415851427060430857e-02
5.899999999999999689e-01 1.415863864695660577e-02
5.999999999999999778e-01 1.415876786868667213e-02
6.099999999999999867e-01 1.415889818166183971e-02
6.199999999999999956e-01 1.415902176426386654e-02
6.300000000000000044e-01 1.415912759970612209e-02
6.400000000000000133e-01 1.415920377704974094e-02
6.500000000000000222e-01 1.415924109299371118e-02
6.600000000000000311e-01 1.415923739712978725e-02
6.700000000000000400e-01 1.415920090971829574e-02
6.800000000000000488e-01 1.415914989499212490e-02
6.899999999999999467e-01 1.415910738654055194e-02
6.999999999999999556e-01 1.415909301532581460e-02
7.099999999999999645e-01 1.415911650919051377e-02
7.199999999999999734e-01 1.415917641312490829e-02
7.299999999999999822e-01 1.415926383819739696e-02
7.399999999999999911e-01 1.415936804283343849e-02
7.500000000000000000e-01 1.415948058381086630e-02
7.600000000000000089e-01 1.415959678485762159e-02
7.700000000000000178e-01 1.415971521933950643e-02
7.800000000000000266e-01 1.415983663248627893e-02
7.900000000000000355e-01 1.415996336754742242e-02
8.000000000000000444e-01 1.416009944711133124e-02
8.100000000000000533e-01 1.416025055016882465e-02
8.199999999999999512e-01 1.416042292382986741e-02
8.299999999999999600e-01 1.416062118088287809e-02
8.399999999999999689e-01 1.416084622401242964e-02
8.499999999999999778e-01 1.416109478688477863e-02
8.599999999999999867e-01 1.416136093071348676e-02
8.699999999999999956e-01 1.416163848211168808e-02
8.800000000000000044e-01 1.416192301198204891e-02
8.900000000000000133e-01 1.416221247442124576e-02
9.000000000000000222e-01 1.416250645704767060e-02
9.100000000000000311e-01 1.416280484909815916e-02
9.200000000000000400e-01 1.416310729098205906e-02
9.300000000000000488e-01 1.416341442420844705e-02
9.399999999999999467e-01 1.416373054525845582e-02
9.499999999999999556e-01 1.416406569783210979e-02
9.599999999999999645e-01 1.416443499319506617e-02
9.699999999999999734e-01 1.416485466392950442e-02
9.799999999999999822e-01 1.416533685253906251e-02
9.899999999999999911e-01 1.416588615243388749e-02
1.000000000000000000e+00 1.416649935840367212e-02
1.010000000000000009e+00 1.416716731734326759e-02
1.020000000000000018e+00 1.416787703549946854e-02
1.030000000000000027e+00 1.416861419708110269e-02
1.040000000000000036e+00 1.416936876400594000e-02
1.050000000000000044e+00 1.417014665377235895e-02
1.060000000000000053e+00 1.417098886541324348e-02
1.070000000000000062e+00 1.417199861825874443e-02
1.080000000000000071e+00 1.417337716543737650e-02
1.090000000000000080e+00 1.417546274323469233e-02
1.100000000000000089e+00 1.417874655050760727e-02
1.110000000000000098e+00 1.418381547127505436e-02
1.120000000000000107e+00 1.419118195206954883e-02
1.129999999999999893e+00 1.420103657056973230e-02
1.139999999999999902e+00 1.421305665878624253e-02
1.149999999999999911e+00 1.422641906709753989e-02
1.159999999999999920e+00 1.424004519729808391e-02
1.169999999999999929e+00 1.425294652201429361e-02
1.179999999999999938e+00 1.426448790937322186e-02
1.189999999999999947e+00 1.427447098167490026e-02
1.199999999999999956e+00 1.428305321023785879e-02
1.209999999999999964e+00 1.429057435101830677e-02
1.219999999999999973e+00 1.429737304098730941e-02
1.229999999999999982e+00 1.430367339517759490e-02
1.239999999999999991e+00 1.430958863969976173e-02
1.250000000000000000e+00 1.431521752108004357e-02
1.260000000000000009e+00 1.432074777841221142e-02
1.270000000000000018e+00 1.432648520924459205e-02
1.280000000000000027e+00 1.433279041304314806e-02
1.290000000000000036e+00 1.433997020091879425e-02
1.300000000000000044e+00 1.434819100693120186e-02
1.310000000000000053e+00 1.435745583241761041e-02
1.320000000000000062e+00 1.436764133706777864e-02
1.330000000000000071e+00 1.437855952832549356e-02
1.340000000000000080e+00 1.439001115002133332e-02
1.350000000000000089e+00 1.440183109203189114e-02
1.360000000000000098e+00 1.441395213733440671e-02
1.370000000000000107e+00 1.442649259896081754e-02
1.379999999999999893e+00 1.443981888942203265e-02
1.389999999999999902e+00 1.445451335065742193e-02
1.399999999999999911e+00 1.447123348470583278e-02
1.409999999999999920e+00 1.449053385768646687e-02
1.419999999999999929e+00 1.451275092312147123e-02
1.429999999999999938e+00 1.453800480915581894e-02
1.439999999999999947e+00 1.456630685479449148e-02
1.449999999999999956e+00 1.459772343449436752e-02
1.459999999999999964e+00 1.463252996428095892e-02
1.469999999999999973e+00 1.467128144623905221e-02
1.479999999999999982e+00 1.471474658568988972e-02
1.489999999999999991e+00 1.476372303162994983e-02
1.500000000000000000e+00 1.481883927656612969e-02
1.510000000000000009e+00 1.488047039697240788e-02
1.520000000000000018e+00 1.494880762342520875e-02
1.530000000000000027e+00 1.502400007276566592e-02
1.540000000000000036e+00 1.510625040593556977e-02
1.550000000000000044e+00 1.519581768949976840e-02
1.560000000000000053e+00 1.529297323351951239e-02
1.570000000000000062e+00 1.539798741809012689e-02
1.580000000000000071e+00 1.551119200516798934e-02
1.590000000000000080e+00 1.563310123156064213e-02
1.600000000000000089e+00 1.576452488562386442e-02
1.610000000000000098e+00 1.590659628627786454e-02
1.620000000000000107e+00 1.606068024054367258e-02
1.629999999999999893e+00 1.622820706088558274e-02
1.639999999999999902e+00 1.641054496472357099e-02
1.649999999999999911e+00 1.660898897834440016e-02
1.659999999999999920e+00 1.682479065270998247e-02
1.669999999999999929e+00 1.705904048679359603e-02
1.679999999999999938e+00 1.731235242460579110e-02
1.689999999999999947e+00 1.758460436610472660e-02
1.699999999999999956e+00 1.787507491363317380e-02
1.709999999999999964e+00 1.818300008040451762e-02
1.719999999999999973e+00 1.850818657504860534e-02
1.729999999999999982e+00 1.885128335795369439e-02
1.739999999999999991e+00 1.921358856245963809e-02
1.750000000000000000e+00 1.959650323979289163e-02
1.760000000000000009e+00 2.000081892257122435e-02
1.770000000000000018e+00 2.042610238642358217e-02
1.780000000000000027e+00 2.087054267282922523e-02
1.790000000000000036e+00 2.133153150479664625e-02
1.800000000000000044e+00 2.180684199622115113e-02
1.810000000000000053e+00 2.229580665497930131e-02
1.820000000000000062e+00 2.279983760879173565e-02
1.830000000000000071e+00 2.332218211121296625e-02
1.840000000000000080e+00 2.386752669408753399e-02
1.850000000000000089e+00 2.444213104595562014e-02
1.860000000000000098e+00 2.505431236636506895e-02
1.870000000000000107e+00 2.571416359587044495e-02
1.879999999999999893e+00 2.643157311174206339e-02
1.889999999999999902e+00 2.721301233026121591e-02
1.899999999999999911e+00 2.805885508456836680e-02
1.909999999999999920e+00 2.896286122870699378e-02
1.919999999999999929e+00 2.991402924980482783e-02
1.929999999999999938e+00 3.089965882240076900e-02
1.939999999999999947e+00 3.190819773065679127e-02
1.949999999999999956e+00 3.293105827540512842e-02
1.959999999999999964e+00 3.396321259034976864e-02
1.969999999999999973e+00 3.500259777866173566e-02
1.979999999999999982e+00 3.604846087734876053e-02
1.989999999999999991e+00 3.709913478107215029e-02
2.000000000000000000e+00 3.815027769849015093e-02
2.009999999999999787e+00 3.919477739240855019e-02
2.020000000000000018e+00 4.022485240918532295e-02
2.029999999999999805e+00 4.123574406909447099e-02
2.040000000000000036e+00 4.222999567606028348e-02
2.049999999999999822e+00 4.322239760302876849e-02
2.060000000000000053e+00 4.424713662938155323e-02
2.069999999999999840e+00 4.536810610291908824e-02
2.080000000000000071e+00 4.668915891834970328e-02
2.089999999999999858e+00 4.835476863113700313e-02
2.100000000000000089e+00 5.052878669662175248e-02
2.109999999999999876e+00 5.334759939967875092e-02
2.120000000000000107e+00 5.686466716886188350e-02
2.129999999999999893e+00 6.102009415193205416e-02
2.140000000000000124e+00 6.565937576509764395e-02
2.149999999999999911e+00 7.059116013427560454e-02
2.160000000000000142e+00 7.564671584696777695e-02
2.169999999999999929e+00 8.071022740587883992e-02
2.180000000000000160e+00 8.571778408145905304e-02
2.189999999999999947e+00 9.064288049473359643e-02
2.200000000000000178e+00 9.548436732894816092e-02
2.209999999999999964e+00 1.002605624414388413e-01
2.220000000000000195e+00 1.050052834163712201e-01
2.229999999999999982e+00 1.097613513541299962e-01
2.240000000000000213e+00 1.145703799297431436e-01
2.250000000000000000e+00 1.194606074149465458e-01
2.259999999999999787e+00 1.244364609644525860e-01
2.270000000000000018e+00 1.294744778043839528e-01
2.279999999999999805e+00 1.345291120671207874e-01
2.290000000000000036e+00 1.395484741836663933e-01
2.299999999999999822e+00 1.444961076550103363e-01
2.310000000000000053e+00 1.493726871127214195e-01
2.319999999999999840e+00 1.542308925798867303e-01
2.330000000000000071e+00 1.591764203293621338e-01
2.339999999999999858e+00 1.643489748532471761e-01
2.350000000000000089e+00 1.698822504707976355e-01
2.359999999999999876e+00 1.758522862767420147e-01
2.370000000000000107e+00 1.822336477310122771e-01
2.379999999999999893e+00 1.888830444900049810e-01
2.390000000000000124e+00 1.955556514452379824e-01
2.399999999999999911e+00 2.019381724388835120e-01
2.410000000000000142e+00 2.076704499768542989e-01
2.419999999999999929e+00 2.123351468880898818e-01
2.430000000000000160e+00 2.154198330985163945e-01
2.439999999999999947e+00 2.162850583068949839e-01
2.450000000000000178e+00 2.141910781395290897e-01
2.459999999999999964e+00 2.084287816733062515e-01
2.470000000000000195e+00 1.985536894712583988e-01
2.479999999999999982e+00 1.846463486281403332e-01
2.490000000000000213e+00 1.674677424365218215e-01
2.500000000000000000e+00 1.484016358630309007e-01
2.509999999999999787e+00 1.291789145696830288e-01
2.520000000000000018e+00 1.114902062846839653e-01
2.529999999999999805e+00 9.663232971506556523e-02
2.540000000000000036e+00 8.529253054954628877e-02
2.549999999999999822e+00 7.750856445509256287e-02
2.560000000000000053e+00 7.279441839211618637e-02
2.569999999999999840e+00 7.038113131568557446e-02
2.580000000000000071e+00 6.948093850712508401e-02
2.589999999999999858e+00 6.947358455804274191e-02
2.600000000000000089e+00 6.996347274289789475e-02
2.609999999999999876e+00 7.073330344527489766e-02
2.620000000000000107e+00 7.166317352063451829e-02
2.629999999999999893e+00 7.267108503514266293e-02
2.640000000000000124e+00 7.368983277959866018e-02
2.649999999999999911e+00 7.466568530814901572e-02
2.660000000000000142e+00 7.556105894085936303e-02
2.669999999999999929e+00 7.635508850290104177e-02
2.680000000000000160e+00 7.704472786407728924e-02
2.689999999999999947e+00 7.764767724320451037e-02
2.700000000000000178e+00 7.820243634458176607e-02
2.709999999999999964e+00 7.875908337588084784e-02
2.720000000000000195e+00 7.936060982673630304e-02
2.729999999999999982e+00 8.002369110478607661e-02
2.740000000000000213e+00 8.073031827395618643e-02
2.750000000000000000e+00 8.143444302251656719e-02
2.759999999999999787e+00 8.207783743223472095e-02
2.770000000000000018e+00 8.260578540111257473e-02
2.779999999999999805e+00 8.297674943208178944e-02
2.790000000000000036e+00 8.316514701121413555e-02
2.799999999999999822e+00 8.315935390186453280e-02
2.810000000000000053e+00 8.295842159279448458e-02
2.819999999999999840e+00 8.257051124146388976e-02
2.830000000000000071e+00 8.201270064824223160e-02
2.839999999999999858e+00 8.130859145370607222e-02
2.850000000000000089e+00 8.048304066566583370e-02
2.859999999999999876e+00 7.956228811585720762e-02
2.870000000000000107e+00 7.859218272477928868e-02
2.879999999999999893e+00 7.767595186944395436e-02
2.890000000000000124e+00 7.700943698071725796e-02
2.899999999999999911e+00 7.687729033039024384e-02
2.910000000000000142e+00 7.759060217053297126e-02
2.919999999999999929e+00 7.939078024448012472e-02
2.930000000000000160e+00 8.237843902869185220e-02
2.939999999999999947e+00 8.651237602761462087e-02
2.950000000000000178e+00 9.167120922688791473e-02
2.959999999999999964e+00 9.772901614372316026e-02
2.970000000000000195e+00 1.046012992777182044e-01
2.979999999999999982e+00 1.122529449824495179e-01
2.990000000000000213e+00 1.206864293389077608e-01
3.000000000000000000e+00 1.299293056796287094e-01
3.009999999999999787e+00 1.400270934524749100e-01
3.020000000000000018e+00 1.510382499563643621e-01
3.029999999999999805e+00 1.630268915783444350e-01
3.040000000000000036e+00 1.760515907630301191e-01
3.049999999999999822e+00 1.901503176786126237e-01
3.060000000000000053e+00 2.053229035939625469e-01
3.069999999999999840e+00 2.215162164054328697e-01
3.080000000000000071e+00 2.386225762658034932e-01
3.089999999999999858e+00 2.565015196884016246e-01
3.100000000000000089e+00 2.750229466209827556e-01
3.109999999999999876e+00 2.941126570041026067e-01
3.120000000000000107e+00 3.137764907133414605e-01
3.129999999999999893e+00 3.340951708310448409e-01
3.140000000000000124e+00 3.552040840116562626e-01
3.149999999999999911e+00 3.772766436092611642e-01
3.160000000000000142e+00 4.005116820581743897e-01
3.169999999999999929e+00 4.251064842818940148e-01
3.180000000000000160e+00 4.512014117711882211e-01
3.189999999999999947e+00 4.788077142343057924e-01
3.200000000000000178e+00 5.077525140302648898e-01
3.209999999999999964e+00 5.376738419773708921e-01
3.220000000000000195e+00 5.680760726734774835e-01
3.229999999999999982e+00 5.984291352186601465e-01
3.240000000000000213e+00 6.282773683395573849e-01
3.250000000000000000e+00 6.573196510799607095e-01
3.259999999999999787e+00 6.854317109644746386e-01
3.270000000000000018e+00 7.126248658985493423e-01
3.279999999999999805e+00 7.389655339178347049e-01
3.290000000000000036e+00 7.644974537043507379e-01
3.299999999999999822e+00 7.892002099817135852e-01
3.310000000000000053e+00 8.129936316699758470e-01
3.319999999999999840e+00 8.357787810503526371e-01
3.330000000000000071e+00 8.574972417107223910e-01
3.339999999999999858e+00 8.781833016114251045e-01
3.350000000000000089e+00 8.979827591303436440e-01
3.359999999999999876e+00 9.171306450801012256e-01
3.370000000000000107e+00 9.359093671538845083e-01
3.379999999999999893e+00 9.546161997380530062e-01
3.390000000000000124e+00 9.735412989340499479e-01
3.399999999999999911e+00 9.929271835752796482e-01
3.410000000000000142e+00 1.012891096976058503e+00
3.419999999999999929e+00 1.033340048295171565e+00
3.430000000000000160e+00 1.053943254425120601e+00
3.439999999999999947e+00 1.074205060311287152e+00
3.450000000000000178e+00 1.093615625535493852e+00
3.459999999999999964e+00 1.111801200409306745e+00
3.470000000000000195e+00 1.128594866320710155e+00
3.479999999999999982e+00 1.143999954082031145e+00
3.490000000000000213e+00 1.158081220814880519e+00
3.500000000000000000e+00 1.170850974641617803e+00
3.509999999999999787e+00 1.182205468092989653e+00
3.520000000000000018e+00 1.191928237448910854e+00
3.529999999999999805e+00 1.199739450281448239e+00
3.540000000000000036e+00 1.205353517116353412e+00
3.549999999999999822e+00 1.208515338898132230e+00
3.560000000000000053e+00 1.209008034416441779e+00
3.569999999999999840e+00 1.206644884783435012e+00
3.580000000000000071e+00 1.201264445712766138e+00
3.589999999999999858e+00 1.192741191877166873e+00
3.600000000000000089e+00 1.181012726537510105e+00
3.609999999999999876e+00 1.166115466628282915e+00
3.620000000000000107e+00 1.148216569291264255e+00
3.629999999999999893e+00 1.127630884764921682e+00
3.640000000000000124e+00 1.104816687694570421e+00
3.649999999999999911e+00 1.080349833628967193e+00
3.660000000000000142e+00 1.054878898370389839e+00
3.669999999999999929e+00 1.029062850396313733e+00
3.680000000000000160e+00 1.003492959525267292e+00
3.689999999999999947e+00 9.786086874448640671e-01
3.700000000000000178e+00 9.546312745040406167e-01
3.709999999999999964e+00 9.315451582370586348e-01
3.720000000000000195e+00 9.091442589160574350e-01
3.729999999999999982e+00 8.871324088703814725e-01
3.740000000000000213e+00 8.652442192645929397e-01
3.750000000000000000e+00 8.433497907213740596e-01
3.759999999999999787e+00 8.215202428391519263e-01
3.770000000000000018e+00 8.000427708915854863e-01
3.779999999999999805e+00 7.793724845459660822e-01
3.790000000000000036e+00 7.600087786422763392e-01
3.799999999999999822e+00 7.423155807647192628e-01
3.810000000000000053e+00 7.263628782803022155e-01
3.819999999999999840e+00 7.118905617515142170e-01
3.830000000000000071e+00 6.984307990506640751e-01
3.839999999999999858e+00 6.855110261685547490e-01
3.850000000000000089e+00 6.728044114293960654e-01
3.859999999999999876e+00 6.601502993170349498e-01
3.870000000000000107e+00 6.474709630529643656e-01
3.879999999999999893e+00 6.346681014222866901e-01
3.890000000000000124e+00 6.215660656365437076e-01
3.899999999999999911e+00 6.079193532490670959e-01
3.910000000000000142e+00 5.934633103552278133e-01
3.919999999999999929e+00 5.779723133916022659e-01
3.930000000000000160e+00 5.612941050469284487e-01
3.939999999999999947e+00 5.433471379642713650e-01
3.950000000000000178e+00 5.240931615031632074e-01
3.959999999999999964e+00 5.035159146783433348e-01
3.970000000000000195e+00 4.816331623666503248e-01
3.979999999999999982e+00 4.585424830577824462e-01
3.990000000000000213e+00 4.344713605608732654e-01
4.000000000000000000e+00 4.097937324680283599e-01
4.009999999999999787e+00 3.849935062992523860e-01
4.019999999999999574e+00 3.605849690111632144e-01
4.030000000000000249e+00 3.370217111757225492e-01
4.040000000000000036e+00 3.146301483081575534e-01
4.049999999999999822e+00 2.935899799719205450e-01
4.059999999999999609e+00 2.739583776925172409e-01
4.070000000000000284e+00 2.557123730332482858e-01
4.080000000000000071e+00 2.387814806252377409e-01
4.089999999999999858e+00 2.230618708235903858e-01
4.099999999999999645e+00 2.084248922951511263e-01
4.110000000000000320e+00 1.947346788585392063e-01
4.120000000000000107e+00 1.818735242912916938e-01
4.129999999999999893e+00 1.697613037132319758e-01
4.139999999999999680e+00 1.583594759044505695e-01
4.150000000000000355e+00 1.476621123338120734e-01
4.160000000000000142e+00 1.376817615921654692e-01
4.169999999999999929e+00 1.284352904486942559e-01
4.179999999999999716e+00 1.199315933871326206e-01
4.190000000000000391e+00 1.121627154539774629e-01
4.200000000000000178e+00 1.050998710496581362e-01
4.209999999999999964e+00 9.869431684943275052e-02
4.219999999999999751e+00 9.288189907900311348e-02
4.230000000000000426e+00 8.759076236064884668e-02
4.240000000000000213e+00 8.275260112725281447e-02
4.250000000000000000e+00 7.831680598288202899e-02
4.259999999999999787e+00 7.426406865849910499e-02
4.269999999999999574e+00 7.061353134052973657e-02
4.280000000000000249e+00 6.741728662501346447e-02
4.290000000000000036e+00 6.473918691139274317e-02
4.299999999999999822e+00 6.262232708370474299e-02
4.309999999999999609e+00 6.105875768006055471e-02
4.320000000000000284e+00 5.997800091502077102e-02
4.330000000000000071e+00 5.926159149319563946e-02
4.339999999999999858e+00 5.877506189847194612e-02
4.349999999999999645e+00 5.840019577893607039e-02
4.360000000000000320e+00 5.805464031916203471e-02
4.370000000000000107e+00 5.769612938422426923e-02
4.379999999999999893e+00 5.731566293738532547e-02
4.389999999999999680e+00 5.692547634768149734e-02
4.400000000000000355e+00 5.654582066601639145e-02
4.410000000000000142e+00 5.619257047030498664e-02
4.419999999999999929e+00 5.586738807732721801e-02
4.429999999999999716e+00 5.555313872106656253e-02
4.440000000000000391e+00 5.521701861082276702e-02
4.450000000000000178e+00 5.482075880062356465e-02
4.459999999999999964e+00 5.433296563885395281e-02
4.469999999999999751e+00 5.373717481286181819e-02
4.480000000000000426e+00 5.303255886228012278e-02
4.490000000000000213e+00 5.222951095860823428e-02
4.500000000000000000e+00 5.134461055915798960e-02
4.509999999999999787e+00 5.039754475216282753e-02
4.519999999999999574e+00 4.940965566036268491e-02
4.530000000000000249e+00 4.840293102263989317e-02
4.540000000000000036e+00 4.739909961682073347e-02
4.549999999999999822e+00 4.641897713661510133e-02
4.559999999999999609e+00 4.548161878779875822e-02
4.570000000000000284e+00 4.460244500065626422e-02
4.580000000000000071e+00 4.379048820184908153e-02
4.589999999999999858e+00 4.304632785208863804e-02
4.599999999999999645e+00 4.236220792577329725e-02
4.610000000000000320e+00 4.172421392925894368e-02
4.620000000000000107e+00 4.111521073307382312e-02
4.629999999999999893e+00 4.051768097278062725e-02
4.639999999999999680e+00 3.991656278962704696e-02
4.650000000000000355e+00 3.930207803596006549e-02
4.660000000000000142e+00 3.867149110793499656e-02
4.669999999999999929e+00 3.802842632010990098e-02
4.679999999999999716e+00 3.737978302871714648e-02
4.690000000000000391e+00 3.673214234958970675e-02
4.700000000000000178e+00 3.608976980396261247e-02
4.709999999999999964e+00 3.545473594817950824e-02
4.719999999999999751e+00 3.482817955765022538e-02
4.730000000000000426e+00 3.421165153009970289e-02
4.740000000000000213e+00 3.360817735420325303e-02
4.750000000000000000e+00 3.302290074408353870e-02
4.759999999999999787e+00 3.246278611303663603e-02
4.769999999999999574e+00 3.193486761874812785e-02
4.780000000000000249e+00 3.144352673364529671e-02
4.790000000000000036e+00 3.098833947648797771e-02
4.799999999999999822e+00 3.056378881235009143e-02
4.809999999999999609e+00 3.016071172484735552e-02
4.820000000000000284e+00 2.976830588429664123e-02
4.830000000000000071e+00 2.937582250556336830e-02
4.839999999999999858e+00 2.897400694531317503e-02
4.849999999999999645e+00 2.855663913927563441e-02
4.860000000000000320e+00 2.812190825529691310e-02
4.870000000000000107e+00 2.767276992314732231e-02
4.879999999999999893e+00 2.721577001677571300e-02
4.889999999999999680e+00 2.675877279860388799e-02
4.900000000000000355e+00 2.630857650884532717e-02
4.910000000000000142e+00 2.586918422348222571e-02
4.919999999999999929e+00 2.544109595107657898e-02
4.929999999999999716e+00 2.502183019250842078e-02
4.940000000000000391e+00 2.460769628378214890e-02
4.950000000000000178e+00 2.419628545535544226e-02
4.959999999999999964e+00 2.378852107416130901e-02
4.969999999999999751e+00 2.338911813673559201e-02
4.980000000000000426e+00 2.300520938281831740e-02
4.990000000000000213e+00 2.264401695663458003e-02
5.000000000000000000e+00 2.231081565037016171e-02
5.009999999999999787e+00 2.200789998774646539e-02
5.019999999999999574e+00 2.173456008135108905e-02
5.030000000000000249e+00 2.148778096254419859e-02
5.040000000000000036e+00 2.126337600827374330e-02
5.049999999999999822e+00 2.105716200359390028e-02
5.059999999999999609e+00 2.086560055823474119e-02
5.070000000000000284e+00 2.068547474314934298e-02
5.080000000000000071e+00 2.051281086995822289e-02
5.089999999999999858e+00 2.034191295711071726e-02
5.099999999999999645e+00 2.016538464175214942e-02
5.110000000000000320e+00 1.997533954697577538e-02
5.120000000000000107e+00 1.976528200507263883e-02
5.129999999999999893e+00 1.953189953793133676e-02
5.139999999999999680e+00 1.927618709770339764e-02
5.150000000000000355e+00 1.900358787783478290e-02
5.160000000000000142e+00 1.872305460205875294e-02
5.169999999999999929e+00 1.844521722949347270e-02
5.179999999999999716e+00 1.818020922481498186e-02
5.190000000000000391e+00 1.793589797230404209e-02
5.200000000000000178e+00 1.771703401360510272e-02
5.209999999999999964e+00 1.752532393547375986e-02
5.219999999999999751e+00 1.736006552046336776e-02
5.230000000000000426e+00 1.721897195671724667e-02
5.240000000000000213e+00 1.709898208000029673e-02
5.250000000000000000e+00 1.699694704864379916e-02
5.259999999999999787e+00 1.691006274012615829e-02
5.269999999999999574e+00 1.683594642260173579e-02
5.280000000000000249e+00 1.677243425469174265e-02
5.290000000000000036e+00 1.671735493666152983e-02
5.299999999999999822e+00 1.666849732542781057e-02
5.309999999999999609e+00 1.662376524136179382e-02
5.320000000000000284e+00 1.658135484833702863e-02
5.330000000000000071e+00 1.653984216682137867e-02
5.339999999999999858e+00 1.649820674123697248e-02
5.349999999999999645e+00 1.645585128169080660e-02
5.360000000000000320e+00 1.641259076694495667e-02
5.370000000000000107e+00 1.636853254388648260e-02
5.379999999999999893e+00 1.632385633535741315e-02
5.389999999999999680e+00 1.627862940656111049e-02
5.400000000000000355e+00 1.623278235764946675e-02
5.410000000000000142e+00 1.618622619519068800e-02
5.419999999999999929e+00 1.613898776297964521e-02
5.429999999999999716e+00 1.609128251503539123e-02
5.440000000000000391e+00 1.604354138277221120e-02
5.450000000000000178e+00 1.599642491026742608e-02
5.459999999999999964e+00 1.595078944800475476e-02
5.469999999999999751e+00 1.590754009476105443e-02
5.480000000000000426e+00 1.586739043797973786e-02
5.490000000000000213e+00 1.583066106013553825e-02
5.500000000000000000e+00 1.579724101032984815e-02
5.509999999999999787e+00 1.576670906679915329e-02
5.519999999999999574e+00 1.573851088197837644e-02
5.530000000000000249e+00 1.571210654249138861e-02
5.540000000000000036e+00 1.568707708206226389e-02
5.549999999999999822e+00 1.566319962317022293e-02
5.559999999999999609e+00 1.564045962284303995e-02
5.570000000000000284e+00 1.561895446169586990e-02
5.580000000000000071e+00 1.559871316266157187e-02
5.589999999999999858e+00 1.557954425094536591e-02
5.599999999999999645e+00 1.556101496488232830e-02
5.610000000000000320e+00 1.554256079837647297e-02
5.620000000000000107e+00 1.552364039287292864e-02
5.629999999999999893e+00 1.550386230326529328e-02
5.639999999999999680e+00 1.548306928001225852e-02
5.650000000000000355e+00 1.546138649057960182e-02
5.660000000000000142e+00 1.543921187999389676e-02
5.669999999999999929e+00 1.541711628818780676e-02
5.679999999999999716e+00 1.539567215774606361e-02
5.690000000000000391e+00 1.537529244153208567e-02
5.700000000000000178e+00 1.535615405659688723e-02
5.709999999999999964e+00 1.533820807559455567e-02
5.719999999999999751e+00 1.532122862834714265e-02
5.730000000000000426e+00 1.530487141746151789e-02
5.740000000000000213e+00 1.528875316065760395e-02
5.750000000000000000e+00 1.527255865278403894e-02
5.759999999999999787e+00 1.525613606810257913e-02
5.769999999999999574e+00 1.523952001641814408e-02
5.780000000000000249e+00 1.522286687520460653e-02
5.790000000000000036e+00 1.520635381822346179e-02
5.799999999999999822e+00 1.519010613609657681e-02
5.809999999999999609e+00 1.517417119279190242e-02
5.820000000000000284e+00 1.515851751133153770e-02
5.830000000000000071e+00 1.514304536494893300e-02
5.839999999999999858e+00 1.512761969374617176e-02
5.849999999999999645e+00 1.511212910974652802e-02
5.860000000000000320e+00 1.509653960771834003e-02
5.870000000000000107e+00 1.508089846276623042e-02
5.879999999999999893e+00 1.506528184778646064e-02
5.889999999999999680e+00 1.504973123971645524e-02
5.900000000000000355e+00 1.503422815603591700e-02
5.910000000000000142e+00 1.501871182941544834e-02
5.919999999999999929e+00 1.500310541996003992e-02
5.929999999999999716e+00 1.498731556810491659e-02
5.940000000000000391e+00 1.497117661345009031e-02
5.950000000000000178e+00 1.495428543350038608e-02
5.959999999999999964e+00 1.493565171545276071e-02
5.969999999999999751e+00 1.491319395504208181e-02
5.980000000000000426e+00 1.488340879847199587e-02
5.990000000000000213e+00 1.484180489947241853e-02
6.000000000000000000e+00 1.478444609111292420e-02
6.200000000000000178e+00 1.471006711217126041e-02
6.400000000000000355e+00 1.462146837649154485e-02
6.599999999999999645e+00 1.452523215715871216e-02
6.799999999999999822e+00 1.442999800111666869e-02
7.000000000000000000e+00 0.000000000000000000e+00
