0.000000000000000000e+00 0.000000000000000000e+00
1.000000000000000021e-02 1.415698111051474743e-02
2.000000000000000042e-02 1.415698111051474743e-02
2.999999999999999889e-02 1.415698111051474743e-02
4.000000000000000083e-02 1.415698111051474743e-02
5.000000000000000278e-02 1.415698111051474743e-02
5.999999999999999778e-02 1.415698111051474743e-02
7.000000000000000666e-02 1.415698111051474743e-02
8.000000000000000167e-02 1.415698111051474743e-02
8.999999999999999667e-02 1.415698111051474743e-02
1.000000000000000056e-01 1.415698111051474743e-02
1.100000000000000006e-01 1.415698111051474743e-02
1.199999999999999956e-01 1.415698111051474743e-02
1.300000000000000044e-01 1.415698111051474743e-02
1.400000000000000133e-01 1.415698111051474743e-02
1.499999999999999944e-01 1.415698111051474743e-02
1.600000000000000033e-01 1.415698111051474743e-02
1.700000000000000122e-01 1.415698111051474743e-02
1.799999999999999933e-01 1.415698111051474743e-02
1.900000000000000022e-01 1.415698111051474743e-02
2.000000000000000111e-01 1.415698111051474743e-02
2.099999999999999922e-01 1.415698111051474743e-02
2.200000000000000011e-01 1.415698111051474743e-02
2.300000000000000100e-01 1.415698111051474743e-02
2.399999999999999911e-01 1.415698111051474743e-02
2.500000000000000000e-01 1.415698111051474743e-02
2.600000000000000089e-01 1.415698111051474743e-02
2.700000000000000178e-01 1.415698111051474743e-02
2.800000000000000266e-01 1.415698111051474743e-02
2.899999999999999800e-01 1.415698111051474743e-02
2.999999999999999889e-01 1.415698111051474743e-02
3.099999999999999978e-01 1.415698111051474743e-02
3.200000000000000067e-01 1.415698111051474743e-02
3.300000000000000155e-01 1.415698111051474743e-02
3.400000000000000244e-01 1.415698111051474743e-02
3.499999999999999778e-01 1.415698111051474743e-02
3.599999999999999867e-01 1.415698111051474743e-02
3.699999999999999956e-01 1.415698111051474743e-02
3.800000000000000044e-01 1.415698111051474743e-02
3.900000000000000133e-01 1.415698111051474743e-02
4.000000000000000222e-01 1.415698111051474743e-02
4.099999999999999756e-01 1.415698111051475090e-02
4.199999999999999845e-01 1.415698111051475090e-02
4.299999999999999933e-01 1.415698111051475611e-02
4.400000000000000022e-01 1.415698111051476825e-02
4.500000000000000111e-01 1.415698111051479774e-02
4.600000000000000200e-01 1.415698111051486192e-02
4.699999999999999734e-01 1.415698111051501284e-02
4.799999999999999822e-01 1.415698111051534765e-02
4.899999999999999911e-01 1.415698111051611092e-02
5.000000000000000000e-01 1.415698111051784565e-02
5.100000000000000089e-01 1.415698111052179908e-02
5.200000000000000178e-01 1.415698111053084740e-02
5.300000000000000266e-01 1.415698111055164847e-02
5.400000000000000355e-01 1.415698111059970898e-02
5.500000000000000444e-01 1.415698111071085445e-02
5.600000000000000533e-01 1.415698111096684413e-02
5.699999999999999512e-01 1.415698111155168706e-02
5.799999999999999600e-01 1.415698111287467739e-02
5.899999999999999689e-01 1.415698111583812979e-02
5.999999999999999778e-01 1.415698112241417506e-02
6.099999999999999867e-01 1.415698113686024960e-02
6.199999999999999956e-01 1.415698116819290309e-02
6.300000000000000044e-01 1.415698123501693724e-02
6.400000000000000133e-01 1.415698137461259692e-02
6.500000000000000222e-01 1.415698165970167427e-02
6.600000000000000311e-01 1.415698222936606632e-02
6.700000000000000400e-01 1.415698334638981586e-02
6.800000000000000488e-01 1.415698550312598746e-02
6.899999999999999467e-01 1.415698961353959763e-02
6.999999999999999556e-01 1.415699735506760308e-02
7.099999999999999645e-01 1.415701177451854365e-02
7.199999999999999734e-01 1.415703838261991865e-02
7.299999999999999822e-01 1.415708720914103137e-02
7.399999999999999911e-01 1.415717683044111393e-02
7.500000000000000000e-01 1.415734249370593535e-02
7.600000000000000089e-01 1.415765253194752743e-02
7.700000000000000178e-01 1.415824048328197596e-02
7.800000000000000266e-01 1.415936392443617117e-02
7.900000000000000355e-01 1.416150264168289548e-02
8.000000000000000444e-01 1.416550615240732766e-02
8.100000000000000533e-01 1.417279703479477036e-02
8.199999999999999512e-01 1.418564435693633712e-02
8.299999999999999600e-01 1.420755222349553461e-02
8.399999999999999689e-01 1.424385097952591064e-02
8.499999999999999778e-01 1.430259544322471689e-02
8.599999999999999867e-01 1.439584093264875166e-02
8.699999999999999956e-01 1.454131740146864978e-02
8.800000000000000044e-01 1.476452966060966959e-02
8.900000000000000133e-01 1.510142454004960964e-02
9.000000000000000222e-01 1.560197557269970593e-02
9.100000000000000311e-01 1.633531660800886104e-02
9.200000000000000400e-01 1.739737222714550502e-02
9.300000000000000488e-01 1.892213050266950553e-02
9.399999999999999467e-01 2.109731415692801468e-02
9.499999999999999556e-01 2.418350422020400584e-02
9.599999999999999645e-01 2.853271042157903836e-02
9.699999999999999734e-01 3.459996492216143443e-02
9.799999999999999822e-01 4.294293058825368603e-02
9.899999999999999911e-01 5.420995912298067626e-02
1.000000000000000000e+00 6.912164200740499032e-02
1.010000000000000009e+00 8.845043824231609009e-02
1.020000000000000018e+00 1.130006915839170817e-01
1.030000000000000027e+00 1.435941228843648776e-01
1.040000000000000036e+00 1.810738307493414412e-01
1.050000000000000044e+00 2.263447348975862750e-01
1.060000000000000053e+00 2.804604781079679254e-01
1.070000000000000062e+00 3.447393457221303303e-01
1.080000000000000071e+00 4.208452001455817437e-01
1.090000000000000080e+00 5.107191028652575682e-01
1.100000000000000089e+00 6.162315473668731336e-01
1.110000000000000098e+00 7.385064295920575894e-01
1.120000000000000107e+00 8.770857530667872659e-01
1.129999999999999893e+00 1.029357215472391340e+00
1.139999999999999902e+00 1.190682396943396393e+00
1.149999999999999911e+00 1.355264945930145570e+00
1.159999999999999920e+00 1.517245408629613879e+00
1.169999999999999929e+00 1.671345791676412951e+00
1.179999999999999938e+00 1.812819341584636756e+00
1.189999999999999947e+00 1.937071555133876855e+00
1.199999999999999956e+00 2.039535370850315665e+00
1.209999999999999964e+00 2.116090406184330419e+00
1.219999999999999973e+00 2.163876805299697725e+00
1.229999999999999982e+00 2.182164659590321243e+00
1.239999999999999991e+00 2.173061229868346267e+00
1.250000000000000000e+00 2.141981653567585298e+00
1.260000000000000009e+00 2.097647300417221139e+00
1.270000000000000018e+00 2.051019764522016064e+00
1.280000000000000027e+00 2.012705668430271100e+00
1.290000000000000036e+00 1.989448392053080772e+00
1.300000000000000044e+00 1.981582898389143921e+00
1.310000000000000053e+00 1.983217955745507188e+00
1.320000000000000062e+00 1.985119610347576335e+00
1.330000000000000071e+00 1.978491476998033960e+00
1.340000000000000080e+00 1.957744713299531147e+00
1.350000000000000089e+00 1.921558422566945978e+00
1.360000000000000098e+00 1.872507070927295958e+00
1.370000000000000107e+00 1.815675993836961322e+00
1.379999999999999893e+00 1.756662539353422536e+00
1.389999999999999902e+00 1.699661232925858689e+00
1.399999999999999911e+00 1.646474579528611759e+00
1.409999999999999920e+00 1.596718028664288136e+00
1.419999999999999929e+00 1.548661662233358882e+00
1.429999999999999938e+00 1.500039882043447292e+00
1.439999999999999947e+00 1.448784086650998892e+00
1.449999999999999956e+00 1.393981598019941481e+00
1.459999999999999964e+00 1.336874764902300727e+00
1.469999999999999973e+00 1.281063636218290336e+00
1.479999999999999982e+00 1.231253893357189710e+00
1.489999999999999991e+00 1.190979078262437652e+00
1.500000000000000000e+00 1.160749743136235468e+00
1.510000000000000009e+00 1.137954526575678971e+00
1.520000000000000018e+00 1.118528216051693613e+00
1.530000000000000027e+00 1.099093831898581453e+00
1.540000000000000036e+00 1.078131151621920747e+00
1.550000000000000044e+00 1.055662794004549543e+00
1.560000000000000053e+00 1.032024175608301064e+00
1.570000000000000062e+00 1.006731850163794961e+00
1.580000000000000071e+00 9.781812310069099015e-01
1.590000000000000080e+00 9.442318922475627652e-01
1.600000000000000089e+00 9.031680412831156746e-01
1.610000000000000098e+00 8.544091272195681874e-01
1.620000000000000107e+00 7.986664394374498599e-01
1.629999999999999893e+00 7.376574285902821604e-01
1.639999999999999902e+00 6.736920542573953119e-01
1.649999999999999911e+00 6.093776367371108726e-01
1.659999999999999920e+00 5.474750022263540350e-01
1.669999999999999929e+00 4.907428075352938124e-01
1.679999999999999938e+00 4.415756358498346135e-01
1.689999999999999947e+00 4.014387507631082541e-01
1.699999999999999956e+00 3.703906135694133295e-01
1.709999999999999964e+00 3.470653296365174278e-01
1.719999999999999973e+00 3.292129167690431846e-01
1.729999999999999982e+00 3.144960822294867731e-01
1.739999999999999991e+00 3.010980195362536471e-01
1.750000000000000000e+00 2.879058025455625280e-01
1.760000000000000009e+00 2.743516153263795276e-01
1.770000000000000018e+00 2.601514226141973252e-01
1.780000000000000027e+00 2.451325496971525630e-01
1.790000000000000036e+00 2.292060108730946399e-01
1.800000000000000044e+00 2.124323438487546456e-01
1.810000000000000053e+00 1.950919192983807116e-01
1.820000000000000062e+00 1.776866581883275453e-01
1.830000000000000071e+00 1.608423527083516213e-01
1.840000000000000080e+00 1.451351908866332086e-01
1.850000000000000089e+00 1.309190193887643794e-01
1.860000000000000098e+00 1.182466312868269143e-01
1.870000000000000107e+00 1.069280545188700804e-01
1.879999999999999893e+00 9.667915959838942197e-02
1.889999999999999902e+00 8.726264719351767285e-02
1.899999999999999911e+00 7.855275818144275002e-02
1.909999999999999920e+00 7.052441891571231691e-02
1.919999999999999929e+00 6.320963734559519043e-02
1.929999999999999938e+00 5.665734380024987915e-02
1.939999999999999947e+00 5.090518556418806295e-02
1.949999999999999956e+00 4.595684161093457898e-02
1.959999999999999964e+00 4.176491328664106578e-02
1.969999999999999973e+00 3.823035842270566809e-02
1.979999999999999982e+00 3.522510031923221235e-02
1.989999999999999991e+00 3.262680057788852617e-02
2.000000000000000000e+00 3.034431942902058449e-02
2.009999999999999787e+00 2.832130873903073928e-02
2.020000000000000018e+00 2.652358939405190935e-02
2.029999999999999805e+00 2.492554643483091761e-02
2.040000000000000036e+00 2.350573916896741070e-02
2.049999999999999822e+00 2.225054029302204681e-02
2.060000000000000053e+00 2.115796358357042647e-02
2.069999999999999840e+00 2.023563653258798889e-02
2.080000000000000071e+00 1.949287176465162516e-02
2.089999999999999858e+00 1.893114498821071856e-02
2.100000000000000089e+00 1.853782200979912226e-02
2.109999999999999876e+00 1.828583302958243159e-02
2.120000000000000107e+00 1.813890007239469734e-02
2.129999999999999893e+00 1.805938532198417268e-02
2.140000000000000124e+00 1.801514282818322821e-02
2.149999999999999911e+00 1.798293853420967342e-02
2.160000000000000142e+00 1.794768686767546709e-02
2.169999999999999929e+00 1.789820374818134469e-02
2.180000000000000160e+00 1.782198236796993240e-02
2.189999999999999947e+00 1.770326296542128197e-02
2.200000000000000178e+00 1.752780756598536563e-02
2.209999999999999964e+00 1.729275117060910874e-02
2.220000000000000195e+00 1.701409050162506695e-02
2.229999999999999982e+00 1.672417669629179537e-02
2.240000000000000213e+00 1.645886714695000974e-02
2.250000000000000000e+00 1.624245247178910528e-02
2.259999999999999787e+00 1.607996814125226687e-02
2.270000000000000018e+00 1.596014782658398967e-02
2.279999999999999805e+00 1.586475610323984792e-02
2.290000000000000036e+00 1.577758320816213464e-02
2.299999999999999822e+00 1.568912985789715914e-02
2.310000000000000053e+00 1.559700558471855021e-02
2.319999999999999840e+00 1.550412740453228737e-02
2.330000000000000071e+00 1.541653425717897860e-02
2.339999999999999858e+00 1.534136180300353994e-02
2.350000000000000089e+00 1.528469656572013780e-02
2.359999999999999876e+00 1.524926980326460173e-02
2.370000000000000107e+00 1.523281501156074046e-02
2.379999999999999893e+00 1.522827098259678380e-02
2.390000000000000124e+00 1.522610494177910681e-02
2.399999999999999911e+00 1.521749188463225079e-02
2.410000000000000142e+00 1.519652348761503513e-02
2.419999999999999929e+00 1.516069502741592724e-02
2.430000000000000160e+00 1.511037880862159399e-02
2.439999999999999947e+00 1.504827040564798123e-02
2.450000000000000178e+00 1.497898537918167065e-02
2.459999999999999964e+00 1.490840702390306381e-02
2.470000000000000195e+00 1.484267514631085368e-02
2.479999999999999982e+00 1.478723702574556188e-02
2.490000000000000213e+00 1.474636969876609929e-02
2.500000000000000000e+00 1.472305317800731185e-02
2.509999999999999787e+00 1.471869063228356707e-02
2.520000000000000018e+00 1.473243119762231677e-02
2.529999999999999805e+00 1.476053335425793651e-02
2.540000000000000036e+00 1.479656441417445678e-02
2.549999999999999822e+00 1.483278123157642445e-02
2.560000000000000053e+00 1.486214421113978348e-02
2.569999999999999840e+00 1.487993803373424337e-02
2.580000000000000071e+00 1.488432067553977466e-02
2.589999999999999858e+00 1.487588402011753505e-02
2.600000000000000089e+00 1.485679488356658924e-02
2.609999999999999876e+00 1.483002045614066622e-02
2.620000000000000107e+00 1.479877547524188590e-02
2.629999999999999893e+00 1.476606498536527090e-02
2.640000000000000124e+00 1.473422818054904646e-02
2.649999999999999911e+00 1.470458772529763605e-02
2.660000000000000142e+00 1.467740233891298360e-02
2.669999999999999929e+00 1.465217487594730646e-02
2.680000000000000160e+00 1.462811450181982637e-02
2.689999999999999947e+00 1.460443679253311568e-02
2.700000000000000178e+00 1.458032906996654943e-02
2.709999999999999964e+00 1.455471061979401147e-02
2.720000000000000195e+00 1.452615320820605481e-02
2.729999999999999982e+00 1.449328836801899896e-02
2.740000000000000213e+00 1.445565967091999582e-02
2.750000000000000000e+00 1.441450039253399686e-02
2.759999999999999787e+00 1.437276337066988909e-02
2.770000000000000018e+00 1.433416514963423323e-02
2.779999999999999805e+00 1.430174333800094018e-02
2.790000000000000036e+00 1.427680670576724799e-02
2.799999999999999822e+00 1.425883413087460604e-02
2.810000000000000053e+00 1.424618474251351970e-02
2.819999999999999840e+00 1.423703253713104640e-02
2.830000000000000071e+00 1.422999901272127901e-02
2.839999999999999858e+00 1.422431289638105036e-02
2.850000000000000089e+00 1.421963642763543652e-02
2.859999999999999876e+00 1.421580229993957625e-02
2.870000000000000107e+00 1.421263749367158644e-02
2.879999999999999893e+00 1.420991872494536262e-02
2.890000000000000124e+00 1.420740770532140547e-02
2.899999999999999911e+00 1.420489644361329871e-02
2.910000000000000142e+00 1.420222996068795998e-02
2.919999999999999929e+00 1.419931249207262262e-02
2.930000000000000160e+00 1.419611286909959989e-02
2.939999999999999947e+00 1.419267178393011399e-02
2.950000000000000178e+00 1.418909932399038676e-02
2.959999999999999964e+00 1.418555042098603065e-02
2.970000000000000195e+00 1.418218019332808354e-02
2.979999999999999982e+00 1.417909861484572404e-02
2.990000000000000213e+00 1.417634777659293813e-02
3.000000000000000000e+00 1.417391025618987971e-02
3.009999999999999787e+00 1.417173718416984626e-02
3.020000000000000018e+00 1.416977676590248751e-02
3.029999999999999805e+00 1.416799119692793707e-02
3.040000000000000036e+00 1.416636121896389620e-02
3.049999999999999822e+00 1.416488315036651575e-02
3.060000000000000053e+00 1.416356269718944266e-02
3.069999999999999840e+00 1.416240785555110578e-02
3.080000000000000071e+00 1.416142247784999905e-02
3.089999999999999858e+00 1.416060207361994477e-02
3.100000000000000089e+00 1.415993289565082615e-02
3.109999999999999876e+00 1.415939414264073132e-02
3.120000000000000107e+00 1.415896193125186844e-02
3.129999999999999893e+00 1.415861327688946146e-02
3.140000000000000124e+00 1.415832878904447339e-02
3.149999999999999911e+00 1.415809368893014737e-02
3.160000000000000142e+00 1.415789751791253492e-02
3.169999999999999929e+00 1.415773320770134271e-02
3.180000000000000160e+00 1.415759606584458298e-02
3.189999999999999947e+00 1.415748292682736040e-02
3.200000000000000178e+00 1.415739146292203238e-02
3.209999999999999964e+00 1.415731957532911749e-02
3.220000000000000195e+00 1.415726489208690882e-02
3.229999999999999982e+00 1.415722452849941040e-02
3.240000000000000213e+00 1.415719522649382285e-02
3.250000000000000000e+00 1.415717377670349525e-02
3.259999999999999787e+00 1.415715745732789091e-02
3.270000000000000018e+00 1.415714426938196116e-02
3.279999999999999805e+00 1.415713293242206253e-02
3.290000000000000036e+00 1.415712273706304022e-02
3.299999999999999822e+00 1.415711335932591693e-02
3.310000000000000053e+00 1.415710469274035141e-02
3.319999999999999840e+00 1.415709671724689478e-02
3.330000000000000071e+00 1.415708941114738988e-02
3.339999999999999858e+00 1.415708270880665712e-02
3.350000000000000089e+00 1.415707650197663321e-02
3.359999999999999876e+00 1.415707067274847922e-02
3.370000000000000107e+00 1.415706513438297516e-02
3.379999999999999893e+00 1.415705985332665374e-02
3.390000000000000124e+00 1.415705483945999855e-02
3.399999999999999911e+00 1.415705011476597018e-02
3.410000000000000142e+00 1.415704568473528588e-02
3.419999999999999929e+00 1.415704153067273534e-02
3.430000000000000160e+00 1.415703762210980370e-02
3.439999999999999947e+00 1.415703393463373615e-02
3.450000000000000178e+00 1.415703045961523403e-02
3.459999999999999964e+00 1.415702720291936792e-02
3.470000000000000195e+00 1.415702417777812451e-02
3.479999999999999982e+00 1.415702139747027251e-02
3.490000000000000213e+00 1.415701887008422900e-02
3.500000000000000000e+00 1.415701659549936479e-02
3.509999999999999787e+00 1.415701456459056949e-02
3.520000000000000018e+00 1.415701276065341532e-02
3.529999999999999805e+00 1.415701116228404097e-02
3.540000000000000036e+00 1.415700974622589869e-02
3.549999999999999822e+00 1.415700848894472369e-02
3.560000000000000053e+00 1.415700736686676363e-02
3.569999999999999840e+00 1.415700635634692915e-02
3.580000000000000071e+00 1.415700543451920389e-02
3.589999999999999858e+00 1.415700458119623951e-02
3.600000000000000089e+00 1.415700378093634471e-02
3.609999999999999876e+00 1.415700302421333233e-02
3.620000000000000107e+00 1.415700230728901554e-02
3.629999999999999893e+00 1.415700163129082929e-02
3.640000000000000124e+00 1.415700100166538897e-02
3.649999999999999911e+00 1.415700042924981222e-02
3.660000000000000142e+00 1.415699993314352943e-02
3.669999999999999929e+00 1.415699954331401701e-02
3.680000000000000160e+00 1.415699929899053716e-02
3.689999999999999947e+00 1.415699923996734978e-02
3.700000000000000178e+00 1.415699939245433636e-02
3.709999999999999964e+00 1.415699975561259157e-02
3.720000000000000195e+00 1.415700029519790723e-02
3.729999999999999982e+00 1.415700094688989059e-02
3.740000000000000213e+00 1.415700162776819399e-02
3.750000000000000000e+00 1.415700225239946777e-02
3.759999999999999787e+00 1.415700274921633146e-02
3.770000000000000018e+00 1.415700307245272571e-02
3.779999999999999805e+00 1.415700320593179379e-02
3.790000000000000036e+00 1.415700315819788495e-02
3.799999999999999822e+00 1.415700295233425846e-02
3.810000000000000053e+00 1.415700261606459530e-02
3.819999999999999840e+00 1.415700217753862282e-02
3.830000000000000071e+00 1.415700166995315264e-02
3.839999999999999858e+00 1.415700114404402389e-02
3.850000000000000089e+00 1.415700068157783355e-02
3.859999999999999876e+00 1.415700039794708966e-02
3.870000000000000107e+00 1.415700042422611896e-02
3.879999999999999893e+00 1.415700087233348094e-02
3.890000000000000124e+00 1.415700180298085260e-02
3.899999999999999911e+00 1.415700321825865728e-02
3.910000000000000142e+00 1.415700508356798615e-02
3.919999999999999929e+00 1.415700736275844231e-02
3.930000000000000160e+00 1.415701004503278244e-02
3.939999999999999947e+00 1.415701315356772926e-02
3.950000000000000178e+00 1.415701673987999724e-02
3.959999999999999964e+00 1.415702087402452222e-02
3.970000000000000195e+00 1.415702563871008672e-02
3.979999999999999982e+00 1.415703112998183480e-02
3.990000000000000213e+00 1.415703746215553858e-02
4.000000000000000000e+00 1.415704477257990340e-02
4.009999999999999787e+00 1.415705322294142678e-02
4.019999999999999574e+00 1.415706299650384796e-02
4.030000000000000249e+00 1.415707429292625309e-02
4.040000000000000036e+00 1.415708732348774923e-02
4.049999999999999822e+00 1.415710230973749040e-02
4.059999999999999609e+00 1.415711948743604391e-02
4.070000000000000284e+00 1.415713911516508841e-02
4.080000000000000071e+00 1.415716148562042205e-02
4.089999999999999858e+00 1.415718694097683854e-02
4.099999999999999645e+00 1.415721589987943910e-02
4.110000000000000320e+00 1.415724890224150795e-02
4.120000000000000107e+00 1.415728666119969378e-02
4.129999999999999893e+00 1.415733008865300603e-02
4.139999999999999680e+00 1.415738025643496593e-02
4.150000000000000355e+00 1.415743828604425041e-02
4.160000000000000142e+00 1.415750521020851284e-02
4.169999999999999929e+00 1.415758187472384265e-02
4.179999999999999716e+00 1.415766891773933417e-02
4.190000000000000391e+00 1.415776679968891102e-02
4.200000000000000178e+00 1.415787582072199589e-02
4.209999999999999964e+00 1.415799608248838846e-02
4.219999999999999751e+00 1.415812739222325339e-02
4.230000000000000426e+00 1.415826911897733083e-02
4.240000000000000213e+00 1.415842000265170667e-02
4.250000000000000000e+00 1.415857795367837790e-02
4.259999999999999787e+00 1.415873999091300101e-02
4.269999999999999574e+00 1.415890254454105039e-02
4.280000000000000249e+00 1.415906225100141066e-02
4.290000000000000036e+00 1.415921708870308653e-02
4.299999999999999822e+00 1.415936743722228525e-02
4.309999999999999609e+00 1.415951659181063568e-02
4.320000000000000284e+00 1.415967048026771195e-02
4.330000000000000071e+00 1.415983669304931268e-02
4.339999999999999858e+00 1.416002323234658716e-02
4.349999999999999645e+00 1.416023742778318301e-02
4.360000000000000320e+00 1.416048526939385835e-02
4.370000000000000107e+00 1.416077118434023313e-02
4.379999999999999893e+00 1.416109820847969575e-02
4.389999999999999680e+00 1.416146853045013691e-02
4.400000000000000355e+00 1.416188435492456328e-02
4.410000000000000142e+00 1.416234890985077106e-02
4.419999999999999929e+00 1.416286732114216754e-02
4.429999999999999716e+00 1.416344707121075346e-02
4.440000000000000391e+00 1.416409784319535951e-02
4.450000000000000178e+00 1.416483077244590390e-02
4.459999999999999964e+00 1.416565745849206193e-02
4.469999999999999751e+00 1.416658918069067796e-02
4.480000000000000426e+00 1.416763605542713245e-02
4.490000000000000213e+00 1.416880402231938951e-02
4.500000000000000000e+00 1.417008456382892918e-02
4.509999999999999787e+00 1.417142945928337276e-02
4.519999999999999574e+00 1.417270708751200425e-02
4.530000000000000249e+00 1.417365840982306134e-02
4.540000000000000036e+00 1.417390635246379080e-02
4.549999999999999822e+00 1.417307954847751676e-02
4.559999999999999609e+00 1.417103501840555856e-02
4.570000000000000284e+00 1.416803442788389794e-02
4.580000000000000071e+00 1.416469581952026387e-02
4.589999999999999858e+00 1.416170717693776560e-02
4.599999999999999645e+00 1.415950732282713308e-02
4.610000000000000320e+00 1.415816342882153869e-02
4.620000000000000107e+00 1.415747985188956642e-02
4.629999999999999893e+00 1.415719133299720399e-02
4.639999999999999680e+00 1.415709261204626569e-02
4.650000000000000355e+00 1.415706853540802876e-02
4.660000000000000142e+00 1.415706881266895999e-02
4.669999999999999929e+00 1.415707549709897817e-02
4.679999999999999716e+00 1.415708265553762384e-02
4.690000000000000391e+00 1.415708768602745235e-02
4.700000000000000178e+00 1.415708893914273230e-02
4.709999999999999964e+00 1.415708582795550258e-02
4.719999999999999751e+00 1.415707927383667158e-02
4.730000000000000426e+00 1.415707129264913954e-02
4.740000000000000213e+00 1.415706363187583562e-02
4.750000000000000000e+00 1.415705649519380903e-02
4.759999999999999787e+00 1.415704854444378887e-02
4.769999999999999574e+00 1.415703827215303995e-02
4.780000000000000249e+00 1.415702555180952532e-02
4.790000000000000036e+00 1.415701201056213804e-02
4.799999999999999822e+00 1.415699999372267356e-02
4.809999999999999609e+00 1.415699113720018075e-02
4.820000000000000284e+00 1.415698570235342756e-02
4.830000000000000071e+00 1.415698291629491519e-02
4.839999999999999858e+00 1.415698171962656918e-02
4.849999999999999645e+00 1.415698128774850635e-02
4.860000000000000320e+00 1.415698115648619630e-02
4.870000000000000107e+00 1.415698112304468806e-02
4.879999999999999893e+00 1.415698111638285205e-02
4.889999999999999680e+00 1.415698111615848812e-02
4.900000000000000355e+00 1.415698111757473544e-02
4.910000000000000142e+00 1.415698111975332782e-02
4.919999999999999929e+00 1.415698112264704260e-02
4.929999999999999716e+00 1.415698112630967703e-02
4.940000000000000391e+00 1.415698113064868188e-02
4.950000000000000178e+00 1.415698113525285830e-02
4.959999999999999964e+00 1.415698113934045488e-02
4.969999999999999751e+00 1.415698114198768974e-02
4.980000000000000426e+00 1.415698114264674241e-02
4.990000000000000213e+00 1.415698114164068433e-02
5.000000000000000000e+00 1.415698114018756372e-02
5.009999999999999787e+00 1.415698113982503774e-02
5.019999999999999574e+00 1.415698114160286215e-02
5.030000000000000249e+00 1.415698114553532762e-02
5.040000000000000036e+00 1.415698115050370923e-02
5.049999999999999822e+00 1.415698115455337955e-02
5.059999999999999609e+00 1.415698115556504079e-02
5.070000000000000284e+00 1.415698115222433287e-02
5.080000000000000071e+00 1.415698114483059621e-02
5.089999999999999858e+00 1.415698113527305395e-02
5.099999999999999645e+00 1.415698112602878540e-02
5.110000000000000320e+00 1.415698111890071123e-02
5.120000000000000107e+00 1.415698111441000481e-02
5.129999999999999893e+00 1.415698111207237993e-02
5.139999999999999680e+00 1.415698111106210300e-02
5.150000000000000355e+00 1.415698111069968457e-02
5.160000000000000142e+00 1.415698111059212130e-02
5.169999999999999929e+00 1.415698111056459645e-02
5.179999999999999716e+00 1.415698111055523067e-02
5.190000000000000391e+00 1.415698111054710870e-02
5.200000000000000178e+00 1.415698111053800487e-02
5.209999999999999964e+00 1.415698111052944054e-02
5.219999999999999751e+00 1.415698111052291625e-02
5.230000000000000426e+00 1.415698111051887607e-02
5.240000000000000213e+00 1.415698111051685686e-02
5.250000000000000000e+00 1.415698111051609184e-02
5.259999999999999787e+00 1.415698111051596868e-02
5.269999999999999574e+00 1.415698111051613174e-02
5.280000000000000249e+00 1.415698111051643879e-02
5.290000000000000036e+00 1.415698111051684471e-02
5.299999999999999822e+00 1.415698111051735472e-02
5.309999999999999609e+00 1.415698111051797922e-02
5.320000000000000284e+00 1.415698111051873036e-02
5.330000000000000071e+00 1.415698111051957690e-02
5.339999999999999858e+00 1.415698111052043733e-02
5.349999999999999645e+00 1.415698111052113989e-02
5.360000000000000320e+00 1.415698111052149724e-02
5.370000000000000107e+00 1.415698111052138622e-02
5.379999999999999893e+00 1.415698111052087101e-02
5.389999999999999680e+00 1.415698111052018579e-02
5.400000000000000355e+00 1.415698111051964803e-02
5.410000000000000142e+00 1.415698111051947976e-02
5.419999999999999929e+00 1.415698111051974864e-02
5.429999999999999716e+00 1.415698111052034885e-02
5.440000000000000391e+00 1.415698111052106530e-02
5.450000000000000178e+00 1.415698111052160306e-02
5.459999999999999964e+00 1.415698111052166898e-02
5.469999999999999751e+00 1.415698111052109652e-02
5.480000000000000426e+00 1.415698111051993599e-02
5.490000000000000213e+00 1.415698111051847709e-02
5.500000000000000000e+00 1.415698111051708237e-02
5.509999999999999787e+00 1.415698111051601552e-02
5.519999999999999574e+00 1.415698111051534765e-02
5.530000000000000249e+00 1.415698111051500070e-02
5.540000000000000036e+00 1.415698111051485325e-02
5.549999999999999822e+00 1.415698111051479947e-02
5.559999999999999609e+00 1.415698111051478386e-02
5.570000000000000284e+00 1.415698111051478213e-02
5.580000000000000071e+00 1.415698111051477519e-02
5.589999999999999858e+00 1.415698111051477172e-02
5.599999999999999645e+00 1.415698111051476825e-02
5.610000000000000320e+00 1.415698111051476825e-02
5.620000000000000107e+00 1.415698111051477172e-02
5.629999999999999893e+00 1.415698111051477519e-02
5.639999999999999680e+00 1.415698111051477866e-02
5.650000000000000355e+00 1.415698111051478733e-02
5.660000000000000142e+00 1.415698111051479774e-02
5.669999999999999929e+00 1.415698111051480641e-02
5.679999999999999716e+00 1.415698111051482203e-02
5.690000000000000391e+00 1.415698111051484111e-02
5.700000000000000178e+00 1.415698111051486192e-02
5.709999999999999964e+00 1.415698111051489141e-02
5.719999999999999751e+00 1.415698111051492784e-02
5.730000000000000426e+00 1.415698111051497295e-02
5.740000000000000213e+00 1.415698111051503193e-02
5.750000000000000000e+00 1.415698111051510652e-02
5.759999999999999787e+00 1.415698111051520020e-02
5.769999999999999574e+00 1.415698111051531989e-02
5.780000000000000249e+00 1.415698111051546908e-02
5.790000000000000036e+00 1.415698111051565122e-02
5.799999999999999822e+00 1.415698111051587500e-02
5.809999999999999609e+00 1.415698111051614215e-02
5.820000000000000284e+00 1.415698111051643532e-02
5.830000000000000071e+00 1.415698111051671981e-02
5.839999999999999858e+00 1.415698111051691931e-02
5.849999999999999645e+00 1.415698111051696267e-02
5.860000000000000320e+00 1.415698111051679094e-02
5.870000000000000107e+00 1.415698111051643185e-02
5.879999999999999893e+00 1.415698111051597215e-02
5.889999999999999680e+00 1.415698111051552806e-02
5.900000000000000355e+00 1.415698111051519152e-02
5.910000000000000142e+00 1.415698111051498162e-02
5.919999999999999929e+00 1.415698111051488448e-02
5.929999999999999716e+00 1.415698111051485325e-02
5.940000000000000391e+00 1.415698111051485672e-02
5.950000000000000178e+00 1.415698111051487233e-02
5.959999999999999964e+00 1.415698111051488794e-02
5.969999999999999751e+00 1.415698111051489488e-02
5.980000000000000426e+00 1.415698111051489141e-02
5.990000000000000213e+00 1.415698111051488101e-02
6.000000000000000000e+00 1.415698111051486192e-02
6.200000000000000178e+00 1.415698111051484458e-02
6.400000000000000355e+00 1.415698111051482203e-02
6.599999999999999645e+00 1.415698111051480294e-02
6.799999999999999822e+00 1.415698111051478386e-02
7.000000000000000000e+00 0.000000000000000000e+00
