0.000000000000000000e+00 0.000000000000000000e+00
1.000000000000000021e-02 1.683738335740324679e-02
2.000000000000000042e-02 1.683738335740324679e-02
2.999999999999999889e-02 1.683738335740324679e-02
4.000000000000000083e-02 1.683738335740324679e-02
5.000000000000000278e-02 1.683738335740324679e-02
5.999999999999999778e-02 1.683738335740324679e-02
7.000000000000000666e-02 1.683738335740324679e-02
8.000000000000000167e-02 1.683738335740324679e-02
8.999999999999999667e-02 1.683738335740324679e-02
1.000000000000000056e-01 1.683738335740324679e-02
1.100000000000000006e-01 1.683738335740324679e-02
1.199999999999999956e-01 1.683738335740324679e-02
1.300000000000000044e-01 1.683738335740324679e-02
1.400000000000000133e-01 1.683738335740324679e-02
1.499999999999999944e-01 1.683738335740324679e-02
1.600000000000000033e-01 1.683738335740324679e-02
1.700000000000000122e-01 1.683738335740324679e-02
1.799999999999999933e-01 1.683738335740324679e-02
1.900000000000000022e-01 1.683738335740324679e-02
2.000000000000000111e-01 1.683738335740324679e-02
2.099999999999999922e-01 1.683738335740324679e-02
2.200000000000000011e-01 1.683738335740324679e-02
2.300000000000000100e-01 1.683738335740324679e-02
2.399999999999999911e-01 1.683738335740324679e-02
2.500000000000000000e-01 1.683738335740324679e-02
2.600000000000000089e-01 1.683738335740324679e-02
2.700000000000000178e-01 1.683738335740325026e-02
2.800000000000000266e-01 1.683738335740325373e-02
2.899999999999999800e-01 1.683738335740325720e-02
2.999999999999999889e-01 1.683738335740326414e-02
3.099999999999999978e-01 1.683738335740327455e-02
3.200000000000000067e-01 1.683738335740329536e-02
3.300000000000000155e-01 1.683738335740333353e-02
3.400000000000000244e-01 1.683738335740340292e-02
3.499999999999999778e-01 1.683738335740353129e-02
3.599999999999999867e-01 1.683738335740377415e-02
3.699999999999999956e-01 1.683738335740424252e-02
3.800000000000000044e-01 1.683738335740515499e-02
3.900000000000000133e-01 1.683738335740688624e-02
4.000000000000000222e-01 1.683738335741016834e-02
4.099999999999999756e-01 1.683738335741632661e-02
4.199999999999999845e-01 1.683738335742782782e-02
4.299999999999999933e-01 1.683738335744915798e-02
4.400000000000000022e-01 1.683738335748834886e-02
4.500000000000000111e-01 1.683738335755940313e-02
4.600000000000000200e-01 1.683738335768630509e-02
4.699999999999999734e-01 1.683738335790998727e-02
4.799999999999999822e-01 1.683738335830068170e-02
4.899999999999999911e-01 1.683738335898001329e-02
5.000000000000000000e-01 1.683738336016063139e-02
5.100000000000000089e-01 1.683738336221787465e-02
5.200000000000000178e-01 1.683738336582120756e-02
5.300000000000000266e-01 1.683738337217561068e-02
5.400000000000000355e-01 1.683738338345942484e-02
5.500000000000000444e-01 1.683738340360529592e-02
5.600000000000000533e-01 1.683738343968328027e-02
5.699999999999999512e-01 1.683738350435625905e-02
5.799999999999999600e-01 1.683738362023704666e-02
5.899999999999999689e-01 1.683738382752144117e-02
5.999999999999999778e-01 1.683738419708653844e-02
6.099999999999999867e-01 1.683738485250909495e-02
6.199999999999999956e-01 1.683738600617658288e-02
6.300000000000000044e-01 1.683738801589702849e-02
6.400000000000000133e-01 1.683739146722073449e-02
6.500000000000000222e-01 1.683739728293565802e-02
6.600000000000000311e-01 1.683740686104275366e-02
6.700000000000000400e-01 1.683742225624304187e-02
6.800000000000000488e-01 1.683744644818287867e-02
6.899999999999999467e-01 1.683748376387155313e-02
6.999999999999999556e-01 1.683754052434632484e-02
7.099999999999999645e-01 1.683762599197023702e-02
7.199999999999999734e-01 1.683775378218135832e-02
7.299999999999999822e-01 1.683794413512317359e-02
7.399999999999999911e-01 1.683822776587464570e-02
7.500000000000000000e-01 1.683865227770460840e-02
7.600000000000000089e-01 1.683929230305918415e-02
7.700000000000000178e-01 1.684026479788129985e-02
7.800000000000000266e-01 1.684175101064593755e-02
7.900000000000000355e-01 1.684402517580829706e-02
8.000000000000000444e-01 1.684748552010323017e-02
8.100000000000000533e-01 1.685267778240919639e-02
8.199999999999999512e-01 1.686030177133433436e-02
8.299999999999999600e-01 1.687120150449664124e-02
8.399999999999999689e-01 1.688635037890650822e-02
8.499999999999999778e-01 1.690683753863288230e-02
8.599999999999999867e-01 1.693383813826455225e-02
8.699999999999999956e-01 1.696853427110721693e-02
8.800000000000000044e-01 1.701197250936806529e-02
8.900000000000000133e-01 1.706489448441540768e-02
9.000000000000000222e-01 1.712764034513638428e-02
9.100000000000000311e-01 1.720030522869818446e-02
9.200000000000000400e-01 1.728340773647468395e-02
9.300000000000000488e-01 1.737927988335762758e-02
9.399999999999999467e-01 1.749407474382104824e-02
9.499999999999999556e-01 1.763986516063069387e-02
9.599999999999999645e-01 1.783621741983439091e-02
9.699999999999999734e-01 1.811099486562945879e-02
9.799999999999999822e-01 1.850041858823876784e-02
9.899999999999999911e-01 1.904819917346954952e-02
1.000000000000000000e+00 1.980360077444635533e-02
1.010000000000000009e+00 2.081937623329846443e-02
1.020000000000000018e+00 2.215143623538652976e-02
1.030000000000000027e+00 2.386077406319474584e-02
1.040000000000000036e+00 2.601507331481450053e-02
1.050000000000000044e+00 2.868617439254724302e-02
1.060000000000000053e+00 3.194238737103791137e-02
1.070000000000000062e+00 3.583882820423702625e-02
1.080000000000000071e+00 4.040948826669998883e-02
1.090000000000000080e+00 4.566009973108670073e-02
1.100000000000000089e+00 5.155561847094466271e-02
1.110000000000000098e+00 5.799779915308907186e-02
1.120000000000000107e+00 6.480025867322149191e-02
1.129999999999999893e+00 7.168347520416334939e-02
1.139999999999999902e+00 7.831492857509793348e-02
1.149999999999999911e+00 8.440131564072847481e-02
1.159999999999999920e+00 8.981063682126912140e-02
1.169999999999999929e+00 9.467974143894795913e-02
1.179999999999999938e+00 9.945378248353180239e-02
1.189999999999999947e+00 1.048111369233374335e-01
1.199999999999999956e+00 1.114684494174519452e-01
1.209999999999999964e+00 1.199377390009279537e-01
1.219999999999999973e+00 1.303625040499132859e-01
1.229999999999999982e+00 1.425188262213657464e-01
1.239999999999999991e+00 1.559501676303967355e-01
1.250000000000000000e+00 1.701239188947725745e-01
1.260000000000000009e+00 1.845253040672361067e-01
1.270000000000000018e+00 1.986916617742475744e-01
1.280000000000000027e+00 2.122473096191666575e-01
1.290000000000000036e+00 2.249916927969635994e-01
1.300000000000000044e+00 2.370382087003874427e-01
1.310000000000000053e+00 2.489252966557820579e-01
1.320000000000000062e+00 2.615731843102590548e-01
1.330000000000000071e+00 2.760143465539241503e-01
1.340000000000000080e+00 2.929971240768909913e-01
1.350000000000000089e+00 3.127083585525789466e-01
1.360000000000000098e+00 3.347902535329499440e-01
1.370000000000000107e+00 3.585586126059947532e-01
1.379999999999999893e+00 3.831534150228363411e-01
1.389999999999999902e+00 4.075064380229070360e-01
1.399999999999999911e+00 4.303422651806227961e-01
1.409999999999999920e+00 4.505114164785569142e-01
1.419999999999999929e+00 4.675981510498307125e-01
1.429999999999999938e+00 4.823103112113131252e-01
1.439999999999999947e+00 4.961961285279514189e-01
1.449999999999999956e+00 5.107974822696705886e-01
1.459999999999999964e+00 5.268559020974866725e-01
1.469999999999999973e+00 5.440947087097275370e-01
1.479999999999999982e+00 5.615594845507719812e-01
1.489999999999999991e+00 5.781127537065429145e-01
1.500000000000000000e+00 5.927533216430949103e-01
1.510000000000000009e+00 6.047340471157380826e-01
1.520000000000000018e+00 6.136327502206416762e-01
1.530000000000000027e+00 6.194883573257479181e-01
1.540000000000000036e+00 6.229503786348211669e-01
1.550000000000000044e+00 6.252495831081236188e-01
1.560000000000000053e+00 6.278232093013921267e-01
1.570000000000000062e+00 6.316741763741715587e-01
1.580000000000000071e+00 6.368306790424230757e-01
1.590000000000000080e+00 6.422807548298877789e-01
1.600000000000000089e+00 6.464137823547416728e-01
1.610000000000000098e+00 6.476388564815808158e-01
1.620000000000000107e+00 6.448181205465164378e-01
1.629999999999999893e+00 6.374108825600284245e-01
1.639999999999999902e+00 6.254687136141781068e-01
1.649999999999999911e+00 6.096762155578130393e-01
1.659999999999999920e+00 5.915342504174490035e-01
1.669999999999999929e+00 5.736026354399492710e-01
1.679999999999999938e+00 5.595182669456911784e-01
1.689999999999999947e+00 5.534564118291894763e-01
1.699999999999999956e+00 5.590029758737272703e-01
1.709999999999999964e+00 5.779146581654127646e-01
1.719999999999999973e+00 6.094575470412916252e-01
1.729999999999999982e+00 6.506520461176316106e-01
1.739999999999999991e+00 6.971866648931350774e-01
1.750000000000000000e+00 7.445514743672692060e-01
1.760000000000000009e+00 7.890984077344315173e-01
1.770000000000000018e+00 8.288454488543717247e-01
1.780000000000000027e+00 8.637750279444963430e-01
1.790000000000000036e+00 8.954654665246890577e-01
1.800000000000000044e+00 9.263187986244201255e-01
1.810000000000000053e+00 9.589940654132654840e-01
1.820000000000000062e+00 9.963867157879636727e-01
1.830000000000000071e+00 1.041782499150270658e+00
1.840000000000000080e+00 1.098506676043926822e+00
1.850000000000000089e+00 1.168954407067821055e+00
1.860000000000000098e+00 1.253678615823587528e+00
1.870000000000000107e+00 1.351228525260238955e+00
1.879999999999999893e+00 1.458673385251503696e+00
1.889999999999999902e+00 1.572194849653135496e+00
1.899999999999999911e+00 1.687390604156775664e+00
1.909999999999999920e+00 1.799521152994988604e+00
1.919999999999999929e+00 1.904093410038406375e+00
1.929999999999999938e+00 1.997793010007553827e+00
1.939999999999999947e+00 2.079277117858883361e+00
1.949999999999999956e+00 2.149147189506736222e+00
1.959999999999999964e+00 2.208769116577105951e+00
1.969999999999999973e+00 2.258432081145893111e+00
1.979999999999999982e+00 2.296038928964045933e+00
1.989999999999999991e+00 2.317295131487952631e+00
2.000000000000000000e+00 2.317227026647471710e+00
2.009999999999999787e+00 2.291912399463905903e+00
2.020000000000000018e+00 2.239458669496355636e+00
2.029999999999999805e+00 2.160139856765523003e+00
2.040000000000000036e+00 2.056172313108363348e+00
2.049999999999999822e+00 1.931471840846396226e+00
2.060000000000000053e+00 1.791333334010630773e+00
2.069999999999999840e+00 1.641849075515805279e+00
2.080000000000000071e+00 1.489113491683599966e+00
2.089999999999999858e+00 1.338525076265671299e+00
2.100000000000000089e+00 1.194454664946528855e+00
2.109999999999999876e+00 1.060223496791065534e+00
2.120000000000000107e+00 9.380990691291655192e-01
2.129999999999999893e+00 8.291583770243747820e-01
2.140000000000000124e+00 7.331992027695405367e-01
2.149999999999999911e+00 6.489649562711763409e-01
2.160000000000000142e+00 5.746821047207130162e-01
2.169999999999999929e+00 5.086345785989097035e-01
2.180000000000000160e+00 4.495172569069291191e-01
2.189999999999999947e+00 3.965211111938816702e-01
2.200000000000000178e+00 3.492361494770337971e-01
2.209999999999999964e+00 3.074499117615852040e-01
2.220000000000000195e+00 2.709006063971659550e-01
2.229999999999999982e+00 2.390824087727351499e-01
2.240000000000000213e+00 2.112127337589007059e-01
2.250000000000000000e+00 1.863847713600805811e-01
2.259999999999999787e+00 1.638053848306346705e-01
2.270000000000000018e+00 1.429737842815282378e-01
2.279999999999999805e+00 1.237182749002306292e-01
2.290000000000000036e+00 1.061065028456114612e-01
2.299999999999999822e+00 9.030259356570224938e-02
2.310000000000000053e+00 7.644317683954576781e-02
2.319999999999999840e+00 6.456942922756264691e-02
2.330000000000000071e+00 5.461561405604212216e-02
2.339999999999999858e+00 4.643304000807229465e-02
2.350000000000000089e+00 3.982464224724520385e-02
2.359999999999999876e+00 3.457393439701771098e-02
2.370000000000000107e+00 3.046373159275064108e-02
2.379999999999999893e+00 2.728738358451762713e-02
2.390000000000000124e+00 2.485641978891878212e-02
2.399999999999999911e+00 2.300635487377785185e-02
2.410000000000000142e+00 2.160049234653671144e-02
2.419999999999999929e+00 2.053110827017135681e-02
2.430000000000000160e+00 1.971766472549098259e-02
2.439999999999999947e+00 1.910225029414668735e-02
2.450000000000000178e+00 1.864348671885921946e-02
2.459999999999999964e+00 1.831097569738436223e-02
2.470000000000000195e+00 1.808163889518578371e-02
2.479999999999999982e+00 1.793742246852837036e-02
2.490000000000000213e+00 1.786299546266396920e-02
2.500000000000000000e+00 1.784318495754304984e-02
2.509999999999999787e+00 1.786128167873553621e-02
2.520000000000000018e+00 1.789925931041444138e-02
2.529999999999999805e+00 1.793971659656828227e-02
2.540000000000000036e+00 1.796838626743274200e-02
2.549999999999999822e+00 1.797599579405993742e-02
2.560000000000000053e+00 1.795880778327052507e-02
2.569999999999999840e+00 1.791784209690276686e-02
2.580000000000000071e+00 1.785728840362358835e-02
2.589999999999999858e+00 1.778279514223987320e-02
2.600000000000000089e+00 1.770015963289258212e-02
2.609999999999999876e+00 1.761459239044448413e-02
2.620000000000000107e+00 1.753040466171986236e-02
2.629999999999999893e+00 1.745085297146885608e-02
2.640000000000000124e+00 1.737800500101958218e-02
2.649999999999999911e+00 1.731270521183553984e-02
2.660000000000000142e+00 1.725478183542381375e-02
2.669999999999999929e+00 1.720348525590970068e-02
2.680000000000000160e+00 1.715795585432743423e-02
2.689999999999999947e+00 1.711749178601468940e-02
2.700000000000000178e+00 1.708154115308043591e-02
2.709999999999999964e+00 1.704953272787892646e-02
2.720000000000000195e+00 1.702074887665395303e-02
2.729999999999999982e+00 1.699439523092794238e-02
2.740000000000000213e+00 1.696986603408031508e-02
2.750000000000000000e+00 1.694702781333936800e-02
2.759999999999999787e+00 1.692628228525814779e-02
2.770000000000000018e+00 1.690830912283316015e-02
2.779999999999999805e+00 1.689363765480326671e-02
2.790000000000000036e+00 1.688232942909757492e-02
2.799999999999999822e+00 1.687394978792023520e-02
2.810000000000000053e+00 1.686778173603961303e-02
2.819999999999999840e+00 1.686309839474493463e-02
2.830000000000000071e+00 1.685934110519065124e-02
2.839999999999999858e+00 1.685616447906369483e-02
2.850000000000000089e+00 1.685339357601632268e-02
2.859999999999999876e+00 1.685095451016629595e-02
2.870000000000000107e+00 1.684881666671698280e-02
2.879999999999999893e+00 1.684695850706871903e-02
2.890000000000000124e+00 1.684535413337731949e-02
2.899999999999999911e+00 1.684397278494816422e-02
2.910000000000000142e+00 1.684278353582297980e-02
2.919999999999999929e+00 1.684175985274213166e-02
2.930000000000000160e+00 1.684088169239427585e-02
2.939999999999999947e+00 1.684013508640148926e-02
2.950000000000000178e+00 1.683951010147233252e-02
2.959999999999999964e+00 1.683899814915919974e-02
2.970000000000000195e+00 1.683858956651769490e-02
2.979999999999999982e+00 1.683827230096145502e-02
2.990000000000000213e+00 1.683803210601871048e-02
3.000000000000000000e+00 1.683785392205319059e-02
3.009999999999999787e+00 1.683772358489781656e-02
3.020000000000000018e+00 1.683762906137154652e-02
3.029999999999999805e+00 1.683756089386247504e-02
3.040000000000000036e+00 1.683751200303924833e-02
3.049999999999999822e+00 1.683747718955713735e-02
3.060000000000000053e+00 1.683745262403582924e-02
3.069999999999999840e+00 1.683743546165853561e-02
3.080000000000000071e+00 1.683742358313444765e-02
3.089999999999999858e+00 1.683741541171557277e-02
3.100000000000000089e+00 1.683740977518329365e-02
3.109999999999999876e+00 1.683740580888696756e-02
3.120000000000000107e+00 1.683740289389721104e-02
3.129999999999999893e+00 1.683740061205087069e-02
3.140000000000000124e+00 1.683739870252639118e-02
3.149999999999999911e+00 1.683739701775500280e-02
3.160000000000000142e+00 1.683739548391171084e-02
3.169999999999999929e+00 1.683739407003288779e-02
3.180000000000000160e+00 1.683739276652537406e-02
3.189999999999999947e+00 1.683739157216142604e-02
3.200000000000000178e+00 1.683739048771740535e-02
3.209999999999999964e+00 1.683738951343088583e-02
3.220000000000000195e+00 1.683738864741581368e-02
3.229999999999999982e+00 1.683738788380844190e-02
3.240000000000000213e+00 1.683738721164785082e-02
3.250000000000000000e+00 1.683738661635057060e-02
3.259999999999999787e+00 1.683738608414400359e-02
3.270000000000000018e+00 1.683738560713871069e-02
3.279999999999999805e+00 1.683738518544957569e-02
3.290000000000000036e+00 1.683738482453654706e-02
3.299999999999999822e+00 1.683738452943896180e-02
3.310000000000000053e+00 1.683738429971598852e-02
3.319999999999999840e+00 1.683738412794992187e-02
3.330000000000000071e+00 1.683738400187039311e-02
3.339999999999999858e+00 1.683738390807344373e-02
3.350000000000000089e+00 1.683738383517659892e-02
3.359999999999999876e+00 1.683738377536482186e-02
3.370000000000000107e+00 1.683738372438214545e-02
3.379999999999999893e+00 1.683738368055040166e-02
3.390000000000000124e+00 1.683738364347515948e-02
3.399999999999999911e+00 1.683738361296158170e-02
3.410000000000000142e+00 1.683738358841986235e-02
3.419999999999999929e+00 1.683738356877538880e-02
3.430000000000000160e+00 1.683738355270990306e-02
3.439999999999999947e+00 1.683738353899426679e-02
3.450000000000000178e+00 1.683738352671394420e-02
3.459999999999999964e+00 1.683738351529042929e-02
3.470000000000000195e+00 1.683738350432611650e-02
3.479999999999999982e+00 1.683738349340514057e-02
3.490000000000000213e+00 1.683738348201549093e-02
3.500000000000000000e+00 1.683738346968141966e-02
3.509999999999999787e+00 1.683738345624298874e-02
3.520000000000000018e+00 1.683738344209356752e-02
3.529999999999999805e+00 1.683738342818500919e-02
3.540000000000000036e+00 1.683738341575113581e-02
3.549999999999999822e+00 1.683738340588798732e-02
3.560000000000000053e+00 1.683738339922003294e-02
3.569999999999999840e+00 1.683738339580476140e-02
3.580000000000000071e+00 1.683738339525992292e-02
3.589999999999999858e+00 1.683738339698115372e-02
3.600000000000000089e+00 1.683738340032186684e-02
3.609999999999999876e+00 1.683738340468548741e-02
3.620000000000000107e+00 1.683738340954967633e-02
3.629999999999999893e+00 1.683738341446553571e-02
3.640000000000000124e+00 1.683738341906359723e-02
3.649999999999999911e+00 1.683738342307578711e-02
3.660000000000000142e+00 1.683738342636199176e-02
3.669999999999999929e+00 1.683738342891995948e-02
3.680000000000000160e+00 1.683738343086454287e-02
3.689999999999999947e+00 1.683738343238003546e-02
3.700000000000000178e+00 1.683738343366074017e-02
3.709999999999999964e+00 1.683738343485373379e-02
3.720000000000000195e+00 1.683738343601402093e-02
3.729999999999999982e+00 1.683738343708443899e-02
3.740000000000000213e+00 1.683738343791316844e-02
3.750000000000000000e+00 1.683738343830833498e-02
3.759999999999999787e+00 1.683738343810693358e-02
3.770000000000000018e+00 1.683738343722512160e-02
3.779999999999999805e+00 1.683738343567181550e-02
3.790000000000000036e+00 1.683738343353288411e-02
3.799999999999999822e+00 1.683738343094186990e-02
3.810000000000000053e+00 1.683738342804460067e-02
3.819999999999999840e+00 1.683738342496123724e-02
3.830000000000000071e+00 1.683738342176024916e-02
3.839999999999999858e+00 1.683738341846465272e-02
3.850000000000000089e+00 1.683738341509121925e-02
3.859999999999999876e+00 1.683738341169297575e-02
3.870000000000000107e+00 1.683738340836900965e-02
3.879999999999999893e+00 1.683738340523439556e-02
3.890000000000000124e+00 1.683738340237689313e-02
3.899999999999999911e+00 1.683738339983217869e-02
3.910000000000000142e+00 1.683738339758741182e-02
3.919999999999999929e+00 1.683738339560142058e-02
3.930000000000000160e+00 1.683738339382620519e-02
3.939999999999999947e+00 1.683738339222254354e-02
3.950000000000000178e+00 1.683738339076839077e-02
3.959999999999999964e+00 1.683738338945893823e-02
3.970000000000000195e+00 1.683738338829788433e-02
3.979999999999999982e+00 1.683738338728411540e-02
3.990000000000000213e+00 1.683738338640291751e-02
4.000000000000000000e+00 1.683738338562726713e-02
4.009999999999999787e+00 1.683738338492625844e-02
4.019999999999999574e+00 1.683738338427287831e-02
4.030000000000000249e+00 1.683738338364764234e-02
4.040000000000000036e+00 1.683738338304060708e-02
4.049999999999999822e+00 1.683738338245452382e-02
4.059999999999999609e+00 1.683738338190594874e-02
4.070000000000000284e+00 1.683738338141869614e-02
4.080000000000000071e+00 1.683738338101010285e-02
4.089999999999999858e+00 1.683738338067932230e-02
4.099999999999999645e+00 1.683738338040659255e-02
4.110000000000000320e+00 1.683738338016257940e-02
4.120000000000000107e+00 1.683738337991939199e-02
4.129999999999999893e+00 1.683738337965652934e-02
4.139999999999999680e+00 1.683738337936232024e-02
4.150000000000000355e+00 1.683738337903437424e-02
4.160000000000000142e+00 1.683738337867889817e-02
4.169999999999999929e+00 1.683738337830589793e-02
4.179999999999999716e+00 1.683738337792082054e-02
4.190000000000000391e+00 1.683738337751876021e-02
4.200000000000000178e+00 1.683738337708623467e-02
4.209999999999999964e+00 1.683738337660761406e-02
4.219999999999999751e+00 1.683738337606944038e-02
4.230000000000000426e+00 1.683738337546009448e-02
4.240000000000000213e+00 1.683738337476888697e-02
4.250000000000000000e+00 1.683738337398865692e-02
4.259999999999999787e+00 1.683738337312026823e-02
4.269999999999999574e+00 1.683738337217386902e-02
4.280000000000000249e+00 1.683738337116566161e-02
4.290000000000000036e+00 1.683738337011495695e-02
4.299999999999999822e+00 1.683738336904511829e-02
4.309999999999999609e+00 1.683738336798558041e-02
4.320000000000000284e+00 1.683738336696914695e-02
4.330000000000000071e+00 1.683738336602421878e-02
4.339999999999999858e+00 1.683738336516771641e-02
4.349999999999999645e+00 1.683738336440429584e-02
4.360000000000000320e+00 1.683738336373117109e-02
4.370000000000000107e+00 1.683738336314316228e-02
4.379999999999999893e+00 1.683738336263406257e-02
4.389999999999999680e+00 1.683738336219553489e-02
4.400000000000000355e+00 1.683738336181665393e-02
4.410000000000000142e+00 1.683738336148537032e-02
4.419999999999999929e+00 1.683738336119037712e-02
4.429999999999999716e+00 1.683738336092228255e-02
4.440000000000000391e+00 1.683738336067439056e-02
4.450000000000000178e+00 1.683738336044361683e-02
4.459999999999999964e+00 1.683738336023092239e-02
4.469999999999999751e+00 1.683738336003998484e-02
4.480000000000000426e+00 1.683738335987424936e-02
4.490000000000000213e+00 1.683738335973425024e-02
4.500000000000000000e+00 1.683738335961691007e-02
4.509999999999999787e+00 1.683738335951669510e-02
4.519999999999999574e+00 1.683738335942726316e-02
4.530000000000000249e+00 1.683738335934259478e-02
4.540000000000000036e+00 1.683738335925799579e-02
4.549999999999999822e+00 1.683738335917132553e-02
4.559999999999999609e+00 1.683738335908412445e-02
4.570000000000000284e+00 1.683738335900146488e-02
4.580000000000000071e+00 1.683738335893009488e-02
4.589999999999999858e+00 1.683738335887568008e-02
4.599999999999999645e+00 1.683738335884053805e-02
4.610000000000000320e+00 1.683738335882276407e-02
4.620000000000000107e+00 1.683738335881694581e-02
4.629999999999999893e+00 1.683738335881610274e-02
4.639999999999999680e+00 1.683738335881433679e-02
4.650000000000000355e+00 1.683738335880935119e-02
4.660000000000000142e+00 1.683738335880358150e-02
4.669999999999999929e+00 1.683738335880300557e-02
4.679999999999999716e+00 1.683738335881398290e-02
4.690000000000000391e+00 1.683738335884012519e-02
4.700000000000000178e+00 1.683738335888045751e-02
4.709999999999999964e+00 1.683738335892848159e-02
4.719999999999999751e+00 1.683738335897044802e-02
4.730000000000000426e+00 1.683738335898342028e-02
4.740000000000000213e+00 1.683738335893733562e-02
4.750000000000000000e+00 1.683738335880591297e-02
4.759999999999999787e+00 1.683738335858423266e-02
4.769999999999999574e+00 1.683738335830039720e-02
4.780000000000000249e+00 1.683738335800781874e-02
4.790000000000000036e+00 1.683738335775990247e-02
4.799999999999999822e+00 1.683738335758569113e-02
4.809999999999999609e+00 1.683738335748376572e-02
4.820000000000000284e+00 1.683738335743404507e-02
4.830000000000000071e+00 1.683738335741385636e-02
4.839999999999999858e+00 1.683738335740711523e-02
4.849999999999999645e+00 1.683738335740539091e-02
4.860000000000000320e+00 1.683738335740525560e-02
4.870000000000000107e+00 1.683738335740559908e-02
4.879999999999999893e+00 1.683738335740616807e-02
4.889999999999999680e+00 1.683738335740691400e-02
4.900000000000000355e+00 1.683738335740784728e-02
4.910000000000000142e+00 1.683738335740894709e-02
4.919999999999999929e+00 1.683738335741019956e-02
4.929999999999999716e+00 1.683738335741160469e-02
4.940000000000000391e+00 1.683738335741319370e-02
4.950000000000000178e+00 1.683738335741495271e-02
4.959999999999999964e+00 1.683738335741672559e-02
4.969999999999999751e+00 1.683738335741809256e-02
4.980000000000000426e+00 1.683738335741845338e-02
4.990000000000000213e+00 1.683738335741736397e-02
5.000000000000000000e+00 1.683738335741487638e-02
5.009999999999999787e+00 1.683738335741161857e-02
5.019999999999999574e+00 1.683738335740845443e-02
5.030000000000000249e+00 1.683738335740602235e-02
5.040000000000000036e+00 1.683738335740450967e-02
5.049999999999999822e+00 1.683738335740373598e-02
5.059999999999999609e+00 1.683738335740340986e-02
5.070000000000000284e+00 1.683738335740329536e-02
5.080000000000000071e+00 1.683738335740326414e-02
5.089999999999999858e+00 1.683738335740325373e-02
5.099999999999999645e+00 1.683738335740325026e-02
5.110000000000000320e+00 1.683738335740325026e-02
5.120000000000000107e+00 1.683738335740325026e-02
5.129999999999999893e+00 1.683738335740325026e-02
5.139999999999999680e+00 1.683738335740325026e-02
5.150000000000000355e+00 1.683738335740325026e-02
5.160000000000000142e+00 1.683738335740325026e-02
5.169999999999999929e+00 1.683738335740325026e-02
5.179999999999999716e+00 1.683738335740325026e-02
5.190000000000000391e+00 1.683738335740325373e-02
5.200000000000000178e+00 1.683738335740325373e-02
5.209999999999999964e+00 1.683738335740325373e-02
5.219999999999999751e+00 1.683738335740325373e-02
5.230000000000000426e+00 1.683738335740325373e-02
5.240000000000000213e+00 1.683738335740325373e-02
5.250000000000000000e+00 1.683738335740325373e-02
5.259999999999999787e+00 1.683738335740325373e-02
5.269999999999999574e+00 1.683738335740325373e-02
5.280000000000000249e+00 1.683738335740325373e-02
5.290000000000000036e+00 1.683738335740325373e-02
5.299999999999999822e+00 1.683738335740325373e-02
5.309999999999999609e+00 1.683738335740325373e-02
5.320000000000000284e+00 1.683738335740325373e-02
5.330000000000000071e+00 1.683738335740325373e-02
5.339999999999999858e+00 1.683738335740325026e-02
5.349999999999999645e+00 1.683738335740325026e-02
5.360000000000000320e+00 1.683738335740324679e-02
5.370000000000000107e+00 1.683738335740324679e-02
5.379999999999999893e+00 1.683738335740324679e-02
5.389999999999999680e+00 1.683738335740324679e-02
5.400000000000000355e+00 1.683738335740324679e-02
5.410000000000000142e+00 1.683738335740324679e-02
5.419999999999999929e+00 1.683738335740324679e-02
5.429999999999999716e+00 1.683738335740324679e-02
5.440000000000000391e+00 1.683738335740324679e-02
5.450000000000000178e+00 1.683738335740324679e-02
5.459999999999999964e+00 1.683738335740324679e-02
5.469999999999999751e+00 1.683738335740324679e-02
5.480000000000000426e+00 1.683738335740324679e-02
5.490000000000000213e+00 1.683738335740324679e-02
5.500000000000000000e+00 1.683738335740324679e-02
5.509999999999999787e+00 1.683738335740324679e-02
5.519999999999999574e+00 1.683738335740324679e-02
5.530000000000000249e+00 1.683738335740324679e-02
5.540000000000000036e+00 1.683738335740324679e-02
5.549999999999999822e+00 1.683738335740324679e-02
5.559999999999999609e+00 1.683738335740324679e-02
5.570000000000000284e+00 1.683738335740324679e-02
5.580000000000000071e+00 1.683738335740324679e-02
5.589999999999999858e+00 1.683738335740324679e-02
5.599999999999999645e+00 1.683738335740324679e-02
5.610000000000000320e+00 1.683738335740324679e-02
5.620000000000000107e+00 1.683738335740324679e-02
5.629999999999999893e+00 1.683738335740324679e-02
5.639999999999999680e+00 1.683738335740324679e-02
5.650000000000000355e+00 1.683738335740324679e-02
5.660000000000000142e+00 1.683738335740324679e-02
5.669999999999999929e+00 1.683738335740324679e-02
5.679999999999999716e+00 1.683738335740324679e-02
5.690000000000000391e+00 1.683738335740324679e-02
5.700000000000000178e+00 1.683738335740324679e-02
5.709999999999999964e+00 1.683738335740324679e-02
5.719999999999999751e+00 1.683738335740324679e-02
5.730000000000000426e+00 1.683738335740324679e-02
5.740000000000000213e+00 1.683738335740324679e-02
5.750000000000000000e+00 1.683738335740324679e-02
5.759999999999999787e+00 1.683738335740324679e-02
5.769999999999999574e+00 1.683738335740324679e-02
5.780000000000000249e+00 1.683738335740324679e-02
5.790000000000000036e+00 1.683738335740324679e-02
5.799999999999999822e+00 1.683738335740324679e-02
5.809999999999999609e+00 1.683738335740324679e-02
5.820000000000000284e+00 1.683738335740324679e-02
5.830000000000000071e+00 1.683738335740324679e-02
5.839999999999999858e+00 1.683738335740324679e-02
5.849999999999999645e+00 1.683738335740324679e-02
5.860000000000000320e+00 1.683738335740324679e-02
5.870000000000000107e+00 1.683738335740324679e-02
5.879999999999999893e+00 1.683738335740324679e-02
5.889999999999999680e+00 1.683738335740324679e-02
5.900000000000000355e+00 1.683738335740324679e-02
5.910000000000000142e+00 1.683738335740324679e-02
5.919999999999999929e+00 1.683738335740324679e-02
5.929999999999999716e+00 1.683738335740324679e-02
5.940000000000000391e+00 1.683738335740324679e-02
5.950000000000000178e+00 1.683738335740324679e-02
5.959999999999999964e+00 1.683738335740324679e-02
5.969999999999999751e+00 1.683738335740324679e-02
5.980000000000000426e+00 1.683738335740325026e-02
5.990000000000000213e+00 1.683738335740325026e-02
6.000000000000000000e+00 1.683738335740325373e-02
6.200000000000000178e+00 1.683738335740325720e-02
6.400000000000000355e+00 1.683738335740326067e-02
6.599999999999999645e+00 1.683738335740326067e-02
6.799999999999999822e+00 1.683738335740325720e-02
7.000000000000000000e+00 0.000000000000000000e+00
