0.000000000000000000e+00 0.000000000000000000e+00
1.000000000000000021e-02 1.683738335740324332e-02
2.000000000000000042e-02 1.683738335740324332e-02
2.999999999999999889e-02 1.683738335740324332e-02
4.000000000000000083e-02 1.683738335740324332e-02
5.000000000000000278e-02 1.683738335740324332e-02
5.999999999999999778e-02 1.683738335740324332e-02
7.000000000000000666e-02 1.683738335740324332e-02
8.000000000000000167e-02 1.683738335740324332e-02
8.999999999999999667e-02 1.683738335740324332e-02
1.000000000000000056e-01 1.683738335740324332e-02
1.100000000000000006e-01 1.683738335740324332e-02
1.199999999999999956e-01 1.683738335740324332e-02
1.300000000000000044e-01 1.683738335740324332e-02
1.400000000000000133e-01 1.683738335740324332e-02
1.499999999999999944e-01 1.683738335740324332e-02
1.600000000000000033e-01 1.683738335740324332e-02
1.700000000000000122e-01 1.683738335740324332e-02
1.799999999999999933e-01 1.683738335740324332e-02
1.900000000000000022e-01 1.683738335740324332e-02
2.000000000000000111e-01 1.683738335740324332e-02
2.099999999999999922e-01 1.683738335740324332e-02
2.200000000000000011e-01 1.683738335740324332e-02
2.300000000000000100e-01 1.683738335740324332e-02
2.399999999999999911e-01 1.683738335740324332e-02
2.500000000000000000e-01 1.683738335740324332e-02
2.600000000000000089e-01 1.683738335740324332e-02
2.700000000000000178e-01 1.683738335740324332e-02
2.800000000000000266e-01 1.683738335740324332e-02
2.899999999999999800e-01 1.683738335740324332e-02
2.999999999999999889e-01 1.683738335740324332e-02
3.099999999999999978e-01 1.683738335740324332e-02
3.200000000000000067e-01 1.683738335740324332e-02
3.300000000000000155e-01 1.683738335740324332e-02
3.400000000000000244e-01 1.683738335740324332e-02
3.499999999999999778e-01 1.683738335740324332e-02
3.599999999999999867e-01 1.683738335740324332e-02
3.699999999999999956e-01 1.683738335740324332e-02
3.800000000000000044e-01 1.683738335740324332e-02
3.900000000000000133e-01 1.683738335740324332e-02
4.000000000000000222e-01 1.683738335740324332e-02
4.099999999999999756e-01 1.683738335740324332e-02
4.199999999999999845e-01 1.683738335740324332e-02
4.299999999999999933e-01 1.683738335740325026e-02
4.400000000000000022e-01 1.683738335740330230e-02
4.500000000000000111e-01 1.683738335740372558e-02
4.600000000000000200e-01 1.683738335740719849e-02
4.699999999999999734e-01 1.683738335743488121e-02
4.799999999999999822e-01 1.683738335764597624e-02
4.899999999999999911e-01 1.683738335915687875e-02
5.000000000000000000e-01 1.683738336916474482e-02
5.100000000000000089e-01 1.683738342995442019e-02
5.200000000000000178e-01 1.683738376658805436e-02
5.300000000000000266e-01 1.683738545943896589e-02
5.400000000000000355e-01 1.683739316885033213e-02
5.500000000000000444e-01 1.683742490523379431e-02
5.600000000000000533e-01 1.683754289129969772e-02
5.699999999999999512e-01 1.683793921929229928e-02
5.799999999999999600e-01 1.683914551460943820e-02
5.899999999999999689e-01 1.684249372026108693e-02
5.999999999999999778e-01 1.685106226735581456e-02
6.099999999999999867e-01 1.687158295030578153e-02
6.199999999999999956e-01 1.691824519399718132e-02
6.300000000000000044e-01 1.701969219810066380e-02
6.400000000000000133e-01 1.722929866527196999e-02
6.500000000000000222e-01 1.763372443638741571e-02
6.600000000000000311e-01 1.834595009362944076e-02
6.700000000000000400e-01 1.946460272402059100e-02
6.800000000000000488e-01 2.099612577818896209e-02
6.899999999999999467e-01 2.277502270636058354e-02
6.999999999999999556e-01 2.445306123662178283e-02
7.099999999999999645e-01 2.561015372949382654e-02
7.199999999999999734e-01 2.594984555236619708e-02
7.299999999999999822e-01 2.544932547220222357e-02
7.399999999999999911e-01 2.434644836534654785e-02
7.500000000000000000e-01 2.297901647237247241e-02
7.600000000000000089e-01 2.161414669394672375e-02
7.700000000000000178e-01 2.038706012318150865e-02
7.800000000000000266e-01 1.934395126665968898e-02
7.900000000000000355e-01 1.850187424889626620e-02
8.000000000000000444e-01 1.786821296448904209e-02
8.100000000000000533e-01 1.743138811467108765e-02
8.199999999999999512e-01 1.715684926315884373e-02
8.299999999999999600e-01 1.699850260723759221e-02
8.399999999999999689e-01 1.691374619852911709e-02
8.499999999999999778e-01 1.687131084186327748e-02
8.599999999999999867e-01 1.685143382857742442e-02
8.699999999999999956e-01 1.684277662216923654e-02
8.800000000000000044e-01 1.683929645960680066e-02
8.900000000000000133e-01 1.683801082545229727e-02
9.000000000000000222e-01 1.683757447525102702e-02
9.100000000000000311e-01 1.683743826980145172e-02
9.200000000000000400e-01 1.683739979271407783e-02
9.300000000000000488e-01 1.683739180984927461e-02
9.399999999999999467e-01 1.683739490734340732e-02
9.499999999999999556e-01 1.683740540107087069e-02
9.599999999999999645e-01 1.683742424878032634e-02
9.699999999999999734e-01 1.683745252434198231e-02
9.799999999999999822e-01 1.683748848963578792e-02
9.899999999999999911e-01 1.683752582372769271e-02
1.000000000000000000e+00 1.683755463613897940e-02
1.010000000000000009e+00 1.683756649471879197e-02
1.020000000000000018e+00 1.683756228081409456e-02
1.030000000000000027e+00 1.683756044900663537e-02
1.040000000000000036e+00 1.683760664427827111e-02
1.050000000000000044e+00 1.683779184852856811e-02
1.060000000000000053e+00 1.683828895171372506e-02
1.070000000000000062e+00 1.683941536893559035e-02
1.080000000000000071e+00 1.684173179356868860e-02
1.090000000000000080e+00 1.684620311427457995e-02
1.100000000000000089e+00 1.685445499075093750e-02
1.110000000000000098e+00 1.686909570296328542e-02
1.120000000000000107e+00 1.689389474519112713e-02
1.129999999999999893e+00 1.693340444651865798e-02
1.139999999999999902e+00 1.699162730313687891e-02
1.149999999999999911e+00 1.706984011716006916e-02
1.159999999999999920e+00 1.716468948775188436e-02
1.169999999999999929e+00 1.726852895809964303e-02
1.179999999999999938e+00 1.737333006929602311e-02
1.189999999999999947e+00 1.747651198516195215e-02
1.199999999999999956e+00 1.758347873154875521e-02
1.209999999999999964e+00 1.770188532691808689e-02
1.219999999999999973e+00 1.782907936195838455e-02
1.229999999999999982e+00 1.794250812392624711e-02
1.239999999999999991e+00 1.800433805276479421e-02
1.250000000000000000e+00 1.798165532113119025e-02
1.260000000000000009e+00 1.786916303533274408e-02
1.270000000000000018e+00 1.769624877212516711e-02
1.280000000000000027e+00 1.751180266391661952e-02
1.290000000000000036e+00 1.735844801081302957e-02
1.300000000000000044e+00 1.725501406164044182e-02
1.310000000000000053e+00 1.719626619273465981e-02
1.320000000000000062e+00 1.716422111692916808e-02
1.330000000000000071e+00 1.714010165393995561e-02
1.340000000000000080e+00 1.711106568107004233e-02
1.350000000000000089e+00 1.707214668317506845e-02
1.360000000000000098e+00 1.702541192172156784e-02
1.370000000000000107e+00 1.697721150534485871e-02
1.379999999999999893e+00 1.693436601280250836e-02
1.389999999999999902e+00 1.690109065825315046e-02
1.399999999999999911e+00 1.687812924641613616e-02
1.409999999999999920e+00 1.686385050147830647e-02
1.419999999999999929e+00 1.685586937209699460e-02
1.429999999999999938e+00 1.685207810780938592e-02
1.439999999999999947e+00 1.685094334248738585e-02
1.449999999999999956e+00 1.685145264593300787e-02
1.459999999999999964e+00 1.685302214014284400e-02
1.469999999999999973e+00 1.685542794236966416e-02
1.479999999999999982e+00 1.685869927521111561e-02
1.489999999999999991e+00 1.686293335587248782e-02
1.500000000000000000e+00 1.686807666599274280e-02
1.510000000000000009e+00 1.687377861719458264e-02
1.520000000000000018e+00 1.687940269667682555e-02
1.530000000000000027e+00 1.688418534224954415e-02
1.540000000000000036e+00 1.688744852048965073e-02
1.550000000000000044e+00 1.688877020026561052e-02
1.560000000000000053e+00 1.688807278322582844e-02
1.570000000000000062e+00 1.688562761294284606e-02
1.580000000000000071e+00 1.688197576051623378e-02
1.590000000000000080e+00 1.687777660642348146e-02
1.600000000000000089e+00 1.687363391273473401e-02
1.610000000000000098e+00 1.686997155998759199e-02
1.620000000000000107e+00 1.686700830922868016e-02
1.629999999999999893e+00 1.686485010682577113e-02
1.639999999999999902e+00 1.686374086117568144e-02
1.649999999999999911e+00 1.686463034333339842e-02
1.659999999999999920e+00 1.687051136532332837e-02
1.669999999999999929e+00 1.688961768030483590e-02
1.679999999999999938e+00 1.694263390998268504e-02
1.689999999999999947e+00 1.707719754377874655e-02
1.699999999999999956e+00 1.739362985680284468e-02
1.709999999999999964e+00 1.808659463576763743e-02
1.719999999999999973e+00 1.951074495798172173e-02
1.729999999999999982e+00 2.228609360527822325e-02
1.739999999999999991e+00 2.746695531544929639e-02
1.750000000000000000e+00 3.679845536448012044e-02
1.760000000000000009e+00 5.307286467579040018e-02
1.770000000000000018e+00 8.057692079365597060e-02
1.780000000000000027e+00 1.255844044227493184e-01
1.790000000000000036e+00 1.967749466578843365e-01
1.800000000000000044e+00 3.053568163845265526e-01
1.810000000000000053e+00 4.646262653517359564e-01
1.820000000000000062e+00 6.888443149859027059e-01
1.830000000000000071e+00 9.916708463270090812e-01
1.840000000000000080e+00 1.384692213918942372e+00
1.850000000000000089e+00 1.876339081039565260e+00
1.860000000000000098e+00 2.470583468710186636e+00
1.870000000000000107e+00 3.164040087298116699e+00
1.879999999999999893e+00 3.940825517729376504e+00
1.889999999999999902e+00 4.766885577935629392e+00
1.899999999999999911e+00 5.587377573293069943e+00
1.909999999999999920e+00 6.329822849190281708e+00
1.919999999999999929e+00 6.912929519661595634e+00
1.929999999999999938e+00 7.259318029186649035e+00
1.939999999999999947e+00 7.310622287669112040e+00
1.949999999999999956e+00 7.042783702493052189e+00
1.959999999999999964e+00 6.476517072693076749e+00
1.969999999999999973e+00 5.676642938402669536e+00
1.979999999999999982e+00 4.738203551524588164e+00
1.989999999999999991e+00 3.764583848526779963e+00
2.000000000000000000e+00 2.846588527345450981e+00
2.009999999999999787e+00 2.048911348107884223e+00
2.020000000000000018e+00 1.405394300949944553e+00
2.029999999999999805e+00 9.213576341715332685e-01
2.040000000000000036e+00 5.806405509194549897e-01
2.049999999999999822e+00 3.549910390095253887e-01
2.060000000000000053e+00 2.132258114959287854e-01
2.069999999999999840e+00 1.278400290810565998e-01
2.080000000000000071e+00 7.802459810233858262e-02
2.089999999999999858e+00 4.968565728142432941e-02
2.100000000000000089e+00 3.394929813638489918e-02
2.109999999999999876e+00 2.544943958556872277e-02
2.120000000000000107e+00 2.100770921216386228e-02
2.129999999999999893e+00 1.877401532146858940e-02
2.140000000000000124e+00 1.769773450843657725e-02
2.149999999999999911e+00 1.720248100053057769e-02
2.160000000000000142e+00 1.698530511351355882e-02
2.169999999999999929e+00 1.689462449741403749e-02
2.180000000000000160e+00 1.685855942138255945e-02
2.189999999999999947e+00 1.684488111219860015e-02
2.200000000000000178e+00 1.683992682882764005e-02
2.209999999999999964e+00 1.683821086023416791e-02
2.220000000000000195e+00 1.683764186283643119e-02
2.229999999999999982e+00 1.683746101907092341e-02
2.240000000000000213e+00 1.683740583961536308e-02
2.250000000000000000e+00 1.683738964293269094e-02
2.259999999999999787e+00 1.683738505870664010e-02
2.270000000000000018e+00 1.683738380456106451e-02
2.279999999999999805e+00 1.683738347205771327e-02
2.290000000000000036e+00 1.683738338634550857e-02
2.299999999999999822e+00 1.683738336474539105e-02
2.310000000000000053e+00 1.683738335936052835e-02
2.319999999999999840e+00 1.683738335799362176e-02
2.330000000000000071e+00 1.683738335761789107e-02
2.339999999999999858e+00 1.683738335749617593e-02
2.350000000000000089e+00 1.683738335744804429e-02
2.359999999999999876e+00 1.683738335742607575e-02
2.370000000000000107e+00 1.683738335741532741e-02
2.379999999999999893e+00 1.683738335740987691e-02
2.390000000000000124e+00 1.683738335740699726e-02
2.399999999999999911e+00 1.683738335740540479e-02
2.410000000000000142e+00 1.683738335740448538e-02
2.419999999999999929e+00 1.683738335740395456e-02
2.430000000000000160e+00 1.683738335740364925e-02
2.439999999999999947e+00 1.683738335740347578e-02
2.450000000000000178e+00 1.683738335740338210e-02
2.459999999999999964e+00 1.683738335740333006e-02
2.470000000000000195e+00 1.683738335740329883e-02
2.479999999999999982e+00 1.683738335740328496e-02
2.490000000000000213e+00 1.683738335740327108e-02
2.500000000000000000e+00 1.683738335740326414e-02
2.509999999999999787e+00 1.683738335740326067e-02
2.520000000000000018e+00 1.683738335740325720e-02
2.529999999999999805e+00 1.683738335740325373e-02
2.540000000000000036e+00 1.683738335740325373e-02
2.549999999999999822e+00 1.683738335740325026e-02
2.560000000000000053e+00 1.683738335740325026e-02
2.569999999999999840e+00 1.683738335740324679e-02
2.580000000000000071e+00 1.683738335740324679e-02
2.589999999999999858e+00 1.683738335740324679e-02
2.600000000000000089e+00 1.683738335740324332e-02
2.609999999999999876e+00 1.683738335740324332e-02
2.620000000000000107e+00 1.683738335740324332e-02
2.629999999999999893e+00 1.683738335740324332e-02
2.640000000000000124e+00 1.683738335740324332e-02
2.649999999999999911e+00 1.683738335740324332e-02
2.660000000000000142e+00 1.683738335740324332e-02
2.669999999999999929e+00 1.683738335740324332e-02
2.680000000000000160e+00 1.683738335740324332e-02
2.689999999999999947e+00 1.683738335740324332e-02
2.700000000000000178e+00 1.683738335740324332e-02
2.709999999999999964e+00 1.683738335740324332e-02
2.720000000000000195e+00 1.683738335740324332e-02
2.729999999999999982e+00 1.683738335740324332e-02
2.740000000000000213e+00 1.683738335740324332e-02
2.750000000000000000e+00 1.683738335740324332e-02
2.759999999999999787e+00 1.683738335740324332e-02
2.770000000000000018e+00 1.683738335740324332e-02
2.779999999999999805e+00 1.683738335740324332e-02
2.790000000000000036e+00 1.683738335740324332e-02
2.799999999999999822e+00 1.683738335740324332e-02
2.810000000000000053e+00 1.683738335740324332e-02
2.819999999999999840e+00 1.683738335740324332e-02
2.830000000000000071e+00 1.683738335740324332e-02
2.839999999999999858e+00 1.683738335740324332e-02
2.850000000000000089e+00 1.683738335740324332e-02
2.859999999999999876e+00 1.683738335740324332e-02
2.870000000000000107e+00 1.683738335740324332e-02
2.879999999999999893e+00 1.683738335740324332e-02
2.890000000000000124e+00 1.683738335740324332e-02
2.899999999999999911e+00 1.683738335740324332e-02
2.910000000000000142e+00 1.683738335740324332e-02
2.919999999999999929e+00 1.683738335740324332e-02
2.930000000000000160e+00 1.683738335740324332e-02
2.939999999999999947e+00 1.683738335740324332e-02
2.950000000000000178e+00 1.683738335740324332e-02
2.959999999999999964e+00 1.683738335740324332e-02
2.970000000000000195e+00 1.683738335740324332e-02
2.979999999999999982e+00 1.683738335740324332e-02
2.990000000000000213e+00 1.683738335740324332e-02
3.000000000000000000e+00 1.683738335740324332e-02
3.009999999999999787e+00 1.683738335740324332e-02
3.020000000000000018e+00 1.683738335740324332e-02
3.029999999999999805e+00 1.683738335740324332e-02
3.040000000000000036e+00 1.683738335740324332e-02
3.049999999999999822e+00 1.683738335740324332e-02
3.060000000000000053e+00 1.683738335740324332e-02
3.069999999999999840e+00 1.683738335740324332e-02
3.080000000000000071e+00 1.683738335740324332e-02
3.089999999999999858e+00 1.683738335740324332e-02
3.100000000000000089e+00 1.683738335740324332e-02
3.109999999999999876e+00 1.683738335740324332e-02
3.120000000000000107e+00 1.683738335740324332e-02
3.129999999999999893e+00 1.683738335740324332e-02
3.140000000000000124e+00 1.683738335740324332e-02
3.149999999999999911e+00 1.683738335740324332e-02
3.160000000000000142e+00 1.683738335740324332e-02
3.169999999999999929e+00 1.683738335740324332e-02
3.180000000000000160e+00 1.683738335740324332e-02
3.189999999999999947e+00 1.683738335740324332e-02
3.200000000000000178e+00 1.683738335740324332e-02
3.209999999999999964e+00 1.683738335740324332e-02
3.220000000000000195e+00 1.683738335740324332e-02
3.229999999999999982e+00 1.683738335740324332e-02
3.240000000000000213e+00 1.683738335740324332e-02
3.250000000000000000e+00 1.683738335740324332e-02
3.259999999999999787e+00 1.683738335740324332e-02
3.270000000000000018e+00 1.683738335740324332e-02
3.279999999999999805e+00 1.683738335740324332e-02
3.290000000000000036e+00 1.683738335740324332e-02
3.299999999999999822e+00 1.683738335740324332e-02
3.310000000000000053e+00 1.683738335740324332e-02
3.319999999999999840e+00 1.683738335740324332e-02
3.330000000000000071e+00 1.683738335740324332e-02
3.339999999999999858e+00 1.683738335740324332e-02
3.350000000000000089e+00 1.683738335740324332e-02
3.359999999999999876e+00 1.683738335740324332e-02
3.370000000000000107e+00 1.683738335740324332e-02
3.379999999999999893e+00 1.683738335740324332e-02
3.390000000000000124e+00 1.683738335740324332e-02
3.399999999999999911e+00 1.683738335740324332e-02
3.410000000000000142e+00 1.683738335740324332e-02
3.419999999999999929e+00 1.683738335740324332e-02
3.430000000000000160e+00 1.683738335740324332e-02
3.439999999999999947e+00 1.683738335740324332e-02
3.450000000000000178e+00 1.683738335740324332e-02
3.459999999999999964e+00 1.683738335740324332e-02
3.470000000000000195e+00 1.683738335740324332e-02
3.479999999999999982e+00 1.683738335740324332e-02
3.490000000000000213e+00 1.683738335740324332e-02
3.500000000000000000e+00 1.683738335740324332e-02
3.509999999999999787e+00 1.683738335740324332e-02
3.520000000000000018e+00 1.683738335740324332e-02
3.529999999999999805e+00 1.683738335740324332e-02
3.540000000000000036e+00 1.683738335740324332e-02
3.549999999999999822e+00 1.683738335740324332e-02
3.560000000000000053e+00 1.683738335740324332e-02
3.569999999999999840e+00 1.683738335740324332e-02
3.580000000000000071e+00 1.683738335740324332e-02
3.589999999999999858e+00 1.683738335740324332e-02
3.600000000000000089e+00 1.683738335740324332e-02
3.609999999999999876e+00 1.683738335740324332e-02
3.620000000000000107e+00 1.683738335740324332e-02
3.629999999999999893e+00 1.683738335740324332e-02
3.640000000000000124e+00 1.683738335740324332e-02
3.649999999999999911e+00 1.683738335740324332e-02
3.660000000000000142e+00 1.683738335740324332e-02
3.669999999999999929e+00 1.683738335740324332e-02
3.680000000000000160e+00 1.683738335740324332e-02
3.689999999999999947e+00 1.683738335740324332e-02
3.700000000000000178e+00 1.683738335740324332e-02
3.709999999999999964e+00 1.683738335740324332e-02
3.720000000000000195e+00 1.683738335740324332e-02
3.729999999999999982e+00 1.683738335740324332e-02
3.740000000000000213e+00 1.683738335740324332e-02
3.750000000000000000e+00 1.683738335740324332e-02
3.759999999999999787e+00 1.683738335740324332e-02
3.770000000000000018e+00 1.683738335740324332e-02
3.779999999999999805e+00 1.683738335740324332e-02
3.790000000000000036e+00 1.683738335740324332e-02
3.799999999999999822e+00 1.683738335740324332e-02
3.810000000000000053e+00 1.683738335740324332e-02
3.819999999999999840e+00 1.683738335740324332e-02
3.830000000000000071e+00 1.683738335740324332e-02
3.839999999999999858e+00 1.683738335740324332e-02
3.850000000000000089e+00 1.683738335740324332e-02
3.859999999999999876e+00 1.683738335740324332e-02
3.870000000000000107e+00 1.683738335740324332e-02
3.879999999999999893e+00 1.683738335740324332e-02
3.890000000000000124e+00 1.683738335740324332e-02
3.899999999999999911e+00 1.683738335740324332e-02
3.910000000000000142e+00 1.683738335740324332e-02
3.919999999999999929e+00 1.683738335740324332e-02
3.930000000000000160e+00 1.683738335740324332e-02
3.939999999999999947e+00 1.683738335740324332e-02
3.950000000000000178e+00 1.683738335740324332e-02
3.959999999999999964e+00 1.683738335740324332e-02
3.970000000000000195e+00 1.683738335740324332e-02
3.979999999999999982e+00 1.683738335740324332e-02
3.990000000000000213e+00 1.683738335740324332e-02
4.000000000000000000e+00 1.683738335740324332e-02
4.009999999999999787e+00 1.683738335740324332e-02
4.019999999999999574e+00 1.683738335740324332e-02
4.030000000000000249e+00 1.683738335740324332e-02
4.040000000000000036e+00 1.683738335740324332e-02
4.049999999999999822e+00 1.683738335740324332e-02
4.059999999999999609e+00 1.683738335740324332e-02
4.070000000000000284e+00 1.683738335740324332e-02
4.080000000000000071e+00 1.683738335740324332e-02
4.089999999999999858e+00 1.683738335740324332e-02
4.099999999999999645e+00 1.683738335740324332e-02
4.110000000000000320e+00 1.683738335740324332e-02
4.120000000000000107e+00 1.683738335740324332e-02
4.129999999999999893e+00 1.683738335740324332e-02
4.139999999999999680e+00 1.683738335740324332e-02
4.150000000000000355e+00 1.683738335740324332e-02
4.160000000000000142e+00 1.683738335740324332e-02
4.169999999999999929e+00 1.683738335740324332e-02
4.179999999999999716e+00 1.683738335740324332e-02
4.190000000000000391e+00 1.683738335740324332e-02
4.200000000000000178e+00 1.683738335740324332e-02
4.209999999999999964e+00 1.683738335740324332e-02
4.219999999999999751e+00 1.683738335740324332e-02
4.230000000000000426e+00 1.683738335740324332e-02
4.240000000000000213e+00 1.683738335740324332e-02
4.250000000000000000e+00 1.683738335740324332e-02
4.259999999999999787e+00 1.683738335740324332e-02
4.269999999999999574e+00 1.683738335740324332e-02
4.280000000000000249e+00 1.683738335740324332e-02
4.290000000000000036e+00 1.683738335740324332e-02
4.299999999999999822e+00 1.683738335740324332e-02
4.309999999999999609e+00 1.683738335740324332e-02
4.320000000000000284e+00 1.683738335740324332e-02
4.330000000000000071e+00 1.683738335740324332e-02
4.339999999999999858e+00 1.683738335740324332e-02
4.349999999999999645e+00 1.683738335740324332e-02
4.360000000000000320e+00 1.683738335740324332e-02
4.370000000000000107e+00 1.683738335740324332e-02
4.379999999999999893e+00 1.683738335740324332e-02
4.389999999999999680e+00 1.683738335740324332e-02
4.400000000000000355e+00 1.683738335740324332e-02
4.410000000000000142e+00 1.683738335740324332e-02
4.419999999999999929e+00 1.683738335740324332e-02
4.429999999999999716e+00 1.683738335740324332e-02
4.440000000000000391e+00 1.683738335740324332e-02
4.450000000000000178e+00 1.683738335740324332e-02
4.459999999999999964e+00 1.683738335740324332e-02
4.469999999999999751e+00 1.683738335740324332e-02
4.480000000000000426e+00 1.683738335740324332e-02
4.490000000000000213e+00 1.683738335740324332e-02
4.500000000000000000e+00 1.683738335740324332e-02
4.509999999999999787e+00 1.683738335740324332e-02
4.519999999999999574e+00 1.683738335740324332e-02
4.530000000000000249e+00 1.683738335740324332e-02
4.540000000000000036e+00 1.683738335740324332e-02
4.549999999999999822e+00 1.683738335740324332e-02
4.559999999999999609e+00 1.683738335740324332e-02
4.570000000000000284e+00 1.683738335740324332e-02
4.580000000000000071e+00 1.683738335740324332e-02
4.589999999999999858e+00 1.683738335740324332e-02
4.599999999999999645e+00 1.683738335740324332e-02
4.610000000000000320e+00 1.683738335740324332e-02
4.620000000000000107e+00 1.683738335740324332e-02
4.629999999999999893e+00 1.683738335740324332e-02
4.639999999999999680e+00 1.683738335740324332e-02
4.650000000000000355e+00 1.683738335740324332e-02
4.660000000000000142e+00 1.683738335740324332e-02
4.669999999999999929e+00 1.683738335740324332e-02
4.679999999999999716e+00 1.683738335740324332e-02
4.690000000000000391e+00 1.683738335740324332e-02
4.700000000000000178e+00 1.683738335740324332e-02
4.709999999999999964e+00 1.683738335740324332e-02
4.719999999999999751e+00 1.683738335740324332e-02
4.730000000000000426e+00 1.683738335740324332e-02
4.740000000000000213e+00 1.683738335740324332e-02
4.750000000000000000e+00 1.683738335740324332e-02
4.759999999999999787e+00 1.683738335740324332e-02
4.769999999999999574e+00 1.683738335740324332e-02
4.780000000000000249e+00 1.683738335740324332e-02
4.790000000000000036e+00 1.683738335740324332e-02
4.799999999999999822e+00 1.683738335740324332e-02
4.809999999999999609e+00 1.683738335740324332e-02
4.820000000000000284e+00 1.683738335740324332e-02
4.830000000000000071e+00 1.683738335740324332e-02
4.839999999999999858e+00 1.683738335740324332e-02
4.849999999999999645e+00 1.683738335740324332e-02
4.860000000000000320e+00 1.683738335740324332e-02
4.870000000000000107e+00 1.683738335740324332e-02
4.879999999999999893e+00 1.683738335740324332e-02
4.889999999999999680e+00 1.683738335740324332e-02
4.900000000000000355e+00 1.683738335740324332e-02
4.910000000000000142e+00 1.683738335740324332e-02
4.919999999999999929e+00 1.683738335740324332e-02
4.929999999999999716e+00 1.683738335740324332e-02
4.940000000000000391e+00 1.683738335740324332e-02
4.950000000000000178e+00 1.683738335740324332e-02
4.959999999999999964e+00 1.683738335740324332e-02
4.969999999999999751e+00 1.683738335740324332e-02
4.980000000000000426e+00 1.683738335740324332e-02
4.990000000000000213e+00 1.683738335740324332e-02
5.000000000000000000e+00 1.683738335740324332e-02
5.009999999999999787e+00 1.683738335740324332e-02
5.019999999999999574e+00 1.683738335740324332e-02
5.030000000000000249e+00 1.683738335740324332e-02
5.040000000000000036e+00 1.683738335740324332e-02
5.049999999999999822e+00 1.683738335740324332e-02
5.059999999999999609e+00 1.683738335740324332e-02
5.070000000000000284e+00 1.683738335740324332e-02
5.080000000000000071e+00 1.683738335740324332e-02
5.089999999999999858e+00 1.683738335740324332e-02
5.099999999999999645e+00 1.683738335740324332e-02
5.110000000000000320e+00 1.683738335740324332e-02
5.120000000000000107e+00 1.683738335740324332e-02
5.129999999999999893e+00 1.683738335740324332e-02
5.139999999999999680e+00 1.683738335740324332e-02
5.150000000000000355e+00 1.683738335740324332e-02
5.160000000000000142e+00 1.683738335740324332e-02
5.169999999999999929e+00 1.683738335740324332e-02
5.179999999999999716e+00 1.683738335740324332e-02
5.190000000000000391e+00 1.683738335740324332e-02
5.200000000000000178e+00 1.683738335740324332e-02
5.209999999999999964e+00 1.683738335740324332e-02
5.219999999999999751e+00 1.683738335740324332e-02
5.230000000000000426e+00 1.683738335740324332e-02
5.240000000000000213e+00 1.683738335740324332e-02
5.250000000000000000e+00 1.683738335740324332e-02
5.259999999999999787e+00 1.683738335740324332e-02
5.269999999999999574e+00 1.683738335740324332e-02
5.280000000000000249e+00 1.683738335740324332e-02
5.290000000000000036e+00 1.683738335740324332e-02
5.299999999999999822e+00 1.683738335740324332e-02
5.309999999999999609e+00 1.683738335740324332e-02
5.320000000000000284e+00 1.683738335740324332e-02
5.330000000000000071e+00 1.683738335740324332e-02
5.339999999999999858e+00 1.683738335740324332e-02
5.349999999999999645e+00 1.683738335740324332e-02
5.360000000000000320e+00 1.683738335740324332e-02
5.370000000000000107e+00 1.683738335740324332e-02
5.379999999999999893e+00 1.683738335740324332e-02
5.389999999999999680e+00 1.683738335740324332e-02
5.400000000000000355e+00 1.683738335740324332e-02
5.410000000000000142e+00 1.683738335740324332e-02
5.419999999999999929e+00 1.683738335740324332e-02
5.429999999999999716e+00 1.683738335740324332e-02
5.440000000000000391e+00 1.683738335740324332e-02
5.450000000000000178e+00 1.683738335740324332e-02
5.459999999999999964e+00 1.683738335740324332e-02
5.469999999999999751e+00 1.683738335740324332e-02
5.480000000000000426e+00 1.683738335740324332e-02
5.490000000000000213e+00 1.683738335740324332e-02
5.500000000000000000e+00 1.683738335740324332e-02
5.509999999999999787e+00 1.683738335740324332e-02
5.519999999999999574e+00 1.683738335740324332e-02
5.530000000000000249e+00 1.683738335740324332e-02
5.540000000000000036e+00 1.683738335740324332e-02
5.549999999999999822e+00 1.683738335740324332e-02
5.559999999999999609e+00 1.683738335740324332e-02
5.570000000000000284e+00 1.683738335740324332e-02
5.580000000000000071e+00 1.683738335740324332e-02
5.589999999999999858e+00 1.683738335740324332e-02
5.599999999999999645e+00 1.683738335740324332e-02
5.610000000000000320e+00 1.683738335740324332e-02
5.620000000000000107e+00 1.683738335740324332e-02
5.629999999999999893e+00 1.683738335740324332e-02
5.639999999999999680e+00 1.683738335740324332e-02
5.650000000000000355e+00 1.683738335740324332e-02
5.660000000000000142e+00 1.683738335740324332e-02
5.669999999999999929e+00 1.683738335740324332e-02
5.679999999999999716e+00 1.683738335740324332e-02
5.690000000000000391e+00 1.683738335740324332e-02
5.700000000000000178e+00 1.683738335740324332e-02
5.709999999999999964e+00 1.683738335740324332e-02
5.719999999999999751e+00 1.683738335740324332e-02
5.730000000000000426e+00 1.683738335740324332e-02
5.740000000000000213e+00 1.683738335740324332e-02
5.750000000000000000e+00 1.683738335740324332e-02
5.759999999999999787e+00 1.683738335740324332e-02
5.769999999999999574e+00 1.683738335740324332e-02
5.780000000000000249e+00 1.683738335740324332e-02
5.790000000000000036e+00 1.683738335740324332e-02
5.799999999999999822e+00 1.683738335740324332e-02
5.809999999999999609e+00 1.683738335740324332e-02
5.820000000000000284e+00 1.683738335740324332e-02
5.830000000000000071e+00 1.683738335740324332e-02
5.839999999999999858e+00 1.683738335740324332e-02
5.849999999999999645e+00 1.683738335740324332e-02
5.860000000000000320e+00 1.683738335740324332e-02
5.870000000000000107e+00 1.683738335740324332e-02
5.879999999999999893e+00 1.683738335740324332e-02
5.889999999999999680e+00 1.683738335740324332e-02
5.900000000000000355e+00 1.683738335740324332e-02
5.910000000000000142e+00 1.683738335740324332e-02
5.919999999999999929e+00 1.683738335740324332e-02
5.929999999999999716e+00 1.683738335740324332e-02
5.940000000000000391e+00 1.683738335740324332e-02
5.950000000000000178e+00 1.683738335740324332e-02
5.959999999999999964e+00 1.683738335740324332e-02
5.969999999999999751e+00 1.683738335740324332e-02
5.980000000000000426e+00 1.683738335740324332e-02
5.990000000000000213e+00 1.683738335740324332e-02
6.000000000000000000e+00 1.683738335740324332e-02
6.200000000000000178e+00 1.683738335740324332e-02
6.400000000000000355e+00 1.683738335740324332e-02
6.599999999999999645e+00 1.683738335740324332e-02
6.799999999999999822e+00 1.683738335740324332e-02
7.000000000000000000e+00 0.000000000000000000e+00
