0.000000000000000000e+00 0.000000000000000000e+00
1.000000000000000021e-02 1.683738335740324679e-02
2.000000000000000042e-02 1.683738335740324679e-02
2.999999999999999889e-02 1.683738335740324679e-02
4.000000000000000083e-02 1.683738335740324679e-02
5.000000000000000278e-02 1.683738335740324679e-02
5.999999999999999778e-02 1.683738335740324679e-02
7.000000000000000666e-02 1.683738335740324679e-02
8.000000000000000167e-02 1.683738335740324679e-02
8.999999999999999667e-02 1.683738335740324679e-02
1.000000000000000056e-01 1.683738335740324679e-02
1.100000000000000006e-01 1.683738335740324679e-02
1.199999999999999956e-01 1.683738335740324679e-02
1.300000000000000044e-01 1.683738335740324679e-02
1.400000000000000133e-01 1.683738335740324679e-02
1.499999999999999944e-01 1.683738335740324679e-02
1.600000000000000033e-01 1.683738335740324679e-02
1.700000000000000122e-01 1.683738335740324679e-02
1.799999999999999933e-01 1.683738335740324679e-02
1.900000000000000022e-01 1.683738335740324679e-02
2.000000000000000111e-01 1.683738335740324679e-02
2.099999999999999922e-01 1.683738335740324679e-02
2.200000000000000011e-01 1.683738335740324679e-02
2.300000000000000100e-01 1.683738335740324679e-02
2.399999999999999911e-01 1.683738335740324679e-02
2.500000000000000000e-01 1.683738335740324679e-02
2.600000000000000089e-01 1.683738335740324679e-02
2.700000000000000178e-01 1.683738335740324679e-02
2.800000000000000266e-01 1.683738335740324679e-02
2.899999999999999800e-01 1.683738335740324679e-02
2.999999999999999889e-01 1.683738335740324679e-02
3.099999999999999978e-01 1.683738335740324679e-02
3.200000000000000067e-01 1.683738335740324679e-02
3.300000000000000155e-01 1.683738335740324679e-02
3.400000000000000244e-01 1.683738335740324679e-02
3.499999999999999778e-01 1.683738335740324679e-02
3.599999999999999867e-01 1.683738335740324679e-02
3.699999999999999956e-01 1.683738335740324679e-02
3.800000000000000044e-01 1.683738335740324679e-02
3.900000000000000133e-01 1.683738335740324679e-02
4.000000000000000222e-01 1.683738335740324679e-02
4.099999999999999756e-01 1.683738335740324679e-02
4.199999999999999845e-01 1.683738335740324679e-02
4.299999999999999933e-01 1.683738335740324679e-02
4.400000000000000022e-01 1.683738335740324679e-02
4.500000000000000111e-01 1.683738335740324679e-02
4.600000000000000200e-01 1.683738335740324679e-02
4.699999999999999734e-01 1.683738335740324679e-02
4.799999999999999822e-01 1.683738335740324679e-02
4.899999999999999911e-01 1.683738335740324679e-02
5.000000000000000000e-01 1.683738335740324679e-02
5.100000000000000089e-01 1.683738335740324679e-02
5.200000000000000178e-01 1.683738335740324679e-02
5.300000000000000266e-01 1.683738335740324679e-02
5.400000000000000355e-01 1.683738335740324679e-02
5.500000000000000444e-01 1.683738335740324679e-02
5.600000000000000533e-01 1.683738335740324679e-02
5.699999999999999512e-01 1.683738335740324679e-02
5.799999999999999600e-01 1.683738335740324679e-02
5.899999999999999689e-01 1.683738335740324679e-02
5.999999999999999778e-01 1.683738335740324679e-02
6.099999999999999867e-01 1.683738335740324679e-02
6.199999999999999956e-01 1.683738335740324679e-02
6.300000000000000044e-01 1.683738335740324679e-02
6.400000000000000133e-01 1.683738335740324679e-02
6.500000000000000222e-01 1.683738335740324679e-02
6.600000000000000311e-01 1.683738335740324679e-02
6.700000000000000400e-01 1.683738335740324679e-02
6.800000000000000488e-01 1.683738335740324679e-02
6.899999999999999467e-01 1.683738335740324679e-02
6.999999999999999556e-01 1.683738335740324679e-02
7.099999999999999645e-01 1.683738335740324679e-02
7.199999999999999734e-01 1.683738335740324679e-02
7.299999999999999822e-01 1.683738335740324679e-02
7.399999999999999911e-01 1.683738335740324679e-02
7.500000000000000000e-01 1.683738335740324679e-02
7.600000000000000089e-01 1.683738335740324679e-02
7.700000000000000178e-01 1.683738335740324679e-02
7.800000000000000266e-01 1.683738335740324679e-02
7.900000000000000355e-01 1.683738335740324679e-02
8.000000000000000444e-01 1.683738335740324679e-02
8.100000000000000533e-01 1.683738335740324679e-02
8.199999999999999512e-01 1.683738335740324679e-02
8.299999999999999600e-01 1.683738335740324679e-02
8.399999999999999689e-01 1.683738335740324679e-02
8.499999999999999778e-01 1.683738335740324679e-02
8.599999999999999867e-01 1.683738335740324679e-02
8.699999999999999956e-01 1.683738335740324679e-02
8.800000000000000044e-01 1.683738335740324679e-02
8.900000000000000133e-01 1.683738335740324679e-02
9.000000000000000222e-01 1.683738335740324679e-02
9.100000000000000311e-01 1.683738335740324679e-02
9.200000000000000400e-01 1.683738335740324679e-02
9.300000000000000488e-01 1.683738335740324679e-02
9.399999999999999467e-01 1.683738335740324679e-02
9.499999999999999556e-01 1.683738335740324679e-02
9.599999999999999645e-01 1.683738335740324679e-02
9.699999999999999734e-01 1.683738335740324679e-02
9.799999999999999822e-01 1.683738335740324679e-02
9.899999999999999911e-01 1.683738335740325026e-02
1.000000000000000000e+00 1.683738335740331618e-02
1.010000000000000009e+00 1.683738335740413497e-02
1.020000000000000018e+00 1.683738335741334635e-02
1.030000000000000027e+00 1.683738335750184500e-02
1.040000000000000036e+00 1.683738335822544327e-02
1.050000000000000044e+00 1.683738336325074289e-02
1.060000000000000053e+00 1.683738339291234246e-02
1.070000000000000062e+00 1.683738354214603730e-02
1.080000000000000071e+00 1.683738418599405040e-02
1.090000000000000080e+00 1.683738659296050641e-02
1.100000000000000089e+00 1.683739451871307802e-02
1.110000000000000098e+00 1.683741803180480168e-02
1.120000000000000107e+00 1.683748248220304916e-02
1.129999999999999893e+00 1.683764890256185184e-02
1.139999999999999902e+00 1.683805610956844168e-02
1.149999999999999911e+00 1.683899498371172268e-02
1.159999999999999920e+00 1.684102333421598138e-02
1.169999999999999929e+00 1.684515627071167532e-02
1.179999999999999938e+00 1.685328664521002287e-02
1.189999999999999947e+00 1.686922355296692141e-02
1.199999999999999956e+00 1.690091248849781222e-02
1.209999999999999964e+00 1.696411278028419484e-02
1.219999999999999973e+00 1.708669857663285691e-02
1.229999999999999982e+00 1.731104497769075934e-02
1.239999999999999991e+00 1.769078162327412246e-02
1.250000000000000000e+00 1.827916930523725350e-02
1.260000000000000009e+00 1.911051414726985809e-02
1.270000000000000018e+00 2.018231213501565577e-02
1.280000000000000027e+00 2.144994700099758442e-02
1.290000000000000036e+00 2.284192757176646202e-02
1.300000000000000044e+00 2.429081777719974480e-02
1.310000000000000053e+00 2.576283426677776489e-02
1.320000000000000062e+00 2.727149608270460976e-02
1.330000000000000071e+00 2.887715795917724856e-02
1.340000000000000080e+00 3.068353024232174306e-02
1.350000000000000089e+00 3.282915120506736673e-02
1.360000000000000098e+00 3.545626716655084915e-02
1.370000000000000107e+00 3.865564327831966934e-02
1.379999999999999893e+00 4.242670316260006153e-02
1.389999999999999902e+00 4.670983558588204937e-02
1.399999999999999911e+00 5.151838370015512231e-02
1.409999999999999920e+00 5.715125188355357072e-02
1.419999999999999929e+00 6.443099063096308088e-02
1.429999999999999938e+00 7.488308083174595453e-02
1.439999999999999947e+00 9.076490165871761717e-02
1.449999999999999956e+00 1.149098238528882682e-01
1.459999999999999964e+00 1.504508239880894549e-01
1.469999999999999973e+00 2.005178454054065695e-01
1.479999999999999982e+00 2.679182630466285797e-01
1.489999999999999991e+00 3.547468342548341091e-01
1.500000000000000000e+00 4.619829851254089181e-01
1.510000000000000009e+00 5.893200740801530779e-01
1.520000000000000018e+00 7.354462349270474153e-01
1.530000000000000027e+00 8.986998190010018206e-01
1.540000000000000036e+00 1.077801890753003367e+00
1.550000000000000044e+00 1.272513438904730121e+00
1.560000000000000053e+00 1.484286776160134158e+00
1.570000000000000062e+00 1.716756982161476541e+00
1.580000000000000071e+00 1.975421038333235568e+00
1.590000000000000080e+00 2.265999546855287594e+00
1.600000000000000089e+00 2.592084613356428147e+00
1.610000000000000098e+00 2.953477976695833895e+00
1.620000000000000107e+00 3.345754868835771667e+00
1.629999999999999893e+00 3.760019936294820120e+00
1.639999999999999902e+00 4.181934912161375806e+00
1.649999999999999911e+00 4.590837803806851802e+00
1.659999999999999920e+00 4.960254331117237570e+00
1.669999999999999929e+00 5.259405074771171584e+00
1.679999999999999938e+00 5.454602112843702777e+00
1.689999999999999947e+00 5.511717899512116325e+00
1.699999999999999956e+00 5.402671922775635238e+00
1.709999999999999964e+00 5.115894481849061037e+00
1.719999999999999973e+00 4.665346653690496836e+00
1.729999999999999982e+00 4.091506083147668171e+00
1.739999999999999991e+00 3.452601377179949971e+00
1.750000000000000000e+00 2.810258503395874907e+00
1.760000000000000009e+00 2.215771135037301942e+00
1.770000000000000018e+00 1.701602095663174108e+00
1.780000000000000027e+00 1.279893043036708589e+00
1.790000000000000036e+00 9.469398781688477262e-01
1.800000000000000044e+00 6.904491458299837348e-01
1.810000000000000053e+00 4.959952644386556031e-01
1.820000000000000062e+00 3.506620554107592325e-01
1.830000000000000071e+00 2.439984104212391813e-01
1.840000000000000080e+00 1.675901895496326732e-01
1.850000000000000089e+00 1.144340735079664301e-01
1.860000000000000098e+00 7.860907087263524495e-02
1.870000000000000107e+00 5.520991546464622257e-02
1.879999999999999893e+00 4.035213437348510873e-02
1.889999999999999902e+00 3.112706852959017806e-02
1.899999999999999911e+00 2.548208793210204187e-02
1.909999999999999920e+00 2.205050060383857008e-02
1.919999999999999929e+00 1.996748371877712924e-02
1.929999999999999938e+00 1.870441655566312117e-02
1.939999999999999947e+00 1.794181170050313315e-02
1.949999999999999956e+00 1.748493427133143013e-02
1.959999999999999964e+00 1.721363240255810098e-02
1.969999999999999973e+00 1.705375710474206843e-02
1.979999999999999982e+00 1.696016971448650879e-02
1.989999999999999991e+00 1.690585577816203916e-02
2.000000000000000000e+00 1.687478264959817870e-02
2.009999999999999787e+00 1.685739345816279419e-02
2.020000000000000018e+00 1.684793459793053685e-02
2.029999999999999805e+00 1.684293768112372566e-02
2.040000000000000036e+00 1.684035250982429677e-02
2.049999999999999822e+00 1.683901916518068531e-02
2.060000000000000053e+00 1.683831953331255127e-02
2.069999999999999840e+00 1.683794210935890198e-02
2.080000000000000071e+00 1.683773335399339072e-02
2.089999999999999858e+00 1.683761512616093262e-02
2.100000000000000089e+00 1.683754526254595957e-02
2.109999999999999876e+00 1.683750062557929153e-02
2.120000000000000107e+00 1.683746922987500866e-02
2.129999999999999893e+00 1.683744550080470970e-02
2.140000000000000124e+00 1.683742707956446469e-02
2.149999999999999911e+00 1.683741292151685540e-02
2.160000000000000142e+00 1.683740239148978635e-02
2.169999999999999929e+00 1.683739492694550852e-02
2.180000000000000160e+00 1.683738994548776222e-02
2.189999999999999947e+00 1.683738684882851028e-02
2.200000000000000178e+00 1.683738507048170713e-02
2.209999999999999964e+00 1.683738413240691567e-02
2.220000000000000195e+00 1.683738367955964210e-02
2.229999999999999982e+00 1.683738348003280955e-02
2.240000000000000213e+00 1.683738340000113035e-02
2.250000000000000000e+00 1.683738337086453790e-02
2.259999999999999787e+00 1.683738336126761048e-02
2.270000000000000018e+00 1.683738335841548223e-02
2.279999999999999805e+00 1.683738335765100000e-02
2.290000000000000036e+00 1.683738335746489539e-02
2.299999999999999822e+00 1.683738335742240161e-02
2.310000000000000053e+00 1.683738335741222225e-02
2.319999999999999840e+00 1.683738335740895403e-02
2.330000000000000071e+00 1.683738335740734768e-02
2.339999999999999858e+00 1.683738335740634501e-02
2.350000000000000089e+00 1.683738335740565806e-02
2.359999999999999876e+00 1.683738335740515846e-02
2.370000000000000107e+00 1.683738335740476294e-02
2.379999999999999893e+00 1.683738335740442640e-02
2.390000000000000124e+00 1.683738335740414191e-02
2.399999999999999911e+00 1.683738335740390599e-02
2.410000000000000142e+00 1.683738335740372211e-02
2.419999999999999929e+00 1.683738335740357986e-02
2.430000000000000160e+00 1.683738335740347924e-02
2.439999999999999947e+00 1.683738335740340986e-02
2.450000000000000178e+00 1.683738335740335781e-02
2.459999999999999964e+00 1.683738335740332659e-02
2.470000000000000195e+00 1.683738335740330230e-02
2.479999999999999982e+00 1.683738335740329189e-02
2.490000000000000213e+00 1.683738335740328149e-02
2.500000000000000000e+00 1.683738335740327802e-02
2.509999999999999787e+00 1.683738335740327455e-02
2.520000000000000018e+00 1.683738335740327108e-02
2.529999999999999805e+00 1.683738335740326414e-02
2.540000000000000036e+00 1.683738335740326414e-02
2.549999999999999822e+00 1.683738335740326067e-02
2.560000000000000053e+00 1.683738335740325373e-02
2.569999999999999840e+00 1.683738335740325026e-02
2.580000000000000071e+00 1.683738335740325026e-02
2.589999999999999858e+00 1.683738335740324679e-02
2.600000000000000089e+00 1.683738335740324679e-02
2.609999999999999876e+00 1.683738335740324679e-02
2.620000000000000107e+00 1.683738335740324679e-02
2.629999999999999893e+00 1.683738335740324679e-02
2.640000000000000124e+00 1.683738335740324679e-02
2.649999999999999911e+00 1.683738335740324679e-02
2.660000000000000142e+00 1.683738335740324679e-02
2.669999999999999929e+00 1.683738335740324679e-02
2.680000000000000160e+00 1.683738335740324679e-02
2.689999999999999947e+00 1.683738335740324679e-02
2.700000000000000178e+00 1.683738335740324679e-02
2.709999999999999964e+00 1.683738335740324679e-02
2.720000000000000195e+00 1.683738335740324679e-02
2.729999999999999982e+00 1.683738335740324679e-02
2.740000000000000213e+00 1.683738335740324679e-02
2.750000000000000000e+00 1.683738335740324679e-02
2.759999999999999787e+00 1.683738335740324679e-02
2.770000000000000018e+00 1.683738335740324679e-02
2.779999999999999805e+00 1.683738335740324679e-02
2.790000000000000036e+00 1.683738335740324679e-02
2.799999999999999822e+00 1.683738335740324679e-02
2.810000000000000053e+00 1.683738335740324679e-02
2.819999999999999840e+00 1.683738335740324679e-02
2.830000000000000071e+00 1.683738335740324679e-02
2.839999999999999858e+00 1.683738335740324679e-02
2.850000000000000089e+00 1.683738335740324679e-02
2.859999999999999876e+00 1.683738335740324679e-02
2.870000000000000107e+00 1.683738335740324679e-02
2.879999999999999893e+00 1.683738335740324679e-02
2.890000000000000124e+00 1.683738335740324679e-02
2.899999999999999911e+00 1.683738335740324679e-02
2.910000000000000142e+00 1.683738335740324679e-02
2.919999999999999929e+00 1.683738335740324679e-02
2.930000000000000160e+00 1.683738335740324679e-02
2.939999999999999947e+00 1.683738335740324679e-02
2.950000000000000178e+00 1.683738335740324679e-02
2.959999999999999964e+00 1.683738335740324679e-02
2.970000000000000195e+00 1.683738335740324679e-02
2.979999999999999982e+00 1.683738335740324679e-02
2.990000000000000213e+00 1.683738335740324679e-02
3.000000000000000000e+00 1.683738335740324679e-02
3.009999999999999787e+00 1.683738335740324679e-02
3.020000000000000018e+00 1.683738335740324679e-02
3.029999999999999805e+00 1.683738335740324679e-02
3.040000000000000036e+00 1.683738335740324679e-02
3.049999999999999822e+00 1.683738335740324679e-02
3.060000000000000053e+00 1.683738335740324679e-02
3.069999999999999840e+00 1.683738335740324679e-02
3.080000000000000071e+00 1.683738335740324679e-02
3.089999999999999858e+00 1.683738335740324679e-02
3.100000000000000089e+00 1.683738335740324679e-02
3.109999999999999876e+00 1.683738335740324679e-02
3.120000000000000107e+00 1.683738335740324679e-02
3.129999999999999893e+00 1.683738335740324679e-02
3.140000000000000124e+00 1.683738335740324679e-02
3.149999999999999911e+00 1.683738335740324679e-02
3.160000000000000142e+00 1.683738335740324679e-02
3.169999999999999929e+00 1.683738335740324679e-02
3.180000000000000160e+00 1.683738335740324679e-02
3.189999999999999947e+00 1.683738335740324679e-02
3.200000000000000178e+00 1.683738335740324679e-02
3.209999999999999964e+00 1.683738335740324679e-02
3.220000000000000195e+00 1.683738335740324679e-02
3.229999999999999982e+00 1.683738335740324679e-02
3.240000000000000213e+00 1.683738335740324679e-02
3.250000000000000000e+00 1.683738335740324679e-02
3.259999999999999787e+00 1.683738335740324679e-02
3.270000000000000018e+00 1.683738335740324679e-02
3.279999999999999805e+00 1.683738335740324679e-02
3.290000000000000036e+00 1.683738335740324679e-02
3.299999999999999822e+00 1.683738335740324679e-02
3.310000000000000053e+00 1.683738335740324679e-02
3.319999999999999840e+00 1.683738335740324679e-02
3.330000000000000071e+00 1.683738335740324679e-02
3.339999999999999858e+00 1.683738335740324679e-02
3.350000000000000089e+00 1.683738335740324679e-02
3.359999999999999876e+00 1.683738335740324679e-02
3.370000000000000107e+00 1.683738335740324679e-02
3.379999999999999893e+00 1.683738335740324679e-02
3.390000000000000124e+00 1.683738335740324679e-02
3.399999999999999911e+00 1.683738335740324679e-02
3.410000000000000142e+00 1.683738335740324679e-02
3.419999999999999929e+00 1.683738335740324679e-02
3.430000000000000160e+00 1.683738335740324679e-02
3.439999999999999947e+00 1.683738335740324679e-02
3.450000000000000178e+00 1.683738335740324679e-02
3.459999999999999964e+00 1.683738335740324679e-02
3.470000000000000195e+00 1.683738335740324679e-02
3.479999999999999982e+00 1.683738335740324679e-02
3.490000000000000213e+00 1.683738335740324679e-02
3.500000000000000000e+00 1.683738335740324679e-02
3.509999999999999787e+00 1.683738335740324679e-02
3.520000000000000018e+00 1.683738335740324679e-02
3.529999999999999805e+00 1.683738335740324679e-02
3.540000000000000036e+00 1.683738335740324679e-02
3.549999999999999822e+00 1.683738335740324679e-02
3.560000000000000053e+00 1.683738335740324679e-02
3.569999999999999840e+00 1.683738335740324679e-02
3.580000000000000071e+00 1.683738335740324679e-02
3.589999999999999858e+00 1.683738335740324679e-02
3.600000000000000089e+00 1.683738335740324679e-02
3.609999999999999876e+00 1.683738335740324679e-02
3.620000000000000107e+00 1.683738335740324679e-02
3.629999999999999893e+00 1.683738335740324679e-02
3.640000000000000124e+00 1.683738335740324679e-02
3.649999999999999911e+00 1.683738335740324679e-02
3.660000000000000142e+00 1.683738335740324679e-02
3.669999999999999929e+00 1.683738335740324679e-02
3.680000000000000160e+00 1.683738335740324679e-02
3.689999999999999947e+00 1.683738335740324679e-02
3.700000000000000178e+00 1.683738335740324679e-02
3.709999999999999964e+00 1.683738335740324679e-02
3.720000000000000195e+00 1.683738335740324679e-02
3.729999999999999982e+00 1.683738335740324679e-02
3.740000000000000213e+00 1.683738335740324679e-02
3.750000000000000000e+00 1.683738335740324679e-02
3.759999999999999787e+00 1.683738335740324679e-02
3.770000000000000018e+00 1.683738335740324679e-02
3.779999999999999805e+00 1.683738335740324679e-02
3.790000000000000036e+00 1.683738335740324679e-02
3.799999999999999822e+00 1.683738335740324679e-02
3.810000000000000053e+00 1.683738335740324679e-02
3.819999999999999840e+00 1.683738335740324679e-02
3.830000000000000071e+00 1.683738335740324679e-02
3.839999999999999858e+00 1.683738335740324679e-02
3.850000000000000089e+00 1.683738335740324679e-02
3.859999999999999876e+00 1.683738335740324679e-02
3.870000000000000107e+00 1.683738335740324679e-02
3.879999999999999893e+00 1.683738335740324679e-02
3.890000000000000124e+00 1.683738335740324679e-02
3.899999999999999911e+00 1.683738335740324679e-02
3.910000000000000142e+00 1.683738335740324679e-02
3.919999999999999929e+00 1.683738335740324679e-02
3.930000000000000160e+00 1.683738335740324679e-02
3.939999999999999947e+00 1.683738335740324679e-02
3.950000000000000178e+00 1.683738335740324679e-02
3.959999999999999964e+00 1.683738335740324679e-02
3.970000000000000195e+00 1.683738335740324679e-02
3.979999999999999982e+00 1.683738335740324679e-02
3.990000000000000213e+00 1.683738335740324679e-02
4.000000000000000000e+00 1.683738335740324679e-02
4.009999999999999787e+00 1.683738335740324679e-02
4.019999999999999574e+00 1.683738335740324679e-02
4.030000000000000249e+00 1.683738335740324679e-02
4.040000000000000036e+00 1.683738335740324679e-02
4.049999999999999822e+00 1.683738335740324679e-02
4.059999999999999609e+00 1.683738335740324679e-02
4.070000000000000284e+00 1.683738335740324679e-02
4.080000000000000071e+00 1.683738335740324679e-02
4.089999999999999858e+00 1.683738335740324679e-02
4.099999999999999645e+00 1.683738335740324679e-02
4.110000000000000320e+00 1.683738335740324679e-02
4.120000000000000107e+00 1.683738335740324679e-02
4.129999999999999893e+00 1.683738335740324679e-02
4.139999999999999680e+00 1.683738335740324679e-02
4.150000000000000355e+00 1.683738335740324679e-02
4.160000000000000142e+00 1.683738335740324679e-02
4.169999999999999929e+00 1.683738335740324679e-02
4.179999999999999716e+00 1.683738335740324679e-02
4.190000000000000391e+00 1.683738335740324679e-02
4.200000000000000178e+00 1.683738335740324679e-02
4.209999999999999964e+00 1.683738335740324679e-02
4.219999999999999751e+00 1.683738335740324679e-02
4.230000000000000426e+00 1.683738335740324679e-02
4.240000000000000213e+00 1.683738335740324679e-02
4.250000000000000000e+00 1.683738335740324679e-02
4.259999999999999787e+00 1.683738335740324679e-02
4.269999999999999574e+00 1.683738335740324679e-02
4.280000000000000249e+00 1.683738335740324679e-02
4.290000000000000036e+00 1.683738335740324679e-02
4.299999999999999822e+00 1.683738335740324679e-02
4.309999999999999609e+00 1.683738335740324679e-02
4.320000000000000284e+00 1.683738335740324679e-02
4.330000000000000071e+00 1.683738335740324679e-02
4.339999999999999858e+00 1.683738335740324679e-02
4.349999999999999645e+00 1.683738335740324679e-02
4.360000000000000320e+00 1.683738335740324679e-02
4.370000000000000107e+00 1.683738335740324679e-02
4.379999999999999893e+00 1.683738335740324679e-02
4.389999999999999680e+00 1.683738335740324679e-02
4.400000000000000355e+00 1.683738335740324679e-02
4.410000000000000142e+00 1.683738335740324679e-02
4.419999999999999929e+00 1.683738335740324679e-02
4.429999999999999716e+00 1.683738335740324679e-02
4.440000000000000391e+00 1.683738335740324679e-02
4.450000000000000178e+00 1.683738335740324679e-02
4.459999999999999964e+00 1.683738335740324679e-02
4.469999999999999751e+00 1.683738335740324679e-02
4.480000000000000426e+00 1.683738335740324679e-02
4.490000000000000213e+00 1.683738335740324679e-02
4.500000000000000000e+00 1.683738335740324679e-02
4.509999999999999787e+00 1.683738335740324679e-02
4.519999999999999574e+00 1.683738335740324679e-02
4.530000000000000249e+00 1.683738335740324679e-02
4.540000000000000036e+00 1.683738335740324679e-02
4.549999999999999822e+00 1.683738335740324679e-02
4.559999999999999609e+00 1.683738335740324679e-02
4.570000000000000284e+00 1.683738335740324679e-02
4.580000000000000071e+00 1.683738335740324679e-02
4.589999999999999858e+00 1.683738335740324679e-02
4.599999999999999645e+00 1.683738335740324679e-02
4.610000000000000320e+00 1.683738335740324679e-02
4.620000000000000107e+00 1.683738335740324679e-02
4.629999999999999893e+00 1.683738335740324679e-02
4.639999999999999680e+00 1.683738335740324679e-02
4.650000000000000355e+00 1.683738335740324679e-02
4.660000000000000142e+00 1.683738335740324679e-02
4.669999999999999929e+00 1.683738335740324679e-02
4.679999999999999716e+00 1.683738335740324679e-02
4.690000000000000391e+00 1.683738335740324679e-02
4.700000000000000178e+00 1.683738335740324679e-02
4.709999999999999964e+00 1.683738335740324679e-02
4.719999999999999751e+00 1.683738335740324679e-02
4.730000000000000426e+00 1.683738335740324679e-02
4.740000000000000213e+00 1.683738335740324679e-02
4.750000000000000000e+00 1.683738335740324679e-02
4.759999999999999787e+00 1.683738335740324679e-02
4.769999999999999574e+00 1.683738335740324679e-02
4.780000000000000249e+00 1.683738335740324679e-02
4.790000000000000036e+00 1.683738335740324679e-02
4.799999999999999822e+00 1.683738335740324679e-02
4.809999999999999609e+00 1.683738335740324679e-02
4.820000000000000284e+00 1.683738335740324679e-02
4.830000000000000071e+00 1.683738335740324679e-02
4.839999999999999858e+00 1.683738335740324679e-02
4.849999999999999645e+00 1.683738335740324679e-02
4.860000000000000320e+00 1.683738335740324679e-02
4.870000000000000107e+00 1.683738335740324679e-02
4.879999999999999893e+00 1.683738335740324679e-02
4.889999999999999680e+00 1.683738335740324679e-02
4.900000000000000355e+00 1.683738335740324679e-02
4.910000000000000142e+00 1.683738335740324679e-02
4.919999999999999929e+00 1.683738335740324679e-02
4.929999999999999716e+00 1.683738335740324679e-02
4.940000000000000391e+00 1.683738335740324679e-02
4.950000000000000178e+00 1.683738335740324679e-02
4.959999999999999964e+00 1.683738335740324679e-02
4.969999999999999751e+00 1.683738335740324679e-02
4.980000000000000426e+00 1.683738335740324679e-02
4.990000000000000213e+00 1.683738335740324679e-02
5.000000000000000000e+00 1.683738335740324679e-02
5.009999999999999787e+00 1.683738335740324679e-02
5.019999999999999574e+00 1.683738335740324679e-02
5.030000000000000249e+00 1.683738335740324679e-02
5.040000000000000036e+00 1.683738335740324679e-02
5.049999999999999822e+00 1.683738335740324679e-02
5.059999999999999609e+00 1.683738335740324679e-02
5.070000000000000284e+00 1.683738335740324679e-02
5.080000000000000071e+00 1.683738335740324679e-02
5.089999999999999858e+00 1.683738335740324679e-02
5.099999999999999645e+00 1.683738335740324679e-02
5.110000000000000320e+00 1.683738335740324679e-02
5.120000000000000107e+00 1.683738335740324679e-02
5.129999999999999893e+00 1.683738335740324679e-02
5.139999999999999680e+00 1.683738335740324679e-02
5.150000000000000355e+00 1.683738335740324679e-02
5.160000000000000142e+00 1.683738335740324679e-02
5.169999999999999929e+00 1.683738335740324679e-02
5.179999999999999716e+00 1.683738335740324679e-02
5.190000000000000391e+00 1.683738335740324679e-02
5.200000000000000178e+00 1.683738335740324679e-02
5.209999999999999964e+00 1.683738335740324679e-02
5.219999999999999751e+00 1.683738335740324679e-02
5.230000000000000426e+00 1.683738335740324679e-02
5.240000000000000213e+00 1.683738335740324679e-02
5.250000000000000000e+00 1.683738335740324679e-02
5.259999999999999787e+00 1.683738335740324679e-02
5.269999999999999574e+00 1.683738335740324679e-02
5.280000000000000249e+00 1.683738335740324679e-02
5.290000000000000036e+00 1.683738335740324679e-02
5.299999999999999822e+00 1.683738335740324679e-02
5.309999999999999609e+00 1.683738335740324679e-02
5.320000000000000284e+00 1.683738335740324679e-02
5.330000000000000071e+00 1.683738335740324679e-02
5.339999999999999858e+00 1.683738335740324679e-02
5.349999999999999645e+00 1.683738335740324679e-02
5.360000000000000320e+00 1.683738335740324679e-02
5.370000000000000107e+00 1.683738335740324679e-02
5.379999999999999893e+00 1.683738335740324679e-02
5.389999999999999680e+00 1.683738335740324679e-02
5.400000000000000355e+00 1.683738335740324679e-02
5.410000000000000142e+00 1.683738335740324679e-02
5.419999999999999929e+00 1.683738335740324679e-02
5.429999999999999716e+00 1.683738335740324679e-02
5.440000000000000391e+00 1.683738335740324679e-02
5.450000000000000178e+00 1.683738335740324679e-02
5.459999999999999964e+00 1.683738335740324679e-02
5.469999999999999751e+00 1.683738335740324679e-02
5.480000000000000426e+00 1.683738335740324679e-02
5.490000000000000213e+00 1.683738335740324679e-02
5.500000000000000000e+00 1.683738335740324679e-02
5.509999999999999787e+00 1.683738335740324679e-02
5.519999999999999574e+00 1.683738335740324679e-02
5.530000000000000249e+00 1.683738335740324679e-02
5.540000000000000036e+00 1.683738335740324679e-02
5.549999999999999822e+00 1.683738335740324679e-02
5.559999999999999609e+00 1.683738335740324679e-02
5.570000000000000284e+00 1.683738335740324679e-02
5.580000000000000071e+00 1.683738335740324679e-02
5.589999999999999858e+00 1.683738335740324679e-02
5.599999999999999645e+00 1.683738335740324679e-02
5.610000000000000320e+00 1.683738335740324679e-02
5.620000000000000107e+00 1.683738335740324679e-02
5.629999999999999893e+00 1.683738335740324679e-02
5.639999999999999680e+00 1.683738335740324679e-02
5.650000000000000355e+00 1.683738335740324679e-02
5.660000000000000142e+00 1.683738335740324679e-02
5.669999999999999929e+00 1.683738335740324679e-02
5.679999999999999716e+00 1.683738335740324679e-02
5.690000000000000391e+00 1.683738335740324679e-02
5.700000000000000178e+00 1.683738335740324679e-02
5.709999999999999964e+00 1.683738335740324679e-02
5.719999999999999751e+00 1.683738335740324679e-02
5.730000000000000426e+00 1.683738335740324679e-02
5.740000000000000213e+00 1.683738335740324679e-02
5.750000000000000000e+00 1.683738335740324679e-02
5.759999999999999787e+00 1.683738335740324679e-02
5.769999999999999574e+00 1.683738335740324679e-02
5.780000000000000249e+00 1.683738335740324679e-02
5.790000000000000036e+00 1.683738335740324679e-02
5.799999999999999822e+00 1.683738335740324679e-02
5.809999999999999609e+00 1.683738335740324679e-02
5.820000000000000284e+00 1.683738335740324679e-02
5.830000000000000071e+00 1.683738335740324679e-02
5.839999999999999858e+00 1.683738335740324679e-02
5.849999999999999645e+00 1.683738335740324679e-02
5.860000000000000320e+00 1.683738335740324679e-02
5.870000000000000107e+00 1.683738335740324679e-02
5.879999999999999893e+00 1.683738335740324679e-02
5.889999999999999680e+00 1.683738335740324679e-02
5.900000000000000355e+00 1.683738335740324679e-02
5.910000000000000142e+00 1.683738335740324679e-02
5.919999999999999929e+00 1.683738335740324679e-02
5.929999999999999716e+00 1.683738335740324679e-02
5.940000000000000391e+00 1.683738335740324679e-02
5.950000000000000178e+00 1.683738335740324679e-02
5.959999999999999964e+00 1.683738335740324679e-02
5.969999999999999751e+00 1.683738335740324679e-02
5.980000000000000426e+00 1.683738335740324679e-02
5.990000000000000213e+00 1.683738335740324679e-02
6.000000000000000000e+00 1.683738335740324679e-02
6.200000000000000178e+00 1.683738335740324679e-02
6.400000000000000355e+00 1.683738335740324679e-02
6.599999999999999645e+00 1.683738335740324679e-02
6.799999999999999822e+00 1.683738335740324679e-02
7.000000000000000000e+00 0.000000000000000000e+00
