0.000000000000000000e+00 0.000000000000000000e+00
1.000000000000000021e-02 1.415698127366434890e-02
2.000000000000000042e-02 1.415698185701777696e-02
2.999999999999999889e-02 1.415698417567290077e-02
4.000000000000000083e-02 1.415699274699087212e-02
5.000000000000000278e-02 1.415702347667137893e-02
5.999999999999999778e-02 1.415713287670892877e-02
7.000000000000000666e-02 1.415751402282102930e-02
8.000000000000000167e-02 1.415876204826015290e-02
8.999999999999999667e-02 1.416245336758440582e-02
1.000000000000000056e-01 1.417205570014943780e-02
1.100000000000000006e-01 1.419369647672558826e-02
1.199999999999999956e-01 1.423560689159596160e-02
1.300000000000000044e-01 1.430499587011353942e-02
1.400000000000000133e-01 1.440271980047931090e-02
1.499999999999999944e-01 1.451883102405557117e-02
1.600000000000000033e-01 1.463308645523894030e-02
1.700000000000000122e-01 1.472156135652573708e-02
1.799999999999999933e-01 1.476570678853003464e-02
1.900000000000000022e-01 1.475839477196620730e-02
2.000000000000000111e-01 1.470444884583786693e-02
2.099999999999999922e-01 1.461724919939841674e-02
2.200000000000000011e-01 1.451418562808775778e-02
2.300000000000000100e-01 1.441234186743432441e-02
2.399999999999999911e-01 1.432480001013958226e-02
2.500000000000000000e-01 1.425832702015313730e-02
2.600000000000000089e-01 1.421334678829884977e-02
2.700000000000000178e-01 1.418602608208726669e-02
2.800000000000000266e-01 1.417110187066398727e-02
2.899999999999999800e-01 1.416404383531423561e-02
2.999999999999999889e-01 1.416206160536828511e-02
3.099999999999999978e-01 1.416424038450144092e-02
3.200000000000000067e-01 1.417116275753173456e-02
3.300000000000000155e-01 1.418406155211984071e-02
3.400000000000000244e-01 1.420346642716927184e-02
3.499999999999999778e-01 1.422774556979071285e-02
3.599999999999999867e-01 1.425253041996613242e-02
3.699999999999999956e-01 1.427193896796042846e-02
3.800000000000000044e-01 1.428142599651925637e-02
3.900000000000000133e-01 1.428073766733268211e-02
4.000000000000000222e-01 1.427501333506681416e-02
4.099999999999999756e-01 1.427286687152503827e-02
4.199999999999999845e-01 1.428175062736054650e-02
4.299999999999999933e-01 1.430274497780465240e-02
4.400000000000000022e-01 1.432869547894941205e-02
4.500000000000000111e-01 1.434954586955417173e-02
4.600000000000000200e-01 1.436552266059564625e-02
4.699999999999999734e-01 1.440566127107907254e-02
4.799999999999999822e-01 1.455160920280982283e-02
4.899999999999999911e-01 1.497529975677959306e-02
5.000000000000000000e-01 1.601040401009409461e-02
5.100000000000000089e-01 1.829423944496045770e-02
5.200000000000000178e-01 2.303842004950552858e-02
5.300000000000000266e-01 3.246048987729866636e-02
5.400000000000000355e-01 5.022819182382502051e-02
5.500000000000000444e-01 8.148134180095976953e-02
5.600000000000000533e-01 1.321372629125407983e-01
5.699999999999999512e-01 2.085358712866020314e-01
5.799999999999999600e-01 3.207080767088789086e-01
5.899999999999999689e-01 4.929990835296111373e-01
5.999999999999999778e-01 7.811047577328309455e-01
6.099999999999999867e-01 1.285136916020610087e+00
6.199999999999999956e-01 2.140279609947101758e+00
6.300000000000000044e-01 3.468405935549970565e+00
6.400000000000000133e-01 5.291454233955211528e+00
6.500000000000000222e-01 7.439646046461581896e+00
6.600000000000000311e-01 9.519648254990080716e+00
6.700000000000000400e-01 1.100485746781053820e+01
6.800000000000000488e-01 1.144333559747258811e+01
6.899999999999999467e-01 1.067837172415810443e+01
6.999999999999999556e-01 8.935240986306258293e+00
7.099999999999999645e-01 6.708595999371149254e+00
7.199999999999999734e-01 4.528783085021141908e+00
7.299999999999999822e-01 2.760034142710462657e+00
7.399999999999999911e-01 1.530784742629587303e+00
7.500000000000000000e-01 7.863295078453568232e-01
7.600000000000000089e-01 3.887690935119080815e-01
7.700000000000000178e-01 1.982655314811164193e-01
7.800000000000000266e-01 1.123420831490217348e-01
7.900000000000000355e-01 7.154414914200200870e-02
8.000000000000000444e-01 4.850602845921291040e-02
8.100000000000000533e-01 3.359922234716625211e-02
8.199999999999999512e-01 2.409888435393082659e-02
8.299999999999999600e-01 1.871028124932174949e-02
8.399999999999999689e-01 1.607799986534295955e-02
8.499999999999999778e-01 1.495982670726401197e-02
8.599999999999999867e-01 1.452423844649312033e-02
8.699999999999999956e-01 1.435004011600278170e-02
8.800000000000000044e-01 1.426893930338021463e-02
8.900000000000000133e-01 1.422449692956028605e-02
9.000000000000000222e-01 1.419806452903689398e-02
9.100000000000000311e-01 1.418182926923353647e-02
9.200000000000000400e-01 1.417164465445738472e-02
9.300000000000000488e-01 1.416523352119380096e-02
9.399999999999999467e-01 1.416132366157417562e-02
9.499999999999999556e-01 1.415909246779309752e-02
9.599999999999999645e-01 1.415792619350069413e-02
9.699999999999999734e-01 1.415737186918966314e-02
9.799999999999999822e-01 1.415713163387814603e-02
9.899999999999999911e-01 1.415703580617664464e-02
1.000000000000000000e+00 1.415700014910182061e-02
1.010000000000000009e+00 1.415698757673964324e-02
1.020000000000000018e+00 1.415698330118020029e-02
1.030000000000000027e+00 1.415698186874102954e-02
1.040000000000000036e+00 1.415698138401438877e-02
1.050000000000000044e+00 1.415698121475335823e-02
1.060000000000000053e+00 1.415698115360237812e-02
1.070000000000000062e+00 1.415698113155163147e-02
1.080000000000000071e+00 1.415698112492933501e-02
1.090000000000000080e+00 1.415698112583808725e-02
1.100000000000000089e+00 1.415698113237943111e-02
1.110000000000000098e+00 1.415698114510901585e-02
1.120000000000000107e+00 1.415698116561669127e-02
1.129999999999999893e+00 1.415698119576977963e-02
1.139999999999999902e+00 1.415698123688579994e-02
1.149999999999999911e+00 1.415698128851326613e-02
1.159999999999999920e+00 1.415698134707358072e-02
1.169999999999999929e+00 1.415698140521103564e-02
1.179999999999999938e+00 1.415698145277320512e-02
1.189999999999999947e+00 1.415698147958285510e-02
1.199999999999999956e+00 1.415698147899557661e-02
1.209999999999999964e+00 1.415698145055100873e-02
1.219999999999999973e+00 1.415698140034627080e-02
1.229999999999999982e+00 1.415698133887775129e-02
1.239999999999999991e+00 1.415698127736469622e-02
1.250000000000000000e+00 1.415698122430005326e-02
1.260000000000000009e+00 1.415698118372209907e-02
1.270000000000000018e+00 1.415698115559254656e-02
1.280000000000000027e+00 1.415698113748697050e-02
1.290000000000000036e+00 1.415698112637698951e-02
1.300000000000000044e+00 1.415698111971764282e-02
1.310000000000000053e+00 1.415698111576194421e-02
1.320000000000000062e+00 1.415698111343276569e-02
1.330000000000000071e+00 1.415698111208666884e-02
1.340000000000000080e+00 1.415698111133215954e-02
1.350000000000000089e+00 1.415698111092532005e-02
1.360000000000000098e+00 1.415698111071487381e-02
1.370000000000000107e+00 1.415698111061027345e-02
1.379999999999999893e+00 1.415698111056015555e-02
1.389999999999999902e+00 1.415698111053695016e-02
1.399999999999999911e+00 1.415698111052658172e-02
1.409999999999999920e+00 1.415698111052212868e-02
1.419999999999999929e+00 1.415698111052030722e-02
1.429999999999999938e+00 1.415698111051960119e-02
1.439999999999999947e+00 1.415698111051934965e-02
1.449999999999999956e+00 1.415698111051928200e-02
1.459999999999999964e+00 1.415698111051929067e-02
1.469999999999999973e+00 1.415698111051933751e-02
1.479999999999999982e+00 1.415698111051941210e-02
1.489999999999999991e+00 1.415698111051952139e-02
1.500000000000000000e+00 1.415698111051973476e-02
1.510000000000000009e+00 1.415698111052026559e-02
1.520000000000000018e+00 1.415698111052168633e-02
1.530000000000000027e+00 1.415698111052522690e-02
1.540000000000000036e+00 1.415698111053321530e-02
1.550000000000000044e+00 1.415698111054950435e-02
1.560000000000000053e+00 1.415698111058054029e-02
1.570000000000000062e+00 1.415698111064002222e-02
1.580000000000000071e+00 1.415698111076942392e-02
1.590000000000000080e+00 1.415698111111408572e-02
1.600000000000000089e+00 1.415698111216512171e-02
1.610000000000000098e+00 1.415698111541033657e-02
1.620000000000000107e+00 1.415698112475949171e-02
1.629999999999999893e+00 1.415698114889143988e-02
1.639999999999999902e+00 1.415698120353863117e-02
1.649999999999999911e+00 1.415698131060490715e-02
1.659999999999999920e+00 1.415698148978469968e-02
1.669999999999999929e+00 1.415698174181239874e-02
1.679999999999999938e+00 1.415698203182944037e-02
1.689999999999999947e+00 1.415698228919296323e-02
1.699999999999999956e+00 1.415698243378328731e-02
1.709999999999999964e+00 1.415698241723918789e-02
1.719999999999999973e+00 1.415698225006537490e-02
1.729999999999999982e+00 1.415698199365973339e-02
1.739999999999999991e+00 1.415698172476229956e-02
1.750000000000000000e+00 1.415698149987585676e-02
1.760000000000000009e+00 1.415698134093510384e-02
1.770000000000000018e+00 1.415698124250155086e-02
1.780000000000000027e+00 1.415698118723305275e-02
1.790000000000000036e+00 1.415698115785505966e-02
1.800000000000000044e+00 1.415698114212172488e-02
1.810000000000000053e+00 1.415698113294339318e-02
1.820000000000000062e+00 1.415698112679302130e-02
1.830000000000000071e+00 1.415698112215514094e-02
1.840000000000000080e+00 1.415698111849403480e-02
1.850000000000000089e+00 1.415698111566474938e-02
1.860000000000000098e+00 1.415698111360990698e-02
1.870000000000000107e+00 1.415698111223602507e-02
1.879999999999999893e+00 1.415698111139811546e-02
1.889999999999999902e+00 1.415698111093342641e-02
1.899999999999999911e+00 1.415698111069903405e-02
1.909999999999999920e+00 1.415698111059126955e-02
1.919999999999999929e+00 1.415698111054595684e-02
1.929999999999999938e+00 1.415698111052845348e-02
1.939999999999999947e+00 1.415698111052220501e-02
1.949999999999999956e+00 1.415698111052012508e-02
1.959999999999999964e+00 1.415698111051947282e-02
1.969999999999999973e+00 1.415698111051927853e-02
1.979999999999999982e+00 1.415698111051922128e-02
1.989999999999999991e+00 1.415698111051920394e-02
2.000000000000000000e+00 1.415698111051919700e-02
2.009999999999999787e+00 1.415698111051919700e-02
2.020000000000000018e+00 1.415698111051919353e-02
2.029999999999999805e+00 1.415698111051919353e-02
2.040000000000000036e+00 1.415698111051919353e-02
2.049999999999999822e+00 1.415698111051919353e-02
2.060000000000000053e+00 1.415698111051919353e-02
2.069999999999999840e+00 1.415698111051919353e-02
2.080000000000000071e+00 1.415698111051919353e-02
2.089999999999999858e+00 1.415698111051919353e-02
2.100000000000000089e+00 1.415698111051919353e-02
2.109999999999999876e+00 1.415698111051919353e-02
2.120000000000000107e+00 1.415698111051919353e-02
2.129999999999999893e+00 1.415698111051919353e-02
2.140000000000000124e+00 1.415698111051919353e-02
2.149999999999999911e+00 1.415698111051919353e-02
2.160000000000000142e+00 1.415698111051919353e-02
2.169999999999999929e+00 1.415698111051919353e-02
2.180000000000000160e+00 1.415698111051919353e-02
2.189999999999999947e+00 1.415698111051919353e-02
2.200000000000000178e+00 1.415698111051919353e-02
2.209999999999999964e+00 1.415698111051919353e-02
2.220000000000000195e+00 1.415698111051919353e-02
2.229999999999999982e+00 1.415698111051919353e-02
2.240000000000000213e+00 1.415698111051919353e-02
2.250000000000000000e+00 1.415698111051919353e-02
2.259999999999999787e+00 1.415698111051919353e-02
2.270000000000000018e+00 1.415698111051919353e-02
2.279999999999999805e+00 1.415698111051919353e-02
2.290000000000000036e+00 1.415698111051919353e-02
2.299999999999999822e+00 1.415698111051919353e-02
2.310000000000000053e+00 1.415698111051919353e-02
2.319999999999999840e+00 1.415698111051919353e-02
2.330000000000000071e+00 1.415698111051919353e-02
2.339999999999999858e+00 1.415698111051919353e-02
2.350000000000000089e+00 1.415698111051919353e-02
2.359999999999999876e+00 1.415698111051919353e-02
2.370000000000000107e+00 1.415698111051919353e-02
2.379999999999999893e+00 1.415698111051919353e-02
2.390000000000000124e+00 1.415698111051919353e-02
2.399999999999999911e+00 1.415698111051919353e-02
2.410000000000000142e+00 1.415698111051919353e-02
2.419999999999999929e+00 1.415698111051919353e-02
2.430000000000000160e+00 1.415698111051919353e-02
2.439999999999999947e+00 1.415698111051919353e-02
2.450000000000000178e+00 1.415698111051919353e-02
2.459999999999999964e+00 1.415698111051919353e-02
2.470000000000000195e+00 1.415698111051919353e-02
2.479999999999999982e+00 1.415698111051919353e-02
2.490000000000000213e+00 1.415698111051919353e-02
2.500000000000000000e+00 1.415698111051919353e-02
2.509999999999999787e+00 1.415698111051919353e-02
2.520000000000000018e+00 1.415698111051919353e-02
2.529999999999999805e+00 1.415698111051919353e-02
2.540000000000000036e+00 1.415698111051919353e-02
2.549999999999999822e+00 1.415698111051919353e-02
2.560000000000000053e+00 1.415698111051919353e-02
2.569999999999999840e+00 1.415698111051919353e-02
2.580000000000000071e+00 1.415698111051919353e-02
2.589999999999999858e+00 1.415698111051919353e-02
2.600000000000000089e+00 1.415698111051919353e-02
2.609999999999999876e+00 1.415698111051919353e-02
2.620000000000000107e+00 1.415698111051919353e-02
2.629999999999999893e+00 1.415698111051919353e-02
2.640000000000000124e+00 1.415698111051919353e-02
2.649999999999999911e+00 1.415698111051919353e-02
2.660000000000000142e+00 1.415698111051919353e-02
2.669999999999999929e+00 1.415698111051919353e-02
2.680000000000000160e+00 1.415698111051919353e-02
2.689999999999999947e+00 1.415698111051919353e-02
2.700000000000000178e+00 1.415698111051919353e-02
2.709999999999999964e+00 1.415698111051919353e-02
2.720000000000000195e+00 1.415698111051919353e-02
2.729999999999999982e+00 1.415698111051919353e-02
2.740000000000000213e+00 1.415698111051919353e-02
2.750000000000000000e+00 1.415698111051919353e-02
2.759999999999999787e+00 1.415698111051919353e-02
2.770000000000000018e+00 1.415698111051919353e-02
2.779999999999999805e+00 1.415698111051919353e-02
2.790000000000000036e+00 1.415698111051919353e-02
2.799999999999999822e+00 1.415698111051919353e-02
2.810000000000000053e+00 1.415698111051919353e-02
2.819999999999999840e+00 1.415698111051919353e-02
2.830000000000000071e+00 1.415698111051919353e-02
2.839999999999999858e+00 1.415698111051919353e-02
2.850000000000000089e+00 1.415698111051919353e-02
2.859999999999999876e+00 1.415698111051919353e-02
2.870000000000000107e+00 1.415698111051919353e-02
2.879999999999999893e+00 1.415698111051919353e-02
2.890000000000000124e+00 1.415698111051919353e-02
2.899999999999999911e+00 1.415698111051919353e-02
2.910000000000000142e+00 1.415698111051919353e-02
2.919999999999999929e+00 1.415698111051919353e-02
2.930000000000000160e+00 1.415698111051919353e-02
2.939999999999999947e+00 1.415698111051919353e-02
2.950000000000000178e+00 1.415698111051919353e-02
2.959999999999999964e+00 1.415698111051919353e-02
2.970000000000000195e+00 1.415698111051919353e-02
2.979999999999999982e+00 1.415698111051919353e-02
2.990000000000000213e+00 1.415698111051919353e-02
3.000000000000000000e+00 1.415698111051919353e-02
3.009999999999999787e+00 1.415698111051919353e-02
3.020000000000000018e+00 1.415698111051919353e-02
3.029999999999999805e+00 1.415698111051919353e-02
3.040000000000000036e+00 1.415698111051919353e-02
3.049999999999999822e+00 1.415698111051919353e-02
3.060000000000000053e+00 1.415698111051919353e-02
3.069999999999999840e+00 1.415698111051919353e-02
3.080000000000000071e+00 1.415698111051919353e-02
3.089999999999999858e+00 1.415698111051919353e-02
3.100000000000000089e+00 1.415698111051919353e-02
3.109999999999999876e+00 1.415698111051919353e-02
3.120000000000000107e+00 1.415698111051919353e-02
3.129999999999999893e+00 1.415698111051919353e-02
3.140000000000000124e+00 1.415698111051919353e-02
3.149999999999999911e+00 1.415698111051919353e-02
3.160000000000000142e+00 1.415698111051919353e-02
3.169999999999999929e+00 1.415698111051919353e-02
3.180000000000000160e+00 1.415698111051919353e-02
3.189999999999999947e+00 1.415698111051919353e-02
3.200000000000000178e+00 1.415698111051919353e-02
3.209999999999999964e+00 1.415698111051919353e-02
3.220000000000000195e+00 1.415698111051919353e-02
3.229999999999999982e+00 1.415698111051919353e-02
3.240000000000000213e+00 1.415698111051919353e-02
3.250000000000000000e+00 1.415698111051919353e-02
3.259999999999999787e+00 1.415698111051919353e-02
3.270000000000000018e+00 1.415698111051919353e-02
3.279999999999999805e+00 1.415698111051919353e-02
3.290000000000000036e+00 1.415698111051919353e-02
3.299999999999999822e+00 1.415698111051919353e-02
3.310000000000000053e+00 1.415698111051919353e-02
3.319999999999999840e+00 1.415698111051919353e-02
3.330000000000000071e+00 1.415698111051919353e-02
3.339999999999999858e+00 1.415698111051919353e-02
3.350000000000000089e+00 1.415698111051919353e-02
3.359999999999999876e+00 1.415698111051919353e-02
3.370000000000000107e+00 1.415698111051919353e-02
3.379999999999999893e+00 1.415698111051919353e-02
3.390000000000000124e+00 1.415698111051919353e-02
3.399999999999999911e+00 1.415698111051919353e-02
3.410000000000000142e+00 1.415698111051919353e-02
3.419999999999999929e+00 1.415698111051919353e-02
3.430000000000000160e+00 1.415698111051919353e-02
3.439999999999999947e+00 1.415698111051919353e-02
3.450000000000000178e+00 1.415698111051919353e-02
3.459999999999999964e+00 1.415698111051919353e-02
3.470000000000000195e+00 1.415698111051919353e-02
3.479999999999999982e+00 1.415698111051919353e-02
3.490000000000000213e+00 1.415698111051919353e-02
3.500000000000000000e+00 1.415698111051919353e-02
3.509999999999999787e+00 1.415698111051919353e-02
3.520000000000000018e+00 1.415698111051919353e-02
3.529999999999999805e+00 1.415698111051919353e-02
3.540000000000000036e+00 1.415698111051919353e-02
3.549999999999999822e+00 1.415698111051919353e-02
3.560000000000000053e+00 1.415698111051919353e-02
3.569999999999999840e+00 1.415698111051919353e-02
3.580000000000000071e+00 1.415698111051919353e-02
3.589999999999999858e+00 1.415698111051919353e-02
3.600000000000000089e+00 1.415698111051919353e-02
3.609999999999999876e+00 1.415698111051919353e-02
3.620000000000000107e+00 1.415698111051919353e-02
3.629999999999999893e+00 1.415698111051919353e-02
3.640000000000000124e+00 1.415698111051919353e-02
3.649999999999999911e+00 1.415698111051919353e-02
3.660000000000000142e+00 1.415698111051919353e-02
3.669999999999999929e+00 1.415698111051919353e-02
3.680000000000000160e+00 1.415698111051919353e-02
3.689999999999999947e+00 1.415698111051919353e-02
3.700000000000000178e+00 1.415698111051919353e-02
3.709999999999999964e+00 1.415698111051919353e-02
3.720000000000000195e+00 1.415698111051919353e-02
3.729999999999999982e+00 1.415698111051919353e-02
3.740000000000000213e+00 1.415698111051919353e-02
3.750000000000000000e+00 1.415698111051919353e-02
3.759999999999999787e+00 1.415698111051919353e-02
3.770000000000000018e+00 1.415698111051919353e-02
3.779999999999999805e+00 1.415698111051919353e-02
3.790000000000000036e+00 1.415698111051919353e-02
3.799999999999999822e+00 1.415698111051919353e-02
3.810000000000000053e+00 1.415698111051919353e-02
3.819999999999999840e+00 1.415698111051919353e-02
3.830000000000000071e+00 1.415698111051919353e-02
3.839999999999999858e+00 1.415698111051919353e-02
3.850000000000000089e+00 1.415698111051919353e-02
3.859999999999999876e+00 1.415698111051919353e-02
3.870000000000000107e+00 1.415698111051919353e-02
3.879999999999999893e+00 1.415698111051919353e-02
3.890000000000000124e+00 1.415698111051919353e-02
3.899999999999999911e+00 1.415698111051919353e-02
3.910000000000000142e+00 1.415698111051919353e-02
3.919999999999999929e+00 1.415698111051919353e-02
3.930000000000000160e+00 1.415698111051919353e-02
3.939999999999999947e+00 1.415698111051919353e-02
3.950000000000000178e+00 1.415698111051919353e-02
3.959999999999999964e+00 1.415698111051919353e-02
3.970000000000000195e+00 1.415698111051919353e-02
3.979999999999999982e+00 1.415698111051919353e-02
3.990000000000000213e+00 1.415698111051919353e-02
4.000000000000000000e+00 1.415698111051919353e-02
4.009999999999999787e+00 1.415698111051919353e-02
4.019999999999999574e+00 1.415698111051919353e-02
4.030000000000000249e+00 1.415698111051919353e-02
4.040000000000000036e+00 1.415698111051919353e-02
4.049999999999999822e+00 1.415698111051919353e-02
4.059999999999999609e+00 1.415698111051919353e-02
4.070000000000000284e+00 1.415698111051919353e-02
4.080000000000000071e+00 1.415698111051919353e-02
4.089999999999999858e+00 1.415698111051919353e-02
4.099999999999999645e+00 1.415698111051919353e-02
4.110000000000000320e+00 1.415698111051919353e-02
4.120000000000000107e+00 1.415698111051919353e-02
4.129999999999999893e+00 1.415698111051919353e-02
4.139999999999999680e+00 1.415698111051919353e-02
4.150000000000000355e+00 1.415698111051919353e-02
4.160000000000000142e+00 1.415698111051919353e-02
4.169999999999999929e+00 1.415698111051919353e-02
4.179999999999999716e+00 1.415698111051919353e-02
4.190000000000000391e+00 1.415698111051919353e-02
4.200000000000000178e+00 1.415698111051919353e-02
4.209999999999999964e+00 1.415698111051919353e-02
4.219999999999999751e+00 1.415698111051919353e-02
4.230000000000000426e+00 1.415698111051919353e-02
4.240000000000000213e+00 1.415698111051919353e-02
4.250000000000000000e+00 1.415698111051919353e-02
4.259999999999999787e+00 1.415698111051919353e-02
4.269999999999999574e+00 1.415698111051919353e-02
4.280000000000000249e+00 1.415698111051919353e-02
4.290000000000000036e+00 1.415698111051919353e-02
4.299999999999999822e+00 1.415698111051919353e-02
4.309999999999999609e+00 1.415698111051919353e-02
4.320000000000000284e+00 1.415698111051919353e-02
4.330000000000000071e+00 1.415698111051919353e-02
4.339999999999999858e+00 1.415698111051919353e-02
4.349999999999999645e+00 1.415698111051919353e-02
4.360000000000000320e+00 1.415698111051919353e-02
4.370000000000000107e+00 1.415698111051919353e-02
4.379999999999999893e+00 1.415698111051919353e-02
4.389999999999999680e+00 1.415698111051919353e-02
4.400000000000000355e+00 1.415698111051919353e-02
4.410000000000000142e+00 1.415698111051919353e-02
4.419999999999999929e+00 1.415698111051919353e-02
4.429999999999999716e+00 1.415698111051919353e-02
4.440000000000000391e+00 1.415698111051919353e-02
4.450000000000000178e+00 1.415698111051919353e-02
4.459999999999999964e+00 1.415698111051919353e-02
4.469999999999999751e+00 1.415698111051919353e-02
4.480000000000000426e+00 1.415698111051919353e-02
4.490000000000000213e+00 1.415698111051919353e-02
4.500000000000000000e+00 1.415698111051919353e-02
4.509999999999999787e+00 1.415698111051919353e-02
4.519999999999999574e+00 1.415698111051919353e-02
4.530000000000000249e+00 1.415698111051919353e-02
4.540000000000000036e+00 1.415698111051919353e-02
4.549999999999999822e+00 1.415698111051919353e-02
4.559999999999999609e+00 1.415698111051919353e-02
4.570000000000000284e+00 1.415698111051919353e-02
4.580000000000000071e+00 1.415698111051919353e-02
4.589999999999999858e+00 1.415698111051919353e-02
4.599999999999999645e+00 1.415698111051919353e-02
4.610000000000000320e+00 1.415698111051919353e-02
4.620000000000000107e+00 1.415698111051919353e-02
4.629999999999999893e+00 1.415698111051919353e-02
4.639999999999999680e+00 1.415698111051919353e-02
4.650000000000000355e+00 1.415698111051919353e-02
4.660000000000000142e+00 1.415698111051919353e-02
4.669999999999999929e+00 1.415698111051919353e-02
4.679999999999999716e+00 1.415698111051919353e-02
4.690000000000000391e+00 1.415698111051919353e-02
4.700000000000000178e+00 1.415698111051919353e-02
4.709999999999999964e+00 1.415698111051919353e-02
4.719999999999999751e+00 1.415698111051919353e-02
4.730000000000000426e+00 1.415698111051919353e-02
4.740000000000000213e+00 1.415698111051919353e-02
4.750000000000000000e+00 1.415698111051919353e-02
4.759999999999999787e+00 1.415698111051919353e-02
4.769999999999999574e+00 1.415698111051919353e-02
4.780000000000000249e+00 1.415698111051919353e-02
4.790000000000000036e+00 1.415698111051919353e-02
4.799999999999999822e+00 1.415698111051919353e-02
4.809999999999999609e+00 1.415698111051919353e-02
4.820000000000000284e+00 1.415698111051919353e-02
4.830000000000000071e+00 1.415698111051919353e-02
4.839999999999999858e+00 1.415698111051919353e-02
4.849999999999999645e+00 1.415698111051919353e-02
4.860000000000000320e+00 1.415698111051919353e-02
4.870000000000000107e+00 1.415698111051919353e-02
4.879999999999999893e+00 1.415698111051919353e-02
4.889999999999999680e+00 1.415698111051919353e-02
4.900000000000000355e+00 1.415698111051919353e-02
4.910000000000000142e+00 1.415698111051919353e-02
4.919999999999999929e+00 1.415698111051919353e-02
4.929999999999999716e+00 1.415698111051919353e-02
4.940000000000000391e+00 1.415698111051919353e-02
4.950000000000000178e+00 1.415698111051919353e-02
4.959999999999999964e+00 1.415698111051919353e-02
4.969999999999999751e+00 1.415698111051919353e-02
4.980000000000000426e+00 1.415698111051919353e-02
4.990000000000000213e+00 1.415698111051919353e-02
5.000000000000000000e+00 1.415698111051919353e-02
5.009999999999999787e+00 1.415698111051919353e-02
5.019999999999999574e+00 1.415698111051919353e-02
5.030000000000000249e+00 1.415698111051919353e-02
5.040000000000000036e+00 1.415698111051919353e-02
5.049999999999999822e+00 1.415698111051919353e-02
5.059999999999999609e+00 1.415698111051919353e-02
5.070000000000000284e+00 1.415698111051919353e-02
5.080000000000000071e+00 1.415698111051919353e-02
5.089999999999999858e+00 1.415698111051919353e-02
5.099999999999999645e+00 1.415698111051919353e-02
5.110000000000000320e+00 1.415698111051919353e-02
5.120000000000000107e+00 1.415698111051919353e-02
5.129999999999999893e+00 1.415698111051919353e-02
5.139999999999999680e+00 1.415698111051919353e-02
5.150000000000000355e+00 1.415698111051919353e-02
5.160000000000000142e+00 1.415698111051919353e-02
5.169999999999999929e+00 1.415698111051919353e-02
5.179999999999999716e+00 1.415698111051919353e-02
5.190000000000000391e+00 1.415698111051919353e-02
5.200000000000000178e+00 1.415698111051919353e-02
5.209999999999999964e+00 1.415698111051919353e-02
5.219999999999999751e+00 1.415698111051919353e-02
5.230000000000000426e+00 1.415698111051919353e-02
5.240000000000000213e+00 1.415698111051919353e-02
5.250000000000000000e+00 1.415698111051919353e-02
5.259999999999999787e+00 1.415698111051919353e-02
5.269999999999999574e+00 1.415698111051919353e-02
5.280000000000000249e+00 1.415698111051919353e-02
5.290000000000000036e+00 1.415698111051919353e-02
5.299999999999999822e+00 1.415698111051919353e-02
5.309999999999999609e+00 1.415698111051919353e-02
5.320000000000000284e+00 1.415698111051919353e-02
5.330000000000000071e+00 1.415698111051919353e-02
5.339999999999999858e+00 1.415698111051919353e-02
5.349999999999999645e+00 1.415698111051919353e-02
5.360000000000000320e+00 1.415698111051919353e-02
5.370000000000000107e+00 1.415698111051919353e-02
5.379999999999999893e+00 1.415698111051919353e-02
5.389999999999999680e+00 1.415698111051919353e-02
5.400000000000000355e+00 1.415698111051919353e-02
5.410000000000000142e+00 1.415698111051919353e-02
5.419999999999999929e+00 1.415698111051919353e-02
5.429999999999999716e+00 1.415698111051919353e-02
5.440000000000000391e+00 1.415698111051919353e-02
5.450000000000000178e+00 1.415698111051919353e-02
5.459999999999999964e+00 1.415698111051919353e-02
5.469999999999999751e+00 1.415698111051919353e-02
5.480000000000000426e+00 1.415698111051919353e-02
5.490000000000000213e+00 1.415698111051919353e-02
5.500000000000000000e+00 1.415698111051919353e-02
5.509999999999999787e+00 1.415698111051919353e-02
5.519999999999999574e+00 1.415698111051919353e-02
5.530000000000000249e+00 1.415698111051919353e-02
5.540000000000000036e+00 1.415698111051919353e-02
5.549999999999999822e+00 1.415698111051919353e-02
5.559999999999999609e+00 1.415698111051919353e-02
5.570000000000000284e+00 1.415698111051919353e-02
5.580000000000000071e+00 1.415698111051919353e-02
5.589999999999999858e+00 1.415698111051919353e-02
5.599999999999999645e+00 1.415698111051919353e-02
5.610000000000000320e+00 1.415698111051919353e-02
5.620000000000000107e+00 1.415698111051919353e-02
5.629999999999999893e+00 1.415698111051919353e-02
5.639999999999999680e+00 1.415698111051919353e-02
5.650000000000000355e+00 1.415698111051919353e-02
5.660000000000000142e+00 1.415698111051919353e-02
5.669999999999999929e+00 1.415698111051919353e-02
5.679999999999999716e+00 1.415698111051919353e-02
5.690000000000000391e+00 1.415698111051919353e-02
5.700000000000000178e+00 1.415698111051919353e-02
5.709999999999999964e+00 1.415698111051919353e-02
5.719999999999999751e+00 1.415698111051919353e-02
5.730000000000000426e+00 1.415698111051919353e-02
5.740000000000000213e+00 1.415698111051919353e-02
5.750000000000000000e+00 1.415698111051919353e-02
5.759999999999999787e+00 1.415698111051919353e-02
5.769999999999999574e+00 1.415698111051919353e-02
5.780000000000000249e+00 1.415698111051919353e-02
5.790000000000000036e+00 1.415698111051919353e-02
5.799999999999999822e+00 1.415698111051919353e-02
5.809999999999999609e+00 1.415698111051919353e-02
5.820000000000000284e+00 1.415698111051919353e-02
5.830000000000000071e+00 1.415698111051919353e-02
5.839999999999999858e+00 1.415698111051919353e-02
5.849999999999999645e+00 1.415698111051919353e-02
5.860000000000000320e+00 1.415698111051919353e-02
5.870000000000000107e+00 1.415698111051919353e-02
5.879999999999999893e+00 1.415698111051919353e-02
5.889999999999999680e+00 1.415698111051919353e-02
5.900000000000000355e+00 1.415698111051919353e-02
5.910000000000000142e+00 1.415698111051919353e-02
5.919999999999999929e+00 1.415698111051919353e-02
5.929999999999999716e+00 1.415698111051919353e-02
5.940000000000000391e+00 1.415698111051919353e-02
5.950000000000000178e+00 1.415698111051919353e-02
5.959999999999999964e+00 1.415698111051919353e-02
5.969999999999999751e+00 1.415698111051919353e-02
5.980000000000000426e+00 1.415698111051919353e-02
5.990000000000000213e+00 1.415698111051919353e-02
6.000000000000000000e+00 1.415698111051919353e-02
6.200000000000000178e+00 1.415698111051919353e-02
6.400000000000000355e+00 1.415698111051919353e-02
6.599999999999999645e+00 1.415698111051919353e-02
6.799999999999999822e+00 1.415698111051919353e-02
7.000000000000000000e+00 0.000000000000000000e+00
