0.000000000000000000e+00 0.000000000000000000e+00
1.000000000000000021e-02 1.415703372092692001e-02
2.000000000000000042e-02 1.415714077591928230e-02
2.999999999999999889e-02 1.415739972830764616e-02
4.000000000000000083e-02 1.415792303518926751e-02
5.000000000000000278e-02 1.415879565228374271e-02
5.999999999999999778e-02 1.415997117601085209e-02
7.000000000000000666e-02 1.416119389536942517e-02
8.000000000000000167e-02 1.416205433231106266e-02
8.999999999999999667e-02 1.416220107268047028e-02
1.000000000000000056e-01 1.416156858498828983e-02
1.100000000000000006e-01 1.416042451525701719e-02
1.199999999999999956e-01 1.415919133233081197e-02
1.300000000000000044e-01 1.415820097378996632e-02
1.400000000000000133e-01 1.415757134119945658e-02
1.499999999999999944e-01 1.415724648928192754e-02
1.600000000000000033e-01 1.415710729736201559e-02
1.700000000000000122e-01 1.415705371146040031e-02
1.799999999999999933e-01 1.415702984659131768e-02
1.900000000000000022e-01 1.415701406131666083e-02
2.000000000000000111e-01 1.415700152660455922e-02
2.099999999999999922e-01 1.415699233638512133e-02
2.200000000000000011e-01 1.415698656763428667e-02
2.300000000000000100e-01 1.415698347258915850e-02
2.399999999999999911e-01 1.415698203151033452e-02
2.500000000000000000e-01 1.415698143846706204e-02
2.600000000000000089e-01 1.415698121900435535e-02
2.700000000000000178e-01 1.415698114494738473e-02
2.800000000000000266e-01 1.415698112190983543e-02
2.899999999999999800e-01 1.415698111521997322e-02
2.999999999999999889e-01 1.415698111336774478e-02
3.099999999999999978e-01 1.415698111286352659e-02
3.200000000000000067e-01 1.415698111272497076e-02
3.300000000000000155e-01 1.415698111268646510e-02
3.400000000000000244e-01 1.415698111267589022e-02
3.499999999999999778e-01 1.415698111267309212e-02
3.599999999999999867e-01 1.415698111267239476e-02
3.699999999999999956e-01 1.415698111267223169e-02
3.800000000000000044e-01 1.415698111267220047e-02
3.900000000000000133e-01 1.415698111267220047e-02
4.000000000000000222e-01 1.415698111267220741e-02
4.099999999999999756e-01 1.415698111267221608e-02
4.199999999999999845e-01 1.415698111267221608e-02
4.299999999999999933e-01 1.415698111267221435e-02
4.400000000000000022e-01 1.415698111267220394e-02
4.500000000000000111e-01 1.415698111267219179e-02
4.600000000000000200e-01 1.415698111267218312e-02
4.699999999999999734e-01 1.415698111267217271e-02
4.799999999999999822e-01 1.415698111267216924e-02
4.899999999999999911e-01 1.415698111267216404e-02
5.000000000000000000e-01 1.415698111267216404e-02
5.100000000000000089e-01 1.415698111267216057e-02
5.200000000000000178e-01 1.415698111267216057e-02
5.300000000000000266e-01 1.415698111267216057e-02
5.400000000000000355e-01 1.415698111267216404e-02
5.500000000000000444e-01 1.415698111267218832e-02
5.600000000000000533e-01 1.415698111267242251e-02
5.699999999999999512e-01 1.415698111267434632e-02
5.799999999999999600e-01 1.415698111268871677e-02
5.899999999999999689e-01 1.415698111278751795e-02
5.999999999999999778e-01 1.415698111341851147e-02
6.099999999999999867e-01 1.415698111718663790e-02
6.199999999999999956e-01 1.415698113823896619e-02
6.300000000000000044e-01 1.415698124769691757e-02
6.400000000000000133e-01 1.415698177296076388e-02
6.500000000000000222e-01 1.415698408170355110e-02
6.600000000000000311e-01 1.415699333472404155e-02
6.700000000000000400e-01 1.415702712986181833e-02
6.800000000000000488e-01 1.415713990585941613e-02
6.899999999999999467e-01 1.415748503026437871e-02
6.999999999999999556e-01 1.415845560252745015e-02
7.099999999999999645e-01 1.416095957518733253e-02
7.199999999999999734e-01 1.416685107831247396e-02
7.299999999999999822e-01 1.417938434183267475e-02
7.399999999999999911e-01 1.420326781843973124e-02
7.500000000000000000e-01 1.424369305539554056e-02
7.600000000000000089e-01 1.430403323765514628e-02
7.700000000000000178e-01 1.438292101003048849e-02
7.800000000000000266e-01 1.447243372564003920e-02
7.900000000000000355e-01 1.455894168180604104e-02
8.000000000000000444e-01 1.462658404927060819e-02
8.100000000000000533e-01 1.466176836369799050e-02
8.199999999999999512e-01 1.465699253789938018e-02
8.299999999999999600e-01 1.461313218724534166e-02
8.399999999999999689e-01 1.453961625421110009e-02
8.499999999999999778e-01 1.445182055121965910e-02
8.599999999999999867e-01 1.436604749571986778e-02
8.699999999999999956e-01 1.429436050692656918e-02
8.800000000000000044e-01 1.424200550665447908e-02
8.900000000000000133e-01 1.420826684733854373e-02
9.000000000000000222e-01 1.418929473390303890e-02
9.100000000000000311e-01 1.418081885425535524e-02
9.200000000000000400e-01 1.417965819658631443e-02
9.300000000000000488e-01 1.418412780135694211e-02
9.399999999999999467e-01 1.419394744364059144e-02
9.499999999999999556e-01 1.421019005610725701e-02
9.599999999999999645e-01 1.423557868352033282e-02
9.699999999999999734e-01 1.427519216210855132e-02
9.799999999999999822e-01 1.433728537493999221e-02
9.899999999999999911e-01 1.443348488076849102e-02
1.000000000000000000e+00 1.457736811281126581e-02
1.010000000000000009e+00 1.478073463671108513e-02
1.020000000000000018e+00 1.504783131208097847e-02
1.030000000000000027e+00 1.536910184575877338e-02
1.040000000000000036e+00 1.571711412449169551e-02
1.050000000000000044e+00 1.604751113719920033e-02
1.060000000000000053e+00 1.630666837083562942e-02
1.070000000000000062e+00 1.644530657994272560e-02
1.080000000000000071e+00 1.643431955174321987e-02
1.090000000000000080e+00 1.627669952206823797e-02
1.100000000000000089e+00 1.600933535944175715e-02
1.110000000000000098e+00 1.569257982965038128e-02
1.120000000000000107e+00 1.539528248640893542e-02
1.129999999999999893e+00 1.520125100085176727e-02
1.139999999999999902e+00 1.530086549841751069e-02
1.149999999999999911e+00 1.630260767666935270e-02
1.159999999999999920e+00 1.995744302413133067e-02
1.169999999999999929e+00 3.031467416403743620e-02
1.179999999999999938e+00 5.460197431386361322e-02
1.189999999999999947e+00 1.020572035032348279e-01
1.199999999999999956e+00 1.790138056351926188e-01
1.209999999999999964e+00 2.814593121316103508e-01
1.219999999999999973e+00 3.906695160851915150e-01
1.229999999999999982e+00 4.780151339919741504e-01
1.239999999999999991e+00 5.184275190080183116e-01
1.250000000000000000e+00 5.037077358838837338e-01
1.260000000000000009e+00 4.460749336543270993e-01
1.270000000000000018e+00 3.703004904028223687e-01
1.280000000000000027e+00 3.011347148960466513e-01
1.290000000000000036e+00 2.541799799027824602e-01
1.300000000000000044e+00 2.337061180346877987e-01
1.310000000000000053e+00 2.356174712831037577e-01
1.320000000000000062e+00 2.517789736874693207e-01
1.330000000000000071e+00 2.732748212424284673e-01
1.340000000000000080e+00 2.924302312834832218e-01
1.350000000000000089e+00 3.042173331775499534e-01
1.360000000000000098e+00 3.068986332971537778e-01
1.370000000000000107e+00 3.012413474111688694e-01
1.379999999999999893e+00 2.885496282104956234e-01
1.389999999999999902e+00 2.691021072853928553e-01
1.399999999999999911e+00 2.424842514563587681e-01
1.409999999999999920e+00 2.095041908528297581e-01
1.419999999999999929e+00 1.736932136994838172e-01
1.429999999999999938e+00 1.406720097114603218e-01
1.439999999999999947e+00 1.156599923957635084e-01
1.449999999999999956e+00 1.010419033849013354e-01
1.459999999999999964e+00 9.566102646008994848e-02
1.469999999999999973e+00 9.596387597966246630e-02
1.479999999999999982e+00 9.792358811677197294e-02
1.489999999999999991e+00 9.860113058930174146e-02
1.500000000000000000e+00 9.680192911118640220e-02
1.510000000000000009e+00 9.285498822582279044e-02
1.520000000000000018e+00 8.785600300805497531e-02
1.530000000000000027e+00 8.284380901400398289e-02
1.540000000000000036e+00 7.833840645243869694e-02
1.550000000000000044e+00 7.442196046979060453e-02
1.560000000000000053e+00 7.117903035338901674e-02
1.570000000000000062e+00 6.907615647757919808e-02
1.580000000000000071e+00 6.896309023058250220e-02
1.590000000000000080e+00 7.174927623098258100e-02
1.600000000000000089e+00 7.811383879175620715e-02
1.610000000000000098e+00 8.855760351529491647e-02
1.620000000000000107e+00 1.037521292071621609e-01
1.629999999999999893e+00 1.248111971394329223e-01
1.639999999999999902e+00 1.530915825509784611e-01
1.649999999999999911e+00 1.894401416295103946e-01
1.659999999999999920e+00 2.332200225552392425e-01
1.669999999999999929e+00 2.816898775702529334e-01
1.679999999999999938e+00 3.302140989076643995e-01
1.689999999999999947e+00 3.733799765859055486e-01
1.699999999999999956e+00 4.065955527507808531e-01
1.709999999999999964e+00 4.274389252631640712e-01
1.719999999999999973e+00 4.361503478174819093e-01
1.729999999999999982e+00 4.351607840604590494e-01
1.739999999999999991e+00 4.281086474420880972e-01
1.750000000000000000e+00 4.190336073290036878e-01
1.760000000000000009e+00 4.121985692200778040e-01
1.770000000000000018e+00 4.124316285836642781e-01
1.780000000000000027e+00 4.253658693313018824e-01
1.790000000000000036e+00 4.568849577543379059e-01
1.800000000000000044e+00 5.116056834558487809e-01
1.810000000000000053e+00 5.909878253569034179e-01
1.820000000000000062e+00 6.919790024066164724e-01
1.830000000000000071e+00 8.066882082963958700e-01
1.840000000000000080e+00 9.229582944581643522e-01
1.850000000000000089e+00 1.025603945989316923e+00
1.860000000000000098e+00 1.098473783537854853e+00
1.870000000000000107e+00 1.127602991530110454e+00
1.879999999999999893e+00 1.105018868400087673e+00
1.889999999999999902e+00 1.031752867423620268e+00
1.899999999999999911e+00 9.184926479118757925e-01
1.909999999999999920e+00 7.838021026020053350e-01
1.919999999999999929e+00 6.523320290483058947e-01
1.929999999999999938e+00 5.571558485660835780e-01
1.939999999999999947e+00 5.491681808697381761e-01
1.949999999999999956e+00 7.107020562459140933e-01
1.959999999999999964e+00 1.160472446370810484e+00
1.969999999999999973e+00 2.028384853964933399e+00
1.979999999999999982e+00 3.384675532385110319e+00
1.989999999999999991e+00 5.139907995747694081e+00
2.000000000000000000e+00 6.979685087336739535e+00
2.009999999999999787e+00 8.415787560247563803e+00
2.020000000000000018e+00 8.977485077296048388e+00
2.029999999999999805e+00 8.451381079067639135e+00
2.040000000000000036e+00 7.006671214649361268e+00
2.049999999999999822e+00 5.106505734952663467e+00
2.060000000000000053e+00 3.266939981089311384e+00
2.069999999999999840e+00 1.833452938685640188e+00
2.080000000000000071e+00 9.037442781863177510e-01
2.089999999999999858e+00 3.939204206499155592e-01
2.100000000000000089e+00 1.555332020455222342e-01
2.109999999999999876e+00 6.001792703677807927e-02
2.120000000000000107e+00 2.712377023397199646e-02
2.129999999999999893e+00 1.736645957580046015e-02
2.140000000000000124e+00 1.486834463061326682e-02
2.149999999999999911e+00 1.431323127198345577e-02
2.160000000000000142e+00 1.420304519711887599e-02
2.169999999999999929e+00 1.418033061959019653e-02
2.180000000000000160e+00 1.417280108258486479e-02
2.189999999999999947e+00 1.416817767412961900e-02
2.200000000000000178e+00 1.416472029542218021e-02
2.209999999999999964e+00 1.416214615052602613e-02
2.220000000000000195e+00 1.416029622797720933e-02
2.229999999999999982e+00 1.415901761491219699e-02
2.240000000000000213e+00 1.415817273440164205e-02
2.250000000000000000e+00 1.415764335402958790e-02
2.259999999999999787e+00 1.415733090887654096e-02
2.270000000000000018e+00 1.415715781433837632e-02
2.279999999999999805e+00 1.415706792698845015e-02
2.290000000000000036e+00 1.415702431642744570e-02
2.299999999999999822e+00 1.415700495742868228e-02
2.310000000000000053e+00 1.415699800168112275e-02
2.319999999999999840e+00 1.415699779584578960e-02
2.330000000000000071e+00 1.415700198103313906e-02
2.339999999999999858e+00 1.415700952407913070e-02
2.350000000000000089e+00 1.415701943532676234e-02
2.359999999999999876e+00 1.415703005819419699e-02
2.370000000000000107e+00 1.415703898872959152e-02
2.379999999999999893e+00 1.415704368072676772e-02
2.390000000000000124e+00 1.415704248680162841e-02
2.399999999999999911e+00 1.415703549828595427e-02
2.410000000000000142e+00 1.415702455752957702e-02
2.419999999999999929e+00 1.415701238516983707e-02
2.430000000000000160e+00 1.415700140922324796e-02
2.439999999999999947e+00 1.415699300226527790e-02
2.450000000000000178e+00 1.415698740481488062e-02
2.459999999999999964e+00 1.415698412224865310e-02
2.470000000000000195e+00 1.415698241337264539e-02
2.479999999999999982e+00 1.415698162012047658e-02
2.490000000000000213e+00 1.415698129109375404e-02
2.500000000000000000e+00 1.415698116909045248e-02
2.509999999999999787e+00 1.415698112867628047e-02
2.520000000000000018e+00 1.415698111673416824e-02
2.529999999999999805e+00 1.415698111359232209e-02
2.540000000000000036e+00 1.415698111285783323e-02
2.549999999999999822e+00 1.415698111270550369e-02
2.560000000000000053e+00 1.415698111267749311e-02
2.569999999999999840e+00 1.415698111267292385e-02
2.580000000000000071e+00 1.415698111267225771e-02
2.589999999999999858e+00 1.415698111267217271e-02
2.600000000000000089e+00 1.415698111267216057e-02
2.609999999999999876e+00 1.415698111267216057e-02
2.620000000000000107e+00 1.415698111267216057e-02
2.629999999999999893e+00 1.415698111267216057e-02
2.640000000000000124e+00 1.415698111267216057e-02
2.649999999999999911e+00 1.415698111267216057e-02
2.660000000000000142e+00 1.415698111267216057e-02
2.669999999999999929e+00 1.415698111267216057e-02
2.680000000000000160e+00 1.415698111267216057e-02
2.689999999999999947e+00 1.415698111267216057e-02
2.700000000000000178e+00 1.415698111267216057e-02
2.709999999999999964e+00 1.415698111267216404e-02
2.720000000000000195e+00 1.415698111267216404e-02
2.729999999999999982e+00 1.415698111267216404e-02
2.740000000000000213e+00 1.415698111267216404e-02
2.750000000000000000e+00 1.415698111267216404e-02
2.759999999999999787e+00 1.415698111267216404e-02
2.770000000000000018e+00 1.415698111267216404e-02
2.779999999999999805e+00 1.415698111267216057e-02
2.790000000000000036e+00 1.415698111267216057e-02
2.799999999999999822e+00 1.415698111267216057e-02
2.810000000000000053e+00 1.415698111267216057e-02
2.819999999999999840e+00 1.415698111267216057e-02
2.830000000000000071e+00 1.415698111267216057e-02
2.839999999999999858e+00 1.415698111267216057e-02
2.850000000000000089e+00 1.415698111267216057e-02
2.859999999999999876e+00 1.415698111267216057e-02
2.870000000000000107e+00 1.415698111267216057e-02
2.879999999999999893e+00 1.415698111267216057e-02
2.890000000000000124e+00 1.415698111267216057e-02
2.899999999999999911e+00 1.415698111267216057e-02
2.910000000000000142e+00 1.415698111267216057e-02
2.919999999999999929e+00 1.415698111267216057e-02
2.930000000000000160e+00 1.415698111267216057e-02
2.939999999999999947e+00 1.415698111267216057e-02
2.950000000000000178e+00 1.415698111267216057e-02
2.959999999999999964e+00 1.415698111267216057e-02
2.970000000000000195e+00 1.415698111267216057e-02
2.979999999999999982e+00 1.415698111267216057e-02
2.990000000000000213e+00 1.415698111267216057e-02
3.000000000000000000e+00 1.415698111267216057e-02
3.009999999999999787e+00 1.415698111267216057e-02
3.020000000000000018e+00 1.415698111267216057e-02
3.029999999999999805e+00 1.415698111267216057e-02
3.040000000000000036e+00 1.415698111267216057e-02
3.049999999999999822e+00 1.415698111267216057e-02
3.060000000000000053e+00 1.415698111267216057e-02
3.069999999999999840e+00 1.415698111267216057e-02
3.080000000000000071e+00 1.415698111267216057e-02
3.089999999999999858e+00 1.415698111267216057e-02
3.100000000000000089e+00 1.415698111267216057e-02
3.109999999999999876e+00 1.415698111267216057e-02
3.120000000000000107e+00 1.415698111267216057e-02
3.129999999999999893e+00 1.415698111267216057e-02
3.140000000000000124e+00 1.415698111267216057e-02
3.149999999999999911e+00 1.415698111267216057e-02
3.160000000000000142e+00 1.415698111267216057e-02
3.169999999999999929e+00 1.415698111267216057e-02
3.180000000000000160e+00 1.415698111267216057e-02
3.189999999999999947e+00 1.415698111267216057e-02
3.200000000000000178e+00 1.415698111267216057e-02
3.209999999999999964e+00 1.415698111267216057e-02
3.220000000000000195e+00 1.415698111267216057e-02
3.229999999999999982e+00 1.415698111267216057e-02
3.240000000000000213e+00 1.415698111267216057e-02
3.250000000000000000e+00 1.415698111267216057e-02
3.259999999999999787e+00 1.415698111267216057e-02
3.270000000000000018e+00 1.415698111267216057e-02
3.279999999999999805e+00 1.415698111267216057e-02
3.290000000000000036e+00 1.415698111267216057e-02
3.299999999999999822e+00 1.415698111267216057e-02
3.310000000000000053e+00 1.415698111267216057e-02
3.319999999999999840e+00 1.415698111267216057e-02
3.330000000000000071e+00 1.415698111267216057e-02
3.339999999999999858e+00 1.415698111267216057e-02
3.350000000000000089e+00 1.415698111267216057e-02
3.359999999999999876e+00 1.415698111267216057e-02
3.370000000000000107e+00 1.415698111267216057e-02
3.379999999999999893e+00 1.415698111267216057e-02
3.390000000000000124e+00 1.415698111267216057e-02
3.399999999999999911e+00 1.415698111267216057e-02
3.410000000000000142e+00 1.415698111267216057e-02
3.419999999999999929e+00 1.415698111267216057e-02
3.430000000000000160e+00 1.415698111267216057e-02
3.439999999999999947e+00 1.415698111267216057e-02
3.450000000000000178e+00 1.415698111267216057e-02
3.459999999999999964e+00 1.415698111267216057e-02
3.470000000000000195e+00 1.415698111267216057e-02
3.479999999999999982e+00 1.415698111267216057e-02
3.490000000000000213e+00 1.415698111267216057e-02
3.500000000000000000e+00 1.415698111267216057e-02
3.509999999999999787e+00 1.415698111267216057e-02
3.520000000000000018e+00 1.415698111267216057e-02
3.529999999999999805e+00 1.415698111267216057e-02
3.540000000000000036e+00 1.415698111267216057e-02
3.549999999999999822e+00 1.415698111267216057e-02
3.560000000000000053e+00 1.415698111267216057e-02
3.569999999999999840e+00 1.415698111267216057e-02
3.580000000000000071e+00 1.415698111267216057e-02
3.589999999999999858e+00 1.415698111267216057e-02
3.600000000000000089e+00 1.415698111267216057e-02
3.609999999999999876e+00 1.415698111267216057e-02
3.620000000000000107e+00 1.415698111267216057e-02
3.629999999999999893e+00 1.415698111267216057e-02
3.640000000000000124e+00 1.415698111267216057e-02
3.649999999999999911e+00 1.415698111267216057e-02
3.660000000000000142e+00 1.415698111267216057e-02
3.669999999999999929e+00 1.415698111267216057e-02
3.680000000000000160e+00 1.415698111267216057e-02
3.689999999999999947e+00 1.415698111267216057e-02
3.700000000000000178e+00 1.415698111267216057e-02
3.709999999999999964e+00 1.415698111267216057e-02
3.720000000000000195e+00 1.415698111267216057e-02
3.729999999999999982e+00 1.415698111267216057e-02
3.740000000000000213e+00 1.415698111267216057e-02
3.750000000000000000e+00 1.415698111267216057e-02
3.759999999999999787e+00 1.415698111267216057e-02
3.770000000000000018e+00 1.415698111267216057e-02
3.779999999999999805e+00 1.415698111267216057e-02
3.790000000000000036e+00 1.415698111267216057e-02
3.799999999999999822e+00 1.415698111267216057e-02
3.810000000000000053e+00 1.415698111267216057e-02
3.819999999999999840e+00 1.415698111267216057e-02
3.830000000000000071e+00 1.415698111267216057e-02
3.839999999999999858e+00 1.415698111267216057e-02
3.850000000000000089e+00 1.415698111267216057e-02
3.859999999999999876e+00 1.415698111267216057e-02
3.870000000000000107e+00 1.415698111267216057e-02
3.879999999999999893e+00 1.415698111267216057e-02
3.890000000000000124e+00 1.415698111267216057e-02
3.899999999999999911e+00 1.415698111267216057e-02
3.910000000000000142e+00 1.415698111267216057e-02
3.919999999999999929e+00 1.415698111267216057e-02
3.930000000000000160e+00 1.415698111267216057e-02
3.939999999999999947e+00 1.415698111267216057e-02
3.950000000000000178e+00 1.415698111267216057e-02
3.959999999999999964e+00 1.415698111267216057e-02
3.970000000000000195e+00 1.415698111267216057e-02
3.979999999999999982e+00 1.415698111267216057e-02
3.990000000000000213e+00 1.415698111267216057e-02
4.000000000000000000e+00 1.415698111267216057e-02
4.009999999999999787e+00 1.415698111267216057e-02
4.019999999999999574e+00 1.415698111267216057e-02
4.030000000000000249e+00 1.415698111267216057e-02
4.040000000000000036e+00 1.415698111267216057e-02
4.049999999999999822e+00 1.415698111267216057e-02
4.059999999999999609e+00 1.415698111267216057e-02
4.070000000000000284e+00 1.415698111267216057e-02
4.080000000000000071e+00 1.415698111267216057e-02
4.089999999999999858e+00 1.415698111267216057e-02
4.099999999999999645e+00 1.415698111267216057e-02
4.110000000000000320e+00 1.415698111267216057e-02
4.120000000000000107e+00 1.415698111267216057e-02
4.129999999999999893e+00 1.415698111267216057e-02
4.139999999999999680e+00 1.415698111267216057e-02
4.150000000000000355e+00 1.415698111267216057e-02
4.160000000000000142e+00 1.415698111267216057e-02
4.169999999999999929e+00 1.415698111267216057e-02
4.179999999999999716e+00 1.415698111267216057e-02
4.190000000000000391e+00 1.415698111267216057e-02
4.200000000000000178e+00 1.415698111267216057e-02
4.209999999999999964e+00 1.415698111267216057e-02
4.219999999999999751e+00 1.415698111267216057e-02
4.230000000000000426e+00 1.415698111267216057e-02
4.240000000000000213e+00 1.415698111267216057e-02
4.250000000000000000e+00 1.415698111267216057e-02
4.259999999999999787e+00 1.415698111267216057e-02
4.269999999999999574e+00 1.415698111267216057e-02
4.280000000000000249e+00 1.415698111267216057e-02
4.290000000000000036e+00 1.415698111267216057e-02
4.299999999999999822e+00 1.415698111267216057e-02
4.309999999999999609e+00 1.415698111267216057e-02
4.320000000000000284e+00 1.415698111267216057e-02
4.330000000000000071e+00 1.415698111267216057e-02
4.339999999999999858e+00 1.415698111267216057e-02
4.349999999999999645e+00 1.415698111267216057e-02
4.360000000000000320e+00 1.415698111267216057e-02
4.370000000000000107e+00 1.415698111267216057e-02
4.379999999999999893e+00 1.415698111267216057e-02
4.389999999999999680e+00 1.415698111267216057e-02
4.400000000000000355e+00 1.415698111267216057e-02
4.410000000000000142e+00 1.415698111267216057e-02
4.419999999999999929e+00 1.415698111267216057e-02
4.429999999999999716e+00 1.415698111267216057e-02
4.440000000000000391e+00 1.415698111267216057e-02
4.450000000000000178e+00 1.415698111267216057e-02
4.459999999999999964e+00 1.415698111267216057e-02
4.469999999999999751e+00 1.415698111267216057e-02
4.480000000000000426e+00 1.415698111267216057e-02
4.490000000000000213e+00 1.415698111267216057e-02
4.500000000000000000e+00 1.415698111267216057e-02
4.509999999999999787e+00 1.415698111267216057e-02
4.519999999999999574e+00 1.415698111267216057e-02
4.530000000000000249e+00 1.415698111267216057e-02
4.540000000000000036e+00 1.415698111267216057e-02
4.549999999999999822e+00 1.415698111267216057e-02
4.559999999999999609e+00 1.415698111267216057e-02
4.570000000000000284e+00 1.415698111267216057e-02
4.580000000000000071e+00 1.415698111267216057e-02
4.589999999999999858e+00 1.415698111267216057e-02
4.599999999999999645e+00 1.415698111267216057e-02
4.610000000000000320e+00 1.415698111267216057e-02
4.620000000000000107e+00 1.415698111267216057e-02
4.629999999999999893e+00 1.415698111267216057e-02
4.639999999999999680e+00 1.415698111267216057e-02
4.650000000000000355e+00 1.415698111267216057e-02
4.660000000000000142e+00 1.415698111267216057e-02
4.669999999999999929e+00 1.415698111267216057e-02
4.679999999999999716e+00 1.415698111267216057e-02
4.690000000000000391e+00 1.415698111267216057e-02
4.700000000000000178e+00 1.415698111267216057e-02
4.709999999999999964e+00 1.415698111267216057e-02
4.719999999999999751e+00 1.415698111267216057e-02
4.730000000000000426e+00 1.415698111267216057e-02
4.740000000000000213e+00 1.415698111267216057e-02
4.750000000000000000e+00 1.415698111267216057e-02
4.759999999999999787e+00 1.415698111267216057e-02
4.769999999999999574e+00 1.415698111267216057e-02
4.780000000000000249e+00 1.415698111267216057e-02
4.790000000000000036e+00 1.415698111267216057e-02
4.799999999999999822e+00 1.415698111267216057e-02
4.809999999999999609e+00 1.415698111267216057e-02
4.820000000000000284e+00 1.415698111267216057e-02
4.830000000000000071e+00 1.415698111267216057e-02
4.839999999999999858e+00 1.415698111267216057e-02
4.849999999999999645e+00 1.415698111267216057e-02
4.860000000000000320e+00 1.415698111267216057e-02
4.870000000000000107e+00 1.415698111267216057e-02
4.879999999999999893e+00 1.415698111267216057e-02
4.889999999999999680e+00 1.415698111267216057e-02
4.900000000000000355e+00 1.415698111267216057e-02
4.910000000000000142e+00 1.415698111267216057e-02
4.919999999999999929e+00 1.415698111267216057e-02
4.929999999999999716e+00 1.415698111267216057e-02
4.940000000000000391e+00 1.415698111267216057e-02
4.950000000000000178e+00 1.415698111267216057e-02
4.959999999999999964e+00 1.415698111267216057e-02
4.969999999999999751e+00 1.415698111267216057e-02
4.980000000000000426e+00 1.415698111267216057e-02
4.990000000000000213e+00 1.415698111267216057e-02
5.000000000000000000e+00 1.415698111267216057e-02
5.009999999999999787e+00 1.415698111267216057e-02
5.019999999999999574e+00 1.415698111267216057e-02
5.030000000000000249e+00 1.415698111267216057e-02
5.040000000000000036e+00 1.415698111267216057e-02
5.049999999999999822e+00 1.415698111267216057e-02
5.059999999999999609e+00 1.415698111267216057e-02
5.070000000000000284e+00 1.415698111267216057e-02
5.080000000000000071e+00 1.415698111267216057e-02
5.089999999999999858e+00 1.415698111267216057e-02
5.099999999999999645e+00 1.415698111267216057e-02
5.110000000000000320e+00 1.415698111267216057e-02
5.120000000000000107e+00 1.415698111267216057e-02
5.129999999999999893e+00 1.415698111267216057e-02
5.139999999999999680e+00 1.415698111267216057e-02
5.150000000000000355e+00 1.415698111267216057e-02
5.160000000000000142e+00 1.415698111267216057e-02
5.169999999999999929e+00 1.415698111267216057e-02
5.179999999999999716e+00 1.415698111267216057e-02
5.190000000000000391e+00 1.415698111267216057e-02
5.200000000000000178e+00 1.415698111267216057e-02
5.209999999999999964e+00 1.415698111267216057e-02
5.219999999999999751e+00 1.415698111267216057e-02
5.230000000000000426e+00 1.415698111267216057e-02
5.240000000000000213e+00 1.415698111267216057e-02
5.250000000000000000e+00 1.415698111267216057e-02
5.259999999999999787e+00 1.415698111267216057e-02
5.269999999999999574e+00 1.415698111267216057e-02
5.280000000000000249e+00 1.415698111267216057e-02
5.290000000000000036e+00 1.415698111267216057e-02
5.299999999999999822e+00 1.415698111267216057e-02
5.309999999999999609e+00 1.415698111267216057e-02
5.320000000000000284e+00 1.415698111267216057e-02
5.330000000000000071e+00 1.415698111267216057e-02
5.339999999999999858e+00 1.415698111267216057e-02
5.349999999999999645e+00 1.415698111267216057e-02
5.360000000000000320e+00 1.415698111267216057e-02
5.370000000000000107e+00 1.415698111267216057e-02
5.379999999999999893e+00 1.415698111267216057e-02
5.389999999999999680e+00 1.415698111267216057e-02
5.400000000000000355e+00 1.415698111267216057e-02
5.410000000000000142e+00 1.415698111267216057e-02
5.419999999999999929e+00 1.415698111267216057e-02
5.429999999999999716e+00 1.415698111267216057e-02
5.440000000000000391e+00 1.415698111267216057e-02
5.450000000000000178e+00 1.415698111267216057e-02
5.459999999999999964e+00 1.415698111267216057e-02
5.469999999999999751e+00 1.415698111267216057e-02
5.480000000000000426e+00 1.415698111267216057e-02
5.490000000000000213e+00 1.415698111267216057e-02
5.500000000000000000e+00 1.415698111267216057e-02
5.509999999999999787e+00 1.415698111267216057e-02
5.519999999999999574e+00 1.415698111267216057e-02
5.530000000000000249e+00 1.415698111267216057e-02
5.540000000000000036e+00 1.415698111267216057e-02
5.549999999999999822e+00 1.415698111267216057e-02
5.559999999999999609e+00 1.415698111267216057e-02
5.570000000000000284e+00 1.415698111267216057e-02
5.580000000000000071e+00 1.415698111267216057e-02
5.589999999999999858e+00 1.415698111267216057e-02
5.599999999999999645e+00 1.415698111267216057e-02
5.610000000000000320e+00 1.415698111267216057e-02
5.620000000000000107e+00 1.415698111267216057e-02
5.629999999999999893e+00 1.415698111267216057e-02
5.639999999999999680e+00 1.415698111267216057e-02
5.650000000000000355e+00 1.415698111267216057e-02
5.660000000000000142e+00 1.415698111267216057e-02
5.669999999999999929e+00 1.415698111267216057e-02
5.679999999999999716e+00 1.415698111267216057e-02
5.690000000000000391e+00 1.415698111267216057e-02
5.700000000000000178e+00 1.415698111267216057e-02
5.709999999999999964e+00 1.415698111267216057e-02
5.719999999999999751e+00 1.415698111267216057e-02
5.730000000000000426e+00 1.415698111267216057e-02
5.740000000000000213e+00 1.415698111267216057e-02
5.750000000000000000e+00 1.415698111267216057e-02
5.759999999999999787e+00 1.415698111267216057e-02
5.769999999999999574e+00 1.415698111267216057e-02
5.780000000000000249e+00 1.415698111267216057e-02
5.790000000000000036e+00 1.415698111267216057e-02
5.799999999999999822e+00 1.415698111267216057e-02
5.809999999999999609e+00 1.415698111267216057e-02
5.820000000000000284e+00 1.415698111267216057e-02
5.830000000000000071e+00 1.415698111267216057e-02
5.839999999999999858e+00 1.415698111267216057e-02
5.849999999999999645e+00 1.415698111267216057e-02
5.860000000000000320e+00 1.415698111267216057e-02
5.870000000000000107e+00 1.415698111267216057e-02
5.879999999999999893e+00 1.415698111267216057e-02
5.889999999999999680e+00 1.415698111267216057e-02
5.900000000000000355e+00 1.415698111267216057e-02
5.910000000000000142e+00 1.415698111267216057e-02
5.919999999999999929e+00 1.415698111267216057e-02
5.929999999999999716e+00 1.415698111267216057e-02
5.940000000000000391e+00 1.415698111267216057e-02
5.950000000000000178e+00 1.415698111267216057e-02
5.959999999999999964e+00 1.415698111267216057e-02
5.969999999999999751e+00 1.415698111267216057e-02
5.980000000000000426e+00 1.415698111267216057e-02
5.990000000000000213e+00 1.415698111267216057e-02
6.000000000000000000e+00 1.415698111267216057e-02
6.200000000000000178e+00 1.415698111267216057e-02
6.400000000000000355e+00 1.415698111267216057e-02
6.599999999999999645e+00 1.415698111267216057e-02
6.799999999999999822e+00 1.415698111267216057e-02
7.000000000000000000e+00 0.000000000000000000e+00
