0.000000000000000000e+00 0.000000000000000000e+00
1.000000000000000021e-02 1.474061340190662914e-02
2.000000000000000042e-02 1.492640479408216536e-02
2.999999999999999889e-02 1.508038718755359310e-02
4.000000000000000083e-02 1.518780217434919678e-02
5.000000000000000278e-02 1.525204193440789224e-02
5.999999999999999778e-02 1.528712820318351567e-02
7.000000000000000666e-02 1.530762255067896586e-02
8.000000000000000167e-02 1.532305003820345207e-02
8.999999999999999667e-02 1.533768980242517649e-02
1.000000000000000056e-01 1.535275246012683843e-02
1.100000000000000006e-01 1.536835355842023666e-02
1.199999999999999956e-01 1.538456461765312991e-02
1.300000000000000044e-01 1.540189065717978943e-02
1.400000000000000133e-01 1.542156335668856681e-02
1.499999999999999944e-01 1.544568417285634154e-02
1.600000000000000033e-01 1.547699370166993708e-02
1.700000000000000122e-01 1.551811688450864882e-02
1.799999999999999933e-01 1.557051513546510099e-02
1.900000000000000022e-01 1.563371860373902536e-02
2.000000000000000111e-01 1.570531169055506063e-02
2.099999999999999922e-01 1.578164025296551962e-02
2.200000000000000011e-01 1.585878541475596593e-02
2.300000000000000100e-01 1.593335105322699757e-02
2.399999999999999911e-01 1.600288754162471072e-02
2.500000000000000000e-01 1.606599122252707484e-02
2.600000000000000089e-01 1.612217510393855469e-02
2.700000000000000178e-01 1.617160383662773898e-02
2.800000000000000266e-01 1.621479521356864253e-02
2.899999999999999800e-01 1.625238019475818210e-02
2.999999999999999889e-01 1.628495678399552102e-02
3.099999999999999978e-01 1.631301735013218623e-02
3.200000000000000067e-01 1.633692952388987943e-02
3.300000000000000155e-01 1.635698124884886473e-02
3.400000000000000244e-01 1.637349108754736562e-02
3.499999999999999778e-01 1.638692936624360982e-02
3.599999999999999867e-01 1.639795858473248533e-02
3.699999999999999956e-01 1.640733234819152786e-02
3.800000000000000044e-01 1.641568222319298581e-02
3.900000000000000133e-01 1.642331877224958298e-02
4.000000000000000222e-01 1.643019953625720828e-02
4.099999999999999756e-01 1.643612299574193775e-02
4.199999999999999845e-01 1.644104578476788397e-02
4.299999999999999933e-01 1.644532302752757177e-02
4.400000000000000022e-01 1.644971948151147112e-02
4.500000000000000111e-01 1.645518802823222465e-02
4.600000000000000200e-01 1.646255347481182310e-02
4.699999999999999734e-01 1.647228563845271401e-02
4.799999999999999822e-01 1.648446748597080097e-02
4.899999999999999911e-01 1.649891503743852739e-02
5.000000000000000000e-01 1.651530555946238710e-02
5.100000000000000089e-01 1.653320743082197994e-02
5.200000000000000178e-01 1.655203981100304700e-02
5.300000000000000266e-01 1.657108829565180283e-02
5.400000000000000355e-01 1.658966814949636506e-02
5.500000000000000444e-01 1.660739345347216761e-02
5.600000000000000533e-01 1.662440385589811914e-02
5.699999999999999512e-01 1.664141575205697887e-02
5.799999999999999600e-01 1.665958108531605600e-02
5.899999999999999689e-01 1.668024664853261230e-02
5.999999999999999778e-01 1.670472887205050327e-02
6.099999999999999867e-01 1.673418520811904495e-02
6.199999999999999956e-01 1.676966390733116569e-02
6.300000000000000044e-01 1.681244007711799396e-02
6.400000000000000133e-01 1.686464081955922970e-02
6.500000000000000222e-01 1.692984214507410601e-02
6.600000000000000311e-01 1.701304512930016527e-02
6.700000000000000400e-01 1.711966694745856513e-02
6.800000000000000488e-01 1.725396054593147238e-02
6.899999999999999467e-01 1.741792126306520097e-02
6.999999999999999556e-01 1.761150144335897963e-02
7.099999999999999645e-01 1.783399155763083777e-02
7.199999999999999734e-01 1.808567523687336365e-02
7.299999999999999822e-01 1.836891190579700850e-02
7.399999999999999911e-01 1.868833319584997654e-02
7.500000000000000000e-01 1.905027679734044507e-02
7.600000000000000089e-01 1.946175105402115149e-02
7.700000000000000178e-01 1.992927334387797206e-02
7.800000000000000266e-01 2.045793663453758168e-02
7.900000000000000355e-01 2.105097218569251458e-02
8.000000000000000444e-01 2.170987613924045892e-02
8.100000000000000533e-01 2.243497862931094836e-02
8.199999999999999512e-01 2.322629640017781494e-02
8.299999999999999600e-01 2.408459386314334635e-02
8.399999999999999689e-01 2.501258432374390064e-02
8.499999999999999778e-01 2.601599177513347003e-02
8.599999999999999867e-01 2.710390230601781789e-02
8.699999999999999956e-01 2.828782571527107409e-02
8.800000000000000044e-01 2.957940345208341995e-02
8.900000000000000133e-01 3.098753584318039017e-02
9.000000000000000222e-01 3.251627358230410603e-02
9.100000000000000311e-01 3.416459954712042918e-02
9.200000000000000400e-01 3.592820694024059097e-02
9.300000000000000488e-01 3.780215875825613386e-02
9.399999999999999467e-01 3.978274698658672975e-02
9.499999999999999556e-01 4.186745342409682602e-02
9.599999999999999645e-01 4.405330386549747429e-02
9.699999999999999734e-01 4.633505474071993036e-02
9.799999999999999822e-01 4.870466388186579787e-02
9.899999999999999911e-01 5.115250314344593763e-02
1.000000000000000000e+00 5.366976750487219977e-02
1.010000000000000009e+00 5.625127056457960434e-02
1.020000000000000018e+00 5.889802292542146295e-02
1.030000000000000027e+00 6.161892075603159213e-02
1.040000000000000036e+00 6.443042960720610224e-02
1.050000000000000044e+00 6.735317137899533846e-02
1.060000000000000053e+00 7.040559890686726163e-02
1.070000000000000062e+00 7.359700290210334506e-02
1.080000000000000071e+00 7.692324749291579167e-02
1.090000000000000080e+00 8.036756030983932542e-02
1.100000000000000089e+00 8.390602181674144955e-02
1.110000000000000098e+00 8.751514712360151937e-02
1.120000000000000107e+00 9.117854108297608617e-02
1.129999999999999893e+00 9.489072837464758436e-02
1.139999999999999902e+00 9.865772763882865726e-02
1.149999999999999911e+00 1.024948680508499244e-01
1.159999999999999920e+00 1.064225757102822550e-01
1.169999999999999929e+00 1.104608669293035000e-01
1.179999999999999938e+00 1.146236630920360461e-01
1.189999999999999947e+00 1.189146584756669567e-01
1.199999999999999956e+00 1.233264766613727942e-01
1.209999999999999964e+00 1.278437184311980723e-01
1.219999999999999973e+00 1.324487527293608247e-01
1.229999999999999982e+00 1.371278531951662105e-01
1.239999999999999991e+00 1.418753259320684745e-01
1.250000000000000000e+00 1.466944271221689577e-01
1.260000000000000009e+00 1.515951340271349257e-01
1.270000000000000018e+00 1.565894924619513351e-01
1.280000000000000027e+00 1.616856725922901084e-01
1.290000000000000036e+00 1.668825351029579740e-01
1.300000000000000044e+00 1.721667881853502502e-01
1.310000000000000053e+00 1.775136553921953242e-01
1.320000000000000062e+00 1.828899693141673444e-01
1.330000000000000071e+00 1.882578444835331655e-01
1.340000000000000080e+00 1.935784337510690067e-01
1.350000000000000089e+00 1.988169047069160145e-01
1.360000000000000098e+00 2.039492315814309120e-01
1.370000000000000107e+00 2.089686054272455740e-01
1.379999999999999893e+00 2.138867793907810178e-01
1.389999999999999902e+00 2.187263114565088096e-01
1.399999999999999911e+00 2.235042496792409572e-01
1.409999999999999920e+00 2.282142350483208348e-01
1.419999999999999929e+00 2.328177038972057966e-01
1.429999999999999938e+00 2.372514043815427132e-01
1.439999999999999947e+00 2.414482717094506847e-01
1.449999999999999956e+00 2.453592700840385166e-01
1.459999999999999964e+00 2.489635456492238219e-01
1.469999999999999973e+00 2.522634369675403332e-01
1.479999999999999982e+00 2.552709549403088807e-01
1.489999999999999991e+00 2.579951797337118879e-01
1.500000000000000000e+00 2.604358491732662872e-01
1.510000000000000009e+00 2.625832452125084204e-01
1.520000000000000018e+00 2.644224459831273633e-01
1.530000000000000027e+00 2.659401973870068603e-01
1.540000000000000036e+00 2.671323728751333615e-01
1.550000000000000044e+00 2.680088631392728571e-01
1.560000000000000053e+00 2.685929698297549462e-01
1.570000000000000062e+00 2.689154436986726515e-01
1.580000000000000071e+00 2.690072609060437658e-01
1.590000000000000080e+00 2.688961840981738960e-01
1.600000000000000089e+00 2.686086908901643144e-01
1.610000000000000098e+00 2.681740742034064984e-01
1.620000000000000107e+00 2.676259759450390630e-01
1.629999999999999893e+00 2.669996546687800065e-01
1.639999999999999902e+00 2.663278032242383797e-01
1.649999999999999911e+00 2.656391155350966149e-01
1.659999999999999920e+00 2.649603309818561181e-01
1.669999999999999929e+00 2.643173254846968856e-01
1.679999999999999938e+00 2.637292234021120785e-01
1.689999999999999947e+00 2.631938228206551211e-01
1.699999999999999956e+00 2.626704849228456706e-01
1.709999999999999964e+00 2.620727867268732303e-01
1.719999999999999973e+00 2.612819725290048134e-01
1.729999999999999982e+00 2.601810819621653281e-01
1.739999999999999991e+00 2.586943211611074656e-01
1.750000000000000000e+00 2.568094950335043092e-01
1.760000000000000009e+00 2.545712132250250725e-01
1.770000000000000018e+00 2.520522626476383588e-01
1.780000000000000027e+00 2.493234669191178032e-01
1.790000000000000036e+00 2.464386475673750465e-01
1.800000000000000044e+00 2.434366137096694027e-01
1.810000000000000053e+00 2.403501518631762923e-01
1.820000000000000062e+00 2.372108875768108860e-01
1.830000000000000071e+00 2.340459220632166715e-01
1.840000000000000080e+00 2.308695253974180073e-01
1.850000000000000089e+00 2.276761021369882176e-01
1.860000000000000098e+00 2.244395073371364402e-01
1.870000000000000107e+00 2.211206892598781559e-01
1.879999999999999893e+00 2.176815470957655652e-01
1.889999999999999902e+00 2.140988780960070281e-01
1.899999999999999911e+00 2.103711964645491872e-01
1.909999999999999920e+00 2.065152306291648254e-01
1.919999999999999929e+00 2.025556448326487069e-01
1.929999999999999938e+00 1.985152078380718332e-01
1.939999999999999947e+00 1.944103196267702172e-01
1.949999999999999956e+00 1.902516968320387414e-01
1.959999999999999964e+00 1.860472422279180471e-01
1.969999999999999973e+00 1.818048287877521707e-01
1.979999999999999982e+00 1.775341343375179126e-01
1.989999999999999991e+00 1.732470316988252712e-01
2.000000000000000000e+00 1.689568934906105491e-01
2.009999999999999787e+00 1.646798975271359378e-01
2.020000000000000018e+00 1.604437011350857145e-01
2.029999999999999805e+00 1.563062059087650113e-01
2.040000000000000036e+00 1.523779333750576448e-01
2.049999999999999822e+00 1.488307609777047014e-01
2.060000000000000053e+00 1.458743044849626913e-01
2.069999999999999840e+00 1.436976586700288161e-01
2.080000000000000071e+00 1.424014637995751897e-01
2.089999999999999858e+00 1.419593719178016133e-01
2.100000000000000089e+00 1.422315979713435485e-01
2.109999999999999876e+00 1.430192055991775790e-01
2.120000000000000107e+00 1.441264393917023601e-01
2.129999999999999893e+00 1.454030467334383736e-01
2.140000000000000124e+00 1.467565877249013551e-01
2.149999999999999911e+00 1.481399709191233705e-01
2.160000000000000142e+00 1.495273681541764432e-01
2.169999999999999929e+00 1.508935231489982598e-01
2.180000000000000160e+00 1.522070035305102820e-01
2.189999999999999947e+00 1.534383175869150906e-01
2.200000000000000178e+00 1.545745180242660277e-01
2.209999999999999964e+00 1.556284553613081767e-01
2.220000000000000195e+00 1.566344612503171030e-01
2.229999999999999982e+00 1.576307780501597089e-01
2.240000000000000213e+00 1.586382104038059904e-01
2.250000000000000000e+00 1.596480176751382540e-01
2.259999999999999787e+00 1.606261339373189767e-01
2.270000000000000018e+00 1.615296476239874990e-01
2.279999999999999805e+00 1.623244960579618701e-01
2.290000000000000036e+00 1.629951622896399777e-01
2.299999999999999822e+00 1.635441464390626765e-01
2.310000000000000053e+00 1.639851698667375568e-01
2.319999999999999840e+00 1.643365174886778635e-01
2.330000000000000071e+00 1.646193840919401574e-01
2.339999999999999858e+00 1.648617190377213437e-01
2.350000000000000089e+00 1.651033221041226517e-01
2.359999999999999876e+00 1.653957003345377652e-01
2.370000000000000107e+00 1.657923972449029393e-01
2.379999999999999893e+00 1.663321041515968268e-01
2.390000000000000124e+00 1.670240550831722237e-01
2.399999999999999911e+00 1.678461538242420892e-01
2.410000000000000142e+00 1.687580547693142696e-01
2.419999999999999929e+00 1.697207214644619599e-01
2.430000000000000160e+00 1.707109839209578483e-01
2.439999999999999947e+00 1.717260519654335849e-01
2.450000000000000178e+00 1.727808686887015721e-01
2.459999999999999964e+00 1.739032629742095770e-01
2.470000000000000195e+00 1.751286076349774234e-01
2.479999999999999982e+00 1.764923982276365988e-01
2.490000000000000213e+00 1.780193764386526212e-01
2.500000000000000000e+00 1.797110457759910074e-01
2.509999999999999787e+00 1.815368973971391853e-01
2.520000000000000018e+00 1.834355757701029155e-01
2.529999999999999805e+00 1.853291225127235986e-01
2.540000000000000036e+00 1.871470569731746303e-01
2.549999999999999822e+00 1.888503451895389706e-01
2.560000000000000053e+00 1.904426082918579122e-01
2.569999999999999840e+00 1.919608623341420295e-01
2.580000000000000071e+00 1.934499578597679570e-01
2.589999999999999858e+00 1.949360440844605802e-01
2.600000000000000089e+00 1.964148216822937387e-01
2.609999999999999876e+00 1.978586734422471960e-01
2.620000000000000107e+00 1.992337662976384205e-01
2.629999999999999893e+00 2.005152933198881826e-01
2.640000000000000124e+00 2.016956167646129783e-01
2.649999999999999911e+00 2.027866511191623866e-01
2.660000000000000142e+00 2.038183294981707749e-01
2.669999999999999929e+00 2.048321487315707956e-01
2.680000000000000160e+00 2.058687236930228648e-01
2.689999999999999947e+00 2.069528886825333647e-01
2.700000000000000178e+00 2.080843900406568470e-01
2.709999999999999964e+00 2.092403712533799920e-01
2.720000000000000195e+00 2.103879156325776933e-01
2.729999999999999982e+00 2.114983206290258488e-01
2.740000000000000213e+00 2.125554397755179126e-01
2.750000000000000000e+00 2.135561973027371996e-01
2.759999999999999787e+00 2.145060997729507368e-01
2.770000000000000018e+00 2.154134720439571660e-01
2.779999999999999805e+00 2.162848375723947780e-01
2.790000000000000036e+00 2.171224410290908402e-01
2.799999999999999822e+00 2.179238922918005639e-01
2.810000000000000053e+00 2.186832183919674433e-01
2.819999999999999840e+00 2.193925242082315485e-01
2.830000000000000071e+00 2.200441343337288524e-01
2.839999999999999858e+00 2.206338470463354573e-01
2.850000000000000089e+00 2.211655819383257227e-01
2.859999999999999876e+00 2.216557163765748295e-01
2.870000000000000107e+00 2.221331584700309003e-01
2.879999999999999893e+00 2.226317383767809077e-01
2.890000000000000124e+00 2.231764415451392147e-01
2.899999999999999911e+00 2.237710050601303680e-01
2.910000000000000142e+00 2.243950488167942847e-01
2.919999999999999929e+00 2.250123638033160456e-01
2.930000000000000160e+00 2.255842770647647211e-01
2.939999999999999947e+00 2.260802245767581375e-01
2.950000000000000178e+00 2.264819198086143459e-01
2.959999999999999964e+00 2.267824453107125937e-01
2.970000000000000195e+00 2.269833401280285656e-01
2.979999999999999982e+00 2.270917259877731076e-01
2.990000000000000213e+00 2.271179521206181107e-01
3.000000000000000000e+00 2.270735471049908638e-01
3.009999999999999787e+00 2.269696361637794368e-01
3.020000000000000018e+00 2.268173177358509540e-01
3.029999999999999805e+00 2.266343934059245890e-01
3.040000000000000036e+00 2.264682380338707834e-01
3.049999999999999822e+00 2.264493266108503211e-01
3.060000000000000053e+00 2.268788509938164388e-01
3.069999999999999840e+00 2.283045506886570708e-01
3.080000000000000071e+00 2.314645036437671943e-01
3.089999999999999858e+00 2.369782551782862456e-01
3.100000000000000089e+00 2.448530451700456911e-01
3.109999999999999876e+00 2.541581660110349694e-01
3.120000000000000107e+00 2.632513856874276748e-01
3.129999999999999893e+00 2.705237384846759241e-01
3.140000000000000124e+00 2.751363124332770749e-01
3.149999999999999911e+00 2.772258947220961889e-01
3.160000000000000142e+00 2.775519262437565748e-01
3.169999999999999929e+00 2.769735175746242395e-01
3.180000000000000160e+00 2.761152056379888586e-01
3.189999999999999947e+00 2.752981238376345785e-01
3.200000000000000178e+00 2.746222367195536584e-01
3.209999999999999964e+00 2.740748075776291426e-01
3.220000000000000195e+00 2.736060086885482301e-01
3.229999999999999982e+00 2.731647203086906006e-01
3.240000000000000213e+00 2.727085862202104916e-01
3.250000000000000000e+00 2.722040115154421014e-01
3.259999999999999787e+00 2.716254560168609444e-01
3.270000000000000018e+00 2.709565491683157412e-01
3.279999999999999805e+00 2.701917830024401224e-01
3.290000000000000036e+00 2.693368133153586919e-01
3.299999999999999822e+00 2.684063226292364712e-01
3.310000000000000053e+00 2.674198258579745802e-01
3.319999999999999840e+00 2.663968558461508596e-01
3.330000000000000071e+00 2.653530085321847420e-01
3.339999999999999858e+00 2.642974764532309284e-01
3.350000000000000089e+00 2.632319033268073483e-01
3.359999999999999876e+00 2.621504436673446348e-01
3.370000000000000107e+00 2.610414546859605722e-01
3.379999999999999893e+00 2.598911563453714102e-01
3.390000000000000124e+00 2.586884328439545411e-01
3.399999999999999911e+00 2.574287061679627064e-01
3.410000000000000142e+00 2.561149031058198577e-01
3.419999999999999929e+00 2.547552081892883180e-01
3.430000000000000160e+00 2.533592895076079987e-01
3.439999999999999947e+00 2.519354365571898624e-01
3.450000000000000178e+00 2.504900696498826296e-01
3.459999999999999964e+00 2.490292517032253183e-01
3.470000000000000195e+00 2.475605548612963835e-01
3.479999999999999982e+00 2.460937000047905554e-01
3.490000000000000213e+00 2.446395196638971037e-01
3.500000000000000000e+00 2.432080896593066255e-01
3.509999999999999787e+00 2.418075951619608754e-01
3.520000000000000018e+00 2.404453910002983252e-01
3.529999999999999805e+00 2.391316681966207669e-01
3.540000000000000036e+00 2.378840214884445636e-01
3.549999999999999822e+00 2.367287986877933403e-01
3.560000000000000053e+00 2.356949269887885778e-01
3.569999999999999840e+00 2.348003574811882987e-01
3.580000000000000071e+00 2.340384865012000715e-01
3.589999999999999858e+00 2.333752966037616339e-01
3.600000000000000089e+00 2.327628555721367176e-01
3.609999999999999876e+00 2.321648840620580689e-01
3.620000000000000107e+00 2.315836644266322242e-01
3.629999999999999893e+00 2.310779957362154857e-01
3.640000000000000124e+00 2.307651966416767175e-01
3.649999999999999911e+00 2.308020906355273683e-01
3.660000000000000142e+00 2.313427798610072084e-01
3.669999999999999929e+00 2.324812300428830691e-01
3.680000000000000160e+00 2.342032419100233687e-01
3.689999999999999947e+00 2.363789272332345870e-01
3.700000000000000178e+00 2.388063070868893245e-01
3.709999999999999964e+00 2.412799397961751247e-01
3.720000000000000195e+00 2.436423750560083035e-01
3.729999999999999982e+00 2.457998967405935486e-01
3.740000000000000213e+00 2.477221339107994746e-01
3.750000000000000000e+00 2.494582931274527682e-01
3.759999999999999787e+00 2.511812606039200979e-01
3.770000000000000018e+00 2.532367766337126347e-01
3.779999999999999805e+00 2.561541711769149132e-01
3.790000000000000036e+00 2.605791075412118296e-01
3.799999999999999822e+00 2.671159825696540202e-01
3.810000000000000053e+00 2.761103416119790044e-01
3.819999999999999840e+00 2.874457903977311601e-01
3.830000000000000071e+00 3.004521567584665376e-01
3.839999999999999858e+00 3.139969547056272736e-01
3.850000000000000089e+00 3.267560183186009604e-01
3.859999999999999876e+00 3.375664050936927341e-01
3.870000000000000107e+00 3.457156288178255266e-01
3.879999999999999893e+00 3.510546057089520278e-01
3.890000000000000124e+00 3.539167045853418014e-01
3.899999999999999911e+00 3.549163578043228462e-01
3.910000000000000142e+00 3.547328562060226842e-01
3.919999999999999929e+00 3.539548888426905515e-01
3.930000000000000160e+00 3.530073056922001240e-01
3.939999999999999947e+00 3.521425099065387254e-01
3.950000000000000178e+00 3.514674689863583890e-01
3.959999999999999964e+00 3.509835452612774520e-01
3.970000000000000195e+00 3.506260748880525857e-01
3.979999999999999982e+00 3.502975157146461793e-01
3.990000000000000213e+00 3.498924072359808068e-01
4.000000000000000000e+00 3.493153798888246619e-01
4.009999999999999787e+00 3.484944058929309585e-01
4.019999999999999574e+00 3.473902105704925747e-01
4.030000000000000249e+00 3.460009419225755223e-01
4.040000000000000036e+00 3.443607745985602375e-01
4.049999999999999822e+00 3.425323496111110644e-01
4.059999999999999609e+00 3.405947171493129977e-01
4.070000000000000284e+00 3.386298745313245928e-01
4.080000000000000071e+00 3.367118757794160255e-01
4.089999999999999858e+00 3.349024287770254182e-01
4.099999999999999645e+00 3.332546653820099847e-01
4.110000000000000320e+00 3.318215944306144305e-01
4.120000000000000107e+00 3.306601673172718803e-01
4.129999999999999893e+00 3.298221978812326260e-01
4.139999999999999680e+00 3.293332632244564406e-01
4.150000000000000355e+00 3.291731469660346687e-01
4.160000000000000142e+00 3.292726046893803549e-01
4.169999999999999929e+00 3.295272319513320447e-01
4.179999999999999716e+00 3.298129322101870375e-01
4.190000000000000391e+00 3.299839354321651985e-01
4.200000000000000178e+00 3.298443680154355961e-01
4.209999999999999964e+00 3.290996484375406372e-01
4.219999999999999751e+00 3.273113344110752387e-01
4.230000000000000426e+00 3.238986396310662985e-01
4.240000000000000213e+00 3.182383188190416878e-01
4.250000000000000000e+00 3.098834951320805775e-01
4.259999999999999787e+00 2.988402145363141527e-01
4.269999999999999574e+00 2.857533733639683327e-01
4.280000000000000249e+00 2.718484695394866035e-01
4.290000000000000036e+00 2.585971226282922641e-01
4.299999999999999822e+00 2.472520288948730771e-01
4.309999999999999609e+00 2.384888569610492393e-01
4.320000000000000284e+00 2.323203116780526434e-01
4.330000000000000071e+00 2.282742132078173780e-01
4.339999999999999858e+00 2.256902391715136236e-01
4.349999999999999645e+00 2.239727028669310505e-01
4.360000000000000320e+00 2.227150557065967762e-01
4.370000000000000107e+00 2.217036442752741143e-01
4.379999999999999893e+00 2.208549233639150733e-01
4.389999999999999680e+00 2.201391211472978893e-01
4.400000000000000355e+00 2.195220276204931376e-01
4.410000000000000142e+00 2.189366594123915155e-01
4.419999999999999929e+00 2.182832519409732552e-01
4.429999999999999716e+00 2.174482691428831771e-01
4.440000000000000391e+00 2.163306029851632117e-01
4.450000000000000178e+00 2.148652177568746990e-01
4.459999999999999964e+00 2.130389765453881701e-01
4.469999999999999751e+00 2.108978459504997627e-01
4.480000000000000426e+00 2.085471147254345792e-01
4.490000000000000213e+00 2.061448057785400523e-01
4.500000000000000000e+00 2.038835208856834558e-01
4.509999999999999787e+00 2.019540581570857529e-01
4.519999999999999574e+00 2.004940404287293421e-01
4.530000000000000249e+00 1.995431028381148275e-01
4.540000000000000036e+00 1.990328514307287411e-01
4.549999999999999822e+00 1.988206067547862721e-01
4.559999999999999609e+00 1.987457746022295857e-01
4.570000000000000284e+00 1.986760004415742131e-01
4.580000000000000071e+00 1.985253708071099688e-01
4.589999999999999858e+00 1.982494213834322672e-01
4.599999999999999645e+00 1.978315022759798147e-01
4.610000000000000320e+00 1.972708608341565972e-01
4.620000000000000107e+00 1.965750089587609550e-01
4.629999999999999893e+00 1.957548921871958836e-01
4.639999999999999680e+00 1.948213267536862137e-01
4.650000000000000355e+00 1.937824422299356530e-01
4.660000000000000142e+00 1.926425737237756342e-01
4.669999999999999929e+00 1.914027957478270925e-01
4.679999999999999716e+00 1.900625489982764316e-01
4.690000000000000391e+00 1.886212766976744504e-01
4.700000000000000178e+00 1.870791255014401799e-01
4.709999999999999964e+00 1.854365306433047589e-01
4.719999999999999751e+00 1.836933751376744195e-01
4.730000000000000426e+00 1.818487741859839968e-01
4.740000000000000213e+00 1.799021216716003846e-01
4.750000000000000000e+00 1.778551069748123548e-01
4.759999999999999787e+00 1.757135834572845223e-01
4.769999999999999574e+00 1.734880152539055032e-01
4.780000000000000249e+00 1.711918926890222126e-01
4.790000000000000036e+00 1.688386150592731949e-01
4.799999999999999822e+00 1.664382495605115642e-01
4.809999999999999609e+00 1.639957640549741247e-01
4.820000000000000284e+00 1.615116730951002000e-01
4.830000000000000071e+00 1.589848660351412535e-01
4.839999999999999858e+00 1.564163508331443686e-01
4.849999999999999645e+00 1.538123588375380768e-01
4.860000000000000320e+00 1.511858461646906626e-01
4.870000000000000107e+00 1.485562929255311582e-01
4.879999999999999893e+00 1.459478303254841403e-01
4.889999999999999680e+00 1.433848170036848557e-01
4.900000000000000355e+00 1.408836300199003688e-01
4.910000000000000142e+00 1.384421733467700311e-01
4.919999999999999929e+00 1.360338542758477154e-01
4.929999999999999716e+00 1.336144135457698612e-01
4.940000000000000391e+00 1.311425018730199843e-01
4.950000000000000178e+00 1.286030869479269922e-01
4.959999999999999964e+00 1.260190243086221351e-01
4.969999999999999751e+00 1.234447191528907500e-01
4.980000000000000426e+00 1.209473193051572304e-01
4.990000000000000213e+00 1.185856253952614903e-01
5.000000000000000000e+00 1.163952582069548297e-01
5.009999999999999787e+00 1.143846562083598306e-01
5.019999999999999574e+00 1.125412574278926714e-01
5.030000000000000249e+00 1.108423066761363429e-01
5.040000000000000036e+00 1.092637984344550089e-01
5.049999999999999822e+00 1.077846327818870187e-01
5.059999999999999609e+00 1.063870804956398020e-01
5.070000000000000284e+00 1.050558688104023253e-01
5.080000000000000071e+00 1.037772654631559793e-01
5.089999999999999858e+00 1.025385605460066712e-01
5.099999999999999645e+00 1.013280749656918500e-01
5.110000000000000320e+00 1.001357711232834652e-01
5.120000000000000107e+00 9.895428820138052473e-02
5.129999999999999893e+00 9.777990676627207334e-02
5.139999999999999680e+00 9.661288685899947770e-02
5.150000000000000355e+00 9.545691133435299514e-02
5.160000000000000142e+00 9.431780118183208383e-02
5.169999999999999929e+00 9.320197069218776054e-02
5.179999999999999716e+00 9.211511693239328447e-02
5.190000000000000391e+00 9.106144134030302872e-02
5.200000000000000178e+00 9.004342746678753451e-02
5.209999999999999964e+00 8.906198268226456216e-02
5.219999999999999751e+00 8.811667606651336915e-02
5.230000000000000426e+00 8.720588761711690895e-02
5.240000000000000213e+00 8.632685983515780981e-02
5.250000000000000000e+00 8.547578516147139038e-02
5.259999999999999787e+00 8.464807229698614877e-02
5.269999999999999574e+00 8.383881906506149284e-02
5.280000000000000249e+00 8.304338089634644149e-02
5.290000000000000036e+00 8.225786642821499017e-02
5.299999999999999822e+00 8.147944299284685943e-02
5.309999999999999609e+00 8.070644659544884414e-02
5.320000000000000284e+00 7.993841464975699751e-02
5.330000000000000071e+00 7.917632531526302975e-02
5.339999999999999858e+00 7.842359354637440383e-02
5.349999999999999645e+00 7.768855094887679169e-02
5.360000000000000320e+00 7.698850480106546323e-02
5.370000000000000107e+00 7.635326960401088436e-02
5.379999999999999893e+00 7.582322873961366838e-02
5.389999999999999680e+00 7.543727073851826115e-02
5.400000000000000355e+00 7.521270853451014760e-02
5.410000000000000142e+00 7.512899419808385937e-02
5.419999999999999929e+00 7.512916375680911418e-02
5.429999999999999716e+00 7.514169059577081866e-02
5.440000000000000391e+00 7.510976755920253933e-02
5.450000000000000178e+00 7.501028908965194641e-02
5.459999999999999964e+00 7.485457006362315757e-02
5.469999999999999751e+00 7.467595714079117153e-02
5.480000000000000426e+00 7.451458233015223476e-02
5.490000000000000213e+00 7.440601382331678282e-02
5.500000000000000000e+00 7.437497323741842914e-02
5.509999999999999787e+00 7.443242605310598781e-02
5.519999999999999574e+00 7.457448666022163664e-02
5.530000000000000249e+00 7.478282855787753147e-02
5.540000000000000036e+00 7.502707426778035260e-02
5.549999999999999822e+00 7.526939586653520753e-02
5.559999999999999609e+00 7.547060087907699055e-02
5.570000000000000284e+00 7.559611082500444779e-02
5.580000000000000071e+00 7.562014033723266082e-02
5.589999999999999858e+00 7.552712685997511888e-02
5.599999999999999645e+00 7.531055528419038081e-02
5.610000000000000320e+00 7.497014708045676712e-02
5.620000000000000107e+00 7.450854736807514811e-02
5.629999999999999893e+00 7.392811728105434799e-02
5.639999999999999680e+00 7.322767231107980834e-02
5.650000000000000355e+00 7.239894477569028264e-02
5.660000000000000142e+00 7.142390611853745297e-02
5.669999999999999929e+00 7.027598571168373887e-02
5.679999999999999716e+00 6.892815356462246579e-02
5.690000000000000391e+00 6.736732028600664335e-02
5.700000000000000178e+00 6.560978197781576482e-02
5.709999999999999964e+00 6.371063985374324223e-02
5.719999999999999751e+00 6.176230901476892354e-02
5.730000000000000426e+00 5.988054517933033560e-02
5.740000000000000213e+00 5.817942186737368182e-02
5.750000000000000000e+00 5.674157835085126556e-02
5.759999999999999787e+00 5.559614206809991577e-02
5.769999999999999574e+00 5.471659949629378850e-02
5.780000000000000249e+00 5.403996759262921085e-02
5.790000000000000036e+00 5.349499044354100175e-02
5.799999999999999822e+00 5.302360708594563987e-02
5.809999999999999609e+00 5.258843834052387423e-02
5.820000000000000284e+00 5.216955329854867929e-02
5.830000000000000071e+00 5.175769290625065883e-02
5.839999999999999858e+00 5.134880589322976530e-02
5.849999999999999645e+00 5.094110510764620486e-02
5.860000000000000320e+00 5.053391220068995104e-02
5.870000000000000107e+00 5.012729874354002885e-02
5.879999999999999893e+00 4.972190846996424329e-02
5.889999999999999680e+00 4.931872281235299971e-02
5.900000000000000355e+00 4.891875688426063767e-02
5.910000000000000142e+00 4.852273088736001189e-02
5.919999999999999929e+00 4.813056364594177350e-02
5.929999999999999716e+00 4.773980783237936204e-02
5.940000000000000391e+00 4.734048641357917198e-02
5.950000000000000178e+00 4.690151368937527099e-02
5.959999999999999964e+00 4.634421123317247759e-02
5.969999999999999751e+00 4.550838290307999273e-02
5.980000000000000426e+00 4.413914137449446995e-02
5.990000000000000213e+00 4.194067180679560136e-02
6.000000000000000000e+00 3.871794687832418730e-02
6.200000000000000178e+00 3.454641187991547291e-02
6.400000000000000355e+00 2.983934183907917259e-02
6.599999999999999645e+00 2.522332965515099515e-02
6.799999999999999822e+00 2.128098390576120894e-02
7.000000000000000000e+00 0.000000000000000000e+00
