0.000000000000000000e+00 0.000000000000000000e+00
1.000000000000000021e-02 1.415799537591373725e-02
2.000000000000000042e-02 1.415925546453531032e-02
2.999999999999999889e-02 1.416159414402783957e-02
4.000000000000000083e-02 1.416547265405732579e-02
5.000000000000000278e-02 1.417119499408904353e-02
5.999999999999999778e-02 1.417865648351832215e-02
7.000000000000000666e-02 1.418720797317263825e-02
8.000000000000000167e-02 1.419586565825350227e-02
8.999999999999999667e-02 1.420394434443271112e-02
1.000000000000000056e-01 1.421185656701350920e-02
1.100000000000000006e-01 1.422156688076453221e-02
1.199999999999999956e-01 1.423630021016636729e-02
1.300000000000000044e-01 1.425956926337774468e-02
1.400000000000000133e-01 1.429412040404061564e-02
1.499999999999999944e-01 1.434164824054861079e-02
1.600000000000000033e-01 1.440380234413859463e-02
1.700000000000000122e-01 1.448405100989407293e-02
1.799999999999999933e-01 1.458893586588415857e-02
1.900000000000000022e-01 1.472717794518789598e-02
2.000000000000000111e-01 1.490636676985244297e-02
2.099999999999999922e-01 1.512848282481720624e-02
2.200000000000000011e-01 1.538577264513772171e-02
2.300000000000000100e-01 1.565776115652740830e-02
2.399999999999999911e-01 1.591046068127214067e-02
2.500000000000000000e-01 1.610066985024811298e-02
2.600000000000000089e-01 1.618840321351018227e-02
2.700000000000000178e-01 1.615544329692041384e-02
2.800000000000000266e-01 1.602045469619435558e-02
2.899999999999999800e-01 1.583940995241911454e-02
2.999999999999999889e-01 1.568831760362017838e-02
3.099999999999999978e-01 1.563659801246758754e-02
3.200000000000000067e-01 1.572398730324566646e-02
3.300000000000000155e-01 1.595030725772731209e-02
3.400000000000000244e-01 1.628160548482421310e-02
3.499999999999999778e-01 1.667038942864624770e-02
3.599999999999999867e-01 1.708041823123844852e-02
3.699999999999999956e-01 1.750124056649626086e-02
3.800000000000000044e-01 1.794216891655858043e-02
3.900000000000000133e-01 1.840970335891863041e-02
4.000000000000000222e-01 1.888496422972921890e-02
4.099999999999999756e-01 1.931748594724443449e-02
4.199999999999999845e-01 1.964012098987798563e-02
4.299999999999999933e-01 1.979681882508329757e-02
4.400000000000000022e-01 1.976847847339030170e-02
4.500000000000000111e-01 1.958424841374645925e-02
4.600000000000000200e-01 1.931519781500722760e-02
4.699999999999999734e-01 1.905752090844529956e-02
4.799999999999999822e-01 1.891390151388528187e-02
4.899999999999999911e-01 1.897447558637333984e-02
5.000000000000000000e-01 1.929587522214390102e-02
5.100000000000000089e-01 1.988542854281240280e-02
5.200000000000000178e-01 2.070528604185099472e-02
5.300000000000000266e-01 2.170159028693219305e-02
5.400000000000000355e-01 2.284158985090166405e-02
5.500000000000000444e-01 2.413065950614230390e-02
5.600000000000000533e-01 2.559710683752619911e-02
5.699999999999999512e-01 2.726404459010023373e-02
5.799999999999999600e-01 2.914413053151997460e-02
5.899999999999999689e-01 3.127207011174421708e-02
5.999999999999999778e-01 3.374362478859480041e-02
6.099999999999999867e-01 3.670467874832458732e-02
6.199999999999999956e-01 4.026644060616529214e-02
6.300000000000000044e-01 4.439244096150040536e-02
6.400000000000000133e-01 4.884296980540439592e-02
6.500000000000000222e-01 5.323026577334835641e-02
6.600000000000000311e-01 5.716202277536464732e-02
6.700000000000000400e-01 6.039837510724668096e-02
6.800000000000000488e-01 6.295305681511827178e-02
6.899999999999999467e-01 6.511514314103561407e-02
6.999999999999999556e-01 6.741564401503523374e-02
7.099999999999999645e-01 7.057824433687824583e-02
7.199999999999999734e-01 7.545912322938717887e-02
7.299999999999999822e-01 8.293593295617932015e-02
7.399999999999999911e-01 9.373318912869242625e-02
7.500000000000000000e-01 1.082787445457513570e-01
7.600000000000000089e-01 1.267384532618119064e-01
7.700000000000000178e-01 1.492484047831003913e-01
7.800000000000000266e-01 1.761520807856823967e-01
7.900000000000000355e-01 2.080027210687637462e-01
8.000000000000000444e-01 2.452997457371170476e-01
8.100000000000000533e-01 2.881870254063019776e-01
8.199999999999999512e-01 3.363842224600571140e-01
8.299999999999999600e-01 3.894235989159455791e-01
8.399999999999999689e-01 4.470339910715792620e-01
8.499999999999999778e-01 5.094388352463883329e-01
8.599999999999999867e-01 5.774031018932456183e-01
8.699999999999999956e-01 6.519558240005743910e-01
8.800000000000000044e-01 7.338019977091172485e-01
8.900000000000000133e-01 8.225874169542547465e-01
9.000000000000000222e-01 9.163699131225310213e-01
9.100000000000000311e-01 1.011689359480129058e+00
9.200000000000000400e-01 1.104350630591394600e+00
9.300000000000000488e-01 1.190553424147585249e+00
9.399999999999999467e-01 1.267711079257633600e+00
9.499999999999999556e-01 1.334520812551993840e+00
9.599999999999999645e-01 1.390450745088416706e+00
9.699999999999999734e-01 1.435247346657321010e+00
9.799999999999999822e-01 1.468918187886866011e+00
9.899999999999999911e-01 1.492081238471303584e+00
1.000000000000000000e+00 1.506172199047123517e+00
1.010000000000000009e+00 1.513141051331314157e+00
1.020000000000000018e+00 1.514786171213142962e+00
1.030000000000000027e+00 1.512264923358288105e+00
1.040000000000000036e+00 1.506199040027338842e+00
1.050000000000000044e+00 1.497259888953305307e+00
1.060000000000000053e+00 1.486691199757912418e+00
1.070000000000000062e+00 1.476317229636862294e+00
1.080000000000000071e+00 1.468058823826691617e+00
1.090000000000000080e+00 1.463351220754469884e+00
1.100000000000000089e+00 1.462843488495243038e+00
1.110000000000000098e+00 1.466495194447208661e+00
1.120000000000000107e+00 1.473939386609754765e+00
1.129999999999999893e+00 1.484855724024701118e+00
1.139999999999999902e+00 1.499066681441576732e+00
1.149999999999999911e+00 1.516155780274513143e+00
1.159999999999999920e+00 1.534675580089267299e+00
1.169999999999999929e+00 1.551386295945471172e+00
1.179999999999999938e+00 1.561153652304456241e+00
1.189999999999999947e+00 1.557866511062071524e+00
1.199999999999999956e+00 1.536093000038195155e+00
1.209999999999999964e+00 1.492658000606154944e+00
1.219999999999999973e+00 1.427372675965066229e+00
1.229999999999999982e+00 1.342756527690151191e+00
1.239999999999999991e+00 1.243213235051996435e+00
1.250000000000000000e+00 1.134223056529284790e+00
1.260000000000000009e+00 1.021733594291323932e+00
1.270000000000000018e+00 9.115778591936708475e-01
1.280000000000000027e+00 8.087933929854976833e-01
1.290000000000000036e+00 7.170022605256237691e-01
1.300000000000000044e+00 6.381329425895049257e-01
1.310000000000000053e+00 5.725808139289672027e-01
1.320000000000000062e+00 5.196378984717592298e-01
1.330000000000000071e+00 4.779313036705433726e-01
1.340000000000000080e+00 4.457191086248280532e-01
1.350000000000000089e+00 4.210556685574133873e-01
1.360000000000000098e+00 4.019203804748064379e-01
1.370000000000000107e+00 3.863774801114933100e-01
1.379999999999999893e+00 3.727611948672034936e-01
1.389999999999999902e+00 3.598352087185674453e-01
1.399999999999999911e+00 3.468800129945330823e-01
1.409999999999999920e+00 3.336892085115763518e-01
1.419999999999999929e+00 3.204798665460570350e-01
1.429999999999999938e+00 3.077399791028934684e-01
1.439999999999999947e+00 2.960500748699351758e-01
1.449999999999999956e+00 2.859201780833872664e-01
1.459999999999999964e+00 2.776728071023585320e-01
1.469999999999999973e+00 2.713817234580815363e-01
1.479999999999999982e+00 2.668542835045352724e-01
1.489999999999999991e+00 2.636367194175961437e-01
1.500000000000000000e+00 2.610374840721336742e-01
1.510000000000000009e+00 2.581897301446722803e-01
1.520000000000000018e+00 2.541733248543158186e-01
1.530000000000000027e+00 2.481791450707031554e-01
1.540000000000000036e+00 2.396651410620899703e-01
1.550000000000000044e+00 2.284634646886983811e-01
1.560000000000000053e+00 2.148303824053663935e-01
1.570000000000000062e+00 1.994402312773238817e-01
1.580000000000000071e+00 1.833096422528454894e-01
1.590000000000000080e+00 1.676375347461504794e-01
1.600000000000000089e+00 1.535791513916670292e-01
1.610000000000000098e+00 1.420139395932800974e-01
1.620000000000000107e+00 1.333825665815975281e-01
1.629999999999999893e+00 1.276467460167703127e-01
1.639999999999999902e+00 1.243796476191229572e-01
1.649999999999999911e+00 1.229472838551279590e-01
1.659999999999999920e+00 1.227137239852896522e-01
1.669999999999999929e+00 1.232027862859023659e-01
1.679999999999999938e+00 1.241678253675227994e-01
1.689999999999999947e+00 1.255513014724912446e-01
1.699999999999999956e+00 1.273571062446191560e-01
1.709999999999999964e+00 1.295028608721401076e-01
1.719999999999999973e+00 1.317376359264071095e-01
1.729999999999999982e+00 1.336761003573034012e-01
1.739999999999999991e+00 1.349264453427827248e-01
1.750000000000000000e+00 1.352308057258100049e-01
1.760000000000000009e+00 1.345394923457314262e-01
1.770000000000000018e+00 1.329968528283988760e-01
1.780000000000000027e+00 1.308765172665225518e-01
1.790000000000000036e+00 1.285222660313330989e-01
1.800000000000000044e+00 1.263210900319175212e-01
1.810000000000000053e+00 1.246867029998962872e-01
1.820000000000000062e+00 1.240098757202956758e-01
1.830000000000000071e+00 1.245635777711640996e-01
1.840000000000000080e+00 1.264105559913822896e-01
1.850000000000000089e+00 1.293834264469394257e-01
1.860000000000000098e+00 1.331614549166294514e-01
1.870000000000000107e+00 1.374019755786434205e-01
1.879999999999999893e+00 1.418653040586427827e-01
1.889999999999999902e+00 1.465007315184331527e-01
1.899999999999999911e+00 1.514826096638429154e-01
1.909999999999999920e+00 1.571736061061495271e-01
1.919999999999999929e+00 1.639864442480477857e-01
1.929999999999999938e+00 1.721649245219238900e-01
1.939999999999999947e+00 1.815903300797704345e-01
1.949999999999999956e+00 1.917491398104189948e-01
1.959999999999999964e+00 2.019072406893549498e-01
1.969999999999999973e+00 2.113842096494374101e-01
1.979999999999999982e+00 2.197507196912103222e-01
1.989999999999999991e+00 2.268490845655385668e-01
2.000000000000000000e+00 2.326763634253566637e-01
2.009999999999999787e+00 2.372392679505516966e-01
2.020000000000000018e+00 2.404563341852245517e-01
2.029999999999999805e+00 2.421216406575850133e-01
2.040000000000000036e+00 2.419299362337770098e-01
2.049999999999999822e+00 2.395791499517362921e-01
2.060000000000000053e+00 2.349444114500051362e-01
2.069999999999999840e+00 2.282458369046395374e-01
2.080000000000000071e+00 2.200880941888208320e-01
2.089999999999999858e+00 2.113079431686291643e-01
2.100000000000000089e+00 2.026968789725087650e-01
2.109999999999999876e+00 1.947566777030274310e-01
2.120000000000000107e+00 1.876176570284826539e-01
2.129999999999999893e+00 1.811341367879643338e-01
2.140000000000000124e+00 1.750681270815983015e-01
2.149999999999999911e+00 1.692504820072235350e-01
2.160000000000000142e+00 1.636589332170250433e-01
2.169999999999999929e+00 1.584157732314052935e-01
2.180000000000000160e+00 1.537390212187319527e-01
2.189999999999999947e+00 1.498778170242685004e-01
2.200000000000000178e+00 1.470494332601834098e-01
2.209999999999999964e+00 1.453887512081846189e-01
2.220000000000000195e+00 1.449195230147256874e-01
2.229999999999999982e+00 1.455513126401528912e-01
2.240000000000000213e+00 1.470966005633322082e-01
2.250000000000000000e+00 1.492986386665346721e-01
2.259999999999999787e+00 1.518660597679624691e-01
2.270000000000000018e+00 1.545145662635726835e-01
2.279999999999999805e+00 1.570089163210986183e-01
2.290000000000000036e+00 1.591872573389463974e-01
2.299999999999999822e+00 1.609525303576001543e-01
2.310000000000000053e+00 1.622367978725647308e-01
2.319999999999999840e+00 1.629666249042397430e-01
2.330000000000000071e+00 1.630590161898900492e-01
2.339999999999999858e+00 1.624538263516002445e-01
2.350000000000000089e+00 1.611587671135420452e-01
2.359999999999999876e+00 1.592719486664242734e-01
2.370000000000000107e+00 1.569632765006632458e-01
2.379999999999999893e+00 1.544259593629944693e-01
2.390000000000000124e+00 1.518289302498248561e-01
2.399999999999999911e+00 1.492966704388763444e-01
2.410000000000000142e+00 1.469214090041437992e-01
2.419999999999999929e+00 1.447925808350347121e-01
2.430000000000000160e+00 1.430231130387400740e-01
2.439999999999999947e+00 1.417593509179213285e-01
2.450000000000000178e+00 1.411694215900920757e-01
2.459999999999999964e+00 1.414074180741732301e-01
2.470000000000000195e+00 1.425545392218217078e-01
2.479999999999999982e+00 1.445522001884111674e-01
2.490000000000000213e+00 1.471610156897078248e-01
2.500000000000000000e+00 1.499830062769064165e-01
2.509999999999999787e+00 1.525571742943141185e-01
2.520000000000000018e+00 1.544928549148474328e-01
2.529999999999999805e+00 1.555764501800920019e-01
2.540000000000000036e+00 1.558025196228272624e-01
2.549999999999999822e+00 1.553295086714951145e-01
2.560000000000000053e+00 1.544012494244385303e-01
2.569999999999999840e+00 1.532741474404954451e-01
2.580000000000000071e+00 1.521599798125190528e-01
2.589999999999999858e+00 1.511814770945961450e-01
2.600000000000000089e+00 1.503588882541321003e-01
2.609999999999999876e+00 1.496585630018481272e-01
2.620000000000000107e+00 1.490972264359750332e-01
2.629999999999999893e+00 1.488361376021397620e-01
2.640000000000000124e+00 1.491883923399227041e-01
2.649999999999999911e+00 1.505209870685374207e-01
2.660000000000000142e+00 1.531043718797784337e-01
2.669999999999999929e+00 1.569828870518980013e-01
2.680000000000000160e+00 1.619094369296272262e-01
2.689999999999999947e+00 1.673550487186622748e-01
2.700000000000000178e+00 1.725961468665256626e-01
2.709999999999999964e+00 1.768760081645378845e-01
2.720000000000000195e+00 1.796029217270204426e-01
2.729999999999999982e+00 1.805062581284197498e-01
2.740000000000000213e+00 1.796749515279021381e-01
2.750000000000000000e+00 1.774657846946850470e-01
2.759999999999999787e+00 1.743432652108157788e-01
2.770000000000000018e+00 1.707380645891358739e-01
2.779999999999999805e+00 1.669751856259413525e-01
2.790000000000000036e+00 1.632671117076058831e-01
2.799999999999999822e+00 1.597368317912802593e-01
2.810000000000000053e+00 1.564406197531169052e-01
2.819999999999999840e+00 1.533794936740126014e-01
2.830000000000000071e+00 1.505006994710955115e-01
2.839999999999999858e+00 1.476938593885314677e-01
2.850000000000000089e+00 1.447881346010940762e-01
2.859999999999999876e+00 1.415598977104961242e-01
2.870000000000000107e+00 1.377602405500772675e-01
2.879999999999999893e+00 1.331637117294554307e-01
2.890000000000000124e+00 1.276276492890061620e-01
2.899999999999999911e+00 1.211440672367579963e-01
2.910000000000000142e+00 1.138672988820747245e-01
2.919999999999999929e+00 1.061073600593297611e-01
2.930000000000000160e+00 9.828738008507692525e-02
2.939999999999999947e+00 9.087210985212329506e-02
2.950000000000000178e+00 8.428171112167155699e-02
2.959999999999999964e+00 7.880838043496345147e-02
2.970000000000000195e+00 7.455371694082033041e-02
2.979999999999999982e+00 7.140477602647973820e-02
2.990000000000000213e+00 6.906360118467635978e-02
3.000000000000000000e+00 6.713094470607605668e-02
3.009999999999999787e+00 6.522070432426489706e-02
3.020000000000000018e+00 6.306365282253065252e-02
3.029999999999999805e+00 6.056357742142355616e-02
3.040000000000000036e+00 5.779247816743406790e-02
3.049999999999999822e+00 5.493552233740641583e-02
3.060000000000000053e+00 5.220954465070289791e-02
3.069999999999999840e+00 4.978369496592408711e-02
3.080000000000000071e+00 4.773041850811735043e-02
3.089999999999999858e+00 4.602419275386086805e-02
3.100000000000000089e+00 4.458202976023659808e-02
3.109999999999999876e+00 4.331640071560131922e-02
3.120000000000000107e+00 4.216763119304139246e-02
3.129999999999999893e+00 4.110369110880793264e-02
3.140000000000000124e+00 4.010185564855445195e-02
3.149999999999999911e+00 3.913506949507204735e-02
3.160000000000000142e+00 3.817261837456249751e-02
3.169999999999999929e+00 3.718819342509926268e-02
3.180000000000000160e+00 3.616501886413164141e-02
3.189999999999999947e+00 3.509522754691342394e-02
3.200000000000000178e+00 3.397699352074617929e-02
3.209999999999999964e+00 3.281266057664906921e-02
3.220000000000000195e+00 3.160819221274892288e-02
3.229999999999999982e+00 3.037319239827283163e-02
3.240000000000000213e+00 2.912130263384872866e-02
3.250000000000000000e+00 2.787074591081563357e-02
3.259999999999999787e+00 2.664385937616831762e-02
3.270000000000000018e+00 2.546437810788022144e-02
3.279999999999999805e+00 2.435296096515821712e-02
3.290000000000000036e+00 2.332336138626260255e-02
3.299999999999999822e+00 2.238145830533381717e-02
3.310000000000000053e+00 2.152729257606056032e-02
3.319999999999999840e+00 2.075863762404862173e-02
3.330000000000000071e+00 2.007457226401657135e-02
3.339999999999999858e+00 1.947779161907089648e-02
3.350000000000000089e+00 1.897404042169978031e-02
3.359999999999999876e+00 1.856745632492289369e-02
3.370000000000000107e+00 1.825342073771500304e-02
3.379999999999999893e+00 1.801396502775404890e-02
3.390000000000000124e+00 1.782043425963264136e-02
3.399999999999999911e+00 1.764278582620319724e-02
3.410000000000000142e+00 1.745952597971438605e-02
3.419999999999999929e+00 1.726230447502551460e-02
3.430000000000000160e+00 1.705397088580377224e-02
3.439999999999999947e+00 1.684326698249257251e-02
3.450000000000000178e+00 1.663992072067818281e-02
3.459999999999999964e+00 1.645175203242563167e-02
3.470000000000000195e+00 1.628338578727037828e-02
3.479999999999999982e+00 1.613581285672226889e-02
3.490000000000000213e+00 1.600666835557870357e-02
3.500000000000000000e+00 1.589132351222341533e-02
3.509999999999999787e+00 1.578442600265364190e-02
3.520000000000000018e+00 1.568120796405073417e-02
3.529999999999999805e+00 1.557824573807089878e-02
3.540000000000000036e+00 1.547392013153151349e-02
3.549999999999999822e+00 1.536885623167202897e-02
3.560000000000000053e+00 1.526610260598254033e-02
3.569999999999999840e+00 1.517046704565041572e-02
3.580000000000000071e+00 1.508685763902067878e-02
3.589999999999999858e+00 1.501835873184563172e-02
3.600000000000000089e+00 1.496514163499470043e-02
3.609999999999999876e+00 1.492472384875616342e-02
3.620000000000000107e+00 1.489316221931805649e-02
3.629999999999999893e+00 1.486638999516323202e-02
3.640000000000000124e+00 1.484122141188636869e-02
3.649999999999999911e+00 1.481594070547356812e-02
3.660000000000000142e+00 1.479042485581592674e-02
3.669999999999999929e+00 1.476568216346573273e-02
3.680000000000000160e+00 1.474293917341777671e-02
3.689999999999999947e+00 1.472279129261995154e-02
3.700000000000000178e+00 1.470490176286622618e-02
3.709999999999999964e+00 1.468825303527621431e-02
3.720000000000000195e+00 1.467158608829532106e-02
3.729999999999999982e+00 1.465376398703855353e-02
3.740000000000000213e+00 1.463408653226017792e-02
3.750000000000000000e+00 1.461261498173584659e-02
3.759999999999999787e+00 1.459032828939278541e-02
3.770000000000000018e+00 1.456883668567128531e-02
3.779999999999999805e+00 1.454968262859617292e-02
3.790000000000000036e+00 1.453365742385408915e-02
3.799999999999999822e+00 1.452055596524944731e-02
3.810000000000000053e+00 1.450938726743640148e-02
3.819999999999999840e+00 1.449875066082986948e-02
3.830000000000000071e+00 1.448717106900517491e-02
3.839999999999999858e+00 1.447342148212990391e-02
3.850000000000000089e+00 1.445687862650658038e-02
3.859999999999999876e+00 1.443775636249611943e-02
3.870000000000000107e+00 1.441697802136890014e-02
3.879999999999999893e+00 1.439569206365487637e-02
3.890000000000000124e+00 1.437476173317130297e-02
3.899999999999999911e+00 1.435457066714647574e-02
3.910000000000000142e+00 1.433517572001763440e-02
3.919999999999999929e+00 1.431658032368416690e-02
3.930000000000000160e+00 1.429892631027826835e-02
3.939999999999999947e+00 1.428255861454688982e-02
3.950000000000000178e+00 1.426798121101695987e-02
3.959999999999999964e+00 1.425569767475311049e-02
3.970000000000000195e+00 1.424596083761684416e-02
3.979999999999999982e+00 1.423856487200416375e-02
3.990000000000000213e+00 1.423284663485635537e-02
4.000000000000000000e+00 1.422792330743244058e-02
4.009999999999999787e+00 1.422300886532592602e-02
4.019999999999999574e+00 1.421761956038758434e-02
4.030000000000000249e+00 1.421160821165842400e-02
4.040000000000000036e+00 1.420509653840206291e-02
4.049999999999999822e+00 1.419838850590530999e-02
4.059999999999999609e+00 1.419188348786176029e-02
4.070000000000000284e+00 1.418597015207570360e-02
4.080000000000000071e+00 1.418091195026481913e-02
4.089999999999999858e+00 1.417677831849371503e-02
4.099999999999999645e+00 1.417346262702306840e-02
4.110000000000000320e+00 1.417076680565154158e-02
4.120000000000000107e+00 1.416849242276463708e-02
4.129999999999999893e+00 1.416649425227284494e-02
4.139999999999999680e+00 1.416469313991055960e-02
4.150000000000000355e+00 1.416306636781142735e-02
4.160000000000000142e+00 1.416162923159222306e-02
4.169999999999999929e+00 1.416041210710273883e-02
4.179999999999999716e+00 1.415943718999014729e-02
4.190000000000000391e+00 1.415870313934452195e-02
4.200000000000000178e+00 1.415818335708411355e-02
4.209999999999999964e+00 1.415783510013894977e-02
4.219999999999999751e+00 1.415761139243809814e-02
4.230000000000000426e+00 1.415746987564708154e-02
4.240000000000000213e+00 1.415737747211082490e-02
4.250000000000000000e+00 1.415731190184129663e-02
4.259999999999999787e+00 1.415726082103951899e-02
4.269999999999999574e+00 1.415721907745216487e-02
4.280000000000000249e+00 1.415718513818542412e-02
4.290000000000000036e+00 1.415715818557347974e-02
4.299999999999999822e+00 1.415713682603619850e-02
4.309999999999999609e+00 1.415711919621597328e-02
4.320000000000000284e+00 1.415710355855604070e-02
4.330000000000000071e+00 1.415708869888398017e-02
4.339999999999999858e+00 1.415707402500814352e-02
4.349999999999999645e+00 1.415705953826752392e-02
4.360000000000000320e+00 1.415704573453779522e-02
4.370000000000000107e+00 1.415703336057390349e-02
4.379999999999999893e+00 1.415702304873785004e-02
4.389999999999999680e+00 1.415701502701454360e-02
4.400000000000000355e+00 1.415700908106362448e-02
4.410000000000000142e+00 1.415700473538869346e-02
4.419999999999999929e+00 1.415700147279891179e-02
4.429999999999999716e+00 1.415699886289898020e-02
4.440000000000000391e+00 1.415699660364253508e-02
4.450000000000000178e+00 1.415699453237735661e-02
4.459999999999999964e+00 1.415699262198211184e-02
4.469999999999999751e+00 1.415699093948713343e-02
4.480000000000000426e+00 1.415698956696504786e-02
4.490000000000000213e+00 1.415698852898548792e-02
4.500000000000000000e+00 1.415698777163658384e-02
4.509999999999999787e+00 1.415698719263298010e-02
4.519999999999999574e+00 1.415698668586660644e-02
4.530000000000000249e+00 1.415698617060931301e-02
4.540000000000000036e+00 1.415698560291836321e-02
4.549999999999999822e+00 1.415698497883403732e-02
4.559999999999999609e+00 1.415698433103193890e-02
4.570000000000000284e+00 1.415698371361633415e-02
4.580000000000000071e+00 1.415698317728940857e-02
4.589999999999999858e+00 1.415698274890805561e-02
4.599999999999999645e+00 1.415698242786879446e-02
4.610000000000000320e+00 1.415698219721048604e-02
4.620000000000000107e+00 1.415698203671215440e-02
4.629999999999999893e+00 1.415698192863969022e-02
4.639999999999999680e+00 1.415698185698403833e-02
4.650000000000000355e+00 1.415698180619782975e-02
4.660000000000000142e+00 1.415698176266558597e-02
4.669999999999999929e+00 1.415698171722137161e-02
4.679999999999999716e+00 1.415698166586425860e-02
4.690000000000000391e+00 1.415698160836406996e-02
4.700000000000000178e+00 1.415698154651171166e-02
4.709999999999999964e+00 1.415698148314859482e-02
4.719999999999999751e+00 1.415698142161744659e-02
4.730000000000000426e+00 1.415698136506101518e-02
4.740000000000000213e+00 1.415698131572451501e-02
4.750000000000000000e+00 1.415698127470568779e-02
4.759999999999999787e+00 1.415698124217402987e-02
4.769999999999999574e+00 1.415698121768890587e-02
4.780000000000000249e+00 1.415698120035556277e-02
4.790000000000000036e+00 1.415698118889616684e-02
4.799999999999999822e+00 1.415698118181621043e-02
4.809999999999999609e+00 1.415698117767242616e-02
4.820000000000000284e+00 1.415698117529729481e-02
4.830000000000000071e+00 1.415698117387943072e-02
4.839999999999999858e+00 1.415698117292509169e-02
4.849999999999999645e+00 1.415698117217804863e-02
4.860000000000000320e+00 1.415698117154308086e-02
4.870000000000000107e+00 1.415698117101750302e-02
4.879999999999999893e+00 1.415698117062917302e-02
4.889999999999999680e+00 1.415698117039178826e-02
4.900000000000000355e+00 1.415698117028828425e-02
4.910000000000000142e+00 1.415698117027754631e-02
4.919999999999999929e+00 1.415698117030833592e-02
4.929999999999999716e+00 1.415698117033018649e-02
4.940000000000000391e+00 1.415698117030264602e-02
4.950000000000000178e+00 1.415698117020620234e-02
4.959999999999999964e+00 1.415698117005001824e-02
4.969999999999999751e+00 1.415698116986692165e-02
4.980000000000000426e+00 1.415698116969489086e-02
4.990000000000000213e+00 1.415698116955730994e-02
5.000000000000000000e+00 1.415698116945535157e-02
5.009999999999999787e+00 1.415698116937423590e-02
5.019999999999999574e+00 1.415698116929444729e-02
5.030000000000000249e+00 1.415698116920002976e-02
5.040000000000000036e+00 1.415698116908266184e-02
5.049999999999999822e+00 1.415698116894365671e-02
5.059999999999999609e+00 1.415698116879375926e-02
5.070000000000000284e+00 1.415698116864924812e-02
5.080000000000000071e+00 1.415698116852491875e-02
5.089999999999999858e+00 1.415698116842820618e-02
5.099999999999999645e+00 1.415698116835804703e-02
5.110000000000000320e+00 1.415698116830824138e-02
5.120000000000000107e+00 1.415698116827174106e-02
5.129999999999999893e+00 1.415698116824320833e-02
5.139999999999999680e+00 1.415698116821949293e-02
5.150000000000000355e+00 1.415698116819917758e-02
5.160000000000000142e+00 1.415698116818196392e-02
5.169999999999999929e+00 1.415698116816810001e-02
5.179999999999999716e+00 1.415698116815780269e-02
5.190000000000000391e+00 1.415698116815087247e-02
5.200000000000000178e+00 1.415698116814665189e-02
5.209999999999999964e+00 1.415698116814425450e-02
5.219999999999999751e+00 1.415698116814286325e-02
5.230000000000000426e+00 1.415698116814186232e-02
5.240000000000000213e+00 1.415698116814086832e-02
5.250000000000000000e+00 1.415698116813971820e-02
5.259999999999999787e+00 1.415698116813843103e-02
5.269999999999999574e+00 1.415698116813715775e-02
5.280000000000000249e+00 1.415698116813606661e-02
5.290000000000000036e+00 1.415698116813525129e-02
5.299999999999999822e+00 1.415698116813470138e-02
5.309999999999999609e+00 1.415698116813433882e-02
5.320000000000000284e+00 1.415698116813406647e-02
5.330000000000000071e+00 1.415698116813380106e-02
5.339999999999999858e+00 1.415698116813349748e-02
5.349999999999999645e+00 1.415698116813315054e-02
5.360000000000000320e+00 1.415698116813277584e-02
5.370000000000000107e+00 1.415698116813241501e-02
5.379999999999999893e+00 1.415698116813211491e-02
5.389999999999999680e+00 1.415698116813189286e-02
5.400000000000000355e+00 1.415698116813173674e-02
5.410000000000000142e+00 1.415698116813162398e-02
5.419999999999999929e+00 1.415698116813152857e-02
5.429999999999999716e+00 1.415698116813143316e-02
5.440000000000000391e+00 1.415698116813133775e-02
5.450000000000000178e+00 1.415698116813124408e-02
5.459999999999999964e+00 1.415698116813116428e-02
5.469999999999999751e+00 1.415698116813110183e-02
5.480000000000000426e+00 1.415698116813106193e-02
5.490000000000000213e+00 1.415698116813103417e-02
5.500000000000000000e+00 1.415698116813102203e-02
5.509999999999999787e+00 1.415698116813101162e-02
5.519999999999999574e+00 1.415698116813100642e-02
5.530000000000000249e+00 1.415698116813100295e-02
5.540000000000000036e+00 1.415698116813099601e-02
5.549999999999999822e+00 1.415698116813099254e-02
5.559999999999999609e+00 1.415698116813099081e-02
5.570000000000000284e+00 1.415698116813098734e-02
5.580000000000000071e+00 1.415698116813098734e-02
5.589999999999999858e+00 1.415698116813098387e-02
5.599999999999999645e+00 1.415698116813098387e-02
5.610000000000000320e+00 1.415698116813098387e-02
5.620000000000000107e+00 1.415698116813098040e-02
5.629999999999999893e+00 1.415698116813098040e-02
5.639999999999999680e+00 1.415698116813098040e-02
5.650000000000000355e+00 1.415698116813098040e-02
5.660000000000000142e+00 1.415698116813098040e-02
5.669999999999999929e+00 1.415698116813098040e-02
5.679999999999999716e+00 1.415698116813098040e-02
5.690000000000000391e+00 1.415698116813098040e-02
5.700000000000000178e+00 1.415698116813098040e-02
5.709999999999999964e+00 1.415698116813098040e-02
5.719999999999999751e+00 1.415698116813098040e-02
5.730000000000000426e+00 1.415698116813098040e-02
5.740000000000000213e+00 1.415698116813098040e-02
5.750000000000000000e+00 1.415698116813098040e-02
5.759999999999999787e+00 1.415698116813098040e-02
5.769999999999999574e+00 1.415698116813098040e-02
5.780000000000000249e+00 1.415698116813098040e-02
5.790000000000000036e+00 1.415698116813098040e-02
5.799999999999999822e+00 1.415698116813098040e-02
5.809999999999999609e+00 1.415698116813098040e-02
5.820000000000000284e+00 1.415698116813098040e-02
5.830000000000000071e+00 1.415698116813098040e-02
5.839999999999999858e+00 1.415698116813098040e-02
5.849999999999999645e+00 1.415698116813098040e-02
5.860000000000000320e+00 1.415698116813098040e-02
5.870000000000000107e+00 1.415698116813098040e-02
5.879999999999999893e+00 1.415698116813098040e-02
5.889999999999999680e+00 1.415698116813098040e-02
5.900000000000000355e+00 1.415698116813098040e-02
5.910000000000000142e+00 1.415698116813098040e-02
5.919999999999999929e+00 1.415698116813098040e-02
5.929999999999999716e+00 1.415698116813098040e-02
5.940000000000000391e+00 1.415698116813098040e-02
5.950000000000000178e+00 1.415698116813098040e-02
5.959999999999999964e+00 1.415698116813098040e-02
5.969999999999999751e+00 1.415698116813098040e-02
5.980000000000000426e+00 1.415698116813098040e-02
5.990000000000000213e+00 1.415698116813098040e-02
6.000000000000000000e+00 1.415698116813098040e-02
6.200000000000000178e+00 1.415698116813098040e-02
6.400000000000000355e+00 1.415698116813098040e-02
6.599999999999999645e+00 1.415698116813098040e-02
6.799999999999999822e+00 1.415698116813098040e-02
7.000000000000000000e+00 0.000000000000000000e+00
