0.000000000000000000e+00 0.000000000000000000e+00
1.000000000000000021e-02 1.415698111051474743e-02
2.000000000000000042e-02 1.415698111051474743e-02
2.999999999999999889e-02 1.415698111051474743e-02
4.000000000000000083e-02 1.415698111051474743e-02
5.000000000000000278e-02 1.415698111051474743e-02
5.999999999999999778e-02 1.415698111051474743e-02
7.000000000000000666e-02 1.415698111051474743e-02
8.000000000000000167e-02 1.415698111051474743e-02
8.999999999999999667e-02 1.415698111051474743e-02
1.000000000000000056e-01 1.415698111051474743e-02
1.100000000000000006e-01 1.415698111051474743e-02
1.199999999999999956e-01 1.415698111051474743e-02
1.300000000000000044e-01 1.415698111051474743e-02
1.400000000000000133e-01 1.415698111051474743e-02
1.499999999999999944e-01 1.415698111051474743e-02
1.600000000000000033e-01 1.415698111051474743e-02
1.700000000000000122e-01 1.415698111051474743e-02
1.799999999999999933e-01 1.415698111051474743e-02
1.900000000000000022e-01 1.415698111051474743e-02
2.000000000000000111e-01 1.415698111051474743e-02
2.099999999999999922e-01 1.415698111051474743e-02
2.200000000000000011e-01 1.415698111051474743e-02
2.300000000000000100e-01 1.415698111051475090e-02
2.399999999999999911e-01 1.415698111051475958e-02
2.500000000000000000e-01 1.415698111051479427e-02
2.600000000000000089e-01 1.415698111051489488e-02
2.700000000000000178e-01 1.415698111051519499e-02
2.800000000000000266e-01 1.415698111051606062e-02
2.899999999999999800e-01 1.415698111051854301e-02
2.999999999999999889e-01 1.415698111052573864e-02
3.099999999999999978e-01 1.415698111054690227e-02
3.200000000000000067e-01 1.415698111060981548e-02
3.300000000000000155e-01 1.415698111079690194e-02
3.400000000000000244e-01 1.415698111134827686e-02
3.499999999999999778e-01 1.415698111295058195e-02
3.599999999999999867e-01 1.415698111754153631e-02
3.699999999999999956e-01 1.415698113054659514e-02
3.800000000000000044e-01 1.415698116703436628e-02
3.900000000000000133e-01 1.415698126820942246e-02
4.000000000000000222e-01 1.415698154380933341e-02
4.099999999999999756e-01 1.415698227605368537e-02
4.199999999999999845e-01 1.415698416357583089e-02
4.299999999999999933e-01 1.415698887440828765e-02
4.400000000000000022e-01 1.415700026892447068e-02
4.500000000000000111e-01 1.415702705177565406e-02
4.600000000000000200e-01 1.415708839941653106e-02
4.699999999999999734e-01 1.415722556985840423e-02
4.799999999999999822e-01 1.415752505491422487e-02
4.899999999999999911e-01 1.415816306580864638e-02
5.000000000000000000e-01 1.415948729468756266e-02
5.100000000000000089e-01 1.416215751142774898e-02
5.200000000000000178e-01 1.416736197362045840e-02
5.300000000000000266e-01 1.417709404657334360e-02
5.400000000000000355e-01 1.419440103916581875e-02
5.500000000000000444e-01 1.422342640684638553e-02
5.600000000000000533e-01 1.426901613682643281e-02
5.699999999999999512e-01 1.433570151937414716e-02
5.799999999999999600e-01 1.442601678379157489e-02
5.899999999999999689e-01 1.453839758052326118e-02
5.999999999999999778e-01 1.466539088133832908e-02
6.099999999999999867e-01 1.479338221391490217e-02
6.199999999999999956e-01 1.490488408068148078e-02
6.300000000000000044e-01 1.498323994900526909e-02
6.400000000000000133e-01 1.501809307228286518e-02
6.500000000000000222e-01 1.500939720482371252e-02
6.600000000000000311e-01 1.496832005419099568e-02
6.700000000000000400e-01 1.491428942428041186e-02
6.800000000000000488e-01 1.486848328567825020e-02
6.899999999999999467e-01 1.484586414984799367e-02
6.999999999999999556e-01 1.484971395990772151e-02
7.099999999999999645e-01 1.487226689040790917e-02
7.199999999999999734e-01 1.490160291736075324e-02
7.299999999999999822e-01 1.493086083056672717e-02
7.399999999999999911e-01 1.496433415640329063e-02
7.500000000000000000e-01 1.501707581319775865e-02
7.600000000000000089e-01 1.510874802432742026e-02
7.700000000000000178e-01 1.525619841726691926e-02
7.800000000000000266e-01 1.547017569470228275e-02
7.900000000000000355e-01 1.575847528981759102e-02
8.000000000000000444e-01 1.613269190705969927e-02
8.100000000000000533e-01 1.661337963862192721e-02
8.199999999999999512e-01 1.723075043904761378e-02
8.299999999999999600e-01 1.802095703134307114e-02
8.399999999999999689e-01 1.901788742497879589e-02
8.499999999999999778e-01 2.024194678335170666e-02
8.599999999999999867e-01 2.169515223698658193e-02
8.699999999999999956e-01 2.337476249855621399e-02
8.800000000000000044e-01 2.529863086243415091e-02
8.900000000000000133e-01 2.750634700001514804e-02
9.000000000000000222e-01 3.000417478140666311e-02
9.100000000000000311e-01 3.267719954178707059e-02
9.200000000000000400e-01 3.524828271827878945e-02
9.300000000000000488e-01 3.734737560079250118e-02
9.399999999999999467e-01 3.866477263353877702e-02
9.499999999999999556e-01 3.908336864566865076e-02
9.599999999999999645e-01 3.869816927476377177e-02
9.699999999999999734e-01 3.772209588923893658e-02
9.799999999999999822e-01 3.635736128888921587e-02
9.899999999999999911e-01 3.471822677062674778e-02
1.000000000000000000e+00 3.283961232041520545e-02
1.010000000000000009e+00 3.074801714731985325e-02
1.020000000000000018e+00 2.853698799486967599e-02
1.030000000000000027e+00 2.639270363081086535e-02
1.040000000000000036e+00 2.456061972158209844e-02
1.050000000000000044e+00 2.329735556386154649e-02
1.060000000000000053e+00 2.285502714506031097e-02
1.070000000000000062e+00 2.349298161569823157e-02
1.080000000000000071e+00 2.546924082705453313e-02
1.090000000000000080e+00 2.898758143135168538e-02
1.100000000000000089e+00 3.415477275549114178e-02
1.110000000000000098e+00 4.106859991891900763e-02
1.120000000000000107e+00 5.013351449694578021e-02
1.129999999999999893e+00 6.257752261647560321e-02
1.139999999999999902e+00 8.103963079085303722e-02
1.149999999999999911e+00 1.101459524901165915e-01
1.159999999999999920e+00 1.571085453314133851e-01
1.169999999999999929e+00 2.322909573776459902e-01
1.179999999999999938e+00 3.493440549645829285e-01
1.189999999999999947e+00 5.243036926941422315e-01
1.199999999999999956e+00 7.733040186267619021e-01
1.209999999999999964e+00 1.109154478889532003e+00
1.219999999999999973e+00 1.537579356796819452e+00
1.229999999999999982e+00 2.054276533413100125e+00
1.239999999999999991e+00 2.644076788016063606e+00
1.250000000000000000e+00 3.283062263425438054e+00
1.260000000000000009e+00 3.943062746719843581e+00
1.270000000000000018e+00 4.595683722920415271e+00
1.280000000000000027e+00 5.211807820646384037e+00
1.290000000000000036e+00 5.755316442949278688e+00
1.300000000000000044e+00 6.176630205954607433e+00
1.310000000000000053e+00 6.416116086855401690e+00
1.320000000000000062e+00 6.421815144709010603e+00
1.330000000000000071e+00 6.172883593876602681e+00
1.340000000000000080e+00 5.692837372834881116e+00
1.350000000000000089e+00 5.043551864890241099e+00
1.360000000000000098e+00 4.304917192247080138e+00
1.370000000000000107e+00 3.552833632409115872e+00
1.379999999999999893e+00 2.845366944037585277e+00
1.389999999999999902e+00 2.219114419978079233e+00
1.399999999999999911e+00 1.692194928460063030e+00
1.409999999999999920e+00 1.269196180572991439e+00
1.419999999999999929e+00 9.453759969056532153e-01
1.429999999999999938e+00 7.097518235677873211e-01
1.439999999999999947e+00 5.476753631733716210e-01
1.449999999999999956e+00 4.431360713072316493e-01
1.459999999999999964e+00 3.805419393481761503e-01
1.469999999999999973e+00 3.458064895001902728e-01
1.479999999999999982e+00 3.269144114304086135e-01
1.489999999999999991e+00 3.142407862910623351e-01
1.500000000000000000e+00 3.007693978450429739e-01
1.510000000000000009e+00 2.822239241687651834e-01
1.520000000000000018e+00 2.570305708347144780e-01
1.530000000000000027e+00 2.259634678912487149e-01
1.540000000000000036e+00 1.913995984162564501e-01
1.550000000000000044e+00 1.563476975113196887e-01
1.560000000000000053e+00 1.235888787478058998e-01
1.570000000000000062e+00 9.517259840106262470e-02
1.580000000000000071e+00 7.225525742865898660e-02
1.590000000000000080e+00 5.512366737154728719e-02
1.600000000000000089e+00 4.330588884391343985e-02
1.610000000000000098e+00 3.577932972190975974e-02
1.620000000000000107e+00 3.127824064297780177e-02
1.629999999999999893e+00 2.861275190937646873e-02
1.639999999999999902e+00 2.687990604642328737e-02
1.649999999999999911e+00 2.551991238860256903e-02
1.659999999999999920e+00 2.426294635468226671e-02
1.669999999999999929e+00 2.303870251317467407e-02
1.679999999999999938e+00 2.189008039390474836e-02
1.689999999999999947e+00 2.090005364009344876e-02
1.699999999999999956e+00 2.013430376963278035e-02
1.709999999999999964e+00 1.960769916681617125e-02
1.719999999999999973e+00 1.928051094397206788e-02
1.729999999999999982e+00 1.907869322965953865e-02
1.739999999999999991e+00 1.892274947832628396e-02
1.750000000000000000e+00 1.875015200511641333e-02
1.760000000000000009e+00 1.852496343164550252e-02
1.770000000000000018e+00 1.823691005573409296e-02
1.780000000000000027e+00 1.789521937024522377e-02
1.790000000000000036e+00 1.752107886864558151e-02
1.800000000000000044e+00 1.714029525129355178e-02
1.810000000000000053e+00 1.677668881823126193e-02
1.820000000000000062e+00 1.644692352218874234e-02
1.830000000000000071e+00 1.615797651105877267e-02
1.840000000000000080e+00 1.590822470982445475e-02
1.850000000000000089e+00 1.569167655212918774e-02
1.860000000000000098e+00 1.550312174856385491e-02
1.870000000000000107e+00 1.534149762530747849e-02
1.879999999999999893e+00 1.520999115350334628e-02
1.889999999999999902e+00 1.511323765160291037e-02
1.899999999999999911e+00 1.505333752126490968e-02
1.909999999999999920e+00 1.502691569696780471e-02
1.919999999999999929e+00 1.502489856615991069e-02
1.929999999999999938e+00 1.503508352518369111e-02
1.939999999999999947e+00 1.504587053393816216e-02
1.949999999999999956e+00 1.504912396777013939e-02
1.959999999999999964e+00 1.504130509012533735e-02
1.969999999999999973e+00 1.502350201163657820e-02
1.979999999999999982e+00 1.500141612396226239e-02
1.989999999999999991e+00 1.498551553816664106e-02
2.000000000000000000e+00 1.499029100205683841e-02
2.009999999999999787e+00 1.503111780051379076e-02
2.020000000000000018e+00 1.511853355632726374e-02
2.029999999999999805e+00 1.525227157438677206e-02
2.040000000000000036e+00 1.541894750756358547e-02
2.049999999999999822e+00 1.559584052783367231e-02
2.060000000000000053e+00 1.575935773138702548e-02
2.069999999999999840e+00 1.589365052126495009e-02
2.080000000000000071e+00 1.599498998085367718e-02
2.089999999999999858e+00 1.607045013710198603e-02
2.100000000000000089e+00 1.613264498583953307e-02
2.109999999999999876e+00 1.619359432220879649e-02
2.120000000000000107e+00 1.625999449564178786e-02
2.129999999999999893e+00 1.633055937226187207e-02
2.140000000000000124e+00 1.639528310471715516e-02
2.149999999999999911e+00 1.643689175796576862e-02
2.160000000000000142e+00 1.643516123712559021e-02
2.169999999999999929e+00 1.637369261761047190e-02
2.180000000000000160e+00 1.624652381936096332e-02
2.189999999999999947e+00 1.606094591814512598e-02
2.200000000000000178e+00 1.583477361852340254e-02
2.209999999999999964e+00 1.558986681266830501e-02
2.220000000000000195e+00 1.534582382426718551e-02
2.229999999999999982e+00 1.511677650648124253e-02
2.240000000000000213e+00 1.491142693977247531e-02
2.250000000000000000e+00 1.473450155568776718e-02
2.259999999999999787e+00 1.458790658395254895e-02
2.270000000000000018e+00 1.447117153566897935e-02
2.279999999999999805e+00 1.438171536007409532e-02
2.290000000000000036e+00 1.431543966916441757e-02
2.299999999999999822e+00 1.426762550454710454e-02
2.310000000000000053e+00 1.423377806986836705e-02
2.319999999999999840e+00 1.421013494330592222e-02
2.330000000000000071e+00 1.419380213871621055e-02
2.339999999999999858e+00 1.418265288276579494e-02
2.350000000000000089e+00 1.417514640902467829e-02
2.359999999999999876e+00 1.417016329954356481e-02
2.370000000000000107e+00 1.416688776552924890e-02
2.379999999999999893e+00 1.416473054868842493e-02
2.390000000000000124e+00 1.416327681223003739e-02
2.399999999999999911e+00 1.416224686739893379e-02
2.410000000000000142e+00 1.416146327298689611e-02
2.419999999999999929e+00 1.416082219623745163e-02
2.430000000000000160e+00 1.416026929273756299e-02
2.439999999999999947e+00 1.415978068942867069e-02
2.450000000000000178e+00 1.415934886077857731e-02
2.459999999999999964e+00 1.415897267050414063e-02
2.470000000000000195e+00 1.415865102651296149e-02
2.479999999999999982e+00 1.415837983750787080e-02
2.490000000000000213e+00 1.415815177047613158e-02
2.500000000000000000e+00 1.415795787711980440e-02
2.509999999999999787e+00 1.415778988386406922e-02
2.520000000000000018e+00 1.415764199354671224e-02
2.529999999999999805e+00 1.415751144432964362e-02
2.540000000000000036e+00 1.415739776127940275e-02
2.549999999999999822e+00 1.415730133199659575e-02
2.560000000000000053e+00 1.415722218095328416e-02
2.569999999999999840e+00 1.415715944815770615e-02
2.580000000000000071e+00 1.415711148316621884e-02
2.589999999999999858e+00 1.415707616793670555e-02
2.600000000000000089e+00 1.415705119568548380e-02
2.609999999999999876e+00 1.415703426961929627e-02
2.620000000000000107e+00 1.415702327984120178e-02
2.629999999999999893e+00 1.415701646718714977e-02
2.640000000000000124e+00 1.415701252344634190e-02
2.649999999999999911e+00 1.415701058291272789e-02
2.660000000000000142e+00 1.415701011151005925e-02
2.669999999999999929e+00 1.415701074952461884e-02
2.680000000000000160e+00 1.415701217973616872e-02
2.689999999999999947e+00 1.415701406673734036e-02
2.700000000000000178e+00 1.415701606610526506e-02
2.709999999999999964e+00 1.415701786912847669e-02
2.720000000000000195e+00 1.415701924766007112e-02
2.729999999999999982e+00 1.415702008095902006e-02
2.740000000000000213e+00 1.415702035996812234e-02
2.750000000000000000e+00 1.415702016861779440e-02
2.759999999999999787e+00 1.415701964539271135e-02
2.770000000000000018e+00 1.415701893750933617e-02
2.779999999999999805e+00 1.415701816814533658e-02
2.790000000000000036e+00 1.415701743213148948e-02
2.799999999999999822e+00 1.415701681475679645e-02
2.810000000000000053e+00 1.415701640707848694e-02
2.819999999999999840e+00 1.415701629174361334e-02
2.830000000000000071e+00 1.415701650106125295e-02
2.839999999999999858e+00 1.415701698010125506e-02
2.850000000000000089e+00 1.415701759004352363e-02
2.859999999999999876e+00 1.415701815674192364e-02
2.870000000000000107e+00 1.415701853626268915e-02
2.879999999999999893e+00 1.415701866241576151e-02
2.890000000000000124e+00 1.415701855988243767e-02
2.899999999999999911e+00 1.415701832838072056e-02
2.910000000000000142e+00 1.415701811302574713e-02
2.919999999999999929e+00 1.415701807379936630e-02
2.930000000000000160e+00 1.415701835915369154e-02
2.939999999999999947e+00 1.415701908086683392e-02
2.950000000000000178e+00 1.415702028446271833e-02
2.959999999999999964e+00 1.415702191546777851e-02
2.970000000000000195e+00 1.415702379448783264e-02
2.979999999999999982e+00 1.415702562329080455e-02
2.990000000000000213e+00 1.415702703682850117e-02
3.000000000000000000e+00 1.415702769098028078e-02
3.009999999999999787e+00 1.415702735092090429e-02
3.020000000000000018e+00 1.415702594330535413e-02
3.029999999999999805e+00 1.415702355867758458e-02
3.040000000000000036e+00 1.415702041620829285e-02
3.049999999999999822e+00 1.415701681091771809e-02
3.060000000000000053e+00 1.415701305764705507e-02
3.069999999999999840e+00 1.415700944258476042e-02
3.080000000000000071e+00 1.415700619507499758e-02
3.089999999999999858e+00 1.415700348601745331e-02
3.100000000000000089e+00 1.415700143925390647e-02
3.109999999999999876e+00 1.415700012900328493e-02
3.120000000000000107e+00 1.415699955252569531e-02
3.129999999999999893e+00 1.415699960196488069e-02
3.140000000000000124e+00 1.415700007278432662e-02
3.149999999999999911e+00 1.415700071837943004e-02
3.160000000000000142e+00 1.415700131995729222e-02
3.169999999999999929e+00 1.415700173076057770e-02
3.180000000000000160e+00 1.415700188053835122e-02
3.189999999999999947e+00 1.415700175740852197e-02
3.200000000000000178e+00 1.415700139047317528e-02
3.209999999999999964e+00 1.415700084000237960e-02
3.220000000000000195e+00 1.415700018565888701e-02
3.229999999999999982e+00 1.415699950382847544e-02
3.240000000000000213e+00 1.415699883965973634e-02
3.250000000000000000e+00 1.415699819090001851e-02
3.259999999999999787e+00 1.415699751534042934e-02
3.270000000000000018e+00 1.415699675636789522e-02
3.279999999999999805e+00 1.415699586987541857e-02
3.290000000000000036e+00 1.415699483991595710e-02
3.299999999999999822e+00 1.415699368121935489e-02
3.310000000000000053e+00 1.415699243251434050e-02
3.319999999999999840e+00 1.415699114505363475e-02
3.330000000000000071e+00 1.415698987067125561e-02
3.339999999999999858e+00 1.415698865358390457e-02
3.350000000000000089e+00 1.415698752772363324e-02
3.359999999999999876e+00 1.415698651752787807e-02
3.370000000000000107e+00 1.415698563851161031e-02
3.379999999999999893e+00 1.415698489617187202e-02
3.390000000000000124e+00 1.415698428502108405e-02
3.399999999999999911e+00 1.415698379008518103e-02
3.410000000000000142e+00 1.415698339092429439e-02
3.419999999999999929e+00 1.415698306618976693e-02
3.430000000000000160e+00 1.415698279689850229e-02
3.439999999999999947e+00 1.415698256802994798e-02
3.450000000000000178e+00 1.415698236893543627e-02
3.459999999999999964e+00 1.415698219295748704e-02
3.470000000000000195e+00 1.415698203637357627e-02
3.479999999999999982e+00 1.415698189693331312e-02
3.490000000000000213e+00 1.415698177259489855e-02
3.500000000000000000e+00 1.415698166101885848e-02
3.509999999999999787e+00 1.415698155992855395e-02
3.520000000000000018e+00 1.415698146800684412e-02
3.529999999999999805e+00 1.415698138571380195e-02
3.540000000000000036e+00 1.415698131527650186e-02
3.549999999999999822e+00 1.415698125945020341e-02
3.560000000000000053e+00 1.415698121962341051e-02
3.569999999999999840e+00 1.415698119459594256e-02
3.580000000000000071e+00 1.415698118090384303e-02
3.589999999999999858e+00 1.415698117427674138e-02
3.600000000000000089e+00 1.415698117107572034e-02
3.609999999999999876e+00 1.415698116894906385e-02
3.620000000000000107e+00 1.415698116674068800e-02
3.629999999999999893e+00 1.415698116407526283e-02
3.640000000000000124e+00 1.415698116095719800e-02
3.649999999999999911e+00 1.415698115750755291e-02
3.660000000000000142e+00 1.415698115383920430e-02
3.669999999999999929e+00 1.415698115003036911e-02
3.680000000000000160e+00 1.415698114613728360e-02
3.689999999999999947e+00 1.415698114218343767e-02
3.700000000000000178e+00 1.415698113811477733e-02
3.709999999999999964e+00 1.415698113380085485e-02
3.720000000000000195e+00 1.415698112916435880e-02
3.729999999999999982e+00 1.415698112436802880e-02
3.740000000000000213e+00 1.415698111985321493e-02
3.750000000000000000e+00 1.415698111613371973e-02
3.759999999999999787e+00 1.415698111350743166e-02
3.770000000000000018e+00 1.415698111193232356e-02
3.779999999999999805e+00 1.415698111113040253e-02
3.790000000000000036e+00 1.415698111078007686e-02
3.799999999999999822e+00 1.415698111064335810e-02
3.810000000000000053e+00 1.415698111058973606e-02
3.819999999999999840e+00 1.415698111056377766e-02
3.830000000000000071e+00 1.415698111054726135e-02
3.839999999999999858e+00 1.415698111053571157e-02
3.850000000000000089e+00 1.415698111052809266e-02
3.859999999999999876e+00 1.415698111052359452e-02
3.870000000000000107e+00 1.415698111052119020e-02
3.879999999999999893e+00 1.415698111051995160e-02
3.890000000000000124e+00 1.415698111051925424e-02
3.899999999999999911e+00 1.415698111051878066e-02
3.910000000000000142e+00 1.415698111051839903e-02
3.919999999999999929e+00 1.415698111051806075e-02
3.930000000000000160e+00 1.415698111051773636e-02
3.939999999999999947e+00 1.415698111051738595e-02
3.950000000000000178e+00 1.415698111051699216e-02
3.959999999999999964e+00 1.415698111051656716e-02
3.970000000000000195e+00 1.415698111051615429e-02
3.979999999999999982e+00 1.415698111051580041e-02
3.990000000000000213e+00 1.415698111051553500e-02
4.000000000000000000e+00 1.415698111051534418e-02
4.009999999999999787e+00 1.415698111051520020e-02
4.019999999999999574e+00 1.415698111051507530e-02
4.030000000000000249e+00 1.415698111051496948e-02
4.040000000000000036e+00 1.415698111051488448e-02
4.049999999999999822e+00 1.415698111051482203e-02
4.059999999999999609e+00 1.415698111051478386e-02
4.070000000000000284e+00 1.415698111051476651e-02
4.080000000000000071e+00 1.415698111051475611e-02
4.089999999999999858e+00 1.415698111051475090e-02
4.099999999999999645e+00 1.415698111051475090e-02
4.110000000000000320e+00 1.415698111051474743e-02
4.120000000000000107e+00 1.415698111051474743e-02
4.129999999999999893e+00 1.415698111051474743e-02
4.139999999999999680e+00 1.415698111051474743e-02
4.150000000000000355e+00 1.415698111051474743e-02
4.160000000000000142e+00 1.415698111051474743e-02
4.169999999999999929e+00 1.415698111051474743e-02
4.179999999999999716e+00 1.415698111051474743e-02
4.190000000000000391e+00 1.415698111051474743e-02
4.200000000000000178e+00 1.415698111051474743e-02
4.209999999999999964e+00 1.415698111051474743e-02
4.219999999999999751e+00 1.415698111051474743e-02
4.230000000000000426e+00 1.415698111051474743e-02
4.240000000000000213e+00 1.415698111051474743e-02
4.250000000000000000e+00 1.415698111051474743e-02
4.259999999999999787e+00 1.415698111051474743e-02
4.269999999999999574e+00 1.415698111051474743e-02
4.280000000000000249e+00 1.415698111051474743e-02
4.290000000000000036e+00 1.415698111051474743e-02
4.299999999999999822e+00 1.415698111051474743e-02
4.309999999999999609e+00 1.415698111051474743e-02
4.320000000000000284e+00 1.415698111051474743e-02
4.330000000000000071e+00 1.415698111051474743e-02
4.339999999999999858e+00 1.415698111051474743e-02
4.349999999999999645e+00 1.415698111051474743e-02
4.360000000000000320e+00 1.415698111051474743e-02
4.370000000000000107e+00 1.415698111051474743e-02
4.379999999999999893e+00 1.415698111051474743e-02
4.389999999999999680e+00 1.415698111051474743e-02
4.400000000000000355e+00 1.415698111051474743e-02
4.410000000000000142e+00 1.415698111051474743e-02
4.419999999999999929e+00 1.415698111051474743e-02
4.429999999999999716e+00 1.415698111051474743e-02
4.440000000000000391e+00 1.415698111051474743e-02
4.450000000000000178e+00 1.415698111051474743e-02
4.459999999999999964e+00 1.415698111051474743e-02
4.469999999999999751e+00 1.415698111051474743e-02
4.480000000000000426e+00 1.415698111051474743e-02
4.490000000000000213e+00 1.415698111051474743e-02
4.500000000000000000e+00 1.415698111051474743e-02
4.509999999999999787e+00 1.415698111051474743e-02
4.519999999999999574e+00 1.415698111051474743e-02
4.530000000000000249e+00 1.415698111051474743e-02
4.540000000000000036e+00 1.415698111051474743e-02
4.549999999999999822e+00 1.415698111051474743e-02
4.559999999999999609e+00 1.415698111051474743e-02
4.570000000000000284e+00 1.415698111051474743e-02
4.580000000000000071e+00 1.415698111051474743e-02
4.589999999999999858e+00 1.415698111051474743e-02
4.599999999999999645e+00 1.415698111051474743e-02
4.610000000000000320e+00 1.415698111051474743e-02
4.620000000000000107e+00 1.415698111051474743e-02
4.629999999999999893e+00 1.415698111051474743e-02
4.639999999999999680e+00 1.415698111051474743e-02
4.650000000000000355e+00 1.415698111051474743e-02
4.660000000000000142e+00 1.415698111051474743e-02
4.669999999999999929e+00 1.415698111051474743e-02
4.679999999999999716e+00 1.415698111051474743e-02
4.690000000000000391e+00 1.415698111051474743e-02
4.700000000000000178e+00 1.415698111051474743e-02
4.709999999999999964e+00 1.415698111051474743e-02
4.719999999999999751e+00 1.415698111051474743e-02
4.730000000000000426e+00 1.415698111051474743e-02
4.740000000000000213e+00 1.415698111051474743e-02
4.750000000000000000e+00 1.415698111051474743e-02
4.759999999999999787e+00 1.415698111051474743e-02
4.769999999999999574e+00 1.415698111051474743e-02
4.780000000000000249e+00 1.415698111051474743e-02
4.790000000000000036e+00 1.415698111051474743e-02
4.799999999999999822e+00 1.415698111051474743e-02
4.809999999999999609e+00 1.415698111051474743e-02
4.820000000000000284e+00 1.415698111051474743e-02
4.830000000000000071e+00 1.415698111051474743e-02
4.839999999999999858e+00 1.415698111051474743e-02
4.849999999999999645e+00 1.415698111051474743e-02
4.860000000000000320e+00 1.415698111051474743e-02
4.870000000000000107e+00 1.415698111051474743e-02
4.879999999999999893e+00 1.415698111051474743e-02
4.889999999999999680e+00 1.415698111051474743e-02
4.900000000000000355e+00 1.415698111051474743e-02
4.910000000000000142e+00 1.415698111051474743e-02
4.919999999999999929e+00 1.415698111051474743e-02
4.929999999999999716e+00 1.415698111051474743e-02
4.940000000000000391e+00 1.415698111051474743e-02
4.950000000000000178e+00 1.415698111051474743e-02
4.959999999999999964e+00 1.415698111051474743e-02
4.969999999999999751e+00 1.415698111051474743e-02
4.980000000000000426e+00 1.415698111051474743e-02
4.990000000000000213e+00 1.415698111051474743e-02
5.000000000000000000e+00 1.415698111051474743e-02
5.009999999999999787e+00 1.415698111051474743e-02
5.019999999999999574e+00 1.415698111051474743e-02
5.030000000000000249e+00 1.415698111051474743e-02
5.040000000000000036e+00 1.415698111051474743e-02
5.049999999999999822e+00 1.415698111051474743e-02
5.059999999999999609e+00 1.415698111051474743e-02
5.070000000000000284e+00 1.415698111051474743e-02
5.080000000000000071e+00 1.415698111051474743e-02
5.089999999999999858e+00 1.415698111051474743e-02
5.099999999999999645e+00 1.415698111051474743e-02
5.110000000000000320e+00 1.415698111051474743e-02
5.120000000000000107e+00 1.415698111051474743e-02
5.129999999999999893e+00 1.415698111051474743e-02
5.139999999999999680e+00 1.415698111051474743e-02
5.150000000000000355e+00 1.415698111051474743e-02
5.160000000000000142e+00 1.415698111051474743e-02
5.169999999999999929e+00 1.415698111051474743e-02
5.179999999999999716e+00 1.415698111051474743e-02
5.190000000000000391e+00 1.415698111051474743e-02
5.200000000000000178e+00 1.415698111051474743e-02
5.209999999999999964e+00 1.415698111051474743e-02
5.219999999999999751e+00 1.415698111051474743e-02
5.230000000000000426e+00 1.415698111051474743e-02
5.240000000000000213e+00 1.415698111051474743e-02
5.250000000000000000e+00 1.415698111051474743e-02
5.259999999999999787e+00 1.415698111051474743e-02
5.269999999999999574e+00 1.415698111051474743e-02
5.280000000000000249e+00 1.415698111051474743e-02
5.290000000000000036e+00 1.415698111051474743e-02
5.299999999999999822e+00 1.415698111051474743e-02
5.309999999999999609e+00 1.415698111051474743e-02
5.320000000000000284e+00 1.415698111051474743e-02
5.330000000000000071e+00 1.415698111051474743e-02
5.339999999999999858e+00 1.415698111051474743e-02
5.349999999999999645e+00 1.415698111051474743e-02
5.360000000000000320e+00 1.415698111051474743e-02
5.370000000000000107e+00 1.415698111051474743e-02
5.379999999999999893e+00 1.415698111051474743e-02
5.389999999999999680e+00 1.415698111051474743e-02
5.400000000000000355e+00 1.415698111051474743e-02
5.410000000000000142e+00 1.415698111051474743e-02
5.419999999999999929e+00 1.415698111051474743e-02
5.429999999999999716e+00 1.415698111051474743e-02
5.440000000000000391e+00 1.415698111051474743e-02
5.450000000000000178e+00 1.415698111051474743e-02
5.459999999999999964e+00 1.415698111051474743e-02
5.469999999999999751e+00 1.415698111051474743e-02
5.480000000000000426e+00 1.415698111051474743e-02
5.490000000000000213e+00 1.415698111051474743e-02
5.500000000000000000e+00 1.415698111051474743e-02
5.509999999999999787e+00 1.415698111051474743e-02
5.519999999999999574e+00 1.415698111051474743e-02
5.530000000000000249e+00 1.415698111051474743e-02
5.540000000000000036e+00 1.415698111051474743e-02
5.549999999999999822e+00 1.415698111051474743e-02
5.559999999999999609e+00 1.415698111051474743e-02
5.570000000000000284e+00 1.415698111051474743e-02
5.580000000000000071e+00 1.415698111051474743e-02
5.589999999999999858e+00 1.415698111051474743e-02
5.599999999999999645e+00 1.415698111051474743e-02
5.610000000000000320e+00 1.415698111051474743e-02
5.620000000000000107e+00 1.415698111051474743e-02
5.629999999999999893e+00 1.415698111051474743e-02
5.639999999999999680e+00 1.415698111051474743e-02
5.650000000000000355e+00 1.415698111051474743e-02
5.660000000000000142e+00 1.415698111051474743e-02
5.669999999999999929e+00 1.415698111051474743e-02
5.679999999999999716e+00 1.415698111051474743e-02
5.690000000000000391e+00 1.415698111051474743e-02
5.700000000000000178e+00 1.415698111051474743e-02
5.709999999999999964e+00 1.415698111051474743e-02
5.719999999999999751e+00 1.415698111051474743e-02
5.730000000000000426e+00 1.415698111051474743e-02
5.740000000000000213e+00 1.415698111051474743e-02
5.750000000000000000e+00 1.415698111051474743e-02
5.759999999999999787e+00 1.415698111051474743e-02
5.769999999999999574e+00 1.415698111051474743e-02
5.780000000000000249e+00 1.415698111051474743e-02
5.790000000000000036e+00 1.415698111051474743e-02
5.799999999999999822e+00 1.415698111051474743e-02
5.809999999999999609e+00 1.415698111051474743e-02
5.820000000000000284e+00 1.415698111051474743e-02
5.830000000000000071e+00 1.415698111051474743e-02
5.839999999999999858e+00 1.415698111051474743e-02
5.849999999999999645e+00 1.415698111051474743e-02
5.860000000000000320e+00 1.415698111051474743e-02
5.870000000000000107e+00 1.415698111051474743e-02
5.879999999999999893e+00 1.415698111051474743e-02
5.889999999999999680e+00 1.415698111051474743e-02
5.900000000000000355e+00 1.415698111051474743e-02
5.910000000000000142e+00 1.415698111051474743e-02
5.919999999999999929e+00 1.415698111051474743e-02
5.929999999999999716e+00 1.415698111051474743e-02
5.940000000000000391e+00 1.415698111051474743e-02
5.950000000000000178e+00 1.415698111051474743e-02
5.959999999999999964e+00 1.415698111051474743e-02
5.969999999999999751e+00 1.415698111051474743e-02
5.980000000000000426e+00 1.415698111051474743e-02
5.990000000000000213e+00 1.415698111051474743e-02
6.000000000000000000e+00 1.415698111051474743e-02
6.200000000000000178e+00 1.415698111051474743e-02
6.400000000000000355e+00 1.415698111051474743e-02
6.599999999999999645e+00 1.415698111051474743e-02
6.799999999999999822e+00 1.415698111051474743e-02
7.000000000000000000e+00 0.000000000000000000e+00
