0.000000000000000000e+00 0.000000000000000000e+00
1.000000000000000021e-02 1.415698111051474743e-02
2.000000000000000042e-02 1.415698111051475611e-02
2.999999999999999889e-02 1.415698111051478213e-02
4.000000000000000083e-02 1.415698111051484111e-02
5.000000000000000278e-02 1.415698111051500938e-02
5.999999999999999778e-02 1.415698111051555408e-02
7.000000000000000666e-02 1.415698111051757330e-02
8.000000000000000167e-02 1.415698111052482965e-02
8.999999999999999667e-02 1.415698111054803678e-02
1.000000000000000056e-01 1.415698111061189542e-02
1.100000000000000006e-01 1.415698111076121347e-02
1.199999999999999956e-01 1.415698111105656576e-02
1.300000000000000044e-01 1.415698111154927059e-02
1.400000000000000133e-01 1.415698111223949278e-02
1.499999999999999944e-01 1.415698111304376956e-02
1.600000000000000033e-01 1.415698111380406070e-02
1.700000000000000122e-01 1.415698111434362562e-02
1.799999999999999933e-01 1.415698111453827027e-02
1.900000000000000022e-01 1.415698111436263125e-02
2.000000000000000111e-01 1.415698111389277619e-02
2.099999999999999922e-01 1.415698111326979362e-02
2.200000000000000011e-01 1.415698111264203710e-02
2.300000000000000100e-01 1.415698111211188479e-02
2.399999999999999911e-01 1.415698111171323666e-02
2.500000000000000000e-01 1.415698111142724321e-02
2.600000000000000089e-01 1.415698111121715778e-02
2.700000000000000178e-01 1.415698111105438174e-02
2.800000000000000266e-01 1.415698111092410054e-02
2.899999999999999800e-01 1.415698111081895375e-02
2.999999999999999889e-01 1.415698111073365392e-02
3.099999999999999978e-01 1.415698111066454254e-02
3.200000000000000067e-01 1.415698111061023529e-02
3.300000000000000155e-01 1.415698111057049624e-02
3.400000000000000244e-01 1.415698111054424814e-02
3.499999999999999778e-01 1.415698111052884553e-02
3.599999999999999867e-01 1.415698111052085019e-02
3.699999999999999956e-01 1.415698111051715696e-02
3.800000000000000044e-01 1.415698111051562520e-02
3.900000000000000133e-01 1.415698111051505101e-02
4.000000000000000222e-01 1.415698111051484805e-02
4.099999999999999756e-01 1.415698111051478213e-02
4.199999999999999845e-01 1.415698111051477172e-02
4.299999999999999933e-01 1.415698111051485672e-02
4.400000000000000022e-01 1.415698111051543438e-02
4.500000000000000111e-01 1.415698111051870781e-02
4.600000000000000200e-01 1.415698111053532993e-02
4.699999999999999734e-01 1.415698111061110959e-02
4.799999999999999822e-01 1.415698111092231204e-02
4.899999999999999911e-01 1.415698111207587540e-02
5.000000000000000000e-01 1.415698111594307709e-02
5.100000000000000089e-01 1.415698112769798143e-02
5.200000000000000178e-01 1.415698116029481812e-02
5.300000000000000266e-01 1.415698124418938650e-02
5.400000000000000355e-01 1.415698145306770912e-02
5.500000000000000444e-01 1.415698199425780880e-02
5.600000000000000533e-01 1.415698355792064517e-02
5.699999999999999512e-01 1.415698858467063712e-02
5.799999999999999600e-01 1.415700543579147264e-02
5.899999999999999689e-01 1.415706097035012226e-02
5.999999999999999778e-01 1.415723567622673672e-02
6.099999999999999867e-01 1.415775319548727949e-02
6.199999999999999956e-01 1.415917975070593582e-02
6.300000000000000044e-01 1.416278843279731442e-02
6.400000000000000133e-01 1.417105388775015753e-02
6.500000000000000222e-01 1.418804599135893053e-02
6.600000000000000311e-01 1.421941891639007249e-02
6.700000000000000400e-01 1.427237768513535225e-02
6.800000000000000488e-01 1.435828622282156811e-02
6.899999999999999467e-01 1.450505222783137448e-02
6.999999999999999556e-01 1.479300911039409423e-02
7.099999999999999645e-01 1.543467961227171226e-02
7.199999999999999734e-01 1.691773062593510471e-02
7.299999999999999822e-01 2.020376533144732645e-02
7.399999999999999911e-01 2.690066565180925309e-02
7.500000000000000000e-01 3.920442123454388750e-02
7.600000000000000089e-01 5.931802762475661683e-02
7.700000000000000178e-01 8.818657490394712917e-02
7.800000000000000266e-01 1.238992952384836838e-01
7.900000000000000355e-01 1.608006801201465052e-01
8.000000000000000444e-01 1.905045103074843316e-01
8.100000000000000533e-01 2.049818959385314165e-01
8.199999999999999512e-01 2.001926033290852558e-01
8.299999999999999600e-01 1.779435853846369209e-01
8.399999999999999689e-01 1.447899043835798594e-01
8.499999999999999778e-01 1.088869630597406046e-01
8.599999999999999867e-01 7.685626581458195050e-02
8.699999999999999956e-01 5.219337958406069372e-02
8.800000000000000044e-01 3.541066272374984725e-02
8.900000000000000133e-01 2.516601069731062845e-02
9.000000000000000222e-01 1.949251285609247125e-02
9.100000000000000311e-01 1.661377362894767701e-02
9.200000000000000400e-01 1.526323428175517007e-02
9.300000000000000488e-01 1.467231018037415922e-02
9.399999999999999467e-01 1.442852060135617516e-02
9.499999999999999556e-01 1.433119944424796413e-02
9.599999999999999645e-01 1.429054407902220075e-02
9.699999999999999734e-01 1.426953557362341252e-02
9.799999999999999822e-01 1.425442266268254696e-02
9.899999999999999911e-01 1.424095363646760669e-02
1.000000000000000000e+00 1.422841946710434215e-02
1.010000000000000009e+00 1.421734183480980601e-02
1.020000000000000018e+00 1.420875226546873885e-02
1.030000000000000027e+00 1.420402614001450847e-02
1.040000000000000036e+00 1.420473892948689171e-02
1.050000000000000044e+00 1.421237446166565693e-02
1.060000000000000053e+00 1.422807240408121253e-02
1.070000000000000062e+00 1.425291592303194223e-02
1.080000000000000071e+00 1.428943787553807292e-02
1.090000000000000080e+00 1.434500657531204669e-02
1.100000000000000089e+00 1.443769930063754092e-02
1.110000000000000098e+00 1.460594609977034636e-02
1.120000000000000107e+00 1.492594515115906392e-02
1.129999999999999893e+00 1.554570229594637309e-02
1.139999999999999902e+00 1.674691850846079730e-02
1.149999999999999911e+00 1.903568772331775197e-02
1.159999999999999920e+00 2.323319815707639707e-02
1.169999999999999929e+00 3.050041075418387718e-02
1.179999999999999938e+00 4.221600861656843451e-02
1.189999999999999947e+00 5.964950337629212895e-02
1.199999999999999956e+00 8.341401857793860619e-02
1.209999999999999964e+00 1.127621996325429143e-01
1.219999999999999973e+00 1.449998817445688759e-01
1.229999999999999982e+00 1.756141276823523778e-01
1.239999999999999991e+00 1.997269832759870078e-01
1.250000000000000000e+00 2.146865553302189089e-01
1.260000000000000009e+00 2.223337186762491258e-01
1.270000000000000018e+00 2.291087465410422963e-01
1.280000000000000027e+00 2.435658878486453571e-01
1.290000000000000036e+00 2.729384318719788038e-01
1.300000000000000044e+00 3.210398374377269048e-01
1.310000000000000053e+00 3.884092270946890579e-01
1.320000000000000062e+00 4.737764979402062093e-01
1.330000000000000071e+00 5.753693446191207039e-01
1.340000000000000080e+00 6.913522862492865739e-01
1.350000000000000089e+00 8.194966131632891448e-01
1.360000000000000098e+00 9.562365238606359563e-01
1.370000000000000107e+00 1.095213773477994090e+00
1.379999999999999893e+00 1.226140234787299388e+00
1.389999999999999902e+00 1.335627426951015329e+00
1.399999999999999911e+00 1.410832189651177293e+00
1.409999999999999920e+00 1.444358490501679526e+00
1.419999999999999929e+00 1.437302184331798793e+00
1.429999999999999938e+00 1.398534960617312306e+00
1.439999999999999947e+00 1.341074692509003130e+00
1.449999999999999956e+00 1.277903779055915345e+00
1.459999999999999964e+00 1.218866533633155003e+00
1.469999999999999973e+00 1.168810584499695882e+00
1.479999999999999982e+00 1.126766935390142388e+00
1.489999999999999991e+00 1.086683939261027021e+00
1.500000000000000000e+00 1.040445831612772265e+00
1.510000000000000009e+00 9.825965200217698925e-01
1.520000000000000018e+00 9.143498016243225557e-01
1.530000000000000027e+00 8.440953753908378987e-01
1.540000000000000036e+00 7.835373746707418041e-01
1.550000000000000044e+00 7.415786009444764737e-01
1.560000000000000053e+00 7.197604988620676103e-01
1.570000000000000062e+00 7.120066798070565639e-01
1.580000000000000071e+00 7.083718056081445003e-01
1.590000000000000080e+00 6.999947723979681458e-01
1.600000000000000089e+00 6.824149450496949099e-01
1.610000000000000098e+00 6.563366386114833917e-01
1.620000000000000107e+00 6.267400798539076723e-01
1.629999999999999893e+00 6.015567850344853973e-01
1.639999999999999902e+00 5.903113125345523793e-01
1.649999999999999911e+00 6.024130054496739106e-01
1.659999999999999920e+00 6.449222623507422369e-01
1.669999999999999929e+00 7.203202572457806374e-01
1.679999999999999938e+00 8.251775254311587426e-01
1.689999999999999947e+00 9.501922789639928313e-01
1.699999999999999956e+00 1.081396116023712439e+00
1.709999999999999964e+00 1.202180618151208025e+00
1.719999999999999973e+00 1.296087672794097978e+00
1.729999999999999982e+00 1.350257101460419884e+00
1.739999999999999991e+00 1.358800273995897312e+00
1.750000000000000000e+00 1.324826284345326455e+00
1.760000000000000009e+00 1.260027869720938387e+00
1.770000000000000018e+00 1.181599255320237241e+00
1.780000000000000027e+00 1.107421752574005103e+00
1.790000000000000036e+00 1.051459506430735713e+00
1.800000000000000044e+00 1.021445406986801974e+00
1.810000000000000053e+00 1.019679004605359207e+00
1.820000000000000062e+00 1.045763360432464095e+00
1.830000000000000071e+00 1.098979246089031303e+00
1.840000000000000080e+00 1.178642775192918490e+00
1.850000000000000089e+00 1.282568063443534134e+00
1.860000000000000098e+00 1.405245791351638740e+00
1.870000000000000107e+00 1.537497416930132310e+00
1.879999999999999893e+00 1.668054008591860926e+00
1.889999999999999902e+00 1.785699020676359217e+00
1.899999999999999911e+00 1.879916997217715879e+00
1.909999999999999920e+00 1.939497436587614976e+00
1.919999999999999929e+00 1.951446254085479781e+00
1.929999999999999938e+00 1.903895298462269681e+00
1.939999999999999947e+00 1.793791081751484384e+00
1.949999999999999956e+00 1.634502304255614380e+00
1.959999999999999964e+00 1.455960066787452378e+00
1.969999999999999973e+00 1.294553745928399335e+00
1.979999999999999982e+00 1.178255677859023853e+00
1.989999999999999991e+00 1.116381170947736479e+00
2.000000000000000000e+00 1.099382152066461060e+00
2.009999999999999787e+00 1.106509657814969794e+00
2.020000000000000018e+00 1.115059931861541731e+00
2.029999999999999805e+00 1.106576505625790574e+00
2.040000000000000036e+00 1.069439696228948078e+00
2.049999999999999822e+00 9.994713999771051016e-01
2.060000000000000053e+00 8.996182006090701622e-01
2.069999999999999840e+00 7.785446592635655305e-01
2.080000000000000071e+00 6.479617568990978516e-01
2.089999999999999858e+00 5.194635484422702731e-01
2.100000000000000089e+00 4.021098178840967208e-01
2.109999999999999876e+00 3.014167834883638708e-01
2.120000000000000107e+00 2.195432688961266865e-01
2.129999999999999893e+00 1.560823363903748040e-01
2.140000000000000124e+00 1.089940546839638924e-01
2.149999999999999911e+00 7.544495687333926948e-02
2.160000000000000142e+00 5.244970325765122010e-02
2.169999999999999929e+00 3.727757532386199307e-02
2.180000000000000160e+00 2.764633417849111235e-02
2.189999999999999947e+00 2.176859571555509604e-02
2.200000000000000178e+00 1.831940603065238329e-02
2.209999999999999964e+00 1.636921394119060513e-02
2.220000000000000195e+00 1.530289563981569387e-02
2.229999999999999982e+00 1.473667405638797931e-02
2.240000000000000213e+00 1.444365515324693219e-02
2.250000000000000000e+00 1.429557291549638301e-02
2.259999999999999787e+00 1.422244392860819162e-02
2.270000000000000018e+00 1.418716763270297561e-02
2.279999999999999805e+00 1.417056652455630714e-02
2.290000000000000036e+00 1.416296021537459190e-02
2.299999999999999822e+00 1.415957441902290261e-02
2.310000000000000053e+00 1.415811062424473209e-02
2.319999999999999840e+00 1.415749244335446147e-02
2.330000000000000071e+00 1.415723275909503906e-02
2.339999999999999858e+00 1.415712018585588323e-02
2.350000000000000089e+00 1.415706717100274209e-02
2.359999999999999876e+00 1.415703892063287749e-02
2.370000000000000107e+00 1.415702184709116337e-02
2.379999999999999893e+00 1.415701048749748100e-02
2.390000000000000124e+00 1.415700245637046759e-02
2.399999999999999911e+00 1.415699659061533076e-02
2.410000000000000142e+00 1.415699225711688700e-02
2.419999999999999929e+00 1.415698906760968524e-02
2.430000000000000160e+00 1.415698674883683270e-02
2.439999999999999947e+00 1.415698508589250185e-02
2.450000000000000178e+00 1.415698390408977499e-02
2.459999999999999964e+00 1.415698306667396295e-02
2.470000000000000195e+00 1.415698247324513777e-02
2.479999999999999982e+00 1.415698205330863726e-02
2.490000000000000213e+00 1.415698175723687294e-02
2.500000000000000000e+00 1.415698154902436667e-02
2.509999999999999787e+00 1.415698140248267296e-02
2.520000000000000018e+00 1.415698129941747076e-02
2.529999999999999805e+00 1.415698122783991611e-02
2.540000000000000036e+00 1.415698117972512098e-02
2.549999999999999822e+00 1.415698114904519363e-02
2.560000000000000053e+00 1.415698113074548466e-02
2.569999999999999840e+00 1.415698112058982536e-02
2.580000000000000071e+00 1.415698111533190973e-02
2.589999999999999858e+00 1.415698111276964509e-02
2.600000000000000089e+00 1.415698111157974795e-02
2.609999999999999876e+00 1.415698111104662579e-02
2.620000000000000107e+00 1.415698111081428213e-02
2.629999999999999893e+00 1.415698111071604995e-02
2.640000000000000124e+00 1.415698111067710888e-02
2.649999999999999911e+00 1.415698111066492071e-02
2.660000000000000142e+00 1.415698111066575511e-02
2.669999999999999929e+00 1.415698111067394127e-02
2.680000000000000160e+00 1.415698111068691527e-02
2.689999999999999947e+00 1.415698111070303952e-02
2.700000000000000178e+00 1.415698111072090197e-02
2.709999999999999964e+00 1.415698111073919636e-02
2.720000000000000195e+00 1.415698111075643952e-02
2.729999999999999982e+00 1.415698111077040404e-02
2.740000000000000213e+00 1.415698111077779223e-02
2.750000000000000000e+00 1.415698111077495595e-02
2.759999999999999787e+00 1.415698111075956028e-02
2.770000000000000018e+00 1.415698111073204063e-02
2.779999999999999805e+00 1.415698111069575542e-02
2.790000000000000036e+00 1.415698111065578566e-02
2.799999999999999822e+00 1.415698111061724357e-02
2.810000000000000053e+00 1.415698111058400627e-02
2.819999999999999840e+00 1.415698111055810685e-02
2.830000000000000071e+00 1.415698111053980031e-02
2.839999999999999858e+00 1.415698111052805797e-02
2.850000000000000089e+00 1.415698111052122836e-02
2.859999999999999876e+00 1.415698111051763054e-02
2.870000000000000107e+00 1.415698111051591317e-02
2.879999999999999893e+00 1.415698111051517244e-02
2.890000000000000124e+00 1.415698111051488794e-02
2.899999999999999911e+00 1.415698111051478733e-02
2.910000000000000142e+00 1.415698111051475611e-02
2.919999999999999929e+00 1.415698111051474743e-02
2.930000000000000160e+00 1.415698111051474396e-02
2.939999999999999947e+00 1.415698111051474396e-02
2.950000000000000178e+00 1.415698111051474396e-02
2.959999999999999964e+00 1.415698111051474396e-02
2.970000000000000195e+00 1.415698111051474396e-02
2.979999999999999982e+00 1.415698111051474396e-02
2.990000000000000213e+00 1.415698111051474396e-02
3.000000000000000000e+00 1.415698111051474396e-02
3.009999999999999787e+00 1.415698111051474396e-02
3.020000000000000018e+00 1.415698111051474396e-02
3.029999999999999805e+00 1.415698111051474396e-02
3.040000000000000036e+00 1.415698111051474396e-02
3.049999999999999822e+00 1.415698111051474743e-02
3.060000000000000053e+00 1.415698111051474743e-02
3.069999999999999840e+00 1.415698111051474743e-02
3.080000000000000071e+00 1.415698111051474743e-02
3.089999999999999858e+00 1.415698111051474743e-02
3.100000000000000089e+00 1.415698111051474396e-02
3.109999999999999876e+00 1.415698111051474396e-02
3.120000000000000107e+00 1.415698111051474396e-02
3.129999999999999893e+00 1.415698111051474396e-02
3.140000000000000124e+00 1.415698111051474396e-02
3.149999999999999911e+00 1.415698111051474396e-02
3.160000000000000142e+00 1.415698111051474396e-02
3.169999999999999929e+00 1.415698111051474396e-02
3.180000000000000160e+00 1.415698111051474396e-02
3.189999999999999947e+00 1.415698111051474396e-02
3.200000000000000178e+00 1.415698111051474396e-02
3.209999999999999964e+00 1.415698111051474396e-02
3.220000000000000195e+00 1.415698111051474396e-02
3.229999999999999982e+00 1.415698111051474396e-02
3.240000000000000213e+00 1.415698111051474396e-02
3.250000000000000000e+00 1.415698111051474396e-02
3.259999999999999787e+00 1.415698111051474396e-02
3.270000000000000018e+00 1.415698111051474396e-02
3.279999999999999805e+00 1.415698111051474396e-02
3.290000000000000036e+00 1.415698111051474396e-02
3.299999999999999822e+00 1.415698111051474396e-02
3.310000000000000053e+00 1.415698111051474396e-02
3.319999999999999840e+00 1.415698111051474396e-02
3.330000000000000071e+00 1.415698111051474396e-02
3.339999999999999858e+00 1.415698111051474396e-02
3.350000000000000089e+00 1.415698111051474396e-02
3.359999999999999876e+00 1.415698111051474396e-02
3.370000000000000107e+00 1.415698111051474396e-02
3.379999999999999893e+00 1.415698111051474396e-02
3.390000000000000124e+00 1.415698111051474396e-02
3.399999999999999911e+00 1.415698111051474396e-02
3.410000000000000142e+00 1.415698111051474396e-02
3.419999999999999929e+00 1.415698111051474396e-02
3.430000000000000160e+00 1.415698111051474396e-02
3.439999999999999947e+00 1.415698111051474396e-02
3.450000000000000178e+00 1.415698111051474396e-02
3.459999999999999964e+00 1.415698111051474396e-02
3.470000000000000195e+00 1.415698111051474396e-02
3.479999999999999982e+00 1.415698111051474396e-02
3.490000000000000213e+00 1.415698111051474396e-02
3.500000000000000000e+00 1.415698111051474396e-02
3.509999999999999787e+00 1.415698111051474396e-02
3.520000000000000018e+00 1.415698111051474396e-02
3.529999999999999805e+00 1.415698111051474396e-02
3.540000000000000036e+00 1.415698111051474396e-02
3.549999999999999822e+00 1.415698111051474396e-02
3.560000000000000053e+00 1.415698111051474396e-02
3.569999999999999840e+00 1.415698111051474396e-02
3.580000000000000071e+00 1.415698111051474396e-02
3.589999999999999858e+00 1.415698111051474396e-02
3.600000000000000089e+00 1.415698111051474396e-02
3.609999999999999876e+00 1.415698111051474396e-02
3.620000000000000107e+00 1.415698111051474396e-02
3.629999999999999893e+00 1.415698111051474396e-02
3.640000000000000124e+00 1.415698111051474396e-02
3.649999999999999911e+00 1.415698111051474396e-02
3.660000000000000142e+00 1.415698111051474396e-02
3.669999999999999929e+00 1.415698111051474396e-02
3.680000000000000160e+00 1.415698111051474396e-02
3.689999999999999947e+00 1.415698111051474396e-02
3.700000000000000178e+00 1.415698111051474396e-02
3.709999999999999964e+00 1.415698111051474396e-02
3.720000000000000195e+00 1.415698111051474396e-02
3.729999999999999982e+00 1.415698111051474396e-02
3.740000000000000213e+00 1.415698111051474396e-02
3.750000000000000000e+00 1.415698111051474396e-02
3.759999999999999787e+00 1.415698111051474396e-02
3.770000000000000018e+00 1.415698111051474396e-02
3.779999999999999805e+00 1.415698111051474396e-02
3.790000000000000036e+00 1.415698111051474396e-02
3.799999999999999822e+00 1.415698111051474396e-02
3.810000000000000053e+00 1.415698111051474396e-02
3.819999999999999840e+00 1.415698111051474396e-02
3.830000000000000071e+00 1.415698111051474396e-02
3.839999999999999858e+00 1.415698111051474396e-02
3.850000000000000089e+00 1.415698111051474396e-02
3.859999999999999876e+00 1.415698111051474396e-02
3.870000000000000107e+00 1.415698111051474396e-02
3.879999999999999893e+00 1.415698111051474396e-02
3.890000000000000124e+00 1.415698111051474396e-02
3.899999999999999911e+00 1.415698111051474396e-02
3.910000000000000142e+00 1.415698111051474396e-02
3.919999999999999929e+00 1.415698111051474396e-02
3.930000000000000160e+00 1.415698111051474396e-02
3.939999999999999947e+00 1.415698111051474396e-02
3.950000000000000178e+00 1.415698111051474396e-02
3.959999999999999964e+00 1.415698111051474396e-02
3.970000000000000195e+00 1.415698111051474396e-02
3.979999999999999982e+00 1.415698111051474396e-02
3.990000000000000213e+00 1.415698111051474396e-02
4.000000000000000000e+00 1.415698111051474396e-02
4.009999999999999787e+00 1.415698111051474396e-02
4.019999999999999574e+00 1.415698111051474396e-02
4.030000000000000249e+00 1.415698111051474396e-02
4.040000000000000036e+00 1.415698111051474396e-02
4.049999999999999822e+00 1.415698111051474396e-02
4.059999999999999609e+00 1.415698111051474396e-02
4.070000000000000284e+00 1.415698111051474396e-02
4.080000000000000071e+00 1.415698111051474396e-02
4.089999999999999858e+00 1.415698111051474396e-02
4.099999999999999645e+00 1.415698111051474396e-02
4.110000000000000320e+00 1.415698111051474396e-02
4.120000000000000107e+00 1.415698111051474396e-02
4.129999999999999893e+00 1.415698111051474396e-02
4.139999999999999680e+00 1.415698111051474396e-02
4.150000000000000355e+00 1.415698111051474396e-02
4.160000000000000142e+00 1.415698111051474396e-02
4.169999999999999929e+00 1.415698111051474396e-02
4.179999999999999716e+00 1.415698111051474396e-02
4.190000000000000391e+00 1.415698111051474396e-02
4.200000000000000178e+00 1.415698111051474396e-02
4.209999999999999964e+00 1.415698111051474396e-02
4.219999999999999751e+00 1.415698111051474396e-02
4.230000000000000426e+00 1.415698111051474396e-02
4.240000000000000213e+00 1.415698111051474396e-02
4.250000000000000000e+00 1.415698111051474396e-02
4.259999999999999787e+00 1.415698111051474396e-02
4.269999999999999574e+00 1.415698111051474396e-02
4.280000000000000249e+00 1.415698111051474396e-02
4.290000000000000036e+00 1.415698111051474396e-02
4.299999999999999822e+00 1.415698111051474396e-02
4.309999999999999609e+00 1.415698111051474396e-02
4.320000000000000284e+00 1.415698111051474396e-02
4.330000000000000071e+00 1.415698111051474396e-02
4.339999999999999858e+00 1.415698111051474396e-02
4.349999999999999645e+00 1.415698111051474396e-02
4.360000000000000320e+00 1.415698111051474396e-02
4.370000000000000107e+00 1.415698111051474396e-02
4.379999999999999893e+00 1.415698111051474396e-02
4.389999999999999680e+00 1.415698111051474396e-02
4.400000000000000355e+00 1.415698111051474396e-02
4.410000000000000142e+00 1.415698111051474396e-02
4.419999999999999929e+00 1.415698111051474396e-02
4.429999999999999716e+00 1.415698111051474396e-02
4.440000000000000391e+00 1.415698111051474396e-02
4.450000000000000178e+00 1.415698111051474396e-02
4.459999999999999964e+00 1.415698111051474396e-02
4.469999999999999751e+00 1.415698111051474396e-02
4.480000000000000426e+00 1.415698111051474396e-02
4.490000000000000213e+00 1.415698111051474396e-02
4.500000000000000000e+00 1.415698111051474396e-02
4.509999999999999787e+00 1.415698111051474396e-02
4.519999999999999574e+00 1.415698111051474396e-02
4.530000000000000249e+00 1.415698111051474396e-02
4.540000000000000036e+00 1.415698111051474396e-02
4.549999999999999822e+00 1.415698111051474396e-02
4.559999999999999609e+00 1.415698111051474396e-02
4.570000000000000284e+00 1.415698111051474396e-02
4.580000000000000071e+00 1.415698111051474396e-02
4.589999999999999858e+00 1.415698111051474396e-02
4.599999999999999645e+00 1.415698111051474396e-02
4.610000000000000320e+00 1.415698111051474396e-02
4.620000000000000107e+00 1.415698111051474396e-02
4.629999999999999893e+00 1.415698111051474396e-02
4.639999999999999680e+00 1.415698111051474396e-02
4.650000000000000355e+00 1.415698111051474396e-02
4.660000000000000142e+00 1.415698111051474396e-02
4.669999999999999929e+00 1.415698111051474396e-02
4.679999999999999716e+00 1.415698111051474396e-02
4.690000000000000391e+00 1.415698111051474396e-02
4.700000000000000178e+00 1.415698111051474396e-02
4.709999999999999964e+00 1.415698111051474396e-02
4.719999999999999751e+00 1.415698111051474396e-02
4.730000000000000426e+00 1.415698111051474396e-02
4.740000000000000213e+00 1.415698111051474396e-02
4.750000000000000000e+00 1.415698111051474396e-02
4.759999999999999787e+00 1.415698111051474396e-02
4.769999999999999574e+00 1.415698111051474396e-02
4.780000000000000249e+00 1.415698111051474396e-02
4.790000000000000036e+00 1.415698111051474396e-02
4.799999999999999822e+00 1.415698111051474396e-02
4.809999999999999609e+00 1.415698111051474396e-02
4.820000000000000284e+00 1.415698111051474396e-02
4.830000000000000071e+00 1.415698111051474396e-02
4.839999999999999858e+00 1.415698111051474396e-02
4.849999999999999645e+00 1.415698111051474396e-02
4.860000000000000320e+00 1.415698111051474396e-02
4.870000000000000107e+00 1.415698111051474396e-02
4.879999999999999893e+00 1.415698111051474396e-02
4.889999999999999680e+00 1.415698111051474396e-02
4.900000000000000355e+00 1.415698111051474396e-02
4.910000000000000142e+00 1.415698111051474396e-02
4.919999999999999929e+00 1.415698111051474396e-02
4.929999999999999716e+00 1.415698111051474396e-02
4.940000000000000391e+00 1.415698111051474396e-02
4.950000000000000178e+00 1.415698111051474396e-02
4.959999999999999964e+00 1.415698111051474396e-02
4.969999999999999751e+00 1.415698111051474396e-02
4.980000000000000426e+00 1.415698111051474396e-02
4.990000000000000213e+00 1.415698111051474396e-02
5.000000000000000000e+00 1.415698111051474396e-02
5.009999999999999787e+00 1.415698111051474396e-02
5.019999999999999574e+00 1.415698111051474396e-02
5.030000000000000249e+00 1.415698111051474396e-02
5.040000000000000036e+00 1.415698111051474396e-02
5.049999999999999822e+00 1.415698111051474396e-02
5.059999999999999609e+00 1.415698111051474396e-02
5.070000000000000284e+00 1.415698111051474396e-02
5.080000000000000071e+00 1.415698111051474396e-02
5.089999999999999858e+00 1.415698111051474396e-02
5.099999999999999645e+00 1.415698111051474396e-02
5.110000000000000320e+00 1.415698111051474396e-02
5.120000000000000107e+00 1.415698111051474396e-02
5.129999999999999893e+00 1.415698111051474396e-02
5.139999999999999680e+00 1.415698111051474396e-02
5.150000000000000355e+00 1.415698111051474396e-02
5.160000000000000142e+00 1.415698111051474396e-02
5.169999999999999929e+00 1.415698111051474396e-02
5.179999999999999716e+00 1.415698111051474396e-02
5.190000000000000391e+00 1.415698111051474396e-02
5.200000000000000178e+00 1.415698111051474396e-02
5.209999999999999964e+00 1.415698111051474396e-02
5.219999999999999751e+00 1.415698111051474396e-02
5.230000000000000426e+00 1.415698111051474396e-02
5.240000000000000213e+00 1.415698111051474396e-02
5.250000000000000000e+00 1.415698111051474396e-02
5.259999999999999787e+00 1.415698111051474396e-02
5.269999999999999574e+00 1.415698111051474396e-02
5.280000000000000249e+00 1.415698111051474396e-02
5.290000000000000036e+00 1.415698111051474396e-02
5.299999999999999822e+00 1.415698111051474396e-02
5.309999999999999609e+00 1.415698111051474396e-02
5.320000000000000284e+00 1.415698111051474396e-02
5.330000000000000071e+00 1.415698111051474396e-02
5.339999999999999858e+00 1.415698111051474396e-02
5.349999999999999645e+00 1.415698111051474396e-02
5.360000000000000320e+00 1.415698111051474396e-02
5.370000000000000107e+00 1.415698111051474396e-02
5.379999999999999893e+00 1.415698111051474396e-02
5.389999999999999680e+00 1.415698111051474396e-02
5.400000000000000355e+00 1.415698111051474396e-02
5.410000000000000142e+00 1.415698111051474396e-02
5.419999999999999929e+00 1.415698111051474396e-02
5.429999999999999716e+00 1.415698111051474396e-02
5.440000000000000391e+00 1.415698111051474396e-02
5.450000000000000178e+00 1.415698111051474396e-02
5.459999999999999964e+00 1.415698111051474396e-02
5.469999999999999751e+00 1.415698111051474396e-02
5.480000000000000426e+00 1.415698111051474396e-02
5.490000000000000213e+00 1.415698111051474396e-02
5.500000000000000000e+00 1.415698111051474396e-02
5.509999999999999787e+00 1.415698111051474396e-02
5.519999999999999574e+00 1.415698111051474396e-02
5.530000000000000249e+00 1.415698111051474396e-02
5.540000000000000036e+00 1.415698111051474396e-02
5.549999999999999822e+00 1.415698111051474396e-02
5.559999999999999609e+00 1.415698111051474396e-02
5.570000000000000284e+00 1.415698111051474396e-02
5.580000000000000071e+00 1.415698111051474396e-02
5.589999999999999858e+00 1.415698111051474396e-02
5.599999999999999645e+00 1.415698111051474396e-02
5.610000000000000320e+00 1.415698111051474396e-02
5.620000000000000107e+00 1.415698111051474396e-02
5.629999999999999893e+00 1.415698111051474396e-02
5.639999999999999680e+00 1.415698111051474396e-02
5.650000000000000355e+00 1.415698111051474396e-02
5.660000000000000142e+00 1.415698111051474396e-02
5.669999999999999929e+00 1.415698111051474396e-02
5.679999999999999716e+00 1.415698111051474396e-02
5.690000000000000391e+00 1.415698111051474396e-02
5.700000000000000178e+00 1.415698111051474396e-02
5.709999999999999964e+00 1.415698111051474396e-02
5.719999999999999751e+00 1.415698111051474396e-02
5.730000000000000426e+00 1.415698111051474396e-02
5.740000000000000213e+00 1.415698111051474396e-02
5.750000000000000000e+00 1.415698111051474396e-02
5.759999999999999787e+00 1.415698111051474396e-02
5.769999999999999574e+00 1.415698111051474396e-02
5.780000000000000249e+00 1.415698111051474396e-02
5.790000000000000036e+00 1.415698111051474396e-02
5.799999999999999822e+00 1.415698111051474396e-02
5.809999999999999609e+00 1.415698111051474396e-02
5.820000000000000284e+00 1.415698111051474396e-02
5.830000000000000071e+00 1.415698111051474396e-02
5.839999999999999858e+00 1.415698111051474396e-02
5.849999999999999645e+00 1.415698111051474396e-02
5.860000000000000320e+00 1.415698111051474396e-02
5.870000000000000107e+00 1.415698111051474396e-02
5.879999999999999893e+00 1.415698111051474396e-02
5.889999999999999680e+00 1.415698111051474396e-02
5.900000000000000355e+00 1.415698111051474396e-02
5.910000000000000142e+00 1.415698111051474396e-02
5.919999999999999929e+00 1.415698111051474396e-02
5.929999999999999716e+00 1.415698111051474396e-02
5.940000000000000391e+00 1.415698111051474396e-02
5.950000000000000178e+00 1.415698111051474396e-02
5.959999999999999964e+00 1.415698111051474396e-02
5.969999999999999751e+00 1.415698111051474396e-02
5.980000000000000426e+00 1.415698111051474396e-02
5.990000000000000213e+00 1.415698111051474396e-02
6.000000000000000000e+00 1.415698111051474396e-02
6.200000000000000178e+00 1.415698111051474396e-02
6.400000000000000355e+00 1.415698111051474396e-02
6.599999999999999645e+00 1.415698111051474396e-02
6.799999999999999822e+00 1.415698111051474396e-02
7.000000000000000000e+00 0.000000000000000000e+00
