0.000000000000000000e+00 0.000000000000000000e+00
1.000000000000000021e-02 2.369511827471073098e-02
2.000000000000000042e-02 2.605288601132803999e-02
2.999999999999999889e-02 2.811983321146799622e-02
4.000000000000000083e-02 2.970321330456260345e-02
5.000000000000000278e-02 3.081367780852965060e-02
5.999999999999999778e-02 3.158678164524385962e-02
7.000000000000000666e-02 3.217290280772035910e-02
8.000000000000000167e-02 3.267473603037351904e-02
8.999999999999999667e-02 3.314200034831067676e-02
1.000000000000000056e-01 3.359194517453947815e-02
1.100000000000000006e-01 3.402875789309547927e-02
1.199999999999999956e-01 3.445399795966990614e-02
1.300000000000000044e-01 3.487065102489918939e-02
1.400000000000000133e-01 3.528458160267548827e-02
1.499999999999999944e-01 3.570611513124106323e-02
1.600000000000000033e-01 3.615461956146580336e-02
1.700000000000000122e-01 3.666824859325792940e-02
1.799999999999999933e-01 3.731562986104220575e-02
1.900000000000000022e-01 3.819750649178160068e-02
2.000000000000000111e-01 3.942427931490354726e-02
2.099999999999999922e-01 4.106986007885169571e-02
2.200000000000000011e-01 4.312575363825735947e-02
2.300000000000000100e-01 4.548743771702561806e-02
2.399999999999999911e-01 4.798434512146573100e-02
2.500000000000000000e-01 5.043333904904283294e-02
2.600000000000000089e-01 5.268379522826002748e-02
2.700000000000000178e-01 5.463700174818861277e-02
2.800000000000000266e-01 5.624380034719462379e-02
2.899999999999999800e-01 5.749328127003102556e-02
2.999999999999999889e-01 5.840121321496578866e-02
3.099999999999999978e-01 5.900002113818375582e-02
3.200000000000000067e-01 5.932971720674086458e-02
3.300000000000000155e-01 5.943063847125805432e-02
3.400000000000000244e-01 5.934021410595937546e-02
3.499999999999999778e-01 5.909532242695923754e-02
3.599999999999999867e-01 5.873943169922540147e-02
3.699999999999999956e-01 5.833007436084593211e-02
3.800000000000000044e-01 5.793881874095855450e-02
3.900000000000000133e-01 5.763755928484608909e-02
4.000000000000000222e-01 5.747500488837821442e-02
4.099999999999999756e-01 5.745886424993654901e-02
4.199999999999999845e-01 5.755856726808611379e-02
4.299999999999999933e-01 5.772740144765019926e-02
4.400000000000000022e-01 5.792715665414244208e-02
4.500000000000000111e-01 5.813887307011094546e-02
4.600000000000000200e-01 5.835744147826127382e-02
4.699999999999999734e-01 5.857997129590280377e-02
4.799999999999999822e-01 5.879858201280986629e-02
4.899999999999999911e-01 5.900108930056863904e-02
5.000000000000000000e-01 5.917632350856850271e-02
5.100000000000000089e-01 5.931908293537192789e-02
5.200000000000000178e-01 5.943196346277937470e-02
5.300000000000000266e-01 5.952412668178869853e-02
5.400000000000000355e-01 5.960839523758609815e-02
5.500000000000000444e-01 5.969820244510186391e-02
5.600000000000000533e-01 5.980588401990771102e-02
5.699999999999999512e-01 5.994349155971694099e-02
5.799999999999999600e-01 6.012584144802525510e-02
5.899999999999999689e-01 6.037308376103144719e-02
5.999999999999999778e-01 6.070889599402584658e-02
6.099999999999999867e-01 6.115282476913766474e-02
6.199999999999999956e-01 6.171043610070725549e-02
6.300000000000000044e-01 6.236819003010096035e-02
6.400000000000000133e-01 6.309750429636698521e-02
6.500000000000000222e-01 6.386600055926901220e-02
6.600000000000000311e-01 6.464919572093684452e-02
6.700000000000000400e-01 6.543661336117068128e-02
6.800000000000000488e-01 6.623087673603096637e-02
6.899999999999999467e-01 6.704263199552561170e-02
6.999999999999999556e-01 6.788549858637583923e-02
7.099999999999999645e-01 6.877375488101845902e-02
7.199999999999999734e-01 6.972262723109869109e-02
7.299999999999999822e-01 7.074846741517215598e-02
7.399999999999999911e-01 7.186548435111621280e-02
7.500000000000000000e-01 7.307857444214210796e-02
7.600000000000000089e-01 7.437718140824754742e-02
7.700000000000000178e-01 7.573760385224891090e-02
7.800000000000000266e-01 7.713548362851213591e-02
7.900000000000000355e-01 7.856007368624740028e-02
8.000000000000000444e-01 8.001905244393515970e-02
8.100000000000000533e-01 8.153178924578631526e-02
8.199999999999999512e-01 8.311927855934837794e-02
8.299999999999999600e-01 8.479849546962758833e-02
8.399999999999999689e-01 8.658117959990016543e-02
8.499999999999999778e-01 8.847379864136427352e-02
8.599999999999999867e-01 9.047843758069193387e-02
8.699999999999999956e-01 9.259546548623097395e-02
8.800000000000000044e-01 9.482544798696763977e-02
8.900000000000000133e-01 9.716666389572446716e-02
9.000000000000000222e-01 9.960942353146161332e-02
9.100000000000000311e-01 1.021330905201755096e-01
9.200000000000000400e-01 1.047097254163731339e-01
9.300000000000000488e-01 1.073119590463410405e-01
9.399999999999999467e-01 1.099193676193910008e-01
9.499999999999999556e-01 1.125201572984276394e-01
9.599999999999999645e-01 1.151100493629514665e-01
9.699999999999999734e-01 1.176935735387816123e-01
9.799999999999999822e-01 1.202927337122290941e-01
9.899999999999999911e-01 1.229632974261167244e-01
1.000000000000000000e+00 1.258087232941432765e-01
1.010000000000000009e+00 1.289706510025092068e-01
1.020000000000000018e+00 1.325784146654983009e-01
1.030000000000000027e+00 1.366702282743754993e-01
1.040000000000000036e+00 1.411367484440185505e-01
1.050000000000000044e+00 1.457389348501046122e-01
1.060000000000000053e+00 1.502000527187288270e-01
1.070000000000000062e+00 1.543128396022826476e-01
1.080000000000000071e+00 1.579977621698480383e-01
1.090000000000000080e+00 1.612971240438257903e-01
1.100000000000000089e+00 1.643366698480399068e-01
1.110000000000000098e+00 1.672897422084797525e-01
1.120000000000000107e+00 1.703512223999386899e-01
1.129999999999999893e+00 1.737083860181497241e-01
1.139999999999999902e+00 1.775032747061291716e-01
1.149999999999999911e+00 1.818008061773141726e-01
1.159999999999999920e+00 1.865808641668309509e-01
1.169999999999999929e+00 1.917558157705295252e-01
1.179999999999999938e+00 1.971988056908342002e-01
1.189999999999999947e+00 2.027696348338837162e-01
1.199999999999999956e+00 2.083363447850760386e-01
1.209999999999999964e+00 2.137968429523838809e-01
1.219999999999999973e+00 2.191038045280117585e-01
1.229999999999999982e+00 2.242915968203138544e-01
1.239999999999999991e+00 2.294945973055792232e-01
1.250000000000000000e+00 2.349341352273258410e-01
1.260000000000000009e+00 2.408541019572516817e-01
1.270000000000000018e+00 2.474186304443350692e-01
1.280000000000000027e+00 2.546283670727505499e-01
1.290000000000000036e+00 2.623155743970363440e-01
1.300000000000000044e+00 2.702260008755000831e-01
1.310000000000000053e+00 2.781339620950170621e-01
1.320000000000000062e+00 2.859223884755164868e-01
1.330000000000000071e+00 2.935937628026437096e-01
1.340000000000000080e+00 3.012234062706824478e-01
1.350000000000000089e+00 3.088963273597071790e-01
1.360000000000000098e+00 3.166737755764825746e-01
1.370000000000000107e+00 3.246096688924365314e-01
1.379999999999999893e+00 3.327893745816752902e-01
1.389999999999999902e+00 3.413321739154400736e-01
1.399999999999999911e+00 3.503214769493540603e-01
1.409999999999999920e+00 3.596942887036611580e-01
1.419999999999999929e+00 3.691759986513884484e-01
1.429999999999999938e+00 3.783319913121249711e-01
1.439999999999999947e+00 3.867254849330562516e-01
1.449999999999999956e+00 3.940885773542702197e-01
1.459999999999999964e+00 4.004031428347627486e-01
1.469999999999999973e+00 4.058568936420254847e-01
1.479999999999999982e+00 4.107271576558757520e-01
1.489999999999999991e+00 4.152837050632984250e-01
1.500000000000000000e+00 4.197683275768230859e-01
1.510000000000000009e+00 4.244311002592336401e-01
1.520000000000000018e+00 4.295468714820596112e-01
1.530000000000000027e+00 4.353575565166798444e-01
1.540000000000000036e+00 4.419701204151514351e-01
1.550000000000000044e+00 4.492970607274043848e-01
1.560000000000000053e+00 4.570917515397451281e-01
1.570000000000000062e+00 4.650468794360813063e-01
1.580000000000000071e+00 4.728825263893535746e-01
1.590000000000000080e+00 4.803808799570279398e-01
1.600000000000000089e+00 4.873769153184823177e-01
1.610000000000000098e+00 4.937361615555926342e-01
1.620000000000000107e+00 4.993394868891387062e-01
1.629999999999999893e+00 5.040785553139590647e-01
1.639999999999999902e+00 5.078628500722055517e-01
1.649999999999999911e+00 5.106464164702352315e-01
1.659999999999999920e+00 5.124825217942023947e-01
1.669999999999999929e+00 5.135915649252188464e-01
1.679999999999999938e+00 5.143889518550364137e-01
1.689999999999999947e+00 5.154077079559982177e-01
1.699999999999999956e+00 5.171091230665647576e-01
1.709999999999999964e+00 5.196784135164228546e-01
1.719999999999999973e+00 5.229490624431676338e-01
1.729999999999999982e+00 5.265212351532849722e-01
1.739999999999999991e+00 5.300011473578447596e-01
1.750000000000000000e+00 5.332161642435675475e-01
1.760000000000000009e+00 5.362953132240151355e-01
1.770000000000000018e+00 5.395874671709151027e-01
1.780000000000000027e+00 5.434645499696540982e-01
1.790000000000000036e+00 5.481098349898966271e-01
1.800000000000000044e+00 5.533997861735339141e-01
1.810000000000000053e+00 5.589313948746441607e-01
1.820000000000000062e+00 5.641643586623880102e-01
1.830000000000000071e+00 5.686088067208980856e-01
1.840000000000000080e+00 5.720028269427649414e-01
1.850000000000000089e+00 5.744347415863912953e-01
1.860000000000000098e+00 5.763520534521195948e-01
1.870000000000000107e+00 5.784144021298419647e-01
1.879999999999999893e+00 5.812320243718684942e-01
1.889999999999999902e+00 5.851255911022380518e-01
1.899999999999999911e+00 5.900395871568027140e-01
1.909999999999999920e+00 5.956237581850384322e-01
1.919999999999999929e+00 6.013816147871478002e-01
1.929999999999999938e+00 6.067821705513266606e-01
1.939999999999999947e+00 6.113173093723734963e-01
1.949999999999999956e+00 6.145543695065847078e-01
1.959999999999999964e+00 6.162210147353263112e-01
1.969999999999999973e+00 6.162930251933801395e-01
1.979999999999999982e+00 6.150012214917522924e-01
1.989999999999999991e+00 6.126948825877945870e-01
2.000000000000000000e+00 6.096116121530288368e-01
2.009999999999999787e+00 6.057223129968932751e-01
2.020000000000000018e+00 6.008031428216908942e-01
2.029999999999999805e+00 5.947045175101093317e-01
2.040000000000000036e+00 5.876019835297482397e-01
2.049999999999999822e+00 5.800136263704113171e-01
2.060000000000000053e+00 5.725567846199069999e-01
2.069999999999999840e+00 5.656174785139214123e-01
2.080000000000000071e+00 5.591532277815373098e-01
2.089999999999999858e+00 5.527337036049447816e-01
2.100000000000000089e+00 5.457683045653186626e-01
2.109999999999999876e+00 5.377929538513404051e-01
2.120000000000000107e+00 5.286956617358926636e-01
2.129999999999999893e+00 5.187895173897690837e-01
2.140000000000000124e+00 5.086780920949506291e-01
2.149999999999999911e+00 4.989434761538847907e-01
2.160000000000000142e+00 4.898104810774839835e-01
2.169999999999999929e+00 4.809931102467128738e-01
2.180000000000000160e+00 4.718263628086183381e-01
2.189999999999999947e+00 4.616002266162808065e-01
2.200000000000000178e+00 4.499088331841821220e-01
2.209999999999999964e+00 4.368698073530655757e-01
2.220000000000000195e+00 4.231627951817188982e-01
2.229999999999999982e+00 4.098825177340287285e-01
2.240000000000000213e+00 3.982249136894099872e-01
2.250000000000000000e+00 3.890983209405776133e-01
2.259999999999999787e+00 3.828412122800637363e-01
2.270000000000000018e+00 3.792043681502123564e-01
2.279999999999999805e+00 3.775845690820988088e-01
2.290000000000000036e+00 3.773285143640214834e-01
2.299999999999999822e+00 3.779184862239520215e-01
2.310000000000000053e+00 3.789816133447270197e-01
2.319999999999999840e+00 3.801892025004909859e-01
2.330000000000000071e+00 3.811529467514779834e-01
2.339999999999999858e+00 3.814015337362928748e-01
2.350000000000000089e+00 3.804666013455996199e-01
2.359999999999999876e+00 3.780379907184506227e-01
2.370000000000000107e+00 3.741002926279043961e-01
2.379999999999999893e+00 3.689755763235068042e-01
2.390000000000000124e+00 3.632615514045217653e-01
2.399999999999999911e+00 3.577113127894938072e-01
2.410000000000000142e+00 3.531045901312472868e-01
2.419999999999999929e+00 3.501266816945045046e-01
2.430000000000000160e+00 3.492569383028578112e-01
2.439999999999999947e+00 3.507036618203112077e-01
2.450000000000000178e+00 3.544611653257159212e-01
2.459999999999999964e+00 3.605276391471390340e-01
2.470000000000000195e+00 3.692003356943812098e-01
2.479999999999999982e+00 3.812526215228080329e-01
2.490000000000000213e+00 3.977984883556704432e-01
2.500000000000000000e+00 4.197850982434599976e-01
2.509999999999999787e+00 4.472791584371823004e-01
2.520000000000000018e+00 4.789321814793235377e-01
2.529999999999999805e+00 5.120402071349235973e-01
2.540000000000000036e+00 5.433064004856855700e-01
2.549999999999999822e+00 5.699241094024387611e-01
2.560000000000000053e+00 5.903601443363024615e-01
2.569999999999999840e+00 6.044810480550362186e-01
2.580000000000000071e+00 6.131580985053861621e-01
2.589999999999999858e+00 6.177394748656320767e-01
2.600000000000000089e+00 6.196605124750901306e-01
2.609999999999999876e+00 6.202300369081399367e-01
2.620000000000000107e+00 6.205257066902138963e-01
2.629999999999999893e+00 6.213495584818224948e-01
2.640000000000000124e+00 6.232203608738923206e-01
2.649999999999999911e+00 6.263753868566462879e-01
2.660000000000000142e+00 6.307577304046612099e-01
2.669999999999999929e+00 6.359900803209683762e-01
2.680000000000000160e+00 6.413637976612643898e-01
2.689999999999999947e+00 6.458979901229836562e-01
2.700000000000000178e+00 6.485344134184746201e-01
2.709999999999999964e+00 6.484765015492730544e-01
2.720000000000000195e+00 6.455397662872551789e-01
2.729999999999999982e+00 6.402773300152451164e-01
2.740000000000000213e+00 6.337267571281645084e-01
2.750000000000000000e+00 6.268554653840894275e-01
2.759999999999999787e+00 6.199686003106277266e-01
2.770000000000000018e+00 6.123828389138201711e-01
2.779999999999999805e+00 6.026129975145927409e-01
2.790000000000000036e+00 5.891597168884253888e-01
2.799999999999999822e+00 5.716117657007750985e-01
2.810000000000000053e+00 5.513287128225868861e-01
2.819999999999999840e+00 5.310235764277603243e-01
2.830000000000000071e+00 5.133982016833652517e-01
2.839999999999999858e+00 4.998357375561712224e-01
2.850000000000000089e+00 4.900293902660597389e-01
2.859999999999999876e+00 4.825217896138291884e-01
2.870000000000000107e+00 4.755224256028671159e-01
2.879999999999999893e+00 4.674926568601097121e-01
2.890000000000000124e+00 4.573486396583237856e-01
2.899999999999999911e+00 4.443045647008567745e-01
2.910000000000000142e+00 4.274653869093549829e-01
2.919999999999999929e+00 4.055167681779742184e-01
2.930000000000000160e+00 3.770794966567762030e-01
2.939999999999999947e+00 3.418956976527538494e-01
2.950000000000000178e+00 3.019412018742995141e-01
2.959999999999999964e+00 2.610965222035827593e-01
2.970000000000000195e+00 2.232649981605792922e-01
2.979999999999999982e+00 1.905414334857304381e-01
2.990000000000000213e+00 1.629235698663377141e-01
3.000000000000000000e+00 1.393131129356844078e-01
3.009999999999999787e+00 1.185683111636960801e-01
3.020000000000000018e+00 1.000167099816317018e-01
3.029999999999999805e+00 8.361360496402081566e-02
3.040000000000000036e+00 6.985289455073330489e-02
3.049999999999999822e+00 5.934596191178923702e-02
3.060000000000000053e+00 5.227963845565709866e-02
3.069999999999999840e+00 4.819305155112532657e-02
3.080000000000000071e+00 4.620974196974880072e-02
3.089999999999999858e+00 4.544151769455335999e-02
3.100000000000000089e+00 4.524360201638760737e-02
3.109999999999999876e+00 4.524721594606937597e-02
3.120000000000000107e+00 4.527598894150486331e-02
3.129999999999999893e+00 4.525572757004304308e-02
3.140000000000000124e+00 4.515834029371999098e-02
3.149999999999999911e+00 4.497547549086149121e-02
3.160000000000000142e+00 4.470799445688320578e-02
3.169999999999999929e+00 4.436193894224328693e-02
3.180000000000000160e+00 4.394567681530247433e-02
3.189999999999999947e+00 4.346377909908403364e-02
3.200000000000000178e+00 4.290290603124671115e-02
3.209999999999999964e+00 4.220783251902873734e-02
3.220000000000000195e+00 4.125788194277097559e-02
3.229999999999999982e+00 3.987387125941209420e-02
3.240000000000000213e+00 3.788867341045789455e-02
3.250000000000000000e+00 3.526829130086196751e-02
3.259999999999999787e+00 3.219590434387243488e-02
3.270000000000000018e+00 2.902287068249013308e-02
3.279999999999999805e+00 2.610057337567121827e-02
3.290000000000000036e+00 2.362905167425052508e-02
3.299999999999999822e+00 2.163851806123711502e-02
3.310000000000000053e+00 2.007853338854049749e-02
3.319999999999999840e+00 1.890085410051958043e-02
3.330000000000000071e+00 1.807141142356996286e-02
3.339999999999999858e+00 1.754170696090257692e-02
3.350000000000000089e+00 1.723624462767281082e-02
3.359999999999999876e+00 1.707107308781352639e-02
3.370000000000000107e+00 1.697977128789188508e-02
3.379999999999999893e+00 1.692408333639928639e-02
3.390000000000000124e+00 1.688774228561631258e-02
3.399999999999999911e+00 1.686483673487540469e-02
3.410000000000000142e+00 1.685192800133051422e-02
3.419999999999999929e+00 1.684561181146663339e-02
3.430000000000000160e+00 1.684287425073615133e-02
3.439999999999999947e+00 1.684168123828013244e-02
3.450000000000000178e+00 1.684097909835357426e-02
3.459999999999999964e+00 1.684036136678055198e-02
3.470000000000000195e+00 1.683974964664681703e-02
3.479999999999999982e+00 1.683919267037443934e-02
3.490000000000000213e+00 1.683875449093631682e-02
3.500000000000000000e+00 1.683846147631382073e-02
3.509999999999999787e+00 1.683829568795159812e-02
3.520000000000000018e+00 1.683821629426785621e-02
3.529999999999999805e+00 1.683818386573603110e-02
3.540000000000000036e+00 1.683817220933259140e-02
3.549999999999999822e+00 1.683816807140713079e-02
3.560000000000000053e+00 1.683816611163493904e-02
3.569999999999999840e+00 1.683816456284402407e-02
3.580000000000000071e+00 1.683816295070368271e-02
3.589999999999999858e+00 1.683816122736499568e-02
3.600000000000000089e+00 1.683815949733624001e-02
3.609999999999999876e+00 1.683815790795739967e-02
3.620000000000000107e+00 1.683815658108562402e-02
3.629999999999999893e+00 1.683815557689050807e-02
3.640000000000000124e+00 1.683815488965836882e-02
3.649999999999999911e+00 1.683815446424831788e-02
3.660000000000000142e+00 1.683815422026272227e-02
3.669999999999999929e+00 1.683815407333941194e-02
3.680000000000000160e+00 1.683815394697215848e-02
3.689999999999999947e+00 1.683815377735839100e-02
3.700000000000000178e+00 1.683815352101205795e-02
3.709999999999999964e+00 1.683815316893891995e-02
3.720000000000000195e+00 1.683815275583655513e-02
3.729999999999999982e+00 1.683815234803257704e-02
3.740000000000000213e+00 1.683815201093335351e-02
3.750000000000000000e+00 1.683815177819441081e-02
3.759999999999999787e+00 1.683815164410466109e-02
3.770000000000000018e+00 1.683815157868067541e-02
3.779999999999999805e+00 1.683815154802477745e-02
3.790000000000000036e+00 1.683815152590693517e-02
3.799999999999999822e+00 1.683815149576098347e-02
3.810000000000000053e+00 1.683815144940811054e-02
3.819999999999999840e+00 1.683815138662402358e-02
3.830000000000000071e+00 1.683815131464874368e-02
3.839999999999999858e+00 1.683815124510797123e-02
3.850000000000000089e+00 1.683815118852718257e-02
3.859999999999999876e+00 1.683815114979571315e-02
3.870000000000000107e+00 1.683815112751930673e-02
3.879999999999999893e+00 1.683815111678328702e-02
3.890000000000000124e+00 1.683815111248548532e-02
3.899999999999999911e+00 1.683815111110759447e-02
3.910000000000000142e+00 1.683815111081618174e-02
3.919999999999999929e+00 1.683815111084507529e-02
3.930000000000000160e+00 1.683815111091836042e-02
3.939999999999999947e+00 1.683815111093373007e-02
3.950000000000000178e+00 1.683815111083709903e-02
3.959999999999999964e+00 1.683815111058509575e-02
3.970000000000000195e+00 1.683815111013893182e-02
3.979999999999999982e+00 1.683815110946866589e-02
3.990000000000000213e+00 1.683815110855810260e-02
4.000000000000000000e+00 1.683815110739806525e-02
4.009999999999999787e+00 1.683815110595081668e-02
4.019999999999999574e+00 1.683815110407674981e-02
4.030000000000000249e+00 1.683815110145530508e-02
4.040000000000000036e+00 1.683815109759754028e-02
4.049999999999999822e+00 1.683815109205942170e-02
4.059999999999999609e+00 1.683815108482062881e-02
4.070000000000000284e+00 1.683815107655529247e-02
4.080000000000000071e+00 1.683815106847816323e-02
4.089999999999999858e+00 1.683815106178058324e-02
4.099999999999999645e+00 1.683815105707380314e-02
4.110000000000000320e+00 1.683815105425119293e-02
4.120000000000000107e+00 1.683815105277316690e-02
4.129999999999999893e+00 1.683815105205414137e-02
4.139999999999999680e+00 1.683815105168181420e-02
4.150000000000000355e+00 1.683815105143821045e-02
4.160000000000000142e+00 1.683815105123041486e-02
4.169999999999999929e+00 1.683815105102308418e-02
4.179999999999999716e+00 1.683815105079979751e-02
4.190000000000000391e+00 1.683815105054311048e-02
4.200000000000000178e+00 1.683815105021948047e-02
4.209999999999999964e+00 1.683815104976718949e-02
4.219999999999999751e+00 1.683815104910045546e-02
4.230000000000000426e+00 1.683815104814626734e-02
4.240000000000000213e+00 1.683815104690696354e-02
4.250000000000000000e+00 1.683815104550273611e-02
4.259999999999999787e+00 1.683815104414243882e-02
4.269999999999999574e+00 1.683815104302715041e-02
4.280000000000000249e+00 1.683815104225718992e-02
4.290000000000000036e+00 1.683815104181081088e-02
4.299999999999999822e+00 1.683815104159382472e-02
4.309999999999999609e+00 1.683815104150546138e-02
4.320000000000000284e+00 1.683815104147533617e-02
4.330000000000000071e+00 1.683815104146673541e-02
4.339999999999999858e+00 1.683815104146468150e-02
4.349999999999999645e+00 1.683815104146427211e-02
4.360000000000000320e+00 1.683815104146420619e-02
4.370000000000000107e+00 1.683815104146419231e-02
4.379999999999999893e+00 1.683815104146419231e-02
4.389999999999999680e+00 1.683815104146419231e-02
4.400000000000000355e+00 1.683815104146419231e-02
4.410000000000000142e+00 1.683815104146419231e-02
4.419999999999999929e+00 1.683815104146419231e-02
4.429999999999999716e+00 1.683815104146419231e-02
4.440000000000000391e+00 1.683815104146419231e-02
4.450000000000000178e+00 1.683815104146419231e-02
4.459999999999999964e+00 1.683815104146419231e-02
4.469999999999999751e+00 1.683815104146419231e-02
4.480000000000000426e+00 1.683815104146419231e-02
4.490000000000000213e+00 1.683815104146419231e-02
4.500000000000000000e+00 1.683815104146419231e-02
4.509999999999999787e+00 1.683815104146419231e-02
4.519999999999999574e+00 1.683815104146419231e-02
4.530000000000000249e+00 1.683815104146419231e-02
4.540000000000000036e+00 1.683815104146419231e-02
4.549999999999999822e+00 1.683815104146419231e-02
4.559999999999999609e+00 1.683815104146419231e-02
4.570000000000000284e+00 1.683815104146419231e-02
4.580000000000000071e+00 1.683815104146419231e-02
4.589999999999999858e+00 1.683815104146419231e-02
4.599999999999999645e+00 1.683815104146419231e-02
4.610000000000000320e+00 1.683815104146419231e-02
4.620000000000000107e+00 1.683815104146419231e-02
4.629999999999999893e+00 1.683815104146419231e-02
4.639999999999999680e+00 1.683815104146419231e-02
4.650000000000000355e+00 1.683815104146419231e-02
4.660000000000000142e+00 1.683815104146419231e-02
4.669999999999999929e+00 1.683815104146419231e-02
4.679999999999999716e+00 1.683815104146419231e-02
4.690000000000000391e+00 1.683815104146419231e-02
4.700000000000000178e+00 1.683815104146419231e-02
4.709999999999999964e+00 1.683815104146419231e-02
4.719999999999999751e+00 1.683815104146419231e-02
4.730000000000000426e+00 1.683815104146419231e-02
4.740000000000000213e+00 1.683815104146419231e-02
4.750000000000000000e+00 1.683815104146419231e-02
4.759999999999999787e+00 1.683815104146419231e-02
4.769999999999999574e+00 1.683815104146419231e-02
4.780000000000000249e+00 1.683815104146419231e-02
4.790000000000000036e+00 1.683815104146419231e-02
4.799999999999999822e+00 1.683815104146419231e-02
4.809999999999999609e+00 1.683815104146419231e-02
4.820000000000000284e+00 1.683815104146419231e-02
4.830000000000000071e+00 1.683815104146419231e-02
4.839999999999999858e+00 1.683815104146419231e-02
4.849999999999999645e+00 1.683815104146419231e-02
4.860000000000000320e+00 1.683815104146419231e-02
4.870000000000000107e+00 1.683815104146419231e-02
4.879999999999999893e+00 1.683815104146419231e-02
4.889999999999999680e+00 1.683815104146419231e-02
4.900000000000000355e+00 1.683815104146419231e-02
4.910000000000000142e+00 1.683815104146419231e-02
4.919999999999999929e+00 1.683815104146419231e-02
4.929999999999999716e+00 1.683815104146419231e-02
4.940000000000000391e+00 1.683815104146419231e-02
4.950000000000000178e+00 1.683815104146419231e-02
4.959999999999999964e+00 1.683815104146419231e-02
4.969999999999999751e+00 1.683815104146419231e-02
4.980000000000000426e+00 1.683815104146419231e-02
4.990000000000000213e+00 1.683815104146419231e-02
5.000000000000000000e+00 1.683815104146419231e-02
5.009999999999999787e+00 1.683815104146419231e-02
5.019999999999999574e+00 1.683815104146419231e-02
5.030000000000000249e+00 1.683815104146419231e-02
5.040000000000000036e+00 1.683815104146419231e-02
5.049999999999999822e+00 1.683815104146419231e-02
5.059999999999999609e+00 1.683815104146419231e-02
5.070000000000000284e+00 1.683815104146419231e-02
5.080000000000000071e+00 1.683815104146419231e-02
5.089999999999999858e+00 1.683815104146419231e-02
5.099999999999999645e+00 1.683815104146419231e-02
5.110000000000000320e+00 1.683815104146419231e-02
5.120000000000000107e+00 1.683815104146419231e-02
5.129999999999999893e+00 1.683815104146419231e-02
5.139999999999999680e+00 1.683815104146419231e-02
5.150000000000000355e+00 1.683815104146419231e-02
5.160000000000000142e+00 1.683815104146419231e-02
5.169999999999999929e+00 1.683815104146419231e-02
5.179999999999999716e+00 1.683815104146419231e-02
5.190000000000000391e+00 1.683815104146419231e-02
5.200000000000000178e+00 1.683815104146419231e-02
5.209999999999999964e+00 1.683815104146419231e-02
5.219999999999999751e+00 1.683815104146419231e-02
5.230000000000000426e+00 1.683815104146419231e-02
5.240000000000000213e+00 1.683815104146419231e-02
5.250000000000000000e+00 1.683815104146419231e-02
5.259999999999999787e+00 1.683815104146419231e-02
5.269999999999999574e+00 1.683815104146419231e-02
5.280000000000000249e+00 1.683815104146419231e-02
5.290000000000000036e+00 1.683815104146419231e-02
5.299999999999999822e+00 1.683815104146419231e-02
5.309999999999999609e+00 1.683815104146419231e-02
5.320000000000000284e+00 1.683815104146419231e-02
5.330000000000000071e+00 1.683815104146419231e-02
5.339999999999999858e+00 1.683815104146419231e-02
5.349999999999999645e+00 1.683815104146419231e-02
5.360000000000000320e+00 1.683815104146419231e-02
5.370000000000000107e+00 1.683815104146419231e-02
5.379999999999999893e+00 1.683815104146419231e-02
5.389999999999999680e+00 1.683815104146419231e-02
5.400000000000000355e+00 1.683815104146419231e-02
5.410000000000000142e+00 1.683815104146419231e-02
5.419999999999999929e+00 1.683815104146419231e-02
5.429999999999999716e+00 1.683815104146419231e-02
5.440000000000000391e+00 1.683815104146419231e-02
5.450000000000000178e+00 1.683815104146419231e-02
5.459999999999999964e+00 1.683815104146419231e-02
5.469999999999999751e+00 1.683815104146419231e-02
5.480000000000000426e+00 1.683815104146419231e-02
5.490000000000000213e+00 1.683815104146419231e-02
5.500000000000000000e+00 1.683815104146419231e-02
5.509999999999999787e+00 1.683815104146419231e-02
5.519999999999999574e+00 1.683815104146419231e-02
5.530000000000000249e+00 1.683815104146419231e-02
5.540000000000000036e+00 1.683815104146419231e-02
5.549999999999999822e+00 1.683815104146419231e-02
5.559999999999999609e+00 1.683815104146419231e-02
5.570000000000000284e+00 1.683815104146419231e-02
5.580000000000000071e+00 1.683815104146419231e-02
5.589999999999999858e+00 1.683815104146419231e-02
5.599999999999999645e+00 1.683815104146419231e-02
5.610000000000000320e+00 1.683815104146419231e-02
5.620000000000000107e+00 1.683815104146419231e-02
5.629999999999999893e+00 1.683815104146419231e-02
5.639999999999999680e+00 1.683815104146419231e-02
5.650000000000000355e+00 1.683815104146419231e-02
5.660000000000000142e+00 1.683815104146419231e-02
5.669999999999999929e+00 1.683815104146419231e-02
5.679999999999999716e+00 1.683815104146419231e-02
5.690000000000000391e+00 1.683815104146419231e-02
5.700000000000000178e+00 1.683815104146419231e-02
5.709999999999999964e+00 1.683815104146419231e-02
5.719999999999999751e+00 1.683815104146419231e-02
5.730000000000000426e+00 1.683815104146419231e-02
5.740000000000000213e+00 1.683815104146419231e-02
5.750000000000000000e+00 1.683815104146419231e-02
5.759999999999999787e+00 1.683815104146419231e-02
5.769999999999999574e+00 1.683815104146419231e-02
5.780000000000000249e+00 1.683815104146419231e-02
5.790000000000000036e+00 1.683815104146419231e-02
5.799999999999999822e+00 1.683815104146419231e-02
5.809999999999999609e+00 1.683815104146419231e-02
5.820000000000000284e+00 1.683815104146419231e-02
5.830000000000000071e+00 1.683815104146419231e-02
5.839999999999999858e+00 1.683815104146419231e-02
5.849999999999999645e+00 1.683815104146419231e-02
5.860000000000000320e+00 1.683815104146419231e-02
5.870000000000000107e+00 1.683815104146419231e-02
5.879999999999999893e+00 1.683815104146419231e-02
5.889999999999999680e+00 1.683815104146419231e-02
5.900000000000000355e+00 1.683815104146419231e-02
5.910000000000000142e+00 1.683815104146419231e-02
5.919999999999999929e+00 1.683815104146419231e-02
5.929999999999999716e+00 1.683815104146419231e-02
5.940000000000000391e+00 1.683815104146419231e-02
5.950000000000000178e+00 1.683815104146419231e-02
5.959999999999999964e+00 1.683815104146419231e-02
5.969999999999999751e+00 1.683815104146419231e-02
5.980000000000000426e+00 1.683815104146419231e-02
5.990000000000000213e+00 1.683815104146419231e-02
6.000000000000000000e+00 1.683815104146419231e-02
6.200000000000000178e+00 1.683815104146419231e-02
6.400000000000000355e+00 1.683815104146419231e-02
6.599999999999999645e+00 1.683815104146419231e-02
6.799999999999999822e+00 1.683815104146419231e-02
7.000000000000000000e+00 0.000000000000000000e+00
