0.000000000000000000e+00 0.000000000000000000e+00
1.000000000000000021e-02 1.415698111051474396e-02
2.000000000000000042e-02 1.415698111051474396e-02
2.999999999999999889e-02 1.415698111051474396e-02
4.000000000000000083e-02 1.415698111051474743e-02
5.000000000000000278e-02 1.415698111051475437e-02
5.999999999999999778e-02 1.415698111051477519e-02
7.000000000000000666e-02 1.415698111051483764e-02
8.000000000000000167e-02 1.415698111051501631e-02
8.999999999999999667e-02 1.415698111051545346e-02
1.000000000000000056e-01 1.415698111051646654e-02
1.100000000000000006e-01 1.415698111051867138e-02
1.199999999999999956e-01 1.415698111052336033e-02
1.300000000000000044e-01 1.415698111053335061e-02
1.400000000000000133e-01 1.415698111055479699e-02
1.499999999999999944e-01 1.415698111060069431e-02
1.600000000000000033e-01 1.415698111069744157e-02
1.700000000000000122e-01 1.415698111089832775e-02
1.799999999999999933e-01 1.415698111131393974e-02
1.900000000000000022e-01 1.415698111218242038e-02
2.000000000000000111e-01 1.415698111403050977e-02
2.099999999999999922e-01 1.415698111803544157e-02
2.200000000000000011e-01 1.415698112679104025e-02
2.300000000000000100e-01 1.415698114572950216e-02
2.399999999999999911e-01 1.415698118522201558e-02
2.500000000000000000e-01 1.415698126258208359e-02
2.600000000000000089e-01 1.415698140188904712e-02
2.700000000000000178e-01 1.415698162876382823e-02
2.800000000000000266e-01 1.415698195898174375e-02
2.899999999999999800e-01 1.415698238539218716e-02
2.999999999999999889e-01 1.415698287434718865e-02
3.099999999999999978e-01 1.415698338309670339e-02
3.200000000000000067e-01 1.415698389734931263e-02
3.300000000000000155e-01 1.415698446957387377e-02
3.400000000000000244e-01 1.415698523148371801e-02
3.499999999999999778e-01 1.415698636986027596e-02
3.599999999999999867e-01 1.415698808391350344e-02
3.699999999999999956e-01 1.415699056816915012e-02
3.800000000000000044e-01 1.415699408980317098e-02
3.900000000000000133e-01 1.415699927339924766e-02
4.000000000000000222e-01 1.415700777862737882e-02
4.099999999999999756e-01 1.415702363171649283e-02
4.199999999999999845e-01 1.415705544452954510e-02
4.299999999999999933e-01 1.415711936873908887e-02
4.400000000000000022e-01 1.415724164976943193e-02
4.500000000000000111e-01 1.415745855583898892e-02
4.600000000000000200e-01 1.415781192358578008e-02
4.699999999999999734e-01 1.415834174807616488e-02
4.799999999999999822e-01 1.415908059143579888e-02
4.899999999999999911e-01 1.416005260423112283e-02
5.000000000000000000e-01 1.416127272848421471e-02
5.100000000000000089e-01 1.416274111550474071e-02
5.200000000000000178e-01 1.416444586168815606e-02
5.300000000000000266e-01 1.416641443164282782e-02
5.400000000000000355e-01 1.416886599930841130e-02
5.500000000000000444e-01 1.417251333972203292e-02
5.600000000000000533e-01 1.417908240717454665e-02
5.699999999999999512e-01 1.419219622855421616e-02
5.799999999999999600e-01 1.421894409950624598e-02
5.899999999999999689e-01 1.427288892980112592e-02
5.999999999999999778e-01 1.438020450893673884e-02
6.099999999999999867e-01 1.459166113372149798e-02
6.199999999999999956e-01 1.500194708833991510e-02
6.300000000000000044e-01 1.577075870487289894e-02
6.400000000000000133e-01 1.712836458501904024e-02
6.500000000000000222e-01 1.934504088263503188e-02
6.600000000000000311e-01 2.266567122276652232e-02
6.700000000000000400e-01 2.724742877770465824e-02
6.800000000000000488e-01 3.314014321826416060e-02
6.899999999999999467e-01 4.028998240948310910e-02
6.999999999999999556e-01 4.850458500769949666e-02
7.099999999999999645e-01 5.740129827522593570e-02
7.199999999999999734e-01 6.651184144060537373e-02
7.299999999999999822e-01 7.570345865926761397e-02
7.399999999999999911e-01 8.581722511628044059e-02
7.500000000000000000e-01 9.922711330290409637e-02
7.600000000000000089e-01 1.202985526348171325e-01
7.700000000000000178e-01 1.564426483145649471e-01
7.800000000000000266e-01 2.209827213578295646e-01
7.900000000000000355e-01 3.384851430284113727e-01
8.000000000000000444e-01 5.510463375018902488e-01
8.100000000000000533e-01 9.208173787503506347e-01
8.199999999999999512e-01 1.521821617491713186e+00
8.299999999999999600e-01 2.415934759235935481e+00
8.399999999999999689e-01 3.615850719338737917e+00
8.499999999999999778e-01 5.049998156042251551e+00
8.599999999999999867e-01 6.552636988594285228e+00
8.699999999999999956e-01 7.895726520776705115e+00
8.800000000000000044e-01 8.854835046634930151e+00
8.900000000000000133e-01 9.275708190870268766e+00
9.000000000000000222e-01 9.107201383862919997e+00
9.100000000000000311e-01 8.394746623982616285e+00
9.200000000000000400e-01 7.256297690527589772e+00
9.300000000000000488e-01 5.859883754171542058e+00
9.399999999999999467e-01 4.399291355538353265e+00
9.499999999999999556e-01 3.057287533233875365e+00
9.599999999999999645e-01 1.963290209531795005e+00
9.699999999999999734e-01 1.168012303111493733e+00
9.799999999999999822e-01 6.496241920902889877e-01
9.899999999999999911e-01 3.440103685710896864e-01
1.000000000000000000e+00 1.787577397202538831e-01
1.010000000000000009e+00 9.503475331114624725e-02
1.020000000000000018e+00 5.413914670130337559e-02
1.030000000000000027e+00 3.428289689993475192e-02
1.040000000000000036e+00 2.448593731446523786e-02
1.050000000000000044e+00 1.954048430951096579e-02
1.060000000000000053e+00 1.699566895356548549e-02
1.070000000000000062e+00 1.566567160486254454e-02
1.080000000000000071e+00 1.495970168827108829e-02
1.090000000000000080e+00 1.457983567525434829e-02
1.100000000000000089e+00 1.437473693173526613e-02
1.110000000000000098e+00 1.426550740854527245e-02
1.120000000000000107e+00 1.420907460216961314e-02
1.129999999999999893e+00 1.418107197687835247e-02
1.139999999999999902e+00 1.416775720599613639e-02
1.149999999999999911e+00 1.416167748142608228e-02
1.159999999999999920e+00 1.415900517782509201e-02
1.169999999999999929e+00 1.415787290084625540e-02
1.179999999999999938e+00 1.415740706539297782e-02
1.189999999999999947e+00 1.415721517895758390e-02
1.199999999999999956e+00 1.415713039035381392e-02
1.209999999999999964e+00 1.415708749900640960e-02
1.219999999999999973e+00 1.415706362665437520e-02
1.229999999999999982e+00 1.415705113262915281e-02
1.239999999999999991e+00 1.415704654910871808e-02
1.250000000000000000e+00 1.415704686950736146e-02
1.260000000000000009e+00 1.415704882826119421e-02
1.270000000000000018e+00 1.415704935882359898e-02
1.280000000000000027e+00 1.415704644010953688e-02
1.290000000000000036e+00 1.415703968391739988e-02
1.300000000000000044e+00 1.415703019315216714e-02
1.310000000000000053e+00 1.415701976209458347e-02
1.320000000000000062e+00 1.415700997519868214e-02
1.330000000000000071e+00 1.415700173111884147e-02
1.340000000000000080e+00 1.415699528161013139e-02
1.350000000000000089e+00 1.415699051171762438e-02
1.360000000000000098e+00 1.415698717313079377e-02
1.370000000000000107e+00 1.415698498239557034e-02
1.379999999999999893e+00 1.415698364670315602e-02
1.389999999999999902e+00 1.415698288723957546e-02
1.399999999999999911e+00 1.415698247190424162e-02
1.409999999999999920e+00 1.415698223677905494e-02
1.419999999999999929e+00 1.415698208431238718e-02
1.429999999999999938e+00 1.415698196512180443e-02
1.439999999999999947e+00 1.415698185724926540e-02
1.449999999999999956e+00 1.415698175183106693e-02
1.459999999999999964e+00 1.415698164646965289e-02
1.469999999999999973e+00 1.415698154303098207e-02
1.479999999999999982e+00 1.415698144620298679e-02
1.489999999999999991e+00 1.415698136128547280e-02
1.500000000000000000e+00 1.415698129187191109e-02
1.510000000000000009e+00 1.415698123867557660e-02
1.520000000000000018e+00 1.415698119988694804e-02
1.530000000000000027e+00 1.415698117241791405e-02
1.540000000000000036e+00 1.415698115312321453e-02
1.550000000000000044e+00 1.415698113949324932e-02
1.560000000000000053e+00 1.415698112980687436e-02
1.570000000000000062e+00 1.415698112297047832e-02
1.580000000000000071e+00 1.415698111827099447e-02
1.590000000000000080e+00 1.415698111518005897e-02
1.600000000000000089e+00 1.415698111325500337e-02
1.610000000000000098e+00 1.415698111211883062e-02
1.620000000000000107e+00 1.415698111147417615e-02
1.629999999999999893e+00 1.415698111111281243e-02
1.639999999999999902e+00 1.415698111090636299e-02
1.649999999999999911e+00 1.415698111078400080e-02
1.659999999999999920e+00 1.415698111070911105e-02
1.669999999999999929e+00 1.415698111066250597e-02
1.679999999999999938e+00 1.415698111063319262e-02
1.689999999999999947e+00 1.415698111061430148e-02
1.699999999999999956e+00 1.415698111060145412e-02
1.709999999999999964e+00 1.415698111059199120e-02
1.719999999999999973e+00 1.415698111058443821e-02
1.729999999999999982e+00 1.415698111057802668e-02
1.739999999999999991e+00 1.415698111057232117e-02
1.750000000000000000e+00 1.415698111056693138e-02
1.760000000000000009e+00 1.415698111056143925e-02
1.770000000000000018e+00 1.415698111055549956e-02
1.780000000000000027e+00 1.415698111054904465e-02
1.790000000000000036e+00 1.415698111054235035e-02
1.800000000000000044e+00 1.415698111053593881e-02
1.810000000000000053e+00 1.415698111053030964e-02
1.820000000000000062e+00 1.415698111052576987e-02
1.830000000000000071e+00 1.415698111052236634e-02
1.840000000000000080e+00 1.415698111051994293e-02
1.850000000000000089e+00 1.415698111051827933e-02
1.860000000000000098e+00 1.415698111051716043e-02
1.870000000000000107e+00 1.415698111051641103e-02
1.879999999999999893e+00 1.415698111051590970e-02
1.889999999999999902e+00 1.415698111051557663e-02
1.899999999999999911e+00 1.415698111051535112e-02
1.909999999999999920e+00 1.415698111051520020e-02
1.919999999999999929e+00 1.415698111051509785e-02
1.929999999999999938e+00 1.415698111051502499e-02
1.939999999999999947e+00 1.415698111051497642e-02
1.949999999999999956e+00 1.415698111051494693e-02
1.959999999999999964e+00 1.415698111051493131e-02
1.969999999999999973e+00 1.415698111051492264e-02
1.979999999999999982e+00 1.415698111051492264e-02
1.989999999999999991e+00 1.415698111051491570e-02
2.000000000000000000e+00 1.415698111051491050e-02
2.009999999999999787e+00 1.415698111051489662e-02
2.020000000000000018e+00 1.415698111051487927e-02
2.029999999999999805e+00 1.415698111051486019e-02
2.040000000000000036e+00 1.415698111051483764e-02
2.049999999999999822e+00 1.415698111051481856e-02
2.060000000000000053e+00 1.415698111051480294e-02
2.069999999999999840e+00 1.415698111051479080e-02
2.080000000000000071e+00 1.415698111051478213e-02
2.089999999999999858e+00 1.415698111051477172e-02
2.100000000000000089e+00 1.415698111051476998e-02
2.109999999999999876e+00 1.415698111051476304e-02
2.120000000000000107e+00 1.415698111051475958e-02
2.129999999999999893e+00 1.415698111051475958e-02
2.140000000000000124e+00 1.415698111051475611e-02
2.149999999999999911e+00 1.415698111051475437e-02
2.160000000000000142e+00 1.415698111051475437e-02
2.169999999999999929e+00 1.415698111051475090e-02
2.180000000000000160e+00 1.415698111051475090e-02
2.189999999999999947e+00 1.415698111051474743e-02
2.200000000000000178e+00 1.415698111051474743e-02
2.209999999999999964e+00 1.415698111051474743e-02
2.220000000000000195e+00 1.415698111051474743e-02
2.229999999999999982e+00 1.415698111051474396e-02
2.240000000000000213e+00 1.415698111051474396e-02
2.250000000000000000e+00 1.415698111051474396e-02
2.259999999999999787e+00 1.415698111051474396e-02
2.270000000000000018e+00 1.415698111051474396e-02
2.279999999999999805e+00 1.415698111051474396e-02
2.290000000000000036e+00 1.415698111051474396e-02
2.299999999999999822e+00 1.415698111051474396e-02
2.310000000000000053e+00 1.415698111051474396e-02
2.319999999999999840e+00 1.415698111051474396e-02
2.330000000000000071e+00 1.415698111051474396e-02
2.339999999999999858e+00 1.415698111051474396e-02
2.350000000000000089e+00 1.415698111051474396e-02
2.359999999999999876e+00 1.415698111051474396e-02
2.370000000000000107e+00 1.415698111051474396e-02
2.379999999999999893e+00 1.415698111051474396e-02
2.390000000000000124e+00 1.415698111051474396e-02
2.399999999999999911e+00 1.415698111051474396e-02
2.410000000000000142e+00 1.415698111051474396e-02
2.419999999999999929e+00 1.415698111051474396e-02
2.430000000000000160e+00 1.415698111051474396e-02
2.439999999999999947e+00 1.415698111051474396e-02
2.450000000000000178e+00 1.415698111051474396e-02
2.459999999999999964e+00 1.415698111051474396e-02
2.470000000000000195e+00 1.415698111051474396e-02
2.479999999999999982e+00 1.415698111051474396e-02
2.490000000000000213e+00 1.415698111051474396e-02
2.500000000000000000e+00 1.415698111051474396e-02
2.509999999999999787e+00 1.415698111051474396e-02
2.520000000000000018e+00 1.415698111051474396e-02
2.529999999999999805e+00 1.415698111051474396e-02
2.540000000000000036e+00 1.415698111051474396e-02
2.549999999999999822e+00 1.415698111051474396e-02
2.560000000000000053e+00 1.415698111051474396e-02
2.569999999999999840e+00 1.415698111051474396e-02
2.580000000000000071e+00 1.415698111051474396e-02
2.589999999999999858e+00 1.415698111051474396e-02
2.600000000000000089e+00 1.415698111051474396e-02
2.609999999999999876e+00 1.415698111051474396e-02
2.620000000000000107e+00 1.415698111051474396e-02
2.629999999999999893e+00 1.415698111051474396e-02
2.640000000000000124e+00 1.415698111051474396e-02
2.649999999999999911e+00 1.415698111051474396e-02
2.660000000000000142e+00 1.415698111051474396e-02
2.669999999999999929e+00 1.415698111051474396e-02
2.680000000000000160e+00 1.415698111051474396e-02
2.689999999999999947e+00 1.415698111051474396e-02
2.700000000000000178e+00 1.415698111051474396e-02
2.709999999999999964e+00 1.415698111051474396e-02
2.720000000000000195e+00 1.415698111051474396e-02
2.729999999999999982e+00 1.415698111051474396e-02
2.740000000000000213e+00 1.415698111051474396e-02
2.750000000000000000e+00 1.415698111051474396e-02
2.759999999999999787e+00 1.415698111051474396e-02
2.770000000000000018e+00 1.415698111051474396e-02
2.779999999999999805e+00 1.415698111051474396e-02
2.790000000000000036e+00 1.415698111051474396e-02
2.799999999999999822e+00 1.415698111051474396e-02
2.810000000000000053e+00 1.415698111051474396e-02
2.819999999999999840e+00 1.415698111051474396e-02
2.830000000000000071e+00 1.415698111051474396e-02
2.839999999999999858e+00 1.415698111051474396e-02
2.850000000000000089e+00 1.415698111051474396e-02
2.859999999999999876e+00 1.415698111051474396e-02
2.870000000000000107e+00 1.415698111051474396e-02
2.879999999999999893e+00 1.415698111051474396e-02
2.890000000000000124e+00 1.415698111051474396e-02
2.899999999999999911e+00 1.415698111051474396e-02
2.910000000000000142e+00 1.415698111051474396e-02
2.919999999999999929e+00 1.415698111051474396e-02
2.930000000000000160e+00 1.415698111051474396e-02
2.939999999999999947e+00 1.415698111051474396e-02
2.950000000000000178e+00 1.415698111051474396e-02
2.959999999999999964e+00 1.415698111051474396e-02
2.970000000000000195e+00 1.415698111051474396e-02
2.979999999999999982e+00 1.415698111051474396e-02
2.990000000000000213e+00 1.415698111051474396e-02
3.000000000000000000e+00 1.415698111051474396e-02
3.009999999999999787e+00 1.415698111051474396e-02
3.020000000000000018e+00 1.415698111051474396e-02
3.029999999999999805e+00 1.415698111051474396e-02
3.040000000000000036e+00 1.415698111051474396e-02
3.049999999999999822e+00 1.415698111051474396e-02
3.060000000000000053e+00 1.415698111051474396e-02
3.069999999999999840e+00 1.415698111051474396e-02
3.080000000000000071e+00 1.415698111051474396e-02
3.089999999999999858e+00 1.415698111051474396e-02
3.100000000000000089e+00 1.415698111051474396e-02
3.109999999999999876e+00 1.415698111051474396e-02
3.120000000000000107e+00 1.415698111051474743e-02
3.129999999999999893e+00 1.415698111051474743e-02
3.140000000000000124e+00 1.415698111051474743e-02
3.149999999999999911e+00 1.415698111051474743e-02
3.160000000000000142e+00 1.415698111051474743e-02
3.169999999999999929e+00 1.415698111051475090e-02
3.180000000000000160e+00 1.415698111051475090e-02
3.189999999999999947e+00 1.415698111051475437e-02
3.200000000000000178e+00 1.415698111051475437e-02
3.209999999999999964e+00 1.415698111051475958e-02
3.220000000000000195e+00 1.415698111051476304e-02
3.229999999999999982e+00 1.415698111051476998e-02
3.240000000000000213e+00 1.415698111051477519e-02
3.250000000000000000e+00 1.415698111051478560e-02
3.259999999999999787e+00 1.415698111051479427e-02
3.270000000000000018e+00 1.415698111051480294e-02
3.279999999999999805e+00 1.415698111051480988e-02
3.290000000000000036e+00 1.415698111051481682e-02
3.299999999999999822e+00 1.415698111051481682e-02
3.310000000000000053e+00 1.415698111051481335e-02
3.319999999999999840e+00 1.415698111051480988e-02
3.330000000000000071e+00 1.415698111051480294e-02
3.339999999999999858e+00 1.415698111051479774e-02
3.350000000000000089e+00 1.415698111051478733e-02
3.359999999999999876e+00 1.415698111051478560e-02
3.370000000000000107e+00 1.415698111051477866e-02
3.379999999999999893e+00 1.415698111051477172e-02
3.390000000000000124e+00 1.415698111051476998e-02
3.399999999999999911e+00 1.415698111051476998e-02
3.410000000000000142e+00 1.415698111051476651e-02
3.419999999999999929e+00 1.415698111051476304e-02
3.430000000000000160e+00 1.415698111051476304e-02
3.439999999999999947e+00 1.415698111051475958e-02
3.450000000000000178e+00 1.415698111051475958e-02
3.459999999999999964e+00 1.415698111051475611e-02
3.470000000000000195e+00 1.415698111051475437e-02
3.479999999999999982e+00 1.415698111051475437e-02
3.490000000000000213e+00 1.415698111051475437e-02
3.500000000000000000e+00 1.415698111051475090e-02
3.509999999999999787e+00 1.415698111051475090e-02
3.520000000000000018e+00 1.415698111051475090e-02
3.529999999999999805e+00 1.415698111051475090e-02
3.540000000000000036e+00 1.415698111051475090e-02
3.549999999999999822e+00 1.415698111051475090e-02
3.560000000000000053e+00 1.415698111051474743e-02
3.569999999999999840e+00 1.415698111051474743e-02
3.580000000000000071e+00 1.415698111051474743e-02
3.589999999999999858e+00 1.415698111051474743e-02
3.600000000000000089e+00 1.415698111051474743e-02
3.609999999999999876e+00 1.415698111051474743e-02
3.620000000000000107e+00 1.415698111051474396e-02
3.629999999999999893e+00 1.415698111051474396e-02
3.640000000000000124e+00 1.415698111051474396e-02
3.649999999999999911e+00 1.415698111051474396e-02
3.660000000000000142e+00 1.415698111051474396e-02
3.669999999999999929e+00 1.415698111051474396e-02
3.680000000000000160e+00 1.415698111051474396e-02
3.689999999999999947e+00 1.415698111051474396e-02
3.700000000000000178e+00 1.415698111051474396e-02
3.709999999999999964e+00 1.415698111051474396e-02
3.720000000000000195e+00 1.415698111051474396e-02
3.729999999999999982e+00 1.415698111051474396e-02
3.740000000000000213e+00 1.415698111051474396e-02
3.750000000000000000e+00 1.415698111051474396e-02
3.759999999999999787e+00 1.415698111051474396e-02
3.770000000000000018e+00 1.415698111051474396e-02
3.779999999999999805e+00 1.415698111051474396e-02
3.790000000000000036e+00 1.415698111051474396e-02
3.799999999999999822e+00 1.415698111051474396e-02
3.810000000000000053e+00 1.415698111051474396e-02
3.819999999999999840e+00 1.415698111051474396e-02
3.830000000000000071e+00 1.415698111051474396e-02
3.839999999999999858e+00 1.415698111051474396e-02
3.850000000000000089e+00 1.415698111051474396e-02
3.859999999999999876e+00 1.415698111051474396e-02
3.870000000000000107e+00 1.415698111051474396e-02
3.879999999999999893e+00 1.415698111051474396e-02
3.890000000000000124e+00 1.415698111051474396e-02
3.899999999999999911e+00 1.415698111051474396e-02
3.910000000000000142e+00 1.415698111051474396e-02
3.919999999999999929e+00 1.415698111051474396e-02
3.930000000000000160e+00 1.415698111051474396e-02
3.939999999999999947e+00 1.415698111051474396e-02
3.950000000000000178e+00 1.415698111051474396e-02
3.959999999999999964e+00 1.415698111051474396e-02
3.970000000000000195e+00 1.415698111051474396e-02
3.979999999999999982e+00 1.415698111051474396e-02
3.990000000000000213e+00 1.415698111051474396e-02
4.000000000000000000e+00 1.415698111051474396e-02
4.009999999999999787e+00 1.415698111051474396e-02
4.019999999999999574e+00 1.415698111051474396e-02
4.030000000000000249e+00 1.415698111051474396e-02
4.040000000000000036e+00 1.415698111051474396e-02
4.049999999999999822e+00 1.415698111051474396e-02
4.059999999999999609e+00 1.415698111051474396e-02
4.070000000000000284e+00 1.415698111051474396e-02
4.080000000000000071e+00 1.415698111051474396e-02
4.089999999999999858e+00 1.415698111051474396e-02
4.099999999999999645e+00 1.415698111051474396e-02
4.110000000000000320e+00 1.415698111051474396e-02
4.120000000000000107e+00 1.415698111051474396e-02
4.129999999999999893e+00 1.415698111051474396e-02
4.139999999999999680e+00 1.415698111051474396e-02
4.150000000000000355e+00 1.415698111051474396e-02
4.160000000000000142e+00 1.415698111051474396e-02
4.169999999999999929e+00 1.415698111051474396e-02
4.179999999999999716e+00 1.415698111051474396e-02
4.190000000000000391e+00 1.415698111051474396e-02
4.200000000000000178e+00 1.415698111051474396e-02
4.209999999999999964e+00 1.415698111051474396e-02
4.219999999999999751e+00 1.415698111051474396e-02
4.230000000000000426e+00 1.415698111051474396e-02
4.240000000000000213e+00 1.415698111051474396e-02
4.250000000000000000e+00 1.415698111051474396e-02
4.259999999999999787e+00 1.415698111051474396e-02
4.269999999999999574e+00 1.415698111051474396e-02
4.280000000000000249e+00 1.415698111051474396e-02
4.290000000000000036e+00 1.415698111051474396e-02
4.299999999999999822e+00 1.415698111051474396e-02
4.309999999999999609e+00 1.415698111051474396e-02
4.320000000000000284e+00 1.415698111051474396e-02
4.330000000000000071e+00 1.415698111051474396e-02
4.339999999999999858e+00 1.415698111051474396e-02
4.349999999999999645e+00 1.415698111051474396e-02
4.360000000000000320e+00 1.415698111051474396e-02
4.370000000000000107e+00 1.415698111051474396e-02
4.379999999999999893e+00 1.415698111051474396e-02
4.389999999999999680e+00 1.415698111051474396e-02
4.400000000000000355e+00 1.415698111051474396e-02
4.410000000000000142e+00 1.415698111051474396e-02
4.419999999999999929e+00 1.415698111051474396e-02
4.429999999999999716e+00 1.415698111051474396e-02
4.440000000000000391e+00 1.415698111051474396e-02
4.450000000000000178e+00 1.415698111051474396e-02
4.459999999999999964e+00 1.415698111051474396e-02
4.469999999999999751e+00 1.415698111051474396e-02
4.480000000000000426e+00 1.415698111051474396e-02
4.490000000000000213e+00 1.415698111051474396e-02
4.500000000000000000e+00 1.415698111051474396e-02
4.509999999999999787e+00 1.415698111051474396e-02
4.519999999999999574e+00 1.415698111051474396e-02
4.530000000000000249e+00 1.415698111051474396e-02
4.540000000000000036e+00 1.415698111051474396e-02
4.549999999999999822e+00 1.415698111051474396e-02
4.559999999999999609e+00 1.415698111051474396e-02
4.570000000000000284e+00 1.415698111051474396e-02
4.580000000000000071e+00 1.415698111051474396e-02
4.589999999999999858e+00 1.415698111051474396e-02
4.599999999999999645e+00 1.415698111051474396e-02
4.610000000000000320e+00 1.415698111051474396e-02
4.620000000000000107e+00 1.415698111051474396e-02
4.629999999999999893e+00 1.415698111051474396e-02
4.639999999999999680e+00 1.415698111051474396e-02
4.650000000000000355e+00 1.415698111051474396e-02
4.660000000000000142e+00 1.415698111051474396e-02
4.669999999999999929e+00 1.415698111051474396e-02
4.679999999999999716e+00 1.415698111051474396e-02
4.690000000000000391e+00 1.415698111051474396e-02
4.700000000000000178e+00 1.415698111051474396e-02
4.709999999999999964e+00 1.415698111051474396e-02
4.719999999999999751e+00 1.415698111051474396e-02
4.730000000000000426e+00 1.415698111051474396e-02
4.740000000000000213e+00 1.415698111051474396e-02
4.750000000000000000e+00 1.415698111051474396e-02
4.759999999999999787e+00 1.415698111051474396e-02
4.769999999999999574e+00 1.415698111051474396e-02
4.780000000000000249e+00 1.415698111051474396e-02
4.790000000000000036e+00 1.415698111051474396e-02
4.799999999999999822e+00 1.415698111051474396e-02
4.809999999999999609e+00 1.415698111051474396e-02
4.820000000000000284e+00 1.415698111051474396e-02
4.830000000000000071e+00 1.415698111051474396e-02
4.839999999999999858e+00 1.415698111051474396e-02
4.849999999999999645e+00 1.415698111051474396e-02
4.860000000000000320e+00 1.415698111051474396e-02
4.870000000000000107e+00 1.415698111051474396e-02
4.879999999999999893e+00 1.415698111051474396e-02
4.889999999999999680e+00 1.415698111051474396e-02
4.900000000000000355e+00 1.415698111051474396e-02
4.910000000000000142e+00 1.415698111051474396e-02
4.919999999999999929e+00 1.415698111051474396e-02
4.929999999999999716e+00 1.415698111051474396e-02
4.940000000000000391e+00 1.415698111051474396e-02
4.950000000000000178e+00 1.415698111051474396e-02
4.959999999999999964e+00 1.415698111051474396e-02
4.969999999999999751e+00 1.415698111051474396e-02
4.980000000000000426e+00 1.415698111051474396e-02
4.990000000000000213e+00 1.415698111051474396e-02
5.000000000000000000e+00 1.415698111051474396e-02
5.009999999999999787e+00 1.415698111051474396e-02
5.019999999999999574e+00 1.415698111051474396e-02
5.030000000000000249e+00 1.415698111051474396e-02
5.040000000000000036e+00 1.415698111051474396e-02
5.049999999999999822e+00 1.415698111051474396e-02
5.059999999999999609e+00 1.415698111051474396e-02
5.070000000000000284e+00 1.415698111051474396e-02
5.080000000000000071e+00 1.415698111051474396e-02
5.089999999999999858e+00 1.415698111051474396e-02
5.099999999999999645e+00 1.415698111051474396e-02
5.110000000000000320e+00 1.415698111051474396e-02
5.120000000000000107e+00 1.415698111051474396e-02
5.129999999999999893e+00 1.415698111051474396e-02
5.139999999999999680e+00 1.415698111051474396e-02
5.150000000000000355e+00 1.415698111051474396e-02
5.160000000000000142e+00 1.415698111051474396e-02
5.169999999999999929e+00 1.415698111051474396e-02
5.179999999999999716e+00 1.415698111051474396e-02
5.190000000000000391e+00 1.415698111051474396e-02
5.200000000000000178e+00 1.415698111051474396e-02
5.209999999999999964e+00 1.415698111051474396e-02
5.219999999999999751e+00 1.415698111051474396e-02
5.230000000000000426e+00 1.415698111051474396e-02
5.240000000000000213e+00 1.415698111051474396e-02
5.250000000000000000e+00 1.415698111051474396e-02
5.259999999999999787e+00 1.415698111051474396e-02
5.269999999999999574e+00 1.415698111051474396e-02
5.280000000000000249e+00 1.415698111051474396e-02
5.290000000000000036e+00 1.415698111051474396e-02
5.299999999999999822e+00 1.415698111051474396e-02
5.309999999999999609e+00 1.415698111051474396e-02
5.320000000000000284e+00 1.415698111051474396e-02
5.330000000000000071e+00 1.415698111051474396e-02
5.339999999999999858e+00 1.415698111051474396e-02
5.349999999999999645e+00 1.415698111051474396e-02
5.360000000000000320e+00 1.415698111051474396e-02
5.370000000000000107e+00 1.415698111051474396e-02
5.379999999999999893e+00 1.415698111051474396e-02
5.389999999999999680e+00 1.415698111051474396e-02
5.400000000000000355e+00 1.415698111051474396e-02
5.410000000000000142e+00 1.415698111051474396e-02
5.419999999999999929e+00 1.415698111051474396e-02
5.429999999999999716e+00 1.415698111051474396e-02
5.440000000000000391e+00 1.415698111051474396e-02
5.450000000000000178e+00 1.415698111051474396e-02
5.459999999999999964e+00 1.415698111051474396e-02
5.469999999999999751e+00 1.415698111051474396e-02
5.480000000000000426e+00 1.415698111051474396e-02
5.490000000000000213e+00 1.415698111051474396e-02
5.500000000000000000e+00 1.415698111051474396e-02
5.509999999999999787e+00 1.415698111051474396e-02
5.519999999999999574e+00 1.415698111051474396e-02
5.530000000000000249e+00 1.415698111051474396e-02
5.540000000000000036e+00 1.415698111051474396e-02
5.549999999999999822e+00 1.415698111051474396e-02
5.559999999999999609e+00 1.415698111051474396e-02
5.570000000000000284e+00 1.415698111051474396e-02
5.580000000000000071e+00 1.415698111051474396e-02
5.589999999999999858e+00 1.415698111051474396e-02
5.599999999999999645e+00 1.415698111051474396e-02
5.610000000000000320e+00 1.415698111051474396e-02
5.620000000000000107e+00 1.415698111051474396e-02
5.629999999999999893e+00 1.415698111051474396e-02
5.639999999999999680e+00 1.415698111051474396e-02
5.650000000000000355e+00 1.415698111051474396e-02
5.660000000000000142e+00 1.415698111051474396e-02
5.669999999999999929e+00 1.415698111051474396e-02
5.679999999999999716e+00 1.415698111051474396e-02
5.690000000000000391e+00 1.415698111051474396e-02
5.700000000000000178e+00 1.415698111051474396e-02
5.709999999999999964e+00 1.415698111051474396e-02
5.719999999999999751e+00 1.415698111051474396e-02
5.730000000000000426e+00 1.415698111051474396e-02
5.740000000000000213e+00 1.415698111051474396e-02
5.750000000000000000e+00 1.415698111051474396e-02
5.759999999999999787e+00 1.415698111051474396e-02
5.769999999999999574e+00 1.415698111051474396e-02
5.780000000000000249e+00 1.415698111051474396e-02
5.790000000000000036e+00 1.415698111051474396e-02
5.799999999999999822e+00 1.415698111051474396e-02
5.809999999999999609e+00 1.415698111051474396e-02
5.820000000000000284e+00 1.415698111051474396e-02
5.830000000000000071e+00 1.415698111051474396e-02
5.839999999999999858e+00 1.415698111051474396e-02
5.849999999999999645e+00 1.415698111051474396e-02
5.860000000000000320e+00 1.415698111051474396e-02
5.870000000000000107e+00 1.415698111051474396e-02
5.879999999999999893e+00 1.415698111051474396e-02
5.889999999999999680e+00 1.415698111051474396e-02
5.900000000000000355e+00 1.415698111051474396e-02
5.910000000000000142e+00 1.415698111051474396e-02
5.919999999999999929e+00 1.415698111051474396e-02
5.929999999999999716e+00 1.415698111051474396e-02
5.940000000000000391e+00 1.415698111051474396e-02
5.950000000000000178e+00 1.415698111051474396e-02
5.959999999999999964e+00 1.415698111051474396e-02
5.969999999999999751e+00 1.415698111051474396e-02
5.980000000000000426e+00 1.415698111051474396e-02
5.990000000000000213e+00 1.415698111051474396e-02
6.000000000000000000e+00 1.415698111051474396e-02
6.200000000000000178e+00 1.415698111051474396e-02
6.400000000000000355e+00 1.415698111051474396e-02
6.599999999999999645e+00 1.415698111051474396e-02
6.799999999999999822e+00 1.415698111051474396e-02
7.000000000000000000e+00 0.000000000000000000e+00
