0.000000000000000000e+00 0.000000000000000000e+00
1.000000000000000021e-02 1.683738335907483674e-02
2.000000000000000042e-02 1.683738336028422350e-02
2.999999999999999889e-02 1.683738336201284422e-02
4.000000000000000083e-02 1.683738336458811061e-02
5.000000000000000278e-02 1.683738336901545105e-02
5.999999999999999778e-02 1.683738337753187472e-02
7.000000000000000666e-02 1.683738339364616171e-02
8.000000000000000167e-02 1.683738342083708484e-02
8.999999999999999667e-02 1.683738345979232318e-02
1.000000000000000056e-01 1.683738350569491393e-02
1.100000000000000006e-01 1.683738354816273139e-02
1.199999999999999956e-01 1.683738357530650820e-02
1.300000000000000044e-01 1.683738358036624555e-02
1.400000000000000133e-01 1.683738356728599686e-02
1.499999999999999944e-01 1.683738355269235112e-02
1.600000000000000033e-01 1.683738356517536575e-02
1.700000000000000122e-01 1.683738364488631886e-02
1.799999999999999933e-01 1.683738384420569584e-02
1.900000000000000022e-01 1.683738422701103882e-02
2.000000000000000111e-01 1.683738487291004324e-02
2.099999999999999922e-01 1.683738591977087390e-02
2.200000000000000011e-01 1.683738768468734728e-02
2.300000000000000100e-01 1.683739081293619821e-02
2.399999999999999911e-01 1.683739622643036157e-02
2.500000000000000000e-01 1.683740461216599177e-02
2.600000000000000089e-01 1.683741558240382796e-02
2.700000000000000178e-01 1.683742723176090417e-02
2.800000000000000266e-01 1.683743680053785205e-02
2.899999999999999800e-01 1.683744215028438670e-02
2.999999999999999889e-01 1.683744278595073612e-02
3.099999999999999978e-01 1.683743957895795715e-02
3.200000000000000067e-01 1.683743377774348307e-02
3.300000000000000155e-01 1.683742649177360357e-02
3.400000000000000244e-01 1.683741891738502541e-02
3.499999999999999778e-01 1.683741254233581119e-02
3.599999999999999867e-01 1.683740874818800970e-02
3.699999999999999956e-01 1.683740812859170835e-02
3.800000000000000044e-01 1.683741019762528476e-02
3.900000000000000133e-01 1.683741371848557211e-02
4.000000000000000222e-01 1.683741734025176115e-02
4.099999999999999756e-01 1.683742010284705604e-02
4.199999999999999845e-01 1.683742157762217750e-02
4.299999999999999933e-01 1.683742168861991281e-02
4.400000000000000022e-01 1.683742044553693945e-02
4.500000000000000111e-01 1.683741782816793042e-02
4.600000000000000200e-01 1.683741388940513187e-02
4.699999999999999734e-01 1.683740892734732902e-02
4.799999999999999822e-01 1.683740351470552205e-02
4.899999999999999911e-01 1.683739832186211330e-02
5.000000000000000000e-01 1.683739386825104656e-02
5.100000000000000089e-01 1.683739038428255091e-02
5.200000000000000178e-01 1.683738784351736933e-02
5.300000000000000266e-01 1.683738608608597101e-02
5.400000000000000355e-01 1.683738492637228829e-02
5.500000000000000444e-01 1.683738420140426170e-02
5.600000000000000533e-01 1.683738377821088900e-02
5.699999999999999512e-01 1.683738355077401758e-02
5.799999999999999600e-01 1.683738343926891035e-02
5.899999999999999689e-01 1.683738338952568692e-02
5.999999999999999778e-01 1.683738336924249512e-02
6.099999999999999867e-01 1.683738336159056048e-02
6.199999999999999956e-01 1.683738335886403661e-02
6.300000000000000044e-01 1.683738335791959417e-02
6.400000000000000133e-01 1.683738335759115898e-02
6.500000000000000222e-01 1.683738335747363493e-02
6.600000000000000311e-01 1.683738335743005868e-02
6.700000000000000400e-01 1.683738335741349207e-02
6.800000000000000488e-01 1.683738335740714992e-02
6.899999999999999467e-01 1.683738335740474906e-02
6.999999999999999556e-01 1.683738335740386782e-02
7.099999999999999645e-01 1.683738335740355210e-02
7.199999999999999734e-01 1.683738335740344455e-02
7.299999999999999822e-01 1.683738335740340986e-02
7.399999999999999911e-01 1.683738335740339598e-02
7.500000000000000000e-01 1.683738335740339598e-02
7.600000000000000089e-01 1.683738335740339251e-02
7.700000000000000178e-01 1.683738335740339251e-02
7.800000000000000266e-01 1.683738335740339251e-02
7.900000000000000355e-01 1.683738335740339251e-02
8.000000000000000444e-01 1.683738335740339251e-02
8.100000000000000533e-01 1.683738335740339251e-02
8.199999999999999512e-01 1.683738335740339251e-02
8.299999999999999600e-01 1.683738335740339251e-02
8.399999999999999689e-01 1.683738335740339251e-02
8.499999999999999778e-01 1.683738335740339251e-02
8.599999999999999867e-01 1.683738335740339251e-02
8.699999999999999956e-01 1.683738335740339251e-02
8.800000000000000044e-01 1.683738335740339251e-02
8.900000000000000133e-01 1.683738335740339251e-02
9.000000000000000222e-01 1.683738335740339251e-02
9.100000000000000311e-01 1.683738335740339251e-02
9.200000000000000400e-01 1.683738335740339251e-02
9.300000000000000488e-01 1.683738335740339251e-02
9.399999999999999467e-01 1.683738335740339251e-02
9.499999999999999556e-01 1.683738335740339251e-02
9.599999999999999645e-01 1.683738335740339251e-02
9.699999999999999734e-01 1.683738335740339251e-02
9.799999999999999822e-01 1.683738335740339251e-02
9.899999999999999911e-01 1.683738335740339251e-02
1.000000000000000000e+00 1.683738335740339251e-02
1.010000000000000009e+00 1.683738335740339251e-02
1.020000000000000018e+00 1.683738335740339251e-02
1.030000000000000027e+00 1.683738335740339251e-02
1.040000000000000036e+00 1.683738335740339251e-02
1.050000000000000044e+00 1.683738335740339251e-02
1.060000000000000053e+00 1.683738335740339251e-02
1.070000000000000062e+00 1.683738335740339251e-02
1.080000000000000071e+00 1.683738335740339251e-02
1.090000000000000080e+00 1.683738335740339251e-02
1.100000000000000089e+00 1.683738335740339251e-02
1.110000000000000098e+00 1.683738335740339251e-02
1.120000000000000107e+00 1.683738335740339251e-02
1.129999999999999893e+00 1.683738335740339251e-02
1.139999999999999902e+00 1.683738335740339251e-02
1.149999999999999911e+00 1.683738335740339251e-02
1.159999999999999920e+00 1.683738335740339251e-02
1.169999999999999929e+00 1.683738335740339251e-02
1.179999999999999938e+00 1.683738335740339251e-02
1.189999999999999947e+00 1.683738335740339251e-02
1.199999999999999956e+00 1.683738335740339251e-02
1.209999999999999964e+00 1.683738335740339251e-02
1.219999999999999973e+00 1.683738335740339251e-02
1.229999999999999982e+00 1.683738335740339251e-02
1.239999999999999991e+00 1.683738335740339251e-02
1.250000000000000000e+00 1.683738335740339251e-02
1.260000000000000009e+00 1.683738335740339251e-02
1.270000000000000018e+00 1.683738335740339251e-02
1.280000000000000027e+00 1.683738335740339251e-02
1.290000000000000036e+00 1.683738335740339251e-02
1.300000000000000044e+00 1.683738335740339251e-02
1.310000000000000053e+00 1.683738335740339251e-02
1.320000000000000062e+00 1.683738335740339251e-02
1.330000000000000071e+00 1.683738335740339251e-02
1.340000000000000080e+00 1.683738335740339251e-02
1.350000000000000089e+00 1.683738335740339251e-02
1.360000000000000098e+00 1.683738335740339251e-02
1.370000000000000107e+00 1.683738335740339251e-02
1.379999999999999893e+00 1.683738335740339251e-02
1.389999999999999902e+00 1.683738335740339251e-02
1.399999999999999911e+00 1.683738335740339251e-02
1.409999999999999920e+00 1.683738335740339251e-02
1.419999999999999929e+00 1.683738335740339251e-02
1.429999999999999938e+00 1.683738335740339251e-02
1.439999999999999947e+00 1.683738335740339251e-02
1.449999999999999956e+00 1.683738335740339251e-02
1.459999999999999964e+00 1.683738335740339251e-02
1.469999999999999973e+00 1.683738335740339251e-02
1.479999999999999982e+00 1.683738335740339251e-02
1.489999999999999991e+00 1.683738335740339251e-02
1.500000000000000000e+00 1.683738335740339251e-02
1.510000000000000009e+00 1.683738335740339251e-02
1.520000000000000018e+00 1.683738335740339251e-02
1.530000000000000027e+00 1.683738335740339251e-02
1.540000000000000036e+00 1.683738335740339251e-02
1.550000000000000044e+00 1.683738335740339251e-02
1.560000000000000053e+00 1.683738335740339251e-02
1.570000000000000062e+00 1.683738335740339251e-02
1.580000000000000071e+00 1.683738335740339251e-02
1.590000000000000080e+00 1.683738335740339251e-02
1.600000000000000089e+00 1.683738335740339251e-02
1.610000000000000098e+00 1.683738335740339251e-02
1.620000000000000107e+00 1.683738335740339251e-02
1.629999999999999893e+00 1.683738335740339251e-02
1.639999999999999902e+00 1.683738335740339251e-02
1.649999999999999911e+00 1.683738335740339251e-02
1.659999999999999920e+00 1.683738335740339251e-02
1.669999999999999929e+00 1.683738335740339251e-02
1.679999999999999938e+00 1.683738335740339251e-02
1.689999999999999947e+00 1.683738335740339251e-02
1.699999999999999956e+00 1.683738335740339251e-02
1.709999999999999964e+00 1.683738335740339251e-02
1.719999999999999973e+00 1.683738335740339251e-02
1.729999999999999982e+00 1.683738335740339251e-02
1.739999999999999991e+00 1.683738335740339251e-02
1.750000000000000000e+00 1.683738335740339251e-02
1.760000000000000009e+00 1.683738335740339251e-02
1.770000000000000018e+00 1.683738335740339251e-02
1.780000000000000027e+00 1.683738335740339251e-02
1.790000000000000036e+00 1.683738335740339251e-02
1.800000000000000044e+00 1.683738335740339251e-02
1.810000000000000053e+00 1.683738335740339251e-02
1.820000000000000062e+00 1.683738335740339251e-02
1.830000000000000071e+00 1.683738335740339251e-02
1.840000000000000080e+00 1.683738335740339251e-02
1.850000000000000089e+00 1.683738335740339251e-02
1.860000000000000098e+00 1.683738335740339251e-02
1.870000000000000107e+00 1.683738335740339251e-02
1.879999999999999893e+00 1.683738335740339251e-02
1.889999999999999902e+00 1.683738335740339251e-02
1.899999999999999911e+00 1.683738335740339251e-02
1.909999999999999920e+00 1.683738335740339251e-02
1.919999999999999929e+00 1.683738335740339251e-02
1.929999999999999938e+00 1.683738335740339251e-02
1.939999999999999947e+00 1.683738335740339251e-02
1.949999999999999956e+00 1.683738335740339251e-02
1.959999999999999964e+00 1.683738335740339251e-02
1.969999999999999973e+00 1.683738335740339251e-02
1.979999999999999982e+00 1.683738335740339251e-02
1.989999999999999991e+00 1.683738335740339251e-02
2.000000000000000000e+00 1.683738335740339251e-02
2.009999999999999787e+00 1.683738335740339251e-02
2.020000000000000018e+00 1.683738335740339251e-02
2.029999999999999805e+00 1.683738335740339251e-02
2.040000000000000036e+00 1.683738335740339251e-02
2.049999999999999822e+00 1.683738335740339251e-02
2.060000000000000053e+00 1.683738335740339251e-02
2.069999999999999840e+00 1.683738335740339251e-02
2.080000000000000071e+00 1.683738335740339251e-02
2.089999999999999858e+00 1.683738335740339251e-02
2.100000000000000089e+00 1.683738335740339251e-02
2.109999999999999876e+00 1.683738335740339251e-02
2.120000000000000107e+00 1.683738335740339251e-02
2.129999999999999893e+00 1.683738335740339251e-02
2.140000000000000124e+00 1.683738335740339251e-02
2.149999999999999911e+00 1.683738335740339251e-02
2.160000000000000142e+00 1.683738335740339251e-02
2.169999999999999929e+00 1.683738335740339251e-02
2.180000000000000160e+00 1.683738335740339251e-02
2.189999999999999947e+00 1.683738335740339251e-02
2.200000000000000178e+00 1.683738335740339251e-02
2.209999999999999964e+00 1.683738335740339251e-02
2.220000000000000195e+00 1.683738335740339251e-02
2.229999999999999982e+00 1.683738335740339251e-02
2.240000000000000213e+00 1.683738335740339251e-02
2.250000000000000000e+00 1.683738335740339251e-02
2.259999999999999787e+00 1.683738335740339251e-02
2.270000000000000018e+00 1.683738335740339251e-02
2.279999999999999805e+00 1.683738335740339251e-02
2.290000000000000036e+00 1.683738335740339251e-02
2.299999999999999822e+00 1.683738335740339251e-02
2.310000000000000053e+00 1.683738335740339251e-02
2.319999999999999840e+00 1.683738335740339251e-02
2.330000000000000071e+00 1.683738335740339251e-02
2.339999999999999858e+00 1.683738335740339251e-02
2.350000000000000089e+00 1.683738335740339598e-02
2.359999999999999876e+00 1.683738335740339598e-02
2.370000000000000107e+00 1.683738335740340292e-02
2.379999999999999893e+00 1.683738335740341333e-02
2.390000000000000124e+00 1.683738335740343414e-02
2.399999999999999911e+00 1.683738335740346884e-02
2.410000000000000142e+00 1.683738335740352435e-02
2.419999999999999929e+00 1.683738335740361108e-02
2.430000000000000160e+00 1.683738335740374639e-02
2.439999999999999947e+00 1.683738335740394415e-02
2.450000000000000178e+00 1.683738335740420436e-02
2.459999999999999964e+00 1.683738335740451314e-02
2.470000000000000195e+00 1.683738335740481151e-02
2.479999999999999982e+00 1.683738335740503703e-02
2.490000000000000213e+00 1.683738335740512376e-02
2.500000000000000000e+00 1.683738335740506825e-02
2.509999999999999787e+00 1.683738335740491907e-02
2.520000000000000018e+00 1.683738335740478029e-02
2.529999999999999805e+00 1.683738335740481845e-02
2.540000000000000036e+00 1.683738335740524172e-02
2.549999999999999822e+00 1.683738335740639011e-02
2.560000000000000053e+00 1.683738335740882219e-02
2.569999999999999840e+00 1.683738335741347819e-02
2.580000000000000071e+00 1.683738335742181874e-02
2.589999999999999858e+00 1.683738335743604347e-02
2.600000000000000089e+00 1.683738335745944836e-02
2.609999999999999876e+00 1.683738335749723064e-02
2.620000000000000107e+00 1.683738335755794249e-02
2.629999999999999893e+00 1.683738335765547559e-02
2.640000000000000124e+00 1.683738335781136478e-02
2.649999999999999911e+00 1.683738335805814307e-02
2.660000000000000142e+00 1.683738335844742195e-02
2.669999999999999929e+00 1.683738335907165526e-02
2.680000000000000160e+00 1.683738336011680881e-02
2.689999999999999947e+00 1.683738336197987753e-02
2.700000000000000178e+00 1.683738336551714176e-02
2.709999999999999964e+00 1.683738337253571152e-02
2.720000000000000195e+00 1.683738338667799608e-02
2.729999999999999982e+00 1.683738341484536383e-02
2.740000000000000213e+00 1.683738346928885868e-02
2.750000000000000000e+00 1.683738357056658794e-02
2.759999999999999787e+00 1.683738375177807473e-02
2.770000000000000018e+00 1.683738406477595581e-02
2.779999999999999805e+00 1.683738458969280191e-02
2.790000000000000036e+00 1.683738545117310220e-02
2.799999999999999822e+00 1.683738684884272113e-02
2.810000000000000053e+00 1.683738911260569335e-02
2.819999999999999840e+00 1.683739278715199600e-02
2.830000000000000071e+00 1.683739873188654784e-02
2.839999999999999858e+00 1.683740821446943689e-02
2.850000000000000089e+00 1.683742301807941710e-02
2.859999999999999876e+00 1.683744567038695031e-02
2.870000000000000107e+00 1.683747994600324691e-02
2.879999999999999893e+00 1.683753171378313609e-02
2.890000000000000124e+00 1.683761007549328809e-02
2.899999999999999911e+00 1.683772872662797626e-02
2.910000000000000142e+00 1.683790743011121319e-02
2.919999999999999929e+00 1.683817289091786226e-02
2.930000000000000160e+00 1.683855699969218772e-02
2.939999999999999947e+00 1.683908988072724960e-02
2.950000000000000178e+00 1.683978793215100758e-02
2.959999999999999964e+00 1.684064251265888004e-02
2.970000000000000195e+00 1.684161716466270331e-02
2.979999999999999982e+00 1.684265545886140872e-02
2.990000000000000213e+00 1.684369290376412989e-02
3.000000000000000000e+00 1.684466569355047919e-02
3.009999999999999787e+00 1.684551835597845534e-02
3.020000000000000018e+00 1.684622218182960443e-02
3.029999999999999805e+00 1.684681834216554888e-02
3.040000000000000036e+00 1.684749371105626059e-02
3.049999999999999822e+00 1.684868651202443141e-02
3.060000000000000053e+00 1.685120697188611724e-02
3.069999999999999840e+00 1.685635573737501863e-02
3.080000000000000071e+00 1.686604125571068355e-02
3.089999999999999858e+00 1.688292861356322991e-02
3.100000000000000089e+00 1.691067176815259226e-02
3.109999999999999876e+00 1.695429696368645767e-02
3.120000000000000107e+00 1.702089180066320567e-02
3.129999999999999893e+00 1.712096123672646186e-02
3.140000000000000124e+00 1.727098034603638879e-02
3.149999999999999911e+00 1.749746005239306845e-02
3.160000000000000142e+00 1.784215920459872318e-02
3.169999999999999929e+00 1.836743491271234860e-02
3.180000000000000160e+00 1.916069753109272272e-02
3.189999999999999947e+00 2.033756586602393154e-02
3.200000000000000178e+00 2.204541411984535168e-02
3.209999999999999964e+00 2.447617402703503031e-02
3.220000000000000195e+00 2.791234156235598840e-02
3.229999999999999982e+00 3.284265640856542240e-02
3.240000000000000213e+00 4.016310790845948470e-02
3.250000000000000000e+00 5.140141513869573436e-02
3.259999999999999787e+00 6.880757582450547361e-02
3.270000000000000018e+00 9.513855539443537290e-02
3.279999999999999805e+00 1.330829326539035018e-01
3.290000000000000036e+00 1.844392364018964392e-01
3.299999999999999822e+00 2.492600842380179316e-01
3.310000000000000053e+00 3.252069982169369933e-01
3.319999999999999840e+00 4.074260230444085584e-01
3.330000000000000071e+00 4.893349499928093538e-01
3.339999999999999858e+00 5.645605289499262547e-01
3.350000000000000089e+00 6.296275963519910590e-01
3.359999999999999876e+00 6.861554507676725922e-01
3.370000000000000107e+00 7.411822366065946577e-01
3.379999999999999893e+00 8.053909359584454641e-01
3.390000000000000124e+00 8.905861264496337526e-01
3.399999999999999911e+00 1.008233479644506936e+00
3.410000000000000142e+00 1.169909608704993387e+00
3.419999999999999929e+00 1.389111756357556793e+00
3.430000000000000160e+00 1.682723910830073333e+00
3.439999999999999947e+00 2.069674252500667944e+00
3.450000000000000178e+00 2.564851578536026189e+00
3.459999999999999964e+00 3.169212864209348002e+00
3.470000000000000195e+00 3.860741848568056689e+00
3.479999999999999982e+00 4.591766033744452358e+00
3.490000000000000213e+00 5.294634570334385337e+00
3.500000000000000000e+00 5.893182257219823583e+00
3.509999999999999787e+00 6.315805545651294928e+00
3.520000000000000018e+00 6.507369268531018491e+00
3.529999999999999805e+00 6.438616692251571294e+00
3.540000000000000036e+00 6.111790498892000656e+00
3.549999999999999822e+00 5.560978244135474924e+00
3.560000000000000053e+00 4.846582794152157980e+00
3.569999999999999840e+00 4.044840096905173432e+00
3.580000000000000071e+00 3.234425349458755594e+00
3.589999999999999858e+00 2.482923129637101933e+00
3.600000000000000089e+00 1.836552957634626893e+00
3.609999999999999876e+00 1.316137625355710439e+00
3.620000000000000107e+00 9.200288377476232293e-01
3.629999999999999893e+00 6.317398400596345720e-01
3.640000000000000124e+00 4.285836091261662761e-01
3.649999999999999911e+00 2.883591684848263448e-01
3.660000000000000142e+00 1.929053104078725100e-01
3.669999999999999929e+00 1.288608147308971663e-01
3.680000000000000160e+00 8.678226551675961853e-02
3.689999999999999947e+00 5.987529297280669294e-02
3.700000000000000178e+00 4.311357913477136677e-02
3.709999999999999964e+00 3.283879633882829524e-02
3.720000000000000195e+00 2.655485753250081890e-02
3.729999999999999982e+00 2.268789561325578949e-02
3.740000000000000213e+00 2.029851020853980920e-02
3.750000000000000000e+00 1.883058601625835909e-02
3.759999999999999787e+00 1.794475856829255353e-02
3.770000000000000018e+00 1.742597639537132176e-02
3.779999999999999805e+00 1.713470525421298060e-02
3.790000000000000036e+00 1.697976439021139233e-02
3.799999999999999822e+00 1.690231748748786608e-02
3.810000000000000053e+00 1.686595250033414914e-02
3.819999999999999840e+00 1.684973373728941223e-02
3.830000000000000071e+00 1.684271216712638145e-02
3.839999999999999858e+00 1.683968883228509697e-02
3.850000000000000089e+00 1.683837587307895206e-02
3.859999999999999876e+00 1.683780261270725540e-02
3.870000000000000107e+00 1.683755468489732052e-02
3.879999999999999893e+00 1.683745027376078868e-02
3.890000000000000124e+00 1.683740808756219176e-02
3.899999999999999911e+00 1.683739193988339003e-02
3.910000000000000142e+00 1.683738614591051910e-02
3.919999999999999929e+00 1.683738420970836563e-02
3.930000000000000160e+00 1.683738360623960109e-02
3.939999999999999947e+00 1.683738342848219507e-02
3.950000000000000178e+00 1.683738337773216936e-02
3.959999999999999964e+00 1.683738336327716273e-02
3.970000000000000195e+00 1.683738335910182904e-02
3.979999999999999982e+00 1.683738335788551033e-02
3.990000000000000213e+00 1.683738335753523496e-02
4.000000000000000000e+00 1.683738335743761166e-02
4.009999999999999787e+00 1.683738335741171571e-02
4.019999999999999574e+00 1.683738335740526601e-02
4.030000000000000249e+00 1.683738335740377762e-02
4.040000000000000036e+00 1.683738335740346190e-02
4.049999999999999822e+00 1.683738335740340292e-02
4.059999999999999609e+00 1.683738335740339598e-02
4.070000000000000284e+00 1.683738335740339251e-02
4.080000000000000071e+00 1.683738335740339251e-02
4.089999999999999858e+00 1.683738335740339251e-02
4.099999999999999645e+00 1.683738335740339251e-02
4.110000000000000320e+00 1.683738335740339251e-02
4.120000000000000107e+00 1.683738335740339251e-02
4.129999999999999893e+00 1.683738335740339251e-02
4.139999999999999680e+00 1.683738335740339251e-02
4.150000000000000355e+00 1.683738335740339251e-02
4.160000000000000142e+00 1.683738335740339251e-02
4.169999999999999929e+00 1.683738335740339251e-02
4.179999999999999716e+00 1.683738335740339251e-02
4.190000000000000391e+00 1.683738335740339251e-02
4.200000000000000178e+00 1.683738335740339251e-02
4.209999999999999964e+00 1.683738335740339251e-02
4.219999999999999751e+00 1.683738335740339251e-02
4.230000000000000426e+00 1.683738335740339251e-02
4.240000000000000213e+00 1.683738335740339251e-02
4.250000000000000000e+00 1.683738335740339251e-02
4.259999999999999787e+00 1.683738335740339251e-02
4.269999999999999574e+00 1.683738335740339251e-02
4.280000000000000249e+00 1.683738335740339251e-02
4.290000000000000036e+00 1.683738335740339251e-02
4.299999999999999822e+00 1.683738335740339251e-02
4.309999999999999609e+00 1.683738335740339251e-02
4.320000000000000284e+00 1.683738335740339251e-02
4.330000000000000071e+00 1.683738335740339251e-02
4.339999999999999858e+00 1.683738335740339251e-02
4.349999999999999645e+00 1.683738335740339251e-02
4.360000000000000320e+00 1.683738335740339251e-02
4.370000000000000107e+00 1.683738335740339251e-02
4.379999999999999893e+00 1.683738335740339251e-02
4.389999999999999680e+00 1.683738335740339251e-02
4.400000000000000355e+00 1.683738335740339251e-02
4.410000000000000142e+00 1.683738335740339251e-02
4.419999999999999929e+00 1.683738335740339251e-02
4.429999999999999716e+00 1.683738335740339251e-02
4.440000000000000391e+00 1.683738335740339251e-02
4.450000000000000178e+00 1.683738335740339251e-02
4.459999999999999964e+00 1.683738335740339251e-02
4.469999999999999751e+00 1.683738335740339251e-02
4.480000000000000426e+00 1.683738335740339251e-02
4.490000000000000213e+00 1.683738335740339251e-02
4.500000000000000000e+00 1.683738335740339251e-02
4.509999999999999787e+00 1.683738335740339251e-02
4.519999999999999574e+00 1.683738335740339251e-02
4.530000000000000249e+00 1.683738335740339251e-02
4.540000000000000036e+00 1.683738335740339251e-02
4.549999999999999822e+00 1.683738335740339251e-02
4.559999999999999609e+00 1.683738335740339251e-02
4.570000000000000284e+00 1.683738335740339251e-02
4.580000000000000071e+00 1.683738335740339251e-02
4.589999999999999858e+00 1.683738335740339251e-02
4.599999999999999645e+00 1.683738335740339251e-02
4.610000000000000320e+00 1.683738335740339251e-02
4.620000000000000107e+00 1.683738335740339251e-02
4.629999999999999893e+00 1.683738335740339251e-02
4.639999999999999680e+00 1.683738335740339251e-02
4.650000000000000355e+00 1.683738335740339251e-02
4.660000000000000142e+00 1.683738335740339251e-02
4.669999999999999929e+00 1.683738335740339251e-02
4.679999999999999716e+00 1.683738335740339251e-02
4.690000000000000391e+00 1.683738335740339251e-02
4.700000000000000178e+00 1.683738335740339251e-02
4.709999999999999964e+00 1.683738335740339251e-02
4.719999999999999751e+00 1.683738335740339251e-02
4.730000000000000426e+00 1.683738335740339251e-02
4.740000000000000213e+00 1.683738335740339251e-02
4.750000000000000000e+00 1.683738335740339251e-02
4.759999999999999787e+00 1.683738335740339251e-02
4.769999999999999574e+00 1.683738335740339251e-02
4.780000000000000249e+00 1.683738335740339251e-02
4.790000000000000036e+00 1.683738335740339251e-02
4.799999999999999822e+00 1.683738335740339251e-02
4.809999999999999609e+00 1.683738335740339251e-02
4.820000000000000284e+00 1.683738335740339251e-02
4.830000000000000071e+00 1.683738335740339251e-02
4.839999999999999858e+00 1.683738335740339251e-02
4.849999999999999645e+00 1.683738335740339251e-02
4.860000000000000320e+00 1.683738335740339251e-02
4.870000000000000107e+00 1.683738335740339251e-02
4.879999999999999893e+00 1.683738335740339251e-02
4.889999999999999680e+00 1.683738335740339251e-02
4.900000000000000355e+00 1.683738335740339251e-02
4.910000000000000142e+00 1.683738335740339251e-02
4.919999999999999929e+00 1.683738335740339251e-02
4.929999999999999716e+00 1.683738335740339251e-02
4.940000000000000391e+00 1.683738335740339251e-02
4.950000000000000178e+00 1.683738335740339251e-02
4.959999999999999964e+00 1.683738335740339251e-02
4.969999999999999751e+00 1.683738335740339251e-02
4.980000000000000426e+00 1.683738335740339251e-02
4.990000000000000213e+00 1.683738335740339251e-02
5.000000000000000000e+00 1.683738335740339251e-02
5.009999999999999787e+00 1.683738335740339251e-02
5.019999999999999574e+00 1.683738335740339251e-02
5.030000000000000249e+00 1.683738335740339251e-02
5.040000000000000036e+00 1.683738335740339251e-02
5.049999999999999822e+00 1.683738335740339251e-02
5.059999999999999609e+00 1.683738335740339251e-02
5.070000000000000284e+00 1.683738335740339251e-02
5.080000000000000071e+00 1.683738335740339251e-02
5.089999999999999858e+00 1.683738335740339251e-02
5.099999999999999645e+00 1.683738335740339251e-02
5.110000000000000320e+00 1.683738335740339251e-02
5.120000000000000107e+00 1.683738335740339251e-02
5.129999999999999893e+00 1.683738335740339251e-02
5.139999999999999680e+00 1.683738335740339251e-02
5.150000000000000355e+00 1.683738335740339251e-02
5.160000000000000142e+00 1.683738335740339251e-02
5.169999999999999929e+00 1.683738335740339251e-02
5.179999999999999716e+00 1.683738335740339251e-02
5.190000000000000391e+00 1.683738335740339251e-02
5.200000000000000178e+00 1.683738335740339251e-02
5.209999999999999964e+00 1.683738335740339251e-02
5.219999999999999751e+00 1.683738335740339251e-02
5.230000000000000426e+00 1.683738335740339251e-02
5.240000000000000213e+00 1.683738335740339251e-02
5.250000000000000000e+00 1.683738335740339251e-02
5.259999999999999787e+00 1.683738335740339251e-02
5.269999999999999574e+00 1.683738335740339251e-02
5.280000000000000249e+00 1.683738335740339251e-02
5.290000000000000036e+00 1.683738335740339251e-02
5.299999999999999822e+00 1.683738335740339251e-02
5.309999999999999609e+00 1.683738335740339251e-02
5.320000000000000284e+00 1.683738335740339251e-02
5.330000000000000071e+00 1.683738335740339251e-02
5.339999999999999858e+00 1.683738335740339251e-02
5.349999999999999645e+00 1.683738335740339251e-02
5.360000000000000320e+00 1.683738335740339251e-02
5.370000000000000107e+00 1.683738335740339251e-02
5.379999999999999893e+00 1.683738335740339251e-02
5.389999999999999680e+00 1.683738335740339251e-02
5.400000000000000355e+00 1.683738335740339251e-02
5.410000000000000142e+00 1.683738335740339251e-02
5.419999999999999929e+00 1.683738335740339251e-02
5.429999999999999716e+00 1.683738335740339251e-02
5.440000000000000391e+00 1.683738335740339251e-02
5.450000000000000178e+00 1.683738335740339251e-02
5.459999999999999964e+00 1.683738335740339251e-02
5.469999999999999751e+00 1.683738335740339251e-02
5.480000000000000426e+00 1.683738335740339251e-02
5.490000000000000213e+00 1.683738335740339251e-02
5.500000000000000000e+00 1.683738335740339251e-02
5.509999999999999787e+00 1.683738335740339251e-02
5.519999999999999574e+00 1.683738335740339251e-02
5.530000000000000249e+00 1.683738335740339251e-02
5.540000000000000036e+00 1.683738335740339251e-02
5.549999999999999822e+00 1.683738335740339251e-02
5.559999999999999609e+00 1.683738335740339251e-02
5.570000000000000284e+00 1.683738335740339251e-02
5.580000000000000071e+00 1.683738335740339251e-02
5.589999999999999858e+00 1.683738335740339251e-02
5.599999999999999645e+00 1.683738335740339251e-02
5.610000000000000320e+00 1.683738335740339251e-02
5.620000000000000107e+00 1.683738335740339251e-02
5.629999999999999893e+00 1.683738335740339251e-02
5.639999999999999680e+00 1.683738335740339251e-02
5.650000000000000355e+00 1.683738335740339251e-02
5.660000000000000142e+00 1.683738335740339251e-02
5.669999999999999929e+00 1.683738335740339251e-02
5.679999999999999716e+00 1.683738335740339251e-02
5.690000000000000391e+00 1.683738335740339251e-02
5.700000000000000178e+00 1.683738335740339251e-02
5.709999999999999964e+00 1.683738335740339251e-02
5.719999999999999751e+00 1.683738335740339251e-02
5.730000000000000426e+00 1.683738335740339251e-02
5.740000000000000213e+00 1.683738335740339251e-02
5.750000000000000000e+00 1.683738335740339251e-02
5.759999999999999787e+00 1.683738335740339251e-02
5.769999999999999574e+00 1.683738335740339251e-02
5.780000000000000249e+00 1.683738335740339251e-02
5.790000000000000036e+00 1.683738335740339251e-02
5.799999999999999822e+00 1.683738335740339251e-02
5.809999999999999609e+00 1.683738335740339251e-02
5.820000000000000284e+00 1.683738335740339251e-02
5.830000000000000071e+00 1.683738335740339251e-02
5.839999999999999858e+00 1.683738335740339251e-02
5.849999999999999645e+00 1.683738335740339251e-02
5.860000000000000320e+00 1.683738335740339251e-02
5.870000000000000107e+00 1.683738335740339251e-02
5.879999999999999893e+00 1.683738335740339251e-02
5.889999999999999680e+00 1.683738335740339251e-02
5.900000000000000355e+00 1.683738335740339251e-02
5.910000000000000142e+00 1.683738335740339251e-02
5.919999999999999929e+00 1.683738335740339251e-02
5.929999999999999716e+00 1.683738335740339251e-02
5.940000000000000391e+00 1.683738335740339251e-02
5.950000000000000178e+00 1.683738335740339251e-02
5.959999999999999964e+00 1.683738335740339251e-02
5.969999999999999751e+00 1.683738335740339251e-02
5.980000000000000426e+00 1.683738335740339251e-02
5.990000000000000213e+00 1.683738335740339251e-02
6.000000000000000000e+00 1.683738335740339251e-02
6.200000000000000178e+00 1.683738335740339251e-02
6.400000000000000355e+00 1.683738335740339251e-02
6.599999999999999645e+00 1.683738335740339251e-02
6.799999999999999822e+00 1.683738335740339251e-02
7.000000000000000000e+00 0.000000000000000000e+00
