0.000000000000000000e+00 0.000000000000000000e+00
1.000000000000000021e-02 1.415698111051474743e-02
2.000000000000000042e-02 1.415698111051474743e-02
2.999999999999999889e-02 1.415698111051474743e-02
4.000000000000000083e-02 1.415698111051474743e-02
5.000000000000000278e-02 1.415698111051474743e-02
5.999999999999999778e-02 1.415698111051474743e-02
7.000000000000000666e-02 1.415698111051474743e-02
8.000000000000000167e-02 1.415698111051474743e-02
8.999999999999999667e-02 1.415698111051474743e-02
1.000000000000000056e-01 1.415698111051474743e-02
1.100000000000000006e-01 1.415698111051474743e-02
1.199999999999999956e-01 1.415698111051474743e-02
1.300000000000000044e-01 1.415698111051474743e-02
1.400000000000000133e-01 1.415698111051474743e-02
1.499999999999999944e-01 1.415698111051474743e-02
1.600000000000000033e-01 1.415698111051474743e-02
1.700000000000000122e-01 1.415698111051474743e-02
1.799999999999999933e-01 1.415698111051474743e-02
1.900000000000000022e-01 1.415698111051474743e-02
2.000000000000000111e-01 1.415698111051474743e-02
2.099999999999999922e-01 1.415698111051474743e-02
2.200000000000000011e-01 1.415698111051474743e-02
2.300000000000000100e-01 1.415698111051474743e-02
2.399999999999999911e-01 1.415698111051474743e-02
2.500000000000000000e-01 1.415698111051474743e-02
2.600000000000000089e-01 1.415698111051474743e-02
2.700000000000000178e-01 1.415698111051474743e-02
2.800000000000000266e-01 1.415698111051474743e-02
2.899999999999999800e-01 1.415698111051474743e-02
2.999999999999999889e-01 1.415698111051474743e-02
3.099999999999999978e-01 1.415698111051474743e-02
3.200000000000000067e-01 1.415698111051474743e-02
3.300000000000000155e-01 1.415698111051474743e-02
3.400000000000000244e-01 1.415698111051474743e-02
3.499999999999999778e-01 1.415698111051474743e-02
3.599999999999999867e-01 1.415698111051474743e-02
3.699999999999999956e-01 1.415698111051474743e-02
3.800000000000000044e-01 1.415698111051474743e-02
3.900000000000000133e-01 1.415698111051474743e-02
4.000000000000000222e-01 1.415698111051474743e-02
4.099999999999999756e-01 1.415698111051474743e-02
4.199999999999999845e-01 1.415698111051474743e-02
4.299999999999999933e-01 1.415698111051474743e-02
4.400000000000000022e-01 1.415698111051474743e-02
4.500000000000000111e-01 1.415698111051474743e-02
4.600000000000000200e-01 1.415698111051474743e-02
4.699999999999999734e-01 1.415698111051474743e-02
4.799999999999999822e-01 1.415698111051474743e-02
4.899999999999999911e-01 1.415698111051474743e-02
5.000000000000000000e-01 1.415698111051474743e-02
5.100000000000000089e-01 1.415698111051474743e-02
5.200000000000000178e-01 1.415698111051474743e-02
5.300000000000000266e-01 1.415698111051474743e-02
5.400000000000000355e-01 1.415698111051474743e-02
5.500000000000000444e-01 1.415698111051474743e-02
5.600000000000000533e-01 1.415698111051474743e-02
5.699999999999999512e-01 1.415698111051474743e-02
5.799999999999999600e-01 1.415698111051474743e-02
5.899999999999999689e-01 1.415698111051474743e-02
5.999999999999999778e-01 1.415698111051474743e-02
6.099999999999999867e-01 1.415698111051474743e-02
6.199999999999999956e-01 1.415698111051474743e-02
6.300000000000000044e-01 1.415698111051474743e-02
6.400000000000000133e-01 1.415698111051474743e-02
6.500000000000000222e-01 1.415698111051474743e-02
6.600000000000000311e-01 1.415698111051474743e-02
6.700000000000000400e-01 1.415698111051474743e-02
6.800000000000000488e-01 1.415698111051474743e-02
6.899999999999999467e-01 1.415698111051474743e-02
6.999999999999999556e-01 1.415698111051474743e-02
7.099999999999999645e-01 1.415698111051474743e-02
7.199999999999999734e-01 1.415698111051474743e-02
7.299999999999999822e-01 1.415698111051474743e-02
7.399999999999999911e-01 1.415698111051474743e-02
7.500000000000000000e-01 1.415698111051474743e-02
7.600000000000000089e-01 1.415698111051474743e-02
7.700000000000000178e-01 1.415698111051474743e-02
7.800000000000000266e-01 1.415698111051474743e-02
7.900000000000000355e-01 1.415698111051474743e-02
8.000000000000000444e-01 1.415698111051474743e-02
8.100000000000000533e-01 1.415698111051474743e-02
8.199999999999999512e-01 1.415698111051474743e-02
8.299999999999999600e-01 1.415698111051474743e-02
8.399999999999999689e-01 1.415698111051474743e-02
8.499999999999999778e-01 1.415698111051474743e-02
8.599999999999999867e-01 1.415698111051474743e-02
8.699999999999999956e-01 1.415698111051474743e-02
8.800000000000000044e-01 1.415698111051474743e-02
8.900000000000000133e-01 1.415698111051474743e-02
9.000000000000000222e-01 1.415698111051474743e-02
9.100000000000000311e-01 1.415698111051474743e-02
9.200000000000000400e-01 1.415698111051474743e-02
9.300000000000000488e-01 1.415698111051474743e-02
9.399999999999999467e-01 1.415698111051474743e-02
9.499999999999999556e-01 1.415698111051474743e-02
9.599999999999999645e-01 1.415698111051474743e-02
9.699999999999999734e-01 1.415698111051474743e-02
9.799999999999999822e-01 1.415698111051474743e-02
9.899999999999999911e-01 1.415698111051474743e-02
1.000000000000000000e+00 1.415698111051475090e-02
1.010000000000000009e+00 1.415698111051480294e-02
1.020000000000000018e+00 1.415698111051576225e-02
1.030000000000000027e+00 1.415698111053045188e-02
1.040000000000000036e+00 1.415698111072473224e-02
1.050000000000000044e+00 1.415698111294763119e-02
1.060000000000000053e+00 1.415698113494096889e-02
1.070000000000000062e+00 1.415698132279132743e-02
1.080000000000000071e+00 1.415698270445445855e-02
1.090000000000000080e+00 1.415699143071488461e-02
1.100000000000000089e+00 1.415703862533720415e-02
1.110000000000000098e+00 1.415725668839206385e-02
1.120000000000000107e+00 1.415811604544550163e-02
1.129999999999999893e+00 1.416100217010536275e-02
1.139999999999999902e+00 1.416926473377880420e-02
1.149999999999999911e+00 1.418946155927385683e-02
1.159999999999999920e+00 1.423176627465556204e-02
1.169999999999999929e+00 1.430820748171853819e-02
1.179999999999999938e+00 1.442874797984898712e-02
1.189999999999999947e+00 1.459787315958360580e-02
1.199999999999999956e+00 1.481545461141728359e-02
1.209999999999999964e+00 1.508267474750743520e-02
1.219999999999999973e+00 1.540881549861784598e-02
1.229999999999999982e+00 1.581304657872784764e-02
1.239999999999999991e+00 1.631924182047310434e-02
1.250000000000000000e+00 1.694805761848874187e-02
1.260000000000000009e+00 1.771472145222606834e-02
1.270000000000000018e+00 1.864259558717333218e-02
1.280000000000000027e+00 1.980547542634646108e-02
1.290000000000000036e+00 2.142098734721155709e-02
1.300000000000000044e+00 2.402900749538696562e-02
1.310000000000000053e+00 2.877136557682341556e-02
1.320000000000000062e+00 3.769284375030571704e-02
1.330000000000000071e+00 5.382182621256471899e-02
1.340000000000000080e+00 8.073590895471086104e-02
1.350000000000000089e+00 1.216161554396381489e-01
1.360000000000000098e+00 1.783862106632977951e-01
1.370000000000000107e+00 2.518333773906085704e-01
1.379999999999999893e+00 3.429893038458016186e-01
1.389999999999999902e+00 4.547353830235072447e-01
1.399999999999999911e+00 5.917980682387740110e-01
1.409999999999999920e+00 7.580816475442516689e-01
1.419999999999999929e+00 9.523713215248494901e-01
1.429999999999999938e+00 1.165210886816111735e+00
1.439999999999999947e+00 1.379542908529371115e+00
1.449999999999999956e+00 1.575328864284808006e+00
1.459999999999999964e+00 1.735663617321233199e+00
1.469999999999999973e+00 1.851151143502115515e+00
1.479999999999999982e+00 1.920933594876383488e+00
1.489999999999999991e+00 1.950945970809425001e+00
1.500000000000000000e+00 1.950873397531893039e+00
1.510000000000000009e+00 1.930962360297789893e+00
1.520000000000000018e+00 1.899463026266899002e+00
1.530000000000000027e+00 1.861515576430469832e+00
1.540000000000000036e+00 1.820137827558937271e+00
1.550000000000000044e+00 1.779138353604265976e+00
1.560000000000000053e+00 1.746600453034651723e+00
1.570000000000000062e+00 1.736740497854120324e+00
1.580000000000000071e+00 1.767987020090675543e+00
1.590000000000000080e+00 1.856466145667407641e+00
1.600000000000000089e+00 2.006615916644681086e+00
1.610000000000000098e+00 2.203171566325788699e+00
1.620000000000000107e+00 2.409559732025703838e+00
1.629999999999999893e+00 2.576052490183643240e+00
1.639999999999999902e+00 2.657095560360290154e+00
1.649999999999999911e+00 2.631629832557774051e+00
1.659999999999999920e+00 2.515417328378036554e+00
1.669999999999999929e+00 2.355713955416268490e+00
1.679999999999999938e+00 2.209035254868953135e+00
1.689999999999999947e+00 2.115459054520632876e+00
1.699999999999999956e+00 2.085515118733553219e+00
1.709999999999999964e+00 2.104883159857942498e+00
1.719999999999999973e+00 2.148778585906198302e+00
1.729999999999999982e+00 2.194235727688718551e+00
1.739999999999999991e+00 2.224711633885053885e+00
1.750000000000000000e+00 2.228892029135121966e+00
1.760000000000000009e+00 2.198203799436895700e+00
1.770000000000000018e+00 2.125957613585248485e+00
1.780000000000000027e+00 2.008545375378401054e+00
1.790000000000000036e+00 1.847609586562073858e+00
1.800000000000000044e+00 1.651709367384444960e+00
1.810000000000000053e+00 1.436247176669592340e+00
1.820000000000000062e+00 1.220989377746090732e+00
1.830000000000000071e+00 1.025437904444355119e+00
1.840000000000000080e+00 8.635550500891148173e-01
1.850000000000000089e+00 7.402370287881401278e-01
1.860000000000000098e+00 6.514046323018309881e-01
1.870000000000000107e+00 5.875108865033383809e-01
1.879999999999999893e+00 5.382044686506056719e-01
1.889999999999999902e+00 4.956150649918480422e-01
1.899999999999999911e+00 4.552545916487134026e-01
1.909999999999999920e+00 4.152322126049879936e-01
1.919999999999999929e+00 3.750477179564930541e-01
1.929999999999999938e+00 3.347620680412882188e-01
1.939999999999999947e+00 2.946804522221289080e-01
1.949999999999999956e+00 2.553367244693746096e-01
1.959999999999999964e+00 2.175286178399881143e-01
1.969999999999999973e+00 1.822476417430436979e-01
1.979999999999999982e+00 1.504757966453273421e-01
1.989999999999999991e+00 1.229324347420579361e-01
2.000000000000000000e+00 9.989785847189720791e-02
2.009999999999999787e+00 8.119513787319536380e-02
2.020000000000000018e+00 6.631795583037712605e-02
2.029999999999999805e+00 5.461954636461238688e-02
2.040000000000000036e+00 4.547001454950377886e-02
2.049999999999999822e+00 3.833691814682498034e-02
2.060000000000000053e+00 3.279992940150842917e-02
2.069999999999999840e+00 2.853461058464281871e-02
2.080000000000000071e+00 2.529053438291865505e-02
2.089999999999999858e+00 2.287017794956631642e-02
2.100000000000000089e+00 2.110781520895222210e-02
2.109999999999999876e+00 1.985202262972681972e-02
2.120000000000000107e+00 1.895907195926533478e-02
2.129999999999999893e+00 1.829949585488482855e-02
2.140000000000000124e+00 1.777088950035713918e-02
2.149999999999999911e+00 1.730636883556651434e-02
2.160000000000000142e+00 1.687311244700155644e-02
2.169999999999999929e+00 1.646304984765837448e-02
2.180000000000000160e+00 1.608133360893729269e-02
2.189999999999999947e+00 1.573696043566627858e-02
2.200000000000000178e+00 1.543704211720857769e-02
2.209999999999999964e+00 1.518433999758614719e-02
2.220000000000000195e+00 1.497709433180594886e-02
2.229999999999999982e+00 1.481020514705268590e-02
2.240000000000000213e+00 1.467694756118869716e-02
2.250000000000000000e+00 1.457055140052878998e-02
2.259999999999999787e+00 1.448521643584113096e-02
2.270000000000000018e+00 1.441646010251197534e-02
2.279999999999999805e+00 1.436097871453786284e-02
2.290000000000000036e+00 1.431631791978349791e-02
2.299999999999999822e+00 1.428057748630337520e-02
2.310000000000000053e+00 1.425222480421723704e-02
2.319999999999999840e+00 1.422998700136519912e-02
2.330000000000000071e+00 1.421277671520815300e-02
2.339999999999999858e+00 1.419963775199802568e-02
2.350000000000000089e+00 1.418971748272541099e-02
2.359999999999999876e+00 1.418226723613727480e-02
2.370000000000000107e+00 1.417665764821653997e-02
2.379999999999999893e+00 1.417239084165450129e-02
2.390000000000000124e+00 1.416909791265104183e-02
2.399999999999999911e+00 1.416652084122607680e-02
2.410000000000000142e+00 1.416448537568422254e-02
2.419999999999999929e+00 1.416287338297665677e-02
2.430000000000000160e+00 1.416160090049905888e-02
2.439999999999999947e+00 1.416060409355055123e-02
2.450000000000000178e+00 1.415983179306667950e-02
2.459999999999999964e+00 1.415924170976336910e-02
2.470000000000000195e+00 1.415879793239326924e-02
2.479999999999999982e+00 1.415846887271295790e-02
2.490000000000000213e+00 1.415822601520749444e-02
2.500000000000000000e+00 1.415804392315335274e-02
2.509999999999999787e+00 1.415790127293690276e-02
2.520000000000000018e+00 1.415778208313885241e-02
2.529999999999999805e+00 1.415767627574206905e-02
2.540000000000000036e+00 1.415757914913717656e-02
2.549999999999999822e+00 1.415748989399541816e-02
2.560000000000000053e+00 1.415740966725203588e-02
2.569999999999999840e+00 1.415733984620206297e-02
2.580000000000000071e+00 1.415728093083011042e-02
2.589999999999999858e+00 1.415723224551294554e-02
2.600000000000000089e+00 1.415719225853712820e-02
2.609999999999999876e+00 1.415715914867393677e-02
2.620000000000000107e+00 1.415713128223307533e-02
2.629999999999999893e+00 1.415710744843116410e-02
2.640000000000000124e+00 1.415708687744551657e-02
2.649999999999999911e+00 1.415706913747790535e-02
2.660000000000000142e+00 1.415705399206482196e-02
2.669999999999999929e+00 1.415704126423103851e-02
2.680000000000000160e+00 1.415703073887074857e-02
2.689999999999999947e+00 1.415702212750791916e-02
2.700000000000000178e+00 1.415701509566967206e-02
2.709999999999999964e+00 1.415700932009946074e-02
2.720000000000000195e+00 1.415700453302169877e-02
2.729999999999999982e+00 1.415700053340837421e-02
2.740000000000000213e+00 1.415699717483819529e-02
2.750000000000000000e+00 1.415699434925704776e-02
2.759999999999999787e+00 1.415699197595691496e-02
2.770000000000000018e+00 1.415698999348085664e-02
2.779999999999999805e+00 1.415698835090995096e-02
2.790000000000000036e+00 1.415698700027145582e-02
2.799999999999999822e+00 1.415698589380332516e-02
2.810000000000000053e+00 1.415698498616281900e-02
2.819999999999999840e+00 1.415698423803642483e-02
2.830000000000000071e+00 1.415698361808645153e-02
2.839999999999999858e+00 1.415698310281718157e-02
2.850000000000000089e+00 1.415698267534006016e-02
2.859999999999999876e+00 1.415698232367706803e-02
2.870000000000000107e+00 1.415698203873794192e-02
2.879999999999999893e+00 1.415698181233028367e-02
2.890000000000000124e+00 1.415698163592868895e-02
2.899999999999999911e+00 1.415698150062566670e-02
2.910000000000000142e+00 1.415698139789567205e-02
2.919999999999999929e+00 1.415698132038183989e-02
2.930000000000000160e+00 1.415698126220723066e-02
2.939999999999999947e+00 1.415698121884622317e-02
2.950000000000000178e+00 1.415698118683346093e-02
2.959999999999999964e+00 1.415698116350066170e-02
2.970000000000000195e+00 1.415698114677655002e-02
2.979999999999999982e+00 1.415698113503002960e-02
2.990000000000000213e+00 1.415698112695569673e-02
3.000000000000000000e+00 1.415698112150969544e-02
3.009999999999999787e+00 1.415698111788227069e-02
3.020000000000000018e+00 1.415698111547700200e-02
3.029999999999999805e+00 1.415698111387784196e-02
3.040000000000000036e+00 1.415698111280648021e-02
3.049999999999999822e+00 1.415698111208162080e-02
3.060000000000000053e+00 1.415698111158711879e-02
3.069999999999999840e+00 1.415698111124898823e-02
3.080000000000000071e+00 1.415698111101916512e-02
3.089999999999999858e+00 1.415698111086477647e-02
3.100000000000000089e+00 1.415698111076211033e-02
3.109999999999999876e+00 1.415698111069395825e-02
3.120000000000000107e+00 1.415698111064832634e-02
3.129999999999999893e+00 1.415698111061733724e-02
3.140000000000000124e+00 1.415698111059597586e-02
3.149999999999999911e+00 1.415698111058105550e-02
3.160000000000000142e+00 1.415698111057050491e-02
3.169999999999999929e+00 1.415698111056297101e-02
3.180000000000000160e+00 1.415698111055749449e-02
3.189999999999999947e+00 1.415698111055331380e-02
3.200000000000000178e+00 1.415698111054977844e-02
3.209999999999999964e+00 1.415698111054638705e-02
3.220000000000000195e+00 1.415698111054284822e-02
3.229999999999999982e+00 1.415698111053908734e-02
3.240000000000000213e+00 1.415698111053520156e-02
3.250000000000000000e+00 1.415698111053138517e-02
3.259999999999999787e+00 1.415698111052785500e-02
3.270000000000000018e+00 1.415698111052479495e-02
3.279999999999999805e+00 1.415698111052230909e-02
3.290000000000000036e+00 1.415698111052039222e-02
3.299999999999999822e+00 1.415698111051896108e-02
3.310000000000000053e+00 1.415698111051790116e-02
3.319999999999999840e+00 1.415698111051710492e-02
3.330000000000000071e+00 1.415698111051649083e-02
3.339999999999999858e+00 1.415698111051601378e-02
3.350000000000000089e+00 1.415698111051563735e-02
3.359999999999999876e+00 1.415698111051535112e-02
3.370000000000000107e+00 1.415698111051513775e-02
3.379999999999999893e+00 1.415698111051498856e-02
3.390000000000000124e+00 1.415698111051488794e-02
3.399999999999999911e+00 1.415698111051482549e-02
3.410000000000000142e+00 1.415698111051479080e-02
3.419999999999999929e+00 1.415698111051476825e-02
3.430000000000000160e+00 1.415698111051475958e-02
3.439999999999999947e+00 1.415698111051475264e-02
3.450000000000000178e+00 1.415698111051475090e-02
3.459999999999999964e+00 1.415698111051475090e-02
3.470000000000000195e+00 1.415698111051474743e-02
3.479999999999999982e+00 1.415698111051474743e-02
3.490000000000000213e+00 1.415698111051474743e-02
3.500000000000000000e+00 1.415698111051474743e-02
3.509999999999999787e+00 1.415698111051474743e-02
3.520000000000000018e+00 1.415698111051474743e-02
3.529999999999999805e+00 1.415698111051474743e-02
3.540000000000000036e+00 1.415698111051474743e-02
3.549999999999999822e+00 1.415698111051474743e-02
3.560000000000000053e+00 1.415698111051474743e-02
3.569999999999999840e+00 1.415698111051474743e-02
3.580000000000000071e+00 1.415698111051474743e-02
3.589999999999999858e+00 1.415698111051474743e-02
3.600000000000000089e+00 1.415698111051474743e-02
3.609999999999999876e+00 1.415698111051474743e-02
3.620000000000000107e+00 1.415698111051474743e-02
3.629999999999999893e+00 1.415698111051474743e-02
3.640000000000000124e+00 1.415698111051474743e-02
3.649999999999999911e+00 1.415698111051474743e-02
3.660000000000000142e+00 1.415698111051474743e-02
3.669999999999999929e+00 1.415698111051474743e-02
3.680000000000000160e+00 1.415698111051474743e-02
3.689999999999999947e+00 1.415698111051474743e-02
3.700000000000000178e+00 1.415698111051474743e-02
3.709999999999999964e+00 1.415698111051474743e-02
3.720000000000000195e+00 1.415698111051474743e-02
3.729999999999999982e+00 1.415698111051474743e-02
3.740000000000000213e+00 1.415698111051474743e-02
3.750000000000000000e+00 1.415698111051474743e-02
3.759999999999999787e+00 1.415698111051474743e-02
3.770000000000000018e+00 1.415698111051474743e-02
3.779999999999999805e+00 1.415698111051474743e-02
3.790000000000000036e+00 1.415698111051474743e-02
3.799999999999999822e+00 1.415698111051474743e-02
3.810000000000000053e+00 1.415698111051474743e-02
3.819999999999999840e+00 1.415698111051474743e-02
3.830000000000000071e+00 1.415698111051474743e-02
3.839999999999999858e+00 1.415698111051474743e-02
3.850000000000000089e+00 1.415698111051474743e-02
3.859999999999999876e+00 1.415698111051474743e-02
3.870000000000000107e+00 1.415698111051474743e-02
3.879999999999999893e+00 1.415698111051474743e-02
3.890000000000000124e+00 1.415698111051474743e-02
3.899999999999999911e+00 1.415698111051474743e-02
3.910000000000000142e+00 1.415698111051474743e-02
3.919999999999999929e+00 1.415698111051474743e-02
3.930000000000000160e+00 1.415698111051474743e-02
3.939999999999999947e+00 1.415698111051474743e-02
3.950000000000000178e+00 1.415698111051474743e-02
3.959999999999999964e+00 1.415698111051474743e-02
3.970000000000000195e+00 1.415698111051474743e-02
3.979999999999999982e+00 1.415698111051474743e-02
3.990000000000000213e+00 1.415698111051474743e-02
4.000000000000000000e+00 1.415698111051474743e-02
4.009999999999999787e+00 1.415698111051474743e-02
4.019999999999999574e+00 1.415698111051474743e-02
4.030000000000000249e+00 1.415698111051474743e-02
4.040000000000000036e+00 1.415698111051474743e-02
4.049999999999999822e+00 1.415698111051474743e-02
4.059999999999999609e+00 1.415698111051474743e-02
4.070000000000000284e+00 1.415698111051474743e-02
4.080000000000000071e+00 1.415698111051474743e-02
4.089999999999999858e+00 1.415698111051474743e-02
4.099999999999999645e+00 1.415698111051474743e-02
4.110000000000000320e+00 1.415698111051474743e-02
4.120000000000000107e+00 1.415698111051474743e-02
4.129999999999999893e+00 1.415698111051474743e-02
4.139999999999999680e+00 1.415698111051474743e-02
4.150000000000000355e+00 1.415698111051474743e-02
4.160000000000000142e+00 1.415698111051474743e-02
4.169999999999999929e+00 1.415698111051474743e-02
4.179999999999999716e+00 1.415698111051474743e-02
4.190000000000000391e+00 1.415698111051474743e-02
4.200000000000000178e+00 1.415698111051474743e-02
4.209999999999999964e+00 1.415698111051474743e-02
4.219999999999999751e+00 1.415698111051474743e-02
4.230000000000000426e+00 1.415698111051474743e-02
4.240000000000000213e+00 1.415698111051474743e-02
4.250000000000000000e+00 1.415698111051474743e-02
4.259999999999999787e+00 1.415698111051474743e-02
4.269999999999999574e+00 1.415698111051474743e-02
4.280000000000000249e+00 1.415698111051474743e-02
4.290000000000000036e+00 1.415698111051474743e-02
4.299999999999999822e+00 1.415698111051474743e-02
4.309999999999999609e+00 1.415698111051474743e-02
4.320000000000000284e+00 1.415698111051474743e-02
4.330000000000000071e+00 1.415698111051474743e-02
4.339999999999999858e+00 1.415698111051474743e-02
4.349999999999999645e+00 1.415698111051474743e-02
4.360000000000000320e+00 1.415698111051474743e-02
4.370000000000000107e+00 1.415698111051474743e-02
4.379999999999999893e+00 1.415698111051474743e-02
4.389999999999999680e+00 1.415698111051474743e-02
4.400000000000000355e+00 1.415698111051474743e-02
4.410000000000000142e+00 1.415698111051474743e-02
4.419999999999999929e+00 1.415698111051474743e-02
4.429999999999999716e+00 1.415698111051474743e-02
4.440000000000000391e+00 1.415698111051474743e-02
4.450000000000000178e+00 1.415698111051474743e-02
4.459999999999999964e+00 1.415698111051474743e-02
4.469999999999999751e+00 1.415698111051474743e-02
4.480000000000000426e+00 1.415698111051474743e-02
4.490000000000000213e+00 1.415698111051474743e-02
4.500000000000000000e+00 1.415698111051474743e-02
4.509999999999999787e+00 1.415698111051474743e-02
4.519999999999999574e+00 1.415698111051474743e-02
4.530000000000000249e+00 1.415698111051474743e-02
4.540000000000000036e+00 1.415698111051474743e-02
4.549999999999999822e+00 1.415698111051474743e-02
4.559999999999999609e+00 1.415698111051474743e-02
4.570000000000000284e+00 1.415698111051474743e-02
4.580000000000000071e+00 1.415698111051474743e-02
4.589999999999999858e+00 1.415698111051474743e-02
4.599999999999999645e+00 1.415698111051474743e-02
4.610000000000000320e+00 1.415698111051474743e-02
4.620000000000000107e+00 1.415698111051474743e-02
4.629999999999999893e+00 1.415698111051474743e-02
4.639999999999999680e+00 1.415698111051474743e-02
4.650000000000000355e+00 1.415698111051474743e-02
4.660000000000000142e+00 1.415698111051474743e-02
4.669999999999999929e+00 1.415698111051474743e-02
4.679999999999999716e+00 1.415698111051474743e-02
4.690000000000000391e+00 1.415698111051474743e-02
4.700000000000000178e+00 1.415698111051474743e-02
4.709999999999999964e+00 1.415698111051474743e-02
4.719999999999999751e+00 1.415698111051474743e-02
4.730000000000000426e+00 1.415698111051474743e-02
4.740000000000000213e+00 1.415698111051474743e-02
4.750000000000000000e+00 1.415698111051474743e-02
4.759999999999999787e+00 1.415698111051474743e-02
4.769999999999999574e+00 1.415698111051474743e-02
4.780000000000000249e+00 1.415698111051474743e-02
4.790000000000000036e+00 1.415698111051474743e-02
4.799999999999999822e+00 1.415698111051474743e-02
4.809999999999999609e+00 1.415698111051474743e-02
4.820000000000000284e+00 1.415698111051474743e-02
4.830000000000000071e+00 1.415698111051474743e-02
4.839999999999999858e+00 1.415698111051474743e-02
4.849999999999999645e+00 1.415698111051474743e-02
4.860000000000000320e+00 1.415698111051474743e-02
4.870000000000000107e+00 1.415698111051474743e-02
4.879999999999999893e+00 1.415698111051474743e-02
4.889999999999999680e+00 1.415698111051474743e-02
4.900000000000000355e+00 1.415698111051474743e-02
4.910000000000000142e+00 1.415698111051474743e-02
4.919999999999999929e+00 1.415698111051474743e-02
4.929999999999999716e+00 1.415698111051474743e-02
4.940000000000000391e+00 1.415698111051474743e-02
4.950000000000000178e+00 1.415698111051474743e-02
4.959999999999999964e+00 1.415698111051474743e-02
4.969999999999999751e+00 1.415698111051474743e-02
4.980000000000000426e+00 1.415698111051474743e-02
4.990000000000000213e+00 1.415698111051474743e-02
5.000000000000000000e+00 1.415698111051474743e-02
5.009999999999999787e+00 1.415698111051474743e-02
5.019999999999999574e+00 1.415698111051474743e-02
5.030000000000000249e+00 1.415698111051474743e-02
5.040000000000000036e+00 1.415698111051474743e-02
5.049999999999999822e+00 1.415698111051474743e-02
5.059999999999999609e+00 1.415698111051474743e-02
5.070000000000000284e+00 1.415698111051474743e-02
5.080000000000000071e+00 1.415698111051474743e-02
5.089999999999999858e+00 1.415698111051474743e-02
5.099999999999999645e+00 1.415698111051474743e-02
5.110000000000000320e+00 1.415698111051474743e-02
5.120000000000000107e+00 1.415698111051474743e-02
5.129999999999999893e+00 1.415698111051474743e-02
5.139999999999999680e+00 1.415698111051474743e-02
5.150000000000000355e+00 1.415698111051474743e-02
5.160000000000000142e+00 1.415698111051474743e-02
5.169999999999999929e+00 1.415698111051474743e-02
5.179999999999999716e+00 1.415698111051474743e-02
5.190000000000000391e+00 1.415698111051474743e-02
5.200000000000000178e+00 1.415698111051474743e-02
5.209999999999999964e+00 1.415698111051474743e-02
5.219999999999999751e+00 1.415698111051474743e-02
5.230000000000000426e+00 1.415698111051474743e-02
5.240000000000000213e+00 1.415698111051474743e-02
5.250000000000000000e+00 1.415698111051474743e-02
5.259999999999999787e+00 1.415698111051474743e-02
5.269999999999999574e+00 1.415698111051474743e-02
5.280000000000000249e+00 1.415698111051474743e-02
5.290000000000000036e+00 1.415698111051474743e-02
5.299999999999999822e+00 1.415698111051474743e-02
5.309999999999999609e+00 1.415698111051474743e-02
5.320000000000000284e+00 1.415698111051474743e-02
5.330000000000000071e+00 1.415698111051474743e-02
5.339999999999999858e+00 1.415698111051474743e-02
5.349999999999999645e+00 1.415698111051474743e-02
5.360000000000000320e+00 1.415698111051474743e-02
5.370000000000000107e+00 1.415698111051474743e-02
5.379999999999999893e+00 1.415698111051474743e-02
5.389999999999999680e+00 1.415698111051474743e-02
5.400000000000000355e+00 1.415698111051474743e-02
5.410000000000000142e+00 1.415698111051474743e-02
5.419999999999999929e+00 1.415698111051474743e-02
5.429999999999999716e+00 1.415698111051474743e-02
5.440000000000000391e+00 1.415698111051474743e-02
5.450000000000000178e+00 1.415698111051474743e-02
5.459999999999999964e+00 1.415698111051474743e-02
5.469999999999999751e+00 1.415698111051474743e-02
5.480000000000000426e+00 1.415698111051474743e-02
5.490000000000000213e+00 1.415698111051474743e-02
5.500000000000000000e+00 1.415698111051474743e-02
5.509999999999999787e+00 1.415698111051474743e-02
5.519999999999999574e+00 1.415698111051474743e-02
5.530000000000000249e+00 1.415698111051474743e-02
5.540000000000000036e+00 1.415698111051474743e-02
5.549999999999999822e+00 1.415698111051474743e-02
5.559999999999999609e+00 1.415698111051474743e-02
5.570000000000000284e+00 1.415698111051474743e-02
5.580000000000000071e+00 1.415698111051474743e-02
5.589999999999999858e+00 1.415698111051474743e-02
5.599999999999999645e+00 1.415698111051474743e-02
5.610000000000000320e+00 1.415698111051474743e-02
5.620000000000000107e+00 1.415698111051474743e-02
5.629999999999999893e+00 1.415698111051474743e-02
5.639999999999999680e+00 1.415698111051474743e-02
5.650000000000000355e+00 1.415698111051474743e-02
5.660000000000000142e+00 1.415698111051474743e-02
5.669999999999999929e+00 1.415698111051474743e-02
5.679999999999999716e+00 1.415698111051474743e-02
5.690000000000000391e+00 1.415698111051474743e-02
5.700000000000000178e+00 1.415698111051474743e-02
5.709999999999999964e+00 1.415698111051474743e-02
5.719999999999999751e+00 1.415698111051474743e-02
5.730000000000000426e+00 1.415698111051474743e-02
5.740000000000000213e+00 1.415698111051474743e-02
5.750000000000000000e+00 1.415698111051474743e-02
5.759999999999999787e+00 1.415698111051474743e-02
5.769999999999999574e+00 1.415698111051474743e-02
5.780000000000000249e+00 1.415698111051474743e-02
5.790000000000000036e+00 1.415698111051474743e-02
5.799999999999999822e+00 1.415698111051474743e-02
5.809999999999999609e+00 1.415698111051474743e-02
5.820000000000000284e+00 1.415698111051474743e-02
5.830000000000000071e+00 1.415698111051474743e-02
5.839999999999999858e+00 1.415698111051474743e-02
5.849999999999999645e+00 1.415698111051474743e-02
5.860000000000000320e+00 1.415698111051474743e-02
5.870000000000000107e+00 1.415698111051474743e-02
5.879999999999999893e+00 1.415698111051474743e-02
5.889999999999999680e+00 1.415698111051474743e-02
5.900000000000000355e+00 1.415698111051474743e-02
5.910000000000000142e+00 1.415698111051474743e-02
5.919999999999999929e+00 1.415698111051474743e-02
5.929999999999999716e+00 1.415698111051474743e-02
5.940000000000000391e+00 1.415698111051474743e-02
5.950000000000000178e+00 1.415698111051474743e-02
5.959999999999999964e+00 1.415698111051474743e-02
5.969999999999999751e+00 1.415698111051474743e-02
5.980000000000000426e+00 1.415698111051474743e-02
5.990000000000000213e+00 1.415698111051474743e-02
6.000000000000000000e+00 1.415698111051474743e-02
6.200000000000000178e+00 1.415698111051474743e-02
6.400000000000000355e+00 1.415698111051474743e-02
6.599999999999999645e+00 1.415698111051474743e-02
6.799999999999999822e+00 1.415698111051474743e-02
7.000000000000000000e+00 0.000000000000000000e+00
