0.000000000000000000e+00 0.000000000000000000e+00
1.000000000000000021e-02 1.415698132610872934e-02
2.000000000000000042e-02 1.415698166131510588e-02
2.999999999999999889e-02 1.415698235673339481e-02
4.000000000000000083e-02 1.415698363421284516e-02
5.000000000000000278e-02 1.415698574266199307e-02
5.999999999999999778e-02 1.415698893031131118e-02
7.000000000000000666e-02 1.415699345738057752e-02
8.000000000000000167e-02 1.415699968541136132e-02
8.999999999999999667e-02 1.415700825285210948e-02
1.000000000000000056e-01 1.415702030622970412e-02
1.100000000000000006e-01 1.415703771382331722e-02
1.199999999999999956e-01 1.415706316543646238e-02
1.300000000000000044e-01 1.415710009328386559e-02
1.400000000000000133e-01 1.415715245358355884e-02
1.499999999999999944e-01 1.415722453692268464e-02
1.600000000000000033e-01 1.415732101712369358e-02
1.700000000000000122e-01 1.415744733743206675e-02
1.799999999999999933e-01 1.415761034272519821e-02
1.900000000000000022e-01 1.415781891486419392e-02
2.000000000000000111e-01 1.415808423623296855e-02
2.099999999999999922e-01 1.415841914469042478e-02
2.200000000000000011e-01 1.415883613819777197e-02
2.300000000000000100e-01 1.415934444891616545e-02
2.399999999999999911e-01 1.415994804003067528e-02
2.500000000000000000e-01 1.416064695774824078e-02
2.600000000000000089e-01 1.416144281919262324e-02
2.700000000000000178e-01 1.416234603737656639e-02
2.800000000000000266e-01 1.416338038733449579e-02
2.899999999999999800e-01 1.416458172563419410e-02
2.999999999999999889e-01 1.416599121326889317e-02
3.099999999999999978e-01 1.416764646801436239e-02
3.200000000000000067e-01 1.416957490473693196e-02
3.300000000000000155e-01 1.417179256951706101e-02
3.400000000000000244e-01 1.417430986458742374e-02
3.499999999999999778e-01 1.417714219218517598e-02
3.599999999999999867e-01 1.418031906251133144e-02
3.699999999999999956e-01 1.418388377847135465e-02
3.800000000000000044e-01 1.418788200803105908e-02
3.900000000000000133e-01 1.419234828449830212e-02
4.000000000000000222e-01 1.419730347424145479e-02
4.099999999999999756e-01 1.420276658630729646e-02
4.199999999999999845e-01 1.420876958940605825e-02
4.299999999999999933e-01 1.421536057720990814e-02
4.400000000000000022e-01 1.422259316380228809e-02
4.500000000000000111e-01 1.423051573174526248e-02
4.600000000000000200e-01 1.423917892447097364e-02
4.699999999999999734e-01 1.424867046715490998e-02
4.799999999999999822e-01 1.425916786798352848e-02
4.899999999999999911e-01 1.427098089787504943e-02
5.000000000000000000e-01 1.428455071097496816e-02
5.100000000000000089e-01 1.430038963099702042e-02
5.200000000000000178e-01 1.431897608110320116e-02
5.300000000000000266e-01 1.434064524622374534e-02
5.400000000000000355e-01 1.436552841049122502e-02
5.500000000000000444e-01 1.439358562212935712e-02
5.600000000000000533e-01 1.442473341546589467e-02
5.699999999999999512e-01 1.445899474656152199e-02
5.799999999999999600e-01 1.449654006031259566e-02
5.899999999999999689e-01 1.453751006173100400e-02
5.999999999999999778e-01 1.458162253498643431e-02
6.099999999999999867e-01 1.462770127301012135e-02
6.199999999999999956e-01 1.467334104417469115e-02
6.300000000000000044e-01 1.471491695806318410e-02
6.400000000000000133e-01 1.474810178994847773e-02
6.500000000000000222e-01 1.476896965102254475e-02
6.600000000000000311e-01 1.477552411395478653e-02
6.700000000000000400e-01 1.476904877317508982e-02
6.800000000000000488e-01 1.475436709656559493e-02
6.899999999999999467e-01 1.473846536750959488e-02
6.999999999999999556e-01 1.472799963407145016e-02
7.099999999999999645e-01 1.472710163800051986e-02
7.199999999999999734e-01 1.473669329101257551e-02
7.299999999999999822e-01 1.475536936926984642e-02
7.399999999999999911e-01 1.478090386925453442e-02
7.500000000000000000e-01 1.481136025527864282e-02
7.600000000000000089e-01 1.484541675151723750e-02
7.700000000000000178e-01 1.488213841306106240e-02
7.800000000000000266e-01 1.492063486327227691e-02
7.900000000000000355e-01 1.495992207685067389e-02
8.000000000000000444e-01 1.499908567509607507e-02
8.100000000000000533e-01 1.503763388396083325e-02
8.199999999999999512e-01 1.507578391908398832e-02
8.299999999999999600e-01 1.511443188869019370e-02
8.399999999999999689e-01 1.515474826147068105e-02
8.499999999999999778e-01 1.519760444274136091e-02
8.599999999999999867e-01 1.524317738918645054e-02
8.699999999999999956e-01 1.529097965086146857e-02
8.800000000000000044e-01 1.534026820328014858e-02
8.900000000000000133e-01 1.539050431150710239e-02
9.000000000000000222e-01 1.544151598045618960e-02
9.100000000000000311e-01 1.549331126845325882e-02
9.200000000000000400e-01 1.554584573655989725e-02
9.300000000000000488e-01 1.559909665676651597e-02
9.399999999999999467e-01 1.565345965817864504e-02
9.499999999999999556e-01 1.571008809549805096e-02
9.599999999999999645e-01 1.577076341848492394e-02
9.699999999999999734e-01 1.583728437331049371e-02
9.799999999999999822e-01 1.591080429516590622e-02
9.899999999999999911e-01 1.599157307023575322e-02
1.000000000000000000e+00 1.607912919071316851e-02
1.010000000000000009e+00 1.617259009340409406e-02
1.020000000000000018e+00 1.627074839291315148e-02
1.030000000000000027e+00 1.637214501038207481e-02
1.040000000000000036e+00 1.647565960614820815e-02
1.050000000000000044e+00 1.658201834220849463e-02
1.060000000000000053e+00 1.669609258762291826e-02
1.070000000000000062e+00 1.682950229519101365e-02
1.080000000000000071e+00 1.700310468104630768e-02
1.090000000000000080e+00 1.724876669353697656e-02
1.100000000000000089e+00 1.760843296590995644e-02
1.110000000000000098e+00 1.812676412586058591e-02
1.120000000000000107e+00 1.883498791232438019e-02
1.129999999999999893e+00 1.973038426402670686e-02
1.139999999999999902e+00 2.076364648108924155e-02
1.149999999999999911e+00 2.184588067290305427e-02
1.159999999999999920e+00 2.287503818671805800e-02
1.169999999999999929e+00 2.376792290961012022e-02
1.179999999999999938e+00 2.448141592082713619e-02
1.189999999999999947e+00 2.501585640388408888e-02
1.199999999999999956e+00 2.540396859039209185e-02
1.209999999999999964e+00 2.569289884902699675e-02
1.219999999999999973e+00 2.592672684787809129e-02
1.229999999999999982e+00 2.613572264987740895e-02
1.239999999999999991e+00 2.633592454157763704e-02
1.250000000000000000e+00 2.653741512764307489e-02
1.260000000000000009e+00 2.675489345224518409e-02
1.270000000000000018e+00 2.701351685803226460e-02
1.280000000000000027e+00 2.734692599312472244e-02
1.290000000000000036e+00 2.779019845500118810e-02
1.300000000000000044e+00 2.837431250389765153e-02
1.310000000000000053e+00 2.912655321466402214e-02
1.320000000000000062e+00 3.007275706829224890e-02
1.330000000000000071e+00 3.123063545046702444e-02
1.340000000000000080e+00 3.259064837897025779e-02
1.350000000000000089e+00 3.409986147591349825e-02
1.360000000000000098e+00 3.567193914974718660e-02
1.370000000000000107e+00 3.722585350337397764e-02
1.379999999999999893e+00 3.872586907361504072e-02
1.389999999999999902e+00 4.019193480680405967e-02
1.399999999999999911e+00 4.167713589595500173e-02
1.409999999999999920e+00 4.323462446780367008e-02
1.419999999999999929e+00 4.489600072827768656e-02
1.429999999999999938e+00 4.666626409124345620e-02
1.439999999999999947e+00 4.852873956723967319e-02
1.449999999999999956e+00 5.045303925261951372e-02
1.459999999999999964e+00 5.240286002452737568e-02
1.469999999999999973e+00 5.434227727698123789e-02
1.479999999999999982e+00 5.623959009531970948e-02
1.489999999999999991e+00 5.806881629907546805e-02
1.500000000000000000e+00 5.981028008830286541e-02
1.510000000000000009e+00 6.145152584700181581e-02
1.520000000000000018e+00 6.298791246510615505e-02
1.530000000000000027e+00 6.442100915699591757e-02
1.540000000000000036e+00 6.575416682784375466e-02
1.550000000000000044e+00 6.698729368510926430e-02
1.560000000000000053e+00 6.811421628326110034e-02
1.570000000000000062e+00 6.912471305542257360e-02
1.580000000000000071e+00 7.001037408909528692e-02
1.590000000000000080e+00 7.077098973286122252e-02
1.600000000000000089e+00 7.141779866999145576e-02
1.610000000000000098e+00 7.197170339905521741e-02
1.620000000000000107e+00 7.245717043886065745e-02
1.629999999999999893e+00 7.289455100309692737e-02
1.639999999999999902e+00 7.329433786951736196e-02
1.649999999999999911e+00 7.365600226014888674e-02
1.659999999999999920e+00 7.397130128007482763e-02
1.669999999999999929e+00 7.422885943388975172e-02
1.679999999999999938e+00 7.441658489564467738e-02
1.689999999999999947e+00 7.452197925453046823e-02
1.699999999999999956e+00 7.453392229233023192e-02
1.709999999999999964e+00 7.444885970860180835e-02
1.719999999999999973e+00 7.428015610615210096e-02
1.729999999999999982e+00 7.406584491838671958e-02
1.739999999999999991e+00 7.386922858456487773e-02
1.750000000000000000e+00 7.376819045655486073e-02
1.760000000000000009e+00 7.383328961921302447e-02
1.770000000000000018e+00 7.410246057511024609e-02
1.780000000000000027e+00 7.456638213195647402e-02
1.790000000000000036e+00 7.517473022565090979e-02
1.800000000000000044e+00 7.585962909883862959e-02
1.810000000000000053e+00 7.656089502697051297e-02
1.820000000000000062e+00 7.723898337865205133e-02
1.830000000000000071e+00 7.787315651649820425e-02
1.840000000000000080e+00 7.845293589440618942e-02
1.850000000000000089e+00 7.897295208891856599e-02
1.860000000000000098e+00 7.943581854798376085e-02
1.870000000000000107e+00 7.986001663053635125e-02
1.879999999999999893e+00 8.028498223758528951e-02
1.889999999999999902e+00 8.076605698798323962e-02
1.899999999999999911e+00 8.135755998087346175e-02
1.909999999999999920e+00 8.209069712883061698e-02
1.919999999999999929e+00 8.295989248134369443e-02
1.929999999999999938e+00 8.393104443128084069e-02
1.939999999999999947e+00 8.497656758534076482e-02
1.949999999999999956e+00 8.612962809834352751e-02
1.959999999999999964e+00 8.753923528817207644e-02
1.969999999999999973e+00 8.949909480436285536e-02
1.979999999999999982e+00 9.241799011658542728e-02
1.989999999999999991e+00 9.671133789181410312e-02
2.000000000000000000e+00 1.026358973993173468e-01
2.009999999999999787e+00 1.101443439598144003e-01
2.020000000000000018e+00 1.188508081631682589e-01
2.029999999999999805e+00 1.281390162765555785e-01
2.040000000000000036e+00 1.373498775424867036e-01
2.049999999999999822e+00 1.459376748278954361e-01
2.060000000000000053e+00 1.535243523226370588e-01
2.069999999999999840e+00 1.598687744070221295e-01
2.080000000000000071e+00 1.648234615316731266e-01
2.089999999999999858e+00 1.683322531254510812e-01
2.100000000000000089e+00 1.704573021878945382e-01
2.109999999999999876e+00 1.713823953811725309e-01
2.120000000000000107e+00 1.713609594096394406e-01
2.129999999999999893e+00 1.706317283730315049e-01
2.140000000000000124e+00 1.693541390536554558e-01
2.149999999999999911e+00 1.675969568493190232e-01
2.160000000000000142e+00 1.653747849048002039e-01
2.169999999999999929e+00 1.627030043990171371e-01
2.180000000000000160e+00 1.596407264540827819e-01
2.189999999999999947e+00 1.563024945743398397e-01
2.200000000000000178e+00 1.528347509986795472e-01
2.209999999999999964e+00 1.493703981433360528e-01
2.220000000000000195e+00 1.459871091071474336e-01
2.229999999999999982e+00 1.426920511966086602e-01
2.240000000000000213e+00 1.394380585150886975e-01
2.250000000000000000e+00 1.361583790481218637e-01
2.259999999999999787e+00 1.328016825429558512e-01
2.270000000000000018e+00 1.293547214374945742e-01
2.279999999999999805e+00 1.258472395118055420e-01
2.290000000000000036e+00 1.223382654160922178e-01
2.299999999999999822e+00 1.188884873445052309e-01
2.310000000000000053e+00 1.155307319320300341e-01
2.319999999999999840e+00 1.122523575002629670e-01
2.330000000000000071e+00 1.089953157642237352e-01
2.339999999999999858e+00 1.056706967983557510e-01
2.350000000000000089e+00 1.021860074017401088e-01
2.359999999999999876e+00 9.848853902214865785e-02
2.370000000000000107e+00 9.461707941434134572e-02
2.379999999999999893e+00 9.072791962242461594e-02
2.390000000000000124e+00 8.705590649572093886e-02
2.399999999999999911e+00 8.381452164342298450e-02
2.410000000000000142e+00 8.109688804646575377e-02
2.419999999999999929e+00 7.884595860523686828e-02
2.430000000000000160e+00 7.690488570989494066e-02
2.439999999999999947e+00 7.509972033118199330e-02
2.450000000000000178e+00 7.330241662145979553e-02
2.459999999999999964e+00 7.145961480695683932e-02
2.470000000000000195e+00 6.960157658987391194e-02
2.479999999999999982e+00 6.784310084101438654e-02
2.490000000000000213e+00 6.637211156040648263e-02
2.500000000000000000e+00 6.541707506817098783e-02
2.509999999999999787e+00 6.519577155195614704e-02
2.520000000000000018e+00 6.586152042718503019e-02
2.529999999999999805e+00 6.746689671764670437e-02
2.540000000000000036e+00 6.995858836005863779e-02
2.549999999999999822e+00 7.320446751145769093e-02
2.560000000000000053e+00 7.704011533602446449e-02
2.569999999999999840e+00 8.131457310076584122e-02
2.580000000000000071e+00 8.591920255894806846e-02
2.589999999999999858e+00 9.079492986205429939e-02
2.600000000000000089e+00 9.592309165367048085e-02
2.609999999999999876e+00 1.013095353888501110e-01
2.620000000000000107e+00 1.069707978743308502e-01
2.629999999999999893e+00 1.129261929868201342e-01
2.640000000000000124e+00 1.191937107923673189e-01
2.649999999999999911e+00 1.257856796526443111e-01
2.660000000000000142e+00 1.327031405499392025e-01
2.669999999999999929e+00 1.399310968914415365e-01
2.680000000000000160e+00 1.474363753314220093e-01
2.689999999999999947e+00 1.551679403667200752e-01
2.700000000000000178e+00 1.630597325633895145e-01
2.709999999999999964e+00 1.710367141664968504e-01
2.720000000000000195e+00 1.790219912314683359e-01
2.729999999999999982e+00 1.869392257542641378e-01
2.740000000000000213e+00 1.947071323562099554e-01
2.750000000000000000e+00 2.022314938805513662e-01
2.759999999999999787e+00 2.094048158212020450e-01
2.770000000000000018e+00 2.161177682235625175e-01
2.779999999999999805e+00 2.222764236651914860e-01
2.790000000000000036e+00 2.278160263740502123e-01
2.799999999999999822e+00 2.327069559211971672e-01
2.810000000000000053e+00 2.369538273775183557e-01
2.819999999999999840e+00 2.405892831029458334e-01
2.830000000000000071e+00 2.436628118526874276e-01
2.839999999999999858e+00 2.462262827811237398e-01
2.850000000000000089e+00 2.483221272201499574e-01
2.859999999999999876e+00 2.499847588541685151e-01
2.870000000000000107e+00 2.512681132133562922e-01
2.879999999999999893e+00 2.523079760932396276e-01
2.890000000000000124e+00 2.534106320442230942e-01
2.899999999999999911e+00 2.551275876505717521e-01
2.910000000000000142e+00 2.582478743964101153e-01
2.919999999999999929e+00 2.636539577418782754e-01
2.930000000000000160e+00 2.720654721433084511e-01
2.939999999999999947e+00 2.837900070865637669e-01
2.950000000000000178e+00 2.986214711265538502e-01
2.959999999999999964e+00 3.159403271382480449e-01
2.970000000000000195e+00 3.349474133846387924e-01
2.979999999999999982e+00 3.549027724514515758e-01
2.990000000000000213e+00 3.752710645536667666e-01
3.000000000000000000e+00 3.957506434133916673e-01
3.009999999999999787e+00 4.162254327007403609e-01
3.020000000000000018e+00 4.366956522959903886e-01
3.029999999999999805e+00 4.572192675367196535e-01
3.040000000000000036e+00 4.778619995594210468e-01
3.049999999999999822e+00 4.986426665699282279e-01
3.060000000000000053e+00 5.194779225390639965e-01
3.069999999999999840e+00 5.401512564423949225e-01
3.080000000000000071e+00 5.603291640836856047e-01
3.089999999999999858e+00 5.796231336218448105e-01
3.100000000000000089e+00 5.976718327580672341e-01
3.109999999999999876e+00 6.142108419224856508e-01
3.120000000000000107e+00 6.291065789681862253e-01
3.129999999999999893e+00 6.423481500872274541e-01
3.140000000000000124e+00 6.540096379588494768e-01
3.149999999999999911e+00 6.642094315233607604e-01
3.160000000000000142e+00 6.730929226573774127e-01
3.169999999999999929e+00 6.808453132114304918e-01
3.180000000000000160e+00 6.877138981438579712e-01
3.189999999999999947e+00 6.940079625767511251e-01
3.200000000000000178e+00 7.000608936762933165e-01
3.209999999999999964e+00 7.061654229305788233e-01
3.220000000000000195e+00 7.125025547113992275e-01
3.229999999999999982e+00 7.190774977816607461e-01
3.240000000000000213e+00 7.256754224457457880e-01
3.250000000000000000e+00 7.318643847636978617e-01
3.259999999999999787e+00 7.370765219535116985e-01
3.270000000000000018e+00 7.407645120709620556e-01
3.279999999999999805e+00 7.425738980207005069e-01
3.290000000000000036e+00 7.424461947445342158e-01
3.299999999999999822e+00 7.406055534802878926e-01
3.310000000000000053e+00 7.374537456050698214e-01
3.319999999999999840e+00 7.334427589594981756e-01
3.330000000000000071e+00 7.289841335789249976e-01
3.339999999999999858e+00 7.244155529236999680e-01
3.350000000000000089e+00 7.200142581022538346e-01
3.359999999999999876e+00 7.160310337617669108e-01
3.370000000000000107e+00 7.127096690322722861e-01
3.379999999999999893e+00 7.102605521302031155e-01
3.390000000000000124e+00 7.087865436009318509e-01
3.399999999999999911e+00 7.082037760164978657e-01
3.410000000000000142e+00 7.082213648605520939e-01
3.419999999999999929e+00 7.084145933801401229e-01
3.430000000000000160e+00 7.083629525702457297e-01
3.439999999999999947e+00 7.077767629876028366e-01
3.450000000000000178e+00 7.065404982222996955e-01
3.459999999999999964e+00 7.046508970567901819e-01
3.470000000000000195e+00 7.020860222558974462e-01
3.479999999999999982e+00 6.986758016706741126e-01
3.490000000000000213e+00 6.940492389147814301e-01
3.500000000000000000e+00 6.877133576251941438e-01
3.509999999999999787e+00 6.792688575422032304e-01
3.520000000000000018e+00 6.686847894429049921e-01
3.529999999999999805e+00 6.564769949274372740e-01
3.540000000000000036e+00 6.436401872889839781e-01
3.549999999999999822e+00 6.313137470444974975e-01
3.560000000000000053e+00 6.203445792971750139e-01
3.569999999999999840e+00 6.109956546401805744e-01
3.580000000000000071e+00 6.029524098372738283e-01
3.589999999999999858e+00 5.955800515335299972e-01
3.600000000000000089e+00 5.882477519485879158e-01
3.609999999999999876e+00 5.805497640584118546e-01
3.620000000000000107e+00 5.723675445010433238e-01
3.629999999999999893e+00 5.638193176354523439e-01
3.640000000000000124e+00 5.551709965056802476e-01
3.649999999999999911e+00 5.467511751768294737e-01
3.660000000000000142e+00 5.388747568057522530e-01
3.669999999999999929e+00 5.317695800576459630e-01
3.680000000000000160e+00 5.255163493529573238e-01
3.689999999999999947e+00 5.200279820694764243e-01
3.700000000000000178e+00 5.150868900046967624e-01
3.709999999999999964e+00 5.104291689809262733e-01
3.720000000000000195e+00 5.058372016847306751e-01
3.729999999999999982e+00 5.011996547949764125e-01
3.740000000000000213e+00 4.965208683538470669e-01
3.750000000000000000e+00 4.918902463217730836e-01
3.759999999999999787e+00 4.874363225172876346e-01
3.770000000000000018e+00 4.832862477599007001e-01
3.779999999999999805e+00 4.795399512940629605e-01
3.790000000000000036e+00 4.762586879299501308e-01
3.799999999999999822e+00 4.734624253937392280e-01
3.810000000000000053e+00 4.711299690239552085e-01
3.819999999999999840e+00 4.692001403908440116e-01
3.830000000000000071e+00 4.675775414639475325e-01
3.839999999999999858e+00 4.661459103554255190e-01
3.850000000000000089e+00 4.647856095391293407e-01
3.859999999999999876e+00 4.633871078258800513e-01
3.870000000000000107e+00 4.618559227129395151e-01
3.879999999999999893e+00 4.601130289577166077e-01
3.890000000000000124e+00 4.580978926054423694e-01
3.899999999999999911e+00 4.557745062159030414e-01
3.910000000000000142e+00 4.531324831766619932e-01
3.919999999999999929e+00 4.501767973535287792e-01
3.930000000000000160e+00 4.469104173491611487e-01
3.939999999999999947e+00 4.433217541681775398e-01
3.950000000000000178e+00 4.393848833852930791e-01
3.959999999999999964e+00 4.350694690727856528e-01
3.970000000000000195e+00 4.303512533539909368e-01
3.979999999999999982e+00 4.252184433707337230e-01
3.990000000000000213e+00 4.196767286390500895e-01
4.000000000000000000e+00 4.137554076154481564e-01
4.009999999999999787e+00 4.075105090035699429e-01
4.019999999999999574e+00 4.010189890085005815e-01
4.030000000000000249e+00 3.943654310393766571e-01
4.040000000000000036e+00 3.876300716789376488e-01
4.049999999999999822e+00 3.808840144406551165e-01
4.059999999999999609e+00 3.741868302452053263e-01
4.070000000000000284e+00 3.675773952234650532e-01
4.080000000000000071e+00 3.610584954161931703e-01
4.089999999999999858e+00 3.545884805666207340e-01
4.099999999999999645e+00 3.480919655042271077e-01
4.110000000000000320e+00 3.414862227532982630e-01
4.120000000000000107e+00 3.347080803483808431e-01
4.129999999999999893e+00 3.277298690936737424e-01
4.139999999999999680e+00 3.205647925006018251e-01
4.150000000000000355e+00 3.132668731667388462e-01
4.160000000000000142e+00 3.059249312822977518e-01
4.169999999999999929e+00 2.986453079533383237e-01
4.179999999999999716e+00 2.915242904486066156e-01
4.190000000000000391e+00 2.846222318634109572e-01
4.200000000000000178e+00 2.779528017881733870e-01
4.209999999999999964e+00 2.714904607187604846e-01
4.219999999999999751e+00 2.651893765079880172e-01
4.230000000000000426e+00 2.590063666514851315e-01
4.240000000000000213e+00 2.529241449643540030e-01
4.250000000000000000e+00 2.469703155227231106e-01
4.259999999999999787e+00 2.412226166816319184e-01
4.269999999999999574e+00 2.357913447209835089e-01
4.280000000000000249e+00 2.307811950110308929e-01
4.290000000000000036e+00 2.262488043115878922e-01
4.299999999999999822e+00 2.221753977805008273e-01
4.309999999999999609e+00 2.184638131596916000e-01
4.320000000000000284e+00 2.149567251538200829e-01
4.330000000000000071e+00 2.114676056083439337e-01
4.339999999999999858e+00 2.078164467472982668e-01
4.349999999999999645e+00 2.038624433212904707e-01
4.360000000000000320e+00 1.995247318408849557e-01
4.370000000000000107e+00 1.947848274096593280e-01
4.379999999999999893e+00 1.896728475979113926e-01
4.389999999999999680e+00 1.842476542909209924e-01
4.400000000000000355e+00 1.785806491603217083e-01
4.410000000000000142e+00 1.727456777339968497e-01
4.419999999999999929e+00 1.668125438739915256e-01
4.429999999999999716e+00 1.608431389755930752e-01
4.440000000000000391e+00 1.548918695931026379e-01
4.450000000000000178e+00 1.490100966473780764e-01
4.459999999999999964e+00 1.432494774893257050e-01
4.469999999999999751e+00 1.376583727144867764e-01
4.480000000000000426e+00 1.322716976196096905e-01
4.490000000000000213e+00 1.271018045665076868e-01
4.500000000000000000e+00 1.221380715081458596e-01
4.509999999999999787e+00 1.173558257578665998e-01
4.519999999999999574e+00 1.127288025297721596e-01
4.530000000000000249e+00 1.082390599412723087e-01
4.540000000000000036e+00 1.038820598145762247e-01
4.549999999999999822e+00 9.966735620052784295e-02
4.559999999999999609e+00 9.561530353213004707e-02
4.570000000000000284e+00 9.174988595047202378e-02
4.580000000000000071e+00 8.808945687538044522e-02
4.589999999999999858e+00 8.463931022734731691e-02
4.599999999999999645e+00 8.138936649294326031e-02
4.610000000000000320e+00 7.831694557780152777e-02
4.620000000000000107e+00 7.539211083595703800e-02
4.629999999999999893e+00 7.258343140557359241e-02
4.639999999999999680e+00 6.986350335534721734e-02
4.650000000000000355e+00 6.721372387780180646e-02
4.660000000000000142e+00 6.462674508402291296e-02
4.669999999999999929e+00 6.210499427891134905e-02
4.679999999999999716e+00 5.965578113942222871e-02
4.690000000000000391e+00 5.728595357109562275e-02
4.700000000000000178e+00 5.499910176984528637e-02
4.709999999999999964e+00 5.279595249021779013e-02
4.719999999999999751e+00 5.067645149104585411e-02
4.730000000000000426e+00 4.864184529589518635e-02
4.740000000000000213e+00 4.669602703127225668e-02
4.750000000000000000e+00 4.484592412182033389e-02
4.759999999999999787e+00 4.310054632317616291e-02
4.769999999999999574e+00 4.146847271667173512e-02
4.780000000000000249e+00 3.995454773914516866e-02
4.790000000000000036e+00 3.855744318586035863e-02
4.799999999999999822e+00 3.726930969863279097e-02
4.809999999999999609e+00 3.607728250869542824e-02
4.820000000000000284e+00 3.496565584363710982e-02
4.830000000000000071e+00 3.391788411158601357e-02
4.839999999999999858e+00 3.291842214313794174e-02
4.849999999999999645e+00 3.195464183138215647e-02
4.860000000000000320e+00 3.101852097450863086e-02
4.870000000000000107e+00 3.010733164513145974e-02
4.879999999999999893e+00 2.922287206548367100e-02
4.889999999999999680e+00 2.836962097188664225e-02
4.900000000000000355e+00 2.755270225818024984e-02
4.910000000000000142e+00 2.677637980154766797e-02
4.919999999999999929e+00 2.604335270827297724e-02
4.929999999999999716e+00 2.535480738184456989e-02
4.940000000000000391e+00 2.471099083749543970e-02
4.950000000000000178e+00 2.411186703280765453e-02
4.959999999999999964e+00 2.355732295260866069e-02
4.969999999999999751e+00 2.304664888707287293e-02
4.980000000000000426e+00 2.257758858570806104e-02
4.990000000000000213e+00 2.214567944498810337e-02
5.000000000000000000e+00 2.174444448882724423e-02
5.009999999999999787e+00 2.136639251127874992e-02
5.019999999999999574e+00 2.100430816212748783e-02
5.030000000000000249e+00 2.065231877043038206e-02
5.040000000000000036e+00 2.030652009599393654e-02
5.049999999999999822e+00 1.996515537781341776e-02
5.059999999999999609e+00 1.962836130933643883e-02
5.070000000000000284e+00 1.929750587494159786e-02
5.080000000000000071e+00 1.897429717593254045e-02
5.089999999999999858e+00 1.866001005817535460e-02
5.099999999999999645e+00 1.835512375349650574e-02
5.110000000000000320e+00 1.805940364697555464e-02
5.120000000000000107e+00 1.777225375797152063e-02
5.129999999999999893e+00 1.749316573749832432e-02
5.139999999999999680e+00 1.722217648861400566e-02
5.150000000000000355e+00 1.696024886133153456e-02
5.160000000000000142e+00 1.670942104334479858e-02
5.169999999999999929e+00 1.647258226484393101e-02
5.179999999999999716e+00 1.625289540768195054e-02
5.190000000000000391e+00 1.605308159027404868e-02
5.200000000000000178e+00 1.587483654624964949e-02
5.209999999999999964e+00 1.571854052937988674e-02
5.219999999999999751e+00 1.558327642844513881e-02
5.230000000000000426e+00 1.546708709200274832e-02
5.240000000000000213e+00 1.536737635693240407e-02
5.250000000000000000e+00 1.528134328410974720e-02
5.259999999999999787e+00 1.520633346339264960e-02
5.269999999999999574e+00 1.514002870986442227e-02
5.280000000000000249e+00 1.508048104928418238e-02
5.290000000000000036e+00 1.502607219558761524e-02
5.299999999999999822e+00 1.497548391119964649e-02
5.309999999999999609e+00 1.492770583163838434e-02
5.320000000000000284e+00 1.488205284021787249e-02
5.330000000000000071e+00 1.483815872158278024e-02
5.339999999999999858e+00 1.479593953190690495e-02
5.349999999999999645e+00 1.475553849745616340e-02
5.360000000000000320e+00 1.471725943058359298e-02
5.370000000000000107e+00 1.468148398519048860e-02
5.379999999999999893e+00 1.464856988878111138e-02
5.389999999999999680e+00 1.461874411912677911e-02
5.400000000000000355e+00 1.459202232302897126e-02
5.410000000000000142e+00 1.456818803503897621e-02
5.419999999999999929e+00 1.454684497573681574e-02
5.429999999999999716e+00 1.452752076839471281e-02
5.440000000000000391e+00 1.450977507737972495e-02
5.450000000000000178e+00 1.449326916085653255e-02
5.459999999999999964e+00 1.447778055207082221e-02
5.469999999999999751e+00 1.446317409359887916e-02
5.480000000000000426e+00 1.444935574230097990e-02
5.490000000000000213e+00 1.443623637299972819e-02
5.500000000000000000e+00 1.442372039884394323e-02
5.509999999999999787e+00 1.441171569962582111e-02
5.519999999999999574e+00 1.440015032667963171e-02
5.530000000000000249e+00 1.438898394320013881e-02
5.540000000000000036e+00 1.437821068501083342e-02
5.549999999999999822e+00 1.436785472415347438e-02
5.559999999999999609e+00 1.435795878986568727e-02
5.570000000000000284e+00 1.434856576569281707e-02
5.580000000000000071e+00 1.433969826196655403e-02
5.589999999999999858e+00 1.433134577064341074e-02
5.599999999999999645e+00 1.432346618545525009e-02
5.610000000000000320e+00 1.431599930953335320e-02
5.620000000000000107e+00 1.430888352691930127e-02
5.629999999999999893e+00 1.430206835577716405e-02
5.639999999999999680e+00 1.429552114531121472e-02
5.650000000000000355e+00 1.428922911525535092e-02
5.660000000000000142e+00 1.428319699416484914e-02
5.669999999999999929e+00 1.427743970455827918e-02
5.679999999999999716e+00 1.427197182123772154e-02
5.690000000000000391e+00 1.426679847351084753e-02
5.700000000000000178e+00 1.426191165680158225e-02
5.709999999999999964e+00 1.425729182818783088e-02
5.719999999999999751e+00 1.425291179151695967e-02
5.730000000000000426e+00 1.424874075204828061e-02
5.740000000000000213e+00 1.424474862936296084e-02
5.750000000000000000e+00 1.424091090495662598e-02
5.759999999999999787e+00 1.423721250102300689e-02
5.769999999999999574e+00 1.423364835407350988e-02
5.780000000000000249e+00 1.423022020625207273e-02
5.790000000000000036e+00 1.422693184273618287e-02
5.799999999999999822e+00 1.422378550556581932e-02
5.809999999999999609e+00 1.422078033158435777e-02
5.820000000000000284e+00 1.421791201252633162e-02
5.830000000000000071e+00 1.421517305617910239e-02
5.839999999999999858e+00 1.421255388107170448e-02
5.849999999999999645e+00 1.421004480310793933e-02
5.860000000000000320e+00 1.420763791304257423e-02
5.870000000000000107e+00 1.420532749706189188e-02
5.879999999999999893e+00 1.420310883027866081e-02
5.889999999999999680e+00 1.420097665931757333e-02
5.900000000000000355e+00 1.419892473228934193e-02
5.910000000000000142e+00 1.419694637169446189e-02
5.919999999999999929e+00 1.419503490541077113e-02
5.929999999999999716e+00 1.419318244059066154e-02
5.940000000000000391e+00 1.419137483790170080e-02
5.950000000000000178e+00 1.418957928132208966e-02
5.959999999999999964e+00 1.418772211211841855e-02
5.969999999999999751e+00 1.418566558119553796e-02
5.980000000000000426e+00 1.418321234696837477e-02
5.990000000000000213e+00 1.418017329656383330e-02
6.000000000000000000e+00 1.417649508229358590e-02
6.200000000000000178e+00 1.417236940912810876e-02
6.400000000000000355e+00 1.416821713367275026e-02
6.599999999999999645e+00 1.416452265892098258e-02
6.799999999999999822e+00 1.416162538497481131e-02
7.000000000000000000e+00 0.000000000000000000e+00
