0.000000000000000000e+00 0.000000000000000000e+00
1.000000000000000021e-02 1.718749489696131533e-02
2.000000000000000042e-02 1.731059126702163414e-02
2.999999999999999889e-02 1.741958166471996999e-02
4.000000000000000083e-02 1.750313731418629351e-02
5.000000000000000278e-02 1.756012121248082605e-02
5.999999999999999778e-02 1.759646529941304161e-02
7.000000000000000666e-02 1.762012024545643596e-02
8.000000000000000167e-02 1.763788327226499530e-02
8.999999999999999667e-02 1.765478199923103605e-02
1.000000000000000056e-01 1.767473565555558249e-02
1.100000000000000006e-01 1.770126561436021623e-02
1.199999999999999956e-01 1.773774156656800563e-02
1.300000000000000044e-01 1.778710940267330329e-02
1.400000000000000133e-01 1.785127304907268425e-02
1.499999999999999944e-01 1.793046589455396175e-02
1.600000000000000033e-01 1.802298920934280665e-02
1.700000000000000122e-01 1.812553565975381226e-02
1.799999999999999933e-01 1.823403057627495313e-02
1.900000000000000022e-01 1.834465717604641041e-02
2.000000000000000111e-01 1.845460771002995978e-02
2.099999999999999922e-01 1.856221768841892494e-02
2.200000000000000011e-01 1.866649112974808761e-02
2.300000000000000100e-01 1.876640985874578754e-02
2.399999999999999911e-01 1.886054528481985806e-02
2.500000000000000000e-01 1.894723707023294318e-02
2.600000000000000089e-01 1.902516552278744888e-02
2.700000000000000178e-01 1.909387601624775235e-02
2.800000000000000266e-01 1.915390317015664562e-02
2.899999999999999800e-01 1.920646730372104274e-02
2.999999999999999889e-01 1.925300745732152694e-02
3.099999999999999978e-01 1.929490096890125808e-02
3.200000000000000067e-01 1.933358068340208444e-02
3.300000000000000155e-01 1.937097496931464158e-02
3.400000000000000244e-01 1.940992116907635026e-02
3.499999999999999778e-01 1.945414836360097321e-02
3.599999999999999867e-01 1.950769110112866508e-02
3.699999999999999956e-01 1.957402257286058878e-02
3.800000000000000044e-01 1.965544991131010569e-02
3.900000000000000133e-01 1.975318218647909019e-02
4.000000000000000222e-01 1.986807202449152390e-02
4.099999999999999756e-01 2.000166060414060309e-02
4.199999999999999845e-01 2.015703433417581972e-02
4.299999999999999933e-01 2.033909691857222965e-02
4.400000000000000022e-01 2.055407692913319845e-02
4.500000000000000111e-01 2.080842332599914732e-02
4.600000000000000200e-01 2.110761256071180814e-02
4.699999999999999734e-01 2.145551317321733181e-02
4.799999999999999822e-01 2.185460122896417876e-02
4.899999999999999911e-01 2.230669150901424744e-02
5.000000000000000000e-01 2.281347251848532889e-02
5.100000000000000089e-01 2.337636075073238826e-02
5.200000000000000178e-01 2.399584119377056596e-02
5.300000000000000266e-01 2.467099183651135647e-02
5.400000000000000355e-01 2.539988725457814622e-02
5.500000000000000444e-01 2.618105951496887615e-02
5.600000000000000533e-01 2.701551658829861452e-02
5.699999999999999512e-01 2.790842137003395063e-02
5.799999999999999600e-01 2.886969231703717317e-02
5.899999999999999689e-01 2.991332393360471992e-02
5.999999999999999778e-01 3.105560758212312644e-02
6.099999999999999867e-01 3.231245673881509572e-02
6.199999999999999956e-01 3.369617481539338016e-02
6.300000000000000044e-01 3.521258557439221892e-02
6.400000000000000133e-01 3.685991737051963479e-02
6.500000000000000222e-01 3.863041326120769670e-02
6.600000000000000311e-01 4.051443876504644270e-02
6.700000000000000400e-01 4.250571561043998275e-02
6.800000000000000488e-01 4.460585274425459684e-02
6.899999999999999467e-01 4.682671343477772669e-02
6.999999999999999556e-01 4.919022460088237625e-02
7.099999999999999645e-01 5.172653099954761802e-02
7.199999999999999734e-01 5.447205926102405976e-02
7.299999999999999822e-01 5.746848666833541397e-02
7.399999999999999911e-01 6.076226238048648004e-02
7.500000000000000000e-01 6.440349226598759969e-02
7.600000000000000089e-01 6.844356311525440217e-02
7.700000000000000178e-01 7.293235874165274191e-02
7.800000000000000266e-01 7.791679238904200555e-02
7.900000000000000355e-01 8.344159067530979024e-02
8.000000000000000444e-01 8.955144772686228494e-02
8.100000000000000533e-01 9.629269458452113795e-02
8.199999999999999512e-01 1.037136939379117301e-01
8.299999999999999600e-01 1.118654452419747813e-01
8.399999999999999689e-01 1.208051273103106921e-01
8.499999999999999778e-01 1.306035506707828309e-01
8.599999999999999867e-01 1.413525945615981827e-01
8.699999999999999956e-01 1.531636989145903904e-01
8.800000000000000044e-01 1.661493970057205116e-01
8.900000000000000133e-01 1.803905906002194193e-01
9.000000000000000222e-01 1.959067843639367701e-01
9.100000000000000311e-01 2.126503089638708544e-01
9.200000000000000400e-01 2.305308563688783785e-01
9.300000000000000488e-01 2.494543201447599334e-01
9.399999999999999467e-01 2.693502982463756301e-01
9.499999999999999556e-01 2.901741824715687867e-01
9.599999999999999645e-01 3.118907824726045441e-01
9.699999999999999734e-01 3.344572707260173305e-01
9.799999999999999822e-01 3.578159774605445542e-01
9.899999999999999911e-01 3.818938474364976243e-01
1.000000000000000000e+00 4.066027154167035085e-01
1.010000000000000009e+00 4.318440626005572436e-01
1.020000000000000018e+00 4.575259621230597373e-01
1.030000000000000027e+00 4.835872369219215705e-01
1.040000000000000036e+00 5.100089891726556912e-01
1.050000000000000044e+00 5.367994619141877033e-01
1.060000000000000053e+00 5.639620977501365040e-01
1.070000000000000062e+00 5.914707437647938049e-01
1.080000000000000071e+00 6.192646791444345045e-01
1.090000000000000080e+00 6.472572669139700086e-01
1.100000000000000089e+00 6.753494755144161532e-01
1.110000000000000098e+00 7.034504273957487008e-01
1.120000000000000107e+00 7.315105352944655248e-01
1.129999999999999893e+00 7.595605897484816182e-01
1.139999999999999902e+00 7.877352709505576200e-01
1.149999999999999911e+00 8.162579193740701067e-01
1.159999999999999920e+00 8.453780953242235885e-01
1.169999999999999929e+00 8.752766347270261038e-01
1.179999999999999938e+00 9.059757213883609106e-01
1.189999999999999947e+00 9.373033667573952288e-01
1.199999999999999956e+00 9.689450551475318196e-01
1.209999999999999964e+00 1.000564053528204100e+00
1.219999999999999973e+00 1.031919695784278668e+00
1.229999999999999982e+00 1.062912499976010450e+00
1.239999999999999991e+00 1.093542111204849121e+00
1.250000000000000000e+00 1.123821305201832432e+00
1.260000000000000009e+00 1.153695122122239347e+00
1.270000000000000018e+00 1.182982398888263065e+00
1.280000000000000027e+00 1.211336117792058742e+00
1.290000000000000036e+00 1.238228307596292765e+00
1.300000000000000044e+00 1.262983607732906854e+00
1.310000000000000053e+00 1.284884455275601800e+00
1.320000000000000062e+00 1.303338037073697997e+00
1.330000000000000071e+00 1.318045207682144948e+00
1.340000000000000080e+00 1.329089017488573665e+00
1.350000000000000089e+00 1.336906233190118032e+00
1.360000000000000098e+00 1.342193157990775765e+00
1.370000000000000107e+00 1.345831655085336420e+00
1.379999999999999893e+00 1.348842971948060132e+00
1.389999999999999902e+00 1.352262965623481028e+00
1.399999999999999911e+00 1.356841105785024260e+00
1.409999999999999920e+00 1.362647008743781640e+00
1.419999999999999929e+00 1.368855436043651785e+00
1.429999999999999938e+00 1.373940474709131943e+00
1.439999999999999947e+00 1.376224513119305382e+00
1.449999999999999956e+00 1.374457197420844601e+00
1.459999999999999964e+00 1.368100566629391723e+00
1.469999999999999973e+00 1.357241888098599025e+00
1.479999999999999982e+00 1.342299746116035530e+00
1.489999999999999991e+00 1.323749429645382447e+00
1.500000000000000000e+00 1.301989732195041993e+00
1.510000000000000009e+00 1.277338044633894887e+00
1.520000000000000018e+00 1.250080898362787130e+00
1.530000000000000027e+00 1.220531168307895209e+00
1.540000000000000036e+00 1.189080117461305042e+00
1.550000000000000044e+00 1.156226188873263672e+00
1.560000000000000053e+00 1.122543051517413959e+00
1.570000000000000062e+00 1.088581457439685041e+00
1.580000000000000071e+00 1.054770873379129004e+00
1.590000000000000080e+00 1.021407620152182893e+00
1.600000000000000089e+00 9.887427302811545582e-01
1.610000000000000098e+00 9.570874917138239013e-01
1.620000000000000107e+00 9.268390682928340230e-01
1.629999999999999893e+00 8.984049491828075551e-01
1.639999999999999902e+00 8.720950927963089239e-01
1.649999999999999911e+00 8.480721351189537405e-01
1.659999999999999920e+00 8.263871830259884588e-01
1.669999999999999929e+00 8.070413887412454246e-01
1.679999999999999938e+00 7.899822201584560943e-01
1.689999999999999947e+00 7.749953859969356262e-01
1.699999999999999956e+00 7.615480114214718821e-01
1.709999999999999964e+00 7.487106976692974314e-01
1.719999999999999973e+00 7.352784901240678739e-01
1.729999999999999982e+00 7.200991899782437367e-01
1.739999999999999991e+00 7.024585135965422111e-01
1.750000000000000000e+00 6.822982952184188932e-01
1.760000000000000009e+00 6.601432047376298851e-01
1.770000000000000018e+00 6.368106485364115610e-01
1.780000000000000027e+00 6.131051308521626719e-01
1.790000000000000036e+00 5.896567147141704712e-01
1.800000000000000044e+00 5.669191951499813475e-01
1.810000000000000053e+00 5.452353625624134503e-01
1.820000000000000062e+00 5.248759588018413469e-01
1.830000000000000071e+00 5.060299245715540462e-01
1.840000000000000080e+00 4.887876983980961598e-01
1.850000000000000089e+00 4.731675708468516262e-01
1.860000000000000098e+00 4.591838824560874888e-01
1.870000000000000107e+00 4.468773791115707161e-01
1.879999999999999893e+00 4.361990475517353305e-01
1.889999999999999902e+00 4.267449739994766400e-01
1.899999999999999911e+00 4.175261236827949585e-01
1.909999999999999920e+00 4.069789886546192337e-01
1.919999999999999929e+00 3.931848202338189546e-01
1.929999999999999938e+00 3.741220410273349284e-01
1.939999999999999947e+00 3.480372438745103492e-01
1.949999999999999956e+00 3.142310787122309934e-01
1.959999999999999964e+00 2.740608212058143756e-01
1.969999999999999973e+00 2.312013942554913826e-01
1.979999999999999982e+00 1.904158990708706145e-01
1.989999999999999991e+00 1.554189953176726979e-01
2.000000000000000000e+00 1.274030503379434687e-01
2.009999999999999787e+00 1.052360569879309815e-01
2.020000000000000018e+00 8.689428131635017205e-02
2.029999999999999805e+00 7.089758741733714897e-02
2.040000000000000036e+00 5.687603114230369017e-02
2.049999999999999822e+00 4.522519175269220509e-02
2.060000000000000053e+00 3.637333608784637518e-02
2.069999999999999840e+00 3.025986015819284725e-02
2.080000000000000071e+00 2.630713109408888695e-02
2.089999999999999858e+00 2.374322694312098331e-02
2.100000000000000089e+00 2.193840362347285883e-02
2.109999999999999876e+00 2.054049944756185242e-02
2.120000000000000107e+00 1.942075114735809099e-02
2.129999999999999893e+00 1.855310858672950050e-02
2.140000000000000124e+00 1.792415593012630648e-02
2.149999999999999911e+00 1.750009405949301891e-02
2.160000000000000142e+00 1.723177490630603548e-02
2.169999999999999929e+00 1.707017600520963768e-02
2.180000000000000160e+00 1.697627559849116535e-02
2.189999999999999947e+00 1.692289729809309112e-02
2.200000000000000178e+00 1.689248978472242604e-02
2.209999999999999964e+00 1.687438498027063818e-02
2.220000000000000195e+00 1.686265077645870969e-02
2.229999999999999982e+00 1.685440218030097997e-02
2.240000000000000213e+00 1.684842517267642545e-02
2.250000000000000000e+00 1.684419713245917036e-02
2.259999999999999787e+00 1.684136812340046585e-02
2.270000000000000018e+00 1.683959924150117346e-02
2.279999999999999805e+00 1.683856859064635988e-02
2.290000000000000036e+00 1.683800771850328670e-02
2.299999999999999822e+00 1.683771997697787112e-02
2.310000000000000053e+00 1.683757821526682408e-02
2.319999999999999840e+00 1.683750947738452131e-02
2.330000000000000071e+00 1.683747577795903852e-02
2.339999999999999858e+00 1.683745840954969236e-02
2.350000000000000089e+00 1.683744838115026551e-02
2.359999999999999876e+00 1.683744156939327719e-02
2.370000000000000107e+00 1.683743632749383143e-02
2.379999999999999893e+00 1.683743217398100955e-02
2.390000000000000124e+00 1.683742902100718308e-02
2.399999999999999911e+00 1.683742677951884786e-02
2.410000000000000142e+00 1.683742525848952454e-02
2.419999999999999929e+00 1.683742423186850024e-02
2.430000000000000160e+00 1.683742352545890622e-02
2.439999999999999947e+00 1.683742304077057161e-02
2.450000000000000178e+00 1.683742272548793481e-02
2.459999999999999964e+00 1.683742253899168928e-02
2.470000000000000195e+00 1.683742244018380380e-02
2.479999999999999982e+00 1.683742239232528456e-02
2.490000000000000213e+00 1.683742236945648743e-02
2.500000000000000000e+00 1.683742235710434382e-02
2.509999999999999787e+00 1.683742234887029149e-02
2.520000000000000018e+00 1.683742234256080730e-02
2.529999999999999805e+00 1.683742233762883928e-02
2.540000000000000036e+00 1.683742233393528687e-02
2.549999999999999822e+00 1.683742233131679464e-02
2.560000000000000053e+00 1.683742232953672896e-02
2.569999999999999840e+00 1.683742232835604147e-02
2.580000000000000071e+00 1.683742232758577220e-02
2.589999999999999858e+00 1.683742232709008538e-02
2.600000000000000089e+00 1.683742232676921011e-02
2.609999999999999876e+00 1.683742232655010759e-02
2.620000000000000107e+00 1.683742232638604785e-02
2.629999999999999893e+00 1.683742232625461827e-02
2.640000000000000124e+00 1.683742232614979933e-02
2.649999999999999911e+00 1.683742232607161882e-02
2.660000000000000142e+00 1.683742232601878608e-02
2.669999999999999929e+00 1.683742232598660696e-02
2.680000000000000160e+00 1.683742232596867686e-02
2.689999999999999947e+00 1.683742232595925384e-02
2.700000000000000178e+00 1.683742232595438967e-02
2.709999999999999964e+00 1.683742232595179453e-02
2.720000000000000195e+00 1.683742232595021593e-02
2.729999999999999982e+00 1.683742232594895652e-02
2.740000000000000213e+00 1.683742232594766935e-02
2.750000000000000000e+00 1.683742232594625729e-02
2.759999999999999787e+00 1.683742232594481400e-02
2.770000000000000018e+00 1.683742232594350255e-02
2.779999999999999805e+00 1.683742232594244784e-02
2.790000000000000036e+00 1.683742232594169150e-02
2.799999999999999822e+00 1.683742232594118496e-02
2.810000000000000053e+00 1.683742232594086230e-02
2.819999999999999840e+00 1.683742232594065760e-02
2.830000000000000071e+00 1.683742232594052576e-02
2.839999999999999858e+00 1.683742232594044597e-02
2.850000000000000089e+00 1.683742232594039046e-02
2.859999999999999876e+00 1.683742232594035923e-02
2.870000000000000107e+00 1.683742232594032801e-02
2.879999999999999893e+00 1.683742232594030719e-02
2.890000000000000124e+00 1.683742232594028984e-02
2.899999999999999911e+00 1.683742232594027249e-02
2.910000000000000142e+00 1.683742232594025862e-02
2.919999999999999929e+00 1.683742232594024127e-02
2.930000000000000160e+00 1.683742232594023086e-02
2.939999999999999947e+00 1.683742232594021698e-02
2.950000000000000178e+00 1.683742232594020657e-02
2.959999999999999964e+00 1.683742232594020310e-02
2.970000000000000195e+00 1.683742232594019617e-02
2.979999999999999982e+00 1.683742232594018923e-02
2.990000000000000213e+00 1.683742232594018576e-02
3.000000000000000000e+00 1.683742232594018576e-02
3.009999999999999787e+00 1.683742232594018229e-02
3.020000000000000018e+00 1.683742232594018229e-02
3.029999999999999805e+00 1.683742232594018229e-02
3.040000000000000036e+00 1.683742232594017882e-02
3.049999999999999822e+00 1.683742232594017882e-02
3.060000000000000053e+00 1.683742232594017882e-02
3.069999999999999840e+00 1.683742232594017882e-02
3.080000000000000071e+00 1.683742232594017882e-02
3.089999999999999858e+00 1.683742232594017882e-02
3.100000000000000089e+00 1.683742232594017882e-02
3.109999999999999876e+00 1.683742232594017882e-02
3.120000000000000107e+00 1.683742232594017882e-02
3.129999999999999893e+00 1.683742232594017882e-02
3.140000000000000124e+00 1.683742232594017882e-02
3.149999999999999911e+00 1.683742232594017882e-02
3.160000000000000142e+00 1.683742232594017882e-02
3.169999999999999929e+00 1.683742232594017882e-02
3.180000000000000160e+00 1.683742232594017882e-02
3.189999999999999947e+00 1.683742232594017882e-02
3.200000000000000178e+00 1.683742232594017882e-02
3.209999999999999964e+00 1.683742232594017882e-02
3.220000000000000195e+00 1.683742232594017882e-02
3.229999999999999982e+00 1.683742232594017882e-02
3.240000000000000213e+00 1.683742232594017882e-02
3.250000000000000000e+00 1.683742232594017882e-02
3.259999999999999787e+00 1.683742232594017882e-02
3.270000000000000018e+00 1.683742232594017882e-02
3.279999999999999805e+00 1.683742232594017882e-02
3.290000000000000036e+00 1.683742232594017882e-02
3.299999999999999822e+00 1.683742232594017882e-02
3.310000000000000053e+00 1.683742232594017882e-02
3.319999999999999840e+00 1.683742232594017882e-02
3.330000000000000071e+00 1.683742232594017882e-02
3.339999999999999858e+00 1.683742232594017882e-02
3.350000000000000089e+00 1.683742232594017882e-02
3.359999999999999876e+00 1.683742232594017882e-02
3.370000000000000107e+00 1.683742232594017882e-02
3.379999999999999893e+00 1.683742232594017882e-02
3.390000000000000124e+00 1.683742232594017882e-02
3.399999999999999911e+00 1.683742232594017882e-02
3.410000000000000142e+00 1.683742232594017882e-02
3.419999999999999929e+00 1.683742232594017882e-02
3.430000000000000160e+00 1.683742232594017882e-02
3.439999999999999947e+00 1.683742232594017882e-02
3.450000000000000178e+00 1.683742232594017882e-02
3.459999999999999964e+00 1.683742232594017882e-02
3.470000000000000195e+00 1.683742232594017882e-02
3.479999999999999982e+00 1.683742232594017882e-02
3.490000000000000213e+00 1.683742232594017882e-02
3.500000000000000000e+00 1.683742232594017882e-02
3.509999999999999787e+00 1.683742232594017882e-02
3.520000000000000018e+00 1.683742232594017882e-02
3.529999999999999805e+00 1.683742232594017882e-02
3.540000000000000036e+00 1.683742232594017882e-02
3.549999999999999822e+00 1.683742232594017882e-02
3.560000000000000053e+00 1.683742232594017882e-02
3.569999999999999840e+00 1.683742232594017882e-02
3.580000000000000071e+00 1.683742232594017882e-02
3.589999999999999858e+00 1.683742232594017882e-02
3.600000000000000089e+00 1.683742232594017882e-02
3.609999999999999876e+00 1.683742232594017882e-02
3.620000000000000107e+00 1.683742232594017882e-02
3.629999999999999893e+00 1.683742232594017882e-02
3.640000000000000124e+00 1.683742232594017882e-02
3.649999999999999911e+00 1.683742232594017882e-02
3.660000000000000142e+00 1.683742232594017882e-02
3.669999999999999929e+00 1.683742232594017882e-02
3.680000000000000160e+00 1.683742232594017882e-02
3.689999999999999947e+00 1.683742232594017882e-02
3.700000000000000178e+00 1.683742232594017882e-02
3.709999999999999964e+00 1.683742232594017882e-02
3.720000000000000195e+00 1.683742232594017882e-02
3.729999999999999982e+00 1.683742232594017882e-02
3.740000000000000213e+00 1.683742232594017882e-02
3.750000000000000000e+00 1.683742232594017882e-02
3.759999999999999787e+00 1.683742232594017882e-02
3.770000000000000018e+00 1.683742232594017882e-02
3.779999999999999805e+00 1.683742232594017882e-02
3.790000000000000036e+00 1.683742232594017882e-02
3.799999999999999822e+00 1.683742232594017882e-02
3.810000000000000053e+00 1.683742232594017882e-02
3.819999999999999840e+00 1.683742232594017882e-02
3.830000000000000071e+00 1.683742232594017882e-02
3.839999999999999858e+00 1.683742232594017882e-02
3.850000000000000089e+00 1.683742232594017882e-02
3.859999999999999876e+00 1.683742232594017882e-02
3.870000000000000107e+00 1.683742232594017882e-02
3.879999999999999893e+00 1.683742232594017882e-02
3.890000000000000124e+00 1.683742232594017882e-02
3.899999999999999911e+00 1.683742232594017882e-02
3.910000000000000142e+00 1.683742232594017882e-02
3.919999999999999929e+00 1.683742232594017882e-02
3.930000000000000160e+00 1.683742232594017882e-02
3.939999999999999947e+00 1.683742232594017882e-02
3.950000000000000178e+00 1.683742232594017882e-02
3.959999999999999964e+00 1.683742232594017882e-02
3.970000000000000195e+00 1.683742232594017882e-02
3.979999999999999982e+00 1.683742232594017882e-02
3.990000000000000213e+00 1.683742232594017882e-02
4.000000000000000000e+00 1.683742232594017882e-02
4.009999999999999787e+00 1.683742232594017882e-02
4.019999999999999574e+00 1.683742232594017882e-02
4.030000000000000249e+00 1.683742232594017882e-02
4.040000000000000036e+00 1.683742232594017882e-02
4.049999999999999822e+00 1.683742232594017882e-02
4.059999999999999609e+00 1.683742232594017882e-02
4.070000000000000284e+00 1.683742232594017882e-02
4.080000000000000071e+00 1.683742232594017882e-02
4.089999999999999858e+00 1.683742232594017882e-02
4.099999999999999645e+00 1.683742232594017882e-02
4.110000000000000320e+00 1.683742232594017882e-02
4.120000000000000107e+00 1.683742232594017882e-02
4.129999999999999893e+00 1.683742232594017882e-02
4.139999999999999680e+00 1.683742232594017882e-02
4.150000000000000355e+00 1.683742232594017882e-02
4.160000000000000142e+00 1.683742232594017882e-02
4.169999999999999929e+00 1.683742232594017882e-02
4.179999999999999716e+00 1.683742232594017882e-02
4.190000000000000391e+00 1.683742232594017882e-02
4.200000000000000178e+00 1.683742232594017882e-02
4.209999999999999964e+00 1.683742232594017882e-02
4.219999999999999751e+00 1.683742232594017882e-02
4.230000000000000426e+00 1.683742232594017882e-02
4.240000000000000213e+00 1.683742232594017882e-02
4.250000000000000000e+00 1.683742232594017882e-02
4.259999999999999787e+00 1.683742232594017882e-02
4.269999999999999574e+00 1.683742232594017882e-02
4.280000000000000249e+00 1.683742232594017882e-02
4.290000000000000036e+00 1.683742232594017882e-02
4.299999999999999822e+00 1.683742232594017882e-02
4.309999999999999609e+00 1.683742232594017882e-02
4.320000000000000284e+00 1.683742232594017882e-02
4.330000000000000071e+00 1.683742232594017882e-02
4.339999999999999858e+00 1.683742232594017882e-02
4.349999999999999645e+00 1.683742232594017882e-02
4.360000000000000320e+00 1.683742232594017882e-02
4.370000000000000107e+00 1.683742232594017882e-02
4.379999999999999893e+00 1.683742232594017882e-02
4.389999999999999680e+00 1.683742232594017882e-02
4.400000000000000355e+00 1.683742232594017882e-02
4.410000000000000142e+00 1.683742232594017882e-02
4.419999999999999929e+00 1.683742232594017882e-02
4.429999999999999716e+00 1.683742232594017882e-02
4.440000000000000391e+00 1.683742232594017882e-02
4.450000000000000178e+00 1.683742232594017882e-02
4.459999999999999964e+00 1.683742232594017882e-02
4.469999999999999751e+00 1.683742232594017882e-02
4.480000000000000426e+00 1.683742232594017882e-02
4.490000000000000213e+00 1.683742232594017882e-02
4.500000000000000000e+00 1.683742232594017882e-02
4.509999999999999787e+00 1.683742232594017882e-02
4.519999999999999574e+00 1.683742232594017882e-02
4.530000000000000249e+00 1.683742232594017882e-02
4.540000000000000036e+00 1.683742232594017882e-02
4.549999999999999822e+00 1.683742232594017882e-02
4.559999999999999609e+00 1.683742232594017882e-02
4.570000000000000284e+00 1.683742232594017882e-02
4.580000000000000071e+00 1.683742232594017882e-02
4.589999999999999858e+00 1.683742232594017882e-02
4.599999999999999645e+00 1.683742232594017882e-02
4.610000000000000320e+00 1.683742232594017882e-02
4.620000000000000107e+00 1.683742232594017882e-02
4.629999999999999893e+00 1.683742232594017882e-02
4.639999999999999680e+00 1.683742232594017882e-02
4.650000000000000355e+00 1.683742232594017882e-02
4.660000000000000142e+00 1.683742232594017882e-02
4.669999999999999929e+00 1.683742232594017882e-02
4.679999999999999716e+00 1.683742232594017882e-02
4.690000000000000391e+00 1.683742232594017882e-02
4.700000000000000178e+00 1.683742232594017882e-02
4.709999999999999964e+00 1.683742232594017882e-02
4.719999999999999751e+00 1.683742232594017882e-02
4.730000000000000426e+00 1.683742232594017882e-02
4.740000000000000213e+00 1.683742232594017882e-02
4.750000000000000000e+00 1.683742232594017882e-02
4.759999999999999787e+00 1.683742232594017882e-02
4.769999999999999574e+00 1.683742232594017882e-02
4.780000000000000249e+00 1.683742232594017882e-02
4.790000000000000036e+00 1.683742232594017882e-02
4.799999999999999822e+00 1.683742232594017882e-02
4.809999999999999609e+00 1.683742232594017882e-02
4.820000000000000284e+00 1.683742232594017882e-02
4.830000000000000071e+00 1.683742232594017882e-02
4.839999999999999858e+00 1.683742232594017882e-02
4.849999999999999645e+00 1.683742232594017882e-02
4.860000000000000320e+00 1.683742232594017882e-02
4.870000000000000107e+00 1.683742232594017882e-02
4.879999999999999893e+00 1.683742232594017882e-02
4.889999999999999680e+00 1.683742232594017882e-02
4.900000000000000355e+00 1.683742232594017882e-02
4.910000000000000142e+00 1.683742232594017882e-02
4.919999999999999929e+00 1.683742232594017882e-02
4.929999999999999716e+00 1.683742232594017882e-02
4.940000000000000391e+00 1.683742232594017882e-02
4.950000000000000178e+00 1.683742232594017882e-02
4.959999999999999964e+00 1.683742232594017882e-02
4.969999999999999751e+00 1.683742232594017882e-02
4.980000000000000426e+00 1.683742232594017882e-02
4.990000000000000213e+00 1.683742232594017882e-02
5.000000000000000000e+00 1.683742232594017882e-02
5.009999999999999787e+00 1.683742232594017882e-02
5.019999999999999574e+00 1.683742232594017882e-02
5.030000000000000249e+00 1.683742232594017882e-02
5.040000000000000036e+00 1.683742232594017882e-02
5.049999999999999822e+00 1.683742232594017882e-02
5.059999999999999609e+00 1.683742232594017882e-02
5.070000000000000284e+00 1.683742232594017882e-02
5.080000000000000071e+00 1.683742232594017882e-02
5.089999999999999858e+00 1.683742232594017882e-02
5.099999999999999645e+00 1.683742232594017882e-02
5.110000000000000320e+00 1.683742232594017882e-02
5.120000000000000107e+00 1.683742232594017882e-02
5.129999999999999893e+00 1.683742232594017882e-02
5.139999999999999680e+00 1.683742232594017882e-02
5.150000000000000355e+00 1.683742232594017882e-02
5.160000000000000142e+00 1.683742232594017882e-02
5.169999999999999929e+00 1.683742232594017882e-02
5.179999999999999716e+00 1.683742232594017882e-02
5.190000000000000391e+00 1.683742232594017882e-02
5.200000000000000178e+00 1.683742232594017882e-02
5.209999999999999964e+00 1.683742232594017882e-02
5.219999999999999751e+00 1.683742232594017882e-02
5.230000000000000426e+00 1.683742232594017882e-02
5.240000000000000213e+00 1.683742232594017882e-02
5.250000000000000000e+00 1.683742232594017882e-02
5.259999999999999787e+00 1.683742232594017882e-02
5.269999999999999574e+00 1.683742232594017882e-02
5.280000000000000249e+00 1.683742232594017882e-02
5.290000000000000036e+00 1.683742232594017882e-02
5.299999999999999822e+00 1.683742232594017882e-02
5.309999999999999609e+00 1.683742232594017882e-02
5.320000000000000284e+00 1.683742232594017882e-02
5.330000000000000071e+00 1.683742232594017882e-02
5.339999999999999858e+00 1.683742232594017882e-02
5.349999999999999645e+00 1.683742232594017882e-02
5.360000000000000320e+00 1.683742232594017882e-02
5.370000000000000107e+00 1.683742232594017882e-02
5.379999999999999893e+00 1.683742232594017882e-02
5.389999999999999680e+00 1.683742232594017882e-02
5.400000000000000355e+00 1.683742232594017882e-02
5.410000000000000142e+00 1.683742232594017882e-02
5.419999999999999929e+00 1.683742232594017882e-02
5.429999999999999716e+00 1.683742232594017882e-02
5.440000000000000391e+00 1.683742232594017882e-02
5.450000000000000178e+00 1.683742232594017882e-02
5.459999999999999964e+00 1.683742232594017882e-02
5.469999999999999751e+00 1.683742232594017882e-02
5.480000000000000426e+00 1.683742232594017882e-02
5.490000000000000213e+00 1.683742232594017882e-02
5.500000000000000000e+00 1.683742232594017882e-02
5.509999999999999787e+00 1.683742232594017882e-02
5.519999999999999574e+00 1.683742232594017882e-02
5.530000000000000249e+00 1.683742232594017882e-02
5.540000000000000036e+00 1.683742232594017882e-02
5.549999999999999822e+00 1.683742232594017882e-02
5.559999999999999609e+00 1.683742232594017882e-02
5.570000000000000284e+00 1.683742232594017882e-02
5.580000000000000071e+00 1.683742232594017882e-02
5.589999999999999858e+00 1.683742232594017882e-02
5.599999999999999645e+00 1.683742232594017882e-02
5.610000000000000320e+00 1.683742232594017882e-02
5.620000000000000107e+00 1.683742232594017882e-02
5.629999999999999893e+00 1.683742232594017882e-02
5.639999999999999680e+00 1.683742232594017882e-02
5.650000000000000355e+00 1.683742232594017882e-02
5.660000000000000142e+00 1.683742232594017882e-02
5.669999999999999929e+00 1.683742232594017882e-02
5.679999999999999716e+00 1.683742232594017882e-02
5.690000000000000391e+00 1.683742232594017882e-02
5.700000000000000178e+00 1.683742232594017882e-02
5.709999999999999964e+00 1.683742232594017882e-02
5.719999999999999751e+00 1.683742232594017882e-02
5.730000000000000426e+00 1.683742232594017882e-02
5.740000000000000213e+00 1.683742232594017882e-02
5.750000000000000000e+00 1.683742232594017882e-02
5.759999999999999787e+00 1.683742232594017882e-02
5.769999999999999574e+00 1.683742232594017882e-02
5.780000000000000249e+00 1.683742232594017882e-02
5.790000000000000036e+00 1.683742232594017882e-02
5.799999999999999822e+00 1.683742232594017882e-02
5.809999999999999609e+00 1.683742232594017882e-02
5.820000000000000284e+00 1.683742232594017882e-02
5.830000000000000071e+00 1.683742232594017882e-02
5.839999999999999858e+00 1.683742232594017882e-02
5.849999999999999645e+00 1.683742232594017882e-02
5.860000000000000320e+00 1.683742232594017882e-02
5.870000000000000107e+00 1.683742232594017882e-02
5.879999999999999893e+00 1.683742232594017882e-02
5.889999999999999680e+00 1.683742232594017882e-02
5.900000000000000355e+00 1.683742232594017882e-02
5.910000000000000142e+00 1.683742232594017882e-02
5.919999999999999929e+00 1.683742232594017882e-02
5.929999999999999716e+00 1.683742232594017882e-02
5.940000000000000391e+00 1.683742232594017882e-02
5.950000000000000178e+00 1.683742232594017882e-02
5.959999999999999964e+00 1.683742232594017882e-02
5.969999999999999751e+00 1.683742232594017882e-02
5.980000000000000426e+00 1.683742232594017882e-02
5.990000000000000213e+00 1.683742232594017882e-02
6.000000000000000000e+00 1.683742232594017882e-02
6.200000000000000178e+00 1.683742232594017882e-02
6.400000000000000355e+00 1.683742232594017882e-02
6.599999999999999645e+00 1.683742232594017882e-02
6.799999999999999822e+00 1.683742232594017882e-02
7.000000000000000000e+00 0.000000000000000000e+00
