0.000000000000000000e+00 0.000000000000000000e+00
1.000000000000000021e-02 3.186593670207768514e-02
2.000000000000000042e-02 3.844568756642455232e-02
2.999999999999999889e-02 4.469237109047995843e-02
4.000000000000000083e-02 5.004164669084633366e-02
5.000000000000000278e-02 5.434844814614955832e-02
5.999999999999999778e-02 5.778649954387573423e-02
7.000000000000000666e-02 6.064750066286419411e-02
8.000000000000000167e-02 6.319887362860955593e-02
8.999999999999999667e-02 6.564052856224379673e-02
1.000000000000000056e-01 6.811639132830804577e-02
1.100000000000000006e-01 7.073237685974581579e-02
1.199999999999999956e-01 7.356192327815808119e-02
1.300000000000000044e-01 7.664058542114603190e-02
1.400000000000000133e-01 7.995687791430496072e-02
1.499999999999999944e-01 8.344640167877308279e-02
1.600000000000000033e-01 8.699517482663358947e-02
1.700000000000000122e-01 9.045562646085608671e-02
1.799999999999999933e-01 9.367348572805926643e-02
1.900000000000000022e-01 9.651711309867348765e-02
2.000000000000000111e-01 9.889762538435302452e-02
2.099999999999999922e-01 1.007727371567752050e-01
2.200000000000000011e-01 1.021372285737244118e-01
2.300000000000000100e-01 1.030102193738507282e-01
2.399999999999999911e-01 1.034282390544579988e-01
2.500000000000000000e-01 1.034457101546286673e-01
2.600000000000000089e-01 1.031379643383096983e-01
2.700000000000000178e-01 1.026010729366676755e-01
2.800000000000000266e-01 1.019468272670422532e-01
2.899999999999999800e-01 1.012956147031341680e-01
2.999999999999999889e-01 1.007703848073691899e-01
3.099999999999999978e-01 1.004912192586736447e-01
3.200000000000000067e-01 1.005672159590898784e-01
3.300000000000000155e-01 1.010853397375845314e-01
3.400000000000000244e-01 1.021018261381957393e-01
3.499999999999999778e-01 1.036422852166971886e-01
3.599999999999999867e-01 1.057096952017450714e-01
3.699999999999999956e-01 1.082933616986823666e-01
3.800000000000000044e-01 1.113740392303864679e-01
3.900000000000000133e-01 1.149270539497270066e-01
4.000000000000000222e-01 1.189278230197545611e-01
4.099999999999999756e-01 1.233606910517205391e-01
4.199999999999999845e-01 1.282273355270232285e-01
4.299999999999999933e-01 1.335491001556202706e-01
4.400000000000000022e-01 1.393591916724678803e-01
4.500000000000000111e-01 1.456855493581200867e-01
4.600000000000000200e-01 1.525315786371908844e-01
4.699999999999999734e-01 1.598648694775766377e-01
4.799999999999999822e-01 1.676195797598480364e-01
4.899999999999999911e-01 1.757091109860635658e-01
5.000000000000000000e-01 1.840397485787823306e-01
5.100000000000000089e-01 1.925179770585442041e-01
5.200000000000000178e-01 2.010515227376470926e-01
5.300000000000000266e-01 2.095496942296301013e-01
5.400000000000000355e-01 2.179278669040505267e-01
5.500000000000000444e-01 2.261158262501935801e-01
5.600000000000000533e-01 2.340653208836383503e-01
5.699999999999999512e-01 2.417519894389006663e-01
5.799999999999999600e-01 2.491702642567136250e-01
5.899999999999999689e-01 2.563238101485346143e-01
5.999999999999999778e-01 2.632158331859558165e-01
6.099999999999999867e-01 2.698430511617549432e-01
6.199999999999999956e-01 2.761958450817325605e-01
6.300000000000000044e-01 2.822655463709025092e-01
6.400000000000000133e-01 2.880568109922662101e-01
6.500000000000000222e-01 2.935991753688159123e-01
6.600000000000000311e-01 2.989511309127632077e-01
6.700000000000000400e-01 3.041956655311408575e-01
6.800000000000000488e-01 3.094352148070676489e-01
6.899999999999999467e-01 3.147971889491387176e-01
6.999999999999999556e-01 3.204514416606189520e-01
7.099999999999999645e-01 3.266232960726273560e-01
7.199999999999999734e-01 3.335780879746466643e-01
7.299999999999999822e-01 3.415696633602670618e-01
7.399999999999999911e-01 3.507752878276205744e-01
7.500000000000000000e-01 3.612532997692489700e-01
7.600000000000000089e-01 3.729426857667767492e-01
7.700000000000000178e-01 3.856947051795838188e-01
7.800000000000000266e-01 3.993140732150513572e-01
7.900000000000000355e-01 4.135948369241222999e-01
8.000000000000000444e-01 4.283467765852387310e-01
8.100000000000000533e-01 4.434110948659079621e-01
8.199999999999999512e-01 4.586637049656752674e-01
8.299999999999999600e-01 4.740068410761417717e-01
8.399999999999999689e-01 4.893538282050061139e-01
8.499999999999999778e-01 5.046136018375246834e-01
8.599999999999999867e-01 5.196802363758440402e-01
8.699999999999999956e-01 5.344304191608797439e-01
8.800000000000000044e-01 5.487297167812147380e-01
8.900000000000000133e-01 5.624458866110346733e-01
9.000000000000000222e-01 5.754639651482150731e-01
9.100000000000000311e-01 5.876955652966583399e-01
9.200000000000000400e-01 5.990771870996070003e-01
9.300000000000000488e-01 6.095596602056665425e-01
9.399999999999999467e-01 6.190977529478566277e-01
9.499999999999999556e-01 6.276489704513300572e-01
9.599999999999999645e-01 6.351837048281840925e-01
9.699999999999999734e-01 6.417028625769867212e-01
9.799999999999999822e-01 6.472595119511176387e-01
9.899999999999999911e-01 6.519827544302571054e-01
1.000000000000000000e+00 6.560952596038035489e-01
1.010000000000000009e+00 6.599036401046386446e-01
1.020000000000000018e+00 6.637423302368610223e-01
1.030000000000000027e+00 6.678796778620548213e-01
1.040000000000000036e+00 6.724310235711934425e-01
1.050000000000000044e+00 6.773298443393088730e-01
1.060000000000000053e+00 6.823718822216344737e-01
1.070000000000000062e+00 6.873005630304436231e-01
1.080000000000000071e+00 6.918859969698767376e-01
1.090000000000000080e+00 6.959702013533675125e-01
1.100000000000000089e+00 6.994805960414914869e-01
1.110000000000000098e+00 7.024274617970092116e-01
1.120000000000000107e+00 7.048968022101662623e-01
1.129999999999999893e+00 7.070399033861575200e-01
1.139999999999999902e+00 7.090551285050850083e-01
1.149999999999999911e+00 7.111585450628526983e-01
1.159999999999999920e+00 7.135449986853372728e-01
1.169999999999999929e+00 7.163469539631749372e-01
1.179999999999999938e+00 7.196035130904762100e-01
1.189999999999999947e+00 7.232542039403374590e-01
1.199999999999999956e+00 7.271653773192142678e-01
1.209999999999999964e+00 7.311791272186900503e-01
1.219999999999999973e+00 7.351576628107474587e-01
1.229999999999999982e+00 7.389982988904894023e-01
1.239999999999999991e+00 7.426165217567257670e-01
1.250000000000000000e+00 7.459155904490173405e-01
1.260000000000000009e+00 7.487626212164139039e-01
1.270000000000000018e+00 7.509781885936072099e-01
1.280000000000000027e+00 7.523364190235534155e-01
1.290000000000000036e+00 7.525732132094028470e-01
1.300000000000000044e+00 7.514064743637666188e-01
1.310000000000000053e+00 7.485749872341084243e-01
1.320000000000000062e+00 7.438950386215364974e-01
1.330000000000000071e+00 7.373169537238243310e-01
1.340000000000000080e+00 7.289521688716881220e-01
1.350000000000000089e+00 7.190537743647646973e-01
1.360000000000000098e+00 7.079658419885269671e-01
1.370000000000000107e+00 6.960768551337164212e-01
1.379999999999999893e+00 6.837948912319171679e-01
1.389999999999999902e+00 6.715277977140317045e-01
1.399999999999999911e+00 6.596506301782207871e-01
1.409999999999999920e+00 6.484864372838824442e-01
1.419999999999999929e+00 6.383527989269823788e-01
1.429999999999999938e+00 6.296679238953832858e-01
1.439999999999999947e+00 6.230057062951296354e-01
1.449999999999999956e+00 6.189770622785493170e-01
1.459999999999999964e+00 6.179601901144372578e-01
1.469999999999999973e+00 6.198709662181958180e-01
1.479999999999999982e+00 6.241592075569877274e-01
1.489999999999999991e+00 6.300303079329550027e-01
1.500000000000000000e+00 6.367238519284286191e-01
1.510000000000000009e+00 6.436854657592837592e-01
1.520000000000000018e+00 6.505928466588563053e-01
1.530000000000000027e+00 6.572958613078955237e-01
1.540000000000000036e+00 6.637417430635762505e-01
1.550000000000000044e+00 6.699198095109774043e-01
1.560000000000000053e+00 6.758290904473077676e-01
1.570000000000000062e+00 6.814619744425435277e-01
1.580000000000000071e+00 6.867978196860670126e-01
1.590000000000000080e+00 6.918027766459718952e-01
1.600000000000000089e+00 6.964332230848989669e-01
1.610000000000000098e+00 7.006414278367351089e-01
1.620000000000000107e+00 7.043851965265688353e-01
1.629999999999999893e+00 7.076486773438843692e-01
1.639999999999999902e+00 7.104849834850803791e-01
1.649999999999999911e+00 7.130819926482817595e-01
1.659999999999999920e+00 7.158218604996390289e-01
1.669999999999999929e+00 7.192687204230790998e-01
1.679999999999999938e+00 7.240268908624695188e-01
1.689999999999999947e+00 7.304964668860890464e-01
1.699999999999999956e+00 7.386601492609353725e-01
1.709999999999999964e+00 7.480490198843500194e-01
1.719999999999999973e+00 7.579164044214488083e-01
1.729999999999999982e+00 7.675039007930234414e-01
1.739999999999999991e+00 7.762449020502086849e-01
1.750000000000000000e+00 7.838298859050190082e-01
1.760000000000000009e+00 7.901599730460563409e-01
1.770000000000000018e+00 7.952624703010697793e-01
1.780000000000000027e+00 7.992297155243756057e-01
1.790000000000000036e+00 8.022040645817077875e-01
1.800000000000000044e+00 8.043934636888867562e-01
1.810000000000000053e+00 8.060733808854102511e-01
1.820000000000000062e+00 8.075169290801919031e-01
1.830000000000000071e+00 8.088030824707821420e-01
1.840000000000000080e+00 8.094901957107321078e-01
1.850000000000000089e+00 8.082192568505212060e-01
1.860000000000000098e+00 8.024419665351472108e-01
1.870000000000000107e+00 7.886092369051111994e-01
1.879999999999999893e+00 7.631114575178307158e-01
1.889999999999999902e+00 7.237941318929629331e-01
1.899999999999999911e+00 6.711470303551761996e-01
1.909999999999999920e+00 6.080983725019670771e-01
1.919999999999999929e+00 5.383978833140364850e-01
1.929999999999999938e+00 4.650535405261586042e-01
1.939999999999999947e+00 3.903510177077301191e-01
1.949999999999999956e+00 3.171797647320622193e-01
1.959999999999999964e+00 2.497729360228806983e-01
1.969999999999999973e+00 1.925944785797703840e-01
1.979999999999999982e+00 1.482150366149046772e-01
1.989999999999999991e+00 1.160960480693819102e-01
2.000000000000000000e+00 9.324032960769308709e-02
2.009999999999999787e+00 7.601661272250756496e-02
2.020000000000000018e+00 6.177732008068319985e-02
2.029999999999999805e+00 4.941689764761787035e-02
2.040000000000000036e+00 3.894579720575211401e-02
2.049999999999999822e+00 3.070363388203984842e-02
2.060000000000000053e+00 2.479159081793071845e-02
2.069999999999999840e+00 2.092584158661438612e-02
2.080000000000000071e+00 1.858255315712228559e-02
2.089999999999999858e+00 1.721178227586912107e-02
2.100000000000000089e+00 1.638031296902154460e-02
2.109999999999999876e+00 1.581533161133288901e-02
2.120000000000000107e+00 1.538102254453834958e-02
2.129999999999999893e+00 1.502886735162934501e-02
2.140000000000000124e+00 1.474962130423725266e-02
2.149999999999999911e+00 1.454118867538195178e-02
2.160000000000000142e+00 1.439563444784162580e-02
2.169999999999999929e+00 1.429969440891424443e-02
2.180000000000000160e+00 1.423954322261923068e-02
2.189999999999999947e+00 1.420375379391661599e-02
2.200000000000000178e+00 1.418371297928802503e-02
2.209999999999999964e+00 1.417314486458187521e-02
2.220000000000000195e+00 1.416773920810809190e-02
2.229999999999999982e+00 1.416485198264589782e-02
2.240000000000000213e+00 1.416309185161165364e-02
2.250000000000000000e+00 1.416184819940166477e-02
2.259999999999999787e+00 1.416090187893408354e-02
2.270000000000000018e+00 1.416018233505977365e-02
2.279999999999999805e+00 1.415965355076608326e-02
2.290000000000000036e+00 1.415927996392580407e-02
2.299999999999999822e+00 1.415902591077701327e-02
2.310000000000000053e+00 1.415886024385634712e-02
2.319999999999999840e+00 1.415875751694326522e-02
2.330000000000000071e+00 1.415869738130038323e-02
2.339999999999999858e+00 1.415866424606282079e-02
2.350000000000000089e+00 1.415864705575362731e-02
2.359999999999999876e+00 1.415863862742302616e-02
2.370000000000000107e+00 1.415863465302582939e-02
2.379999999999999893e+00 1.415863273425508294e-02
2.390000000000000124e+00 1.415863163847058855e-02
2.399999999999999911e+00 1.415863079353072394e-02
2.410000000000000142e+00 1.415862998216770724e-02
2.419999999999999929e+00 1.415862917393638509e-02
2.430000000000000160e+00 1.415862842609115317e-02
2.439999999999999947e+00 1.415862781105909837e-02
2.450000000000000178e+00 1.415862736749599025e-02
2.459999999999999964e+00 1.415862708618540432e-02
2.470000000000000195e+00 1.415862692643108864e-02
2.479999999999999982e+00 1.415862684182143255e-02
2.490000000000000213e+00 1.415862679686837565e-02
2.500000000000000000e+00 1.415862677052153601e-02
2.509999999999999787e+00 1.415862675245953793e-02
2.520000000000000018e+00 1.415862673842592165e-02
2.529999999999999805e+00 1.415862672708381557e-02
2.540000000000000036e+00 1.415862671825045965e-02
2.549999999999999822e+00 1.415862671192121003e-02
2.560000000000000053e+00 1.415862670783631615e-02
2.569999999999999840e+00 1.415862670546983761e-02
2.580000000000000071e+00 1.415862670422611894e-02
2.589999999999999858e+00 1.415862670361896225e-02
2.600000000000000089e+00 1.415862670333426464e-02
2.609999999999999876e+00 1.415862670320134145e-02
2.620000000000000107e+00 1.415862670313676464e-02
2.629999999999999893e+00 1.415862670310072575e-02
2.640000000000000124e+00 1.415862670307383407e-02
2.649999999999999911e+00 1.415862670304735699e-02
2.660000000000000142e+00 1.415862670301906712e-02
2.669999999999999929e+00 1.415862670299054132e-02
2.680000000000000160e+00 1.415862670296460200e-02
2.689999999999999947e+00 1.415862670294338460e-02
2.700000000000000178e+00 1.415862670292754311e-02
2.709999999999999964e+00 1.415862670291654496e-02
2.720000000000000195e+00 1.415862670290934412e-02
2.729999999999999982e+00 1.415862670290487894e-02
2.740000000000000213e+00 1.415862670290224737e-02
2.750000000000000000e+00 1.415862670290076245e-02
2.759999999999999787e+00 1.415862670289992631e-02
2.770000000000000018e+00 1.415862670289941977e-02
2.779999999999999805e+00 1.415862670289903986e-02
2.790000000000000036e+00 1.415862670289866343e-02
2.799999999999999822e+00 1.415862670289824189e-02
2.810000000000000053e+00 1.415862670289777525e-02
2.819999999999999840e+00 1.415862670289731381e-02
2.830000000000000071e+00 1.415862670289690095e-02
2.839999999999999858e+00 1.415862670289658176e-02
2.850000000000000089e+00 1.415862670289636319e-02
2.859999999999999876e+00 1.415862670289621920e-02
2.870000000000000107e+00 1.415862670289612900e-02
2.879999999999999893e+00 1.415862670289606655e-02
2.890000000000000124e+00 1.415862670289602145e-02
2.899999999999999911e+00 1.415862670289599022e-02
2.910000000000000142e+00 1.415862670289596940e-02
2.919999999999999929e+00 1.415862670289595379e-02
2.930000000000000160e+00 1.415862670289594338e-02
2.939999999999999947e+00 1.415862670289593818e-02
2.950000000000000178e+00 1.415862670289593471e-02
2.959999999999999964e+00 1.415862670289593124e-02
2.970000000000000195e+00 1.415862670289592777e-02
2.979999999999999982e+00 1.415862670289592257e-02
2.990000000000000213e+00 1.415862670289591910e-02
3.000000000000000000e+00 1.415862670289591216e-02
3.009999999999999787e+00 1.415862670289590869e-02
3.020000000000000018e+00 1.415862670289590695e-02
3.029999999999999805e+00 1.415862670289590348e-02
3.040000000000000036e+00 1.415862670289590348e-02
3.049999999999999822e+00 1.415862670289590348e-02
3.060000000000000053e+00 1.415862670289590348e-02
3.069999999999999840e+00 1.415862670289590348e-02
3.080000000000000071e+00 1.415862670289590002e-02
3.089999999999999858e+00 1.415862670289590002e-02
3.100000000000000089e+00 1.415862670289590002e-02
3.109999999999999876e+00 1.415862670289590002e-02
3.120000000000000107e+00 1.415862670289590002e-02
3.129999999999999893e+00 1.415862670289590002e-02
3.140000000000000124e+00 1.415862670289590002e-02
3.149999999999999911e+00 1.415862670289590002e-02
3.160000000000000142e+00 1.415862670289590002e-02
3.169999999999999929e+00 1.415862670289590002e-02
3.180000000000000160e+00 1.415862670289590002e-02
3.189999999999999947e+00 1.415862670289590002e-02
3.200000000000000178e+00 1.415862670289590002e-02
3.209999999999999964e+00 1.415862670289590002e-02
3.220000000000000195e+00 1.415862670289590002e-02
3.229999999999999982e+00 1.415862670289590002e-02
3.240000000000000213e+00 1.415862670289590002e-02
3.250000000000000000e+00 1.415862670289590002e-02
3.259999999999999787e+00 1.415862670289590002e-02
3.270000000000000018e+00 1.415862670289590002e-02
3.279999999999999805e+00 1.415862670289590002e-02
3.290000000000000036e+00 1.415862670289590002e-02
3.299999999999999822e+00 1.415862670289590002e-02
3.310000000000000053e+00 1.415862670289590002e-02
3.319999999999999840e+00 1.415862670289590002e-02
3.330000000000000071e+00 1.415862670289590002e-02
3.339999999999999858e+00 1.415862670289590002e-02
3.350000000000000089e+00 1.415862670289590002e-02
3.359999999999999876e+00 1.415862670289590002e-02
3.370000000000000107e+00 1.415862670289590002e-02
3.379999999999999893e+00 1.415862670289590002e-02
3.390000000000000124e+00 1.415862670289590002e-02
3.399999999999999911e+00 1.415862670289590002e-02
3.410000000000000142e+00 1.415862670289590002e-02
3.419999999999999929e+00 1.415862670289590002e-02
3.430000000000000160e+00 1.415862670289590002e-02
3.439999999999999947e+00 1.415862670289590002e-02
3.450000000000000178e+00 1.415862670289590002e-02
3.459999999999999964e+00 1.415862670289590002e-02
3.470000000000000195e+00 1.415862670289590002e-02
3.479999999999999982e+00 1.415862670289590002e-02
3.490000000000000213e+00 1.415862670289590002e-02
3.500000000000000000e+00 1.415862670289590002e-02
3.509999999999999787e+00 1.415862670289590002e-02
3.520000000000000018e+00 1.415862670289590002e-02
3.529999999999999805e+00 1.415862670289590002e-02
3.540000000000000036e+00 1.415862670289590002e-02
3.549999999999999822e+00 1.415862670289590002e-02
3.560000000000000053e+00 1.415862670289590002e-02
3.569999999999999840e+00 1.415862670289590002e-02
3.580000000000000071e+00 1.415862670289590002e-02
3.589999999999999858e+00 1.415862670289590002e-02
3.600000000000000089e+00 1.415862670289590002e-02
3.609999999999999876e+00 1.415862670289590002e-02
3.620000000000000107e+00 1.415862670289590002e-02
3.629999999999999893e+00 1.415862670289590002e-02
3.640000000000000124e+00 1.415862670289590002e-02
3.649999999999999911e+00 1.415862670289590002e-02
3.660000000000000142e+00 1.415862670289590002e-02
3.669999999999999929e+00 1.415862670289590002e-02
3.680000000000000160e+00 1.415862670289590002e-02
3.689999999999999947e+00 1.415862670289590002e-02
3.700000000000000178e+00 1.415862670289590002e-02
3.709999999999999964e+00 1.415862670289590002e-02
3.720000000000000195e+00 1.415862670289590002e-02
3.729999999999999982e+00 1.415862670289590002e-02
3.740000000000000213e+00 1.415862670289590002e-02
3.750000000000000000e+00 1.415862670289590002e-02
3.759999999999999787e+00 1.415862670289590002e-02
3.770000000000000018e+00 1.415862670289590002e-02
3.779999999999999805e+00 1.415862670289590002e-02
3.790000000000000036e+00 1.415862670289590002e-02
3.799999999999999822e+00 1.415862670289590002e-02
3.810000000000000053e+00 1.415862670289590002e-02
3.819999999999999840e+00 1.415862670289590002e-02
3.830000000000000071e+00 1.415862670289590002e-02
3.839999999999999858e+00 1.415862670289590002e-02
3.850000000000000089e+00 1.415862670289590002e-02
3.859999999999999876e+00 1.415862670289590002e-02
3.870000000000000107e+00 1.415862670289590002e-02
3.879999999999999893e+00 1.415862670289590002e-02
3.890000000000000124e+00 1.415862670289590002e-02
3.899999999999999911e+00 1.415862670289590002e-02
3.910000000000000142e+00 1.415862670289590002e-02
3.919999999999999929e+00 1.415862670289590002e-02
3.930000000000000160e+00 1.415862670289590002e-02
3.939999999999999947e+00 1.415862670289590002e-02
3.950000000000000178e+00 1.415862670289590002e-02
3.959999999999999964e+00 1.415862670289590002e-02
3.970000000000000195e+00 1.415862670289590002e-02
3.979999999999999982e+00 1.415862670289590002e-02
3.990000000000000213e+00 1.415862670289590002e-02
4.000000000000000000e+00 1.415862670289590002e-02
4.009999999999999787e+00 1.415862670289590002e-02
4.019999999999999574e+00 1.415862670289590002e-02
4.030000000000000249e+00 1.415862670289590002e-02
4.040000000000000036e+00 1.415862670289590002e-02
4.049999999999999822e+00 1.415862670289590002e-02
4.059999999999999609e+00 1.415862670289590002e-02
4.070000000000000284e+00 1.415862670289590002e-02
4.080000000000000071e+00 1.415862670289590002e-02
4.089999999999999858e+00 1.415862670289590002e-02
4.099999999999999645e+00 1.415862670289590002e-02
4.110000000000000320e+00 1.415862670289590002e-02
4.120000000000000107e+00 1.415862670289590002e-02
4.129999999999999893e+00 1.415862670289590002e-02
4.139999999999999680e+00 1.415862670289590002e-02
4.150000000000000355e+00 1.415862670289590002e-02
4.160000000000000142e+00 1.415862670289590002e-02
4.169999999999999929e+00 1.415862670289590002e-02
4.179999999999999716e+00 1.415862670289590002e-02
4.190000000000000391e+00 1.415862670289590002e-02
4.200000000000000178e+00 1.415862670289590002e-02
4.209999999999999964e+00 1.415862670289590002e-02
4.219999999999999751e+00 1.415862670289590002e-02
4.230000000000000426e+00 1.415862670289590002e-02
4.240000000000000213e+00 1.415862670289590002e-02
4.250000000000000000e+00 1.415862670289590002e-02
4.259999999999999787e+00 1.415862670289590002e-02
4.269999999999999574e+00 1.415862670289590002e-02
4.280000000000000249e+00 1.415862670289590002e-02
4.290000000000000036e+00 1.415862670289590002e-02
4.299999999999999822e+00 1.415862670289590002e-02
4.309999999999999609e+00 1.415862670289590002e-02
4.320000000000000284e+00 1.415862670289590002e-02
4.330000000000000071e+00 1.415862670289590002e-02
4.339999999999999858e+00 1.415862670289590002e-02
4.349999999999999645e+00 1.415862670289590002e-02
4.360000000000000320e+00 1.415862670289590002e-02
4.370000000000000107e+00 1.415862670289590002e-02
4.379999999999999893e+00 1.415862670289590002e-02
4.389999999999999680e+00 1.415862670289590002e-02
4.400000000000000355e+00 1.415862670289590002e-02
4.410000000000000142e+00 1.415862670289590002e-02
4.419999999999999929e+00 1.415862670289590002e-02
4.429999999999999716e+00 1.415862670289590002e-02
4.440000000000000391e+00 1.415862670289590002e-02
4.450000000000000178e+00 1.415862670289590002e-02
4.459999999999999964e+00 1.415862670289590002e-02
4.469999999999999751e+00 1.415862670289590002e-02
4.480000000000000426e+00 1.415862670289590002e-02
4.490000000000000213e+00 1.415862670289590002e-02
4.500000000000000000e+00 1.415862670289590002e-02
4.509999999999999787e+00 1.415862670289590002e-02
4.519999999999999574e+00 1.415862670289590002e-02
4.530000000000000249e+00 1.415862670289590002e-02
4.540000000000000036e+00 1.415862670289590002e-02
4.549999999999999822e+00 1.415862670289590002e-02
4.559999999999999609e+00 1.415862670289590002e-02
4.570000000000000284e+00 1.415862670289590002e-02
4.580000000000000071e+00 1.415862670289590002e-02
4.589999999999999858e+00 1.415862670289590002e-02
4.599999999999999645e+00 1.415862670289590002e-02
4.610000000000000320e+00 1.415862670289590002e-02
4.620000000000000107e+00 1.415862670289590002e-02
4.629999999999999893e+00 1.415862670289590002e-02
4.639999999999999680e+00 1.415862670289590002e-02
4.650000000000000355e+00 1.415862670289590002e-02
4.660000000000000142e+00 1.415862670289590002e-02
4.669999999999999929e+00 1.415862670289590002e-02
4.679999999999999716e+00 1.415862670289590002e-02
4.690000000000000391e+00 1.415862670289590002e-02
4.700000000000000178e+00 1.415862670289590002e-02
4.709999999999999964e+00 1.415862670289590002e-02
4.719999999999999751e+00 1.415862670289590002e-02
4.730000000000000426e+00 1.415862670289590002e-02
4.740000000000000213e+00 1.415862670289590002e-02
4.750000000000000000e+00 1.415862670289590002e-02
4.759999999999999787e+00 1.415862670289590002e-02
4.769999999999999574e+00 1.415862670289590002e-02
4.780000000000000249e+00 1.415862670289590002e-02
4.790000000000000036e+00 1.415862670289590002e-02
4.799999999999999822e+00 1.415862670289590002e-02
4.809999999999999609e+00 1.415862670289590002e-02
4.820000000000000284e+00 1.415862670289590002e-02
4.830000000000000071e+00 1.415862670289590002e-02
4.839999999999999858e+00 1.415862670289590002e-02
4.849999999999999645e+00 1.415862670289590002e-02
4.860000000000000320e+00 1.415862670289590002e-02
4.870000000000000107e+00 1.415862670289590002e-02
4.879999999999999893e+00 1.415862670289590002e-02
4.889999999999999680e+00 1.415862670289590002e-02
4.900000000000000355e+00 1.415862670289590002e-02
4.910000000000000142e+00 1.415862670289590002e-02
4.919999999999999929e+00 1.415862670289590002e-02
4.929999999999999716e+00 1.415862670289590002e-02
4.940000000000000391e+00 1.415862670289590002e-02
4.950000000000000178e+00 1.415862670289590002e-02
4.959999999999999964e+00 1.415862670289590002e-02
4.969999999999999751e+00 1.415862670289590002e-02
4.980000000000000426e+00 1.415862670289590002e-02
4.990000000000000213e+00 1.415862670289590002e-02
5.000000000000000000e+00 1.415862670289590002e-02
5.009999999999999787e+00 1.415862670289590002e-02
5.019999999999999574e+00 1.415862670289590002e-02
5.030000000000000249e+00 1.415862670289590002e-02
5.040000000000000036e+00 1.415862670289590002e-02
5.049999999999999822e+00 1.415862670289590002e-02
5.059999999999999609e+00 1.415862670289590002e-02
5.070000000000000284e+00 1.415862670289590002e-02
5.080000000000000071e+00 1.415862670289590002e-02
5.089999999999999858e+00 1.415862670289590002e-02
5.099999999999999645e+00 1.415862670289590002e-02
5.110000000000000320e+00 1.415862670289590002e-02
5.120000000000000107e+00 1.415862670289590002e-02
5.129999999999999893e+00 1.415862670289590002e-02
5.139999999999999680e+00 1.415862670289590002e-02
5.150000000000000355e+00 1.415862670289590002e-02
5.160000000000000142e+00 1.415862670289590002e-02
5.169999999999999929e+00 1.415862670289590002e-02
5.179999999999999716e+00 1.415862670289590002e-02
5.190000000000000391e+00 1.415862670289590002e-02
5.200000000000000178e+00 1.415862670289590002e-02
5.209999999999999964e+00 1.415862670289590002e-02
5.219999999999999751e+00 1.415862670289590002e-02
5.230000000000000426e+00 1.415862670289590002e-02
5.240000000000000213e+00 1.415862670289590002e-02
5.250000000000000000e+00 1.415862670289590002e-02
5.259999999999999787e+00 1.415862670289590002e-02
5.269999999999999574e+00 1.415862670289590002e-02
5.280000000000000249e+00 1.415862670289590002e-02
5.290000000000000036e+00 1.415862670289590002e-02
5.299999999999999822e+00 1.415862670289590002e-02
5.309999999999999609e+00 1.415862670289590002e-02
5.320000000000000284e+00 1.415862670289590002e-02
5.330000000000000071e+00 1.415862670289590002e-02
5.339999999999999858e+00 1.415862670289590002e-02
5.349999999999999645e+00 1.415862670289590002e-02
5.360000000000000320e+00 1.415862670289590002e-02
5.370000000000000107e+00 1.415862670289590002e-02
5.379999999999999893e+00 1.415862670289590002e-02
5.389999999999999680e+00 1.415862670289590002e-02
5.400000000000000355e+00 1.415862670289590002e-02
5.410000000000000142e+00 1.415862670289590002e-02
5.419999999999999929e+00 1.415862670289590002e-02
5.429999999999999716e+00 1.415862670289590002e-02
5.440000000000000391e+00 1.415862670289590002e-02
5.450000000000000178e+00 1.415862670289590002e-02
5.459999999999999964e+00 1.415862670289590002e-02
5.469999999999999751e+00 1.415862670289590002e-02
5.480000000000000426e+00 1.415862670289590002e-02
5.490000000000000213e+00 1.415862670289590002e-02
5.500000000000000000e+00 1.415862670289590002e-02
5.509999999999999787e+00 1.415862670289590002e-02
5.519999999999999574e+00 1.415862670289590002e-02
5.530000000000000249e+00 1.415862670289590002e-02
5.540000000000000036e+00 1.415862670289590002e-02
5.549999999999999822e+00 1.415862670289590002e-02
5.559999999999999609e+00 1.415862670289590002e-02
5.570000000000000284e+00 1.415862670289590002e-02
5.580000000000000071e+00 1.415862670289590002e-02
5.589999999999999858e+00 1.415862670289590002e-02
5.599999999999999645e+00 1.415862670289590002e-02
5.610000000000000320e+00 1.415862670289590002e-02
5.620000000000000107e+00 1.415862670289590002e-02
5.629999999999999893e+00 1.415862670289590002e-02
5.639999999999999680e+00 1.415862670289590002e-02
5.650000000000000355e+00 1.415862670289590002e-02
5.660000000000000142e+00 1.415862670289590002e-02
5.669999999999999929e+00 1.415862670289590002e-02
5.679999999999999716e+00 1.415862670289590002e-02
5.690000000000000391e+00 1.415862670289590002e-02
5.700000000000000178e+00 1.415862670289590002e-02
5.709999999999999964e+00 1.415862670289590002e-02
5.719999999999999751e+00 1.415862670289590002e-02
5.730000000000000426e+00 1.415862670289590002e-02
5.740000000000000213e+00 1.415862670289590002e-02
5.750000000000000000e+00 1.415862670289590002e-02
5.759999999999999787e+00 1.415862670289590002e-02
5.769999999999999574e+00 1.415862670289590002e-02
5.780000000000000249e+00 1.415862670289590002e-02
5.790000000000000036e+00 1.415862670289590002e-02
5.799999999999999822e+00 1.415862670289590002e-02
5.809999999999999609e+00 1.415862670289590002e-02
5.820000000000000284e+00 1.415862670289590002e-02
5.830000000000000071e+00 1.415862670289590002e-02
5.839999999999999858e+00 1.415862670289590002e-02
5.849999999999999645e+00 1.415862670289590002e-02
5.860000000000000320e+00 1.415862670289590002e-02
5.870000000000000107e+00 1.415862670289590002e-02
5.879999999999999893e+00 1.415862670289590002e-02
5.889999999999999680e+00 1.415862670289590002e-02
5.900000000000000355e+00 1.415862670289590002e-02
5.910000000000000142e+00 1.415862670289590002e-02
5.919999999999999929e+00 1.415862670289590002e-02
5.929999999999999716e+00 1.415862670289590002e-02
5.940000000000000391e+00 1.415862670289590002e-02
5.950000000000000178e+00 1.415862670289590002e-02
5.959999999999999964e+00 1.415862670289590002e-02
5.969999999999999751e+00 1.415862670289590002e-02
5.980000000000000426e+00 1.415862670289590002e-02
5.990000000000000213e+00 1.415862670289590002e-02
6.000000000000000000e+00 1.415862670289590002e-02
6.200000000000000178e+00 1.415862670289590002e-02
6.400000000000000355e+00 1.415862670289590002e-02
6.599999999999999645e+00 1.415862670289590002e-02
6.799999999999999822e+00 1.415862670289590002e-02
7.000000000000000000e+00 0.000000000000000000e+00
