0.000000000000000000e+00 0.000000000000000000e+00
1.000000000000000021e-02 1.683738335740324332e-02
2.000000000000000042e-02 1.683738335740324332e-02
2.999999999999999889e-02 1.683738335740324332e-02
4.000000000000000083e-02 1.683738335740324332e-02
5.000000000000000278e-02 1.683738335740324332e-02
5.999999999999999778e-02 1.683738335740324332e-02
7.000000000000000666e-02 1.683738335740324332e-02
8.000000000000000167e-02 1.683738335740324332e-02
8.999999999999999667e-02 1.683738335740324332e-02
1.000000000000000056e-01 1.683738335740324332e-02
1.100000000000000006e-01 1.683738335740324332e-02
1.199999999999999956e-01 1.683738335740324332e-02
1.300000000000000044e-01 1.683738335740324332e-02
1.400000000000000133e-01 1.683738335740324332e-02
1.499999999999999944e-01 1.683738335740324332e-02
1.600000000000000033e-01 1.683738335740324332e-02
1.700000000000000122e-01 1.683738335740324332e-02
1.799999999999999933e-01 1.683738335740324332e-02
1.900000000000000022e-01 1.683738335740324332e-02
2.000000000000000111e-01 1.683738335740324332e-02
2.099999999999999922e-01 1.683738335740324332e-02
2.200000000000000011e-01 1.683738335740324332e-02
2.300000000000000100e-01 1.683738335740324332e-02
2.399999999999999911e-01 1.683738335740324332e-02
2.500000000000000000e-01 1.683738335740324332e-02
2.600000000000000089e-01 1.683738335740324332e-02
2.700000000000000178e-01 1.683738335740324332e-02
2.800000000000000266e-01 1.683738335740324332e-02
2.899999999999999800e-01 1.683738335740324332e-02
2.999999999999999889e-01 1.683738335740324332e-02
3.099999999999999978e-01 1.683738335740324332e-02
3.200000000000000067e-01 1.683738335740324332e-02
3.300000000000000155e-01 1.683738335740324332e-02
3.400000000000000244e-01 1.683738335740324332e-02
3.499999999999999778e-01 1.683738335740324332e-02
3.599999999999999867e-01 1.683738335740324332e-02
3.699999999999999956e-01 1.683738335740324332e-02
3.800000000000000044e-01 1.683738335740324332e-02
3.900000000000000133e-01 1.683738335740324332e-02
4.000000000000000222e-01 1.683738335740324332e-02
4.099999999999999756e-01 1.683738335740324332e-02
4.199999999999999845e-01 1.683738335740324332e-02
4.299999999999999933e-01 1.683738335740324332e-02
4.400000000000000022e-01 1.683738335740324332e-02
4.500000000000000111e-01 1.683738335740324332e-02
4.600000000000000200e-01 1.683738335740324332e-02
4.699999999999999734e-01 1.683738335740324332e-02
4.799999999999999822e-01 1.683738335740324332e-02
4.899999999999999911e-01 1.683738335740324332e-02
5.000000000000000000e-01 1.683738335740324332e-02
5.100000000000000089e-01 1.683738335740324332e-02
5.200000000000000178e-01 1.683738335740324332e-02
5.300000000000000266e-01 1.683738335740324332e-02
5.400000000000000355e-01 1.683738335740324332e-02
5.500000000000000444e-01 1.683738335740324332e-02
5.600000000000000533e-01 1.683738335740324332e-02
5.699999999999999512e-01 1.683738335740324332e-02
5.799999999999999600e-01 1.683738335740324332e-02
5.899999999999999689e-01 1.683738335740324332e-02
5.999999999999999778e-01 1.683738335740324332e-02
6.099999999999999867e-01 1.683738335740324332e-02
6.199999999999999956e-01 1.683738335740324332e-02
6.300000000000000044e-01 1.683738335740324332e-02
6.400000000000000133e-01 1.683738335740324332e-02
6.500000000000000222e-01 1.683738335740324332e-02
6.600000000000000311e-01 1.683738335740324332e-02
6.700000000000000400e-01 1.683738335740324332e-02
6.800000000000000488e-01 1.683738335740324332e-02
6.899999999999999467e-01 1.683738335740324332e-02
6.999999999999999556e-01 1.683738335740324332e-02
7.099999999999999645e-01 1.683738335740324332e-02
7.199999999999999734e-01 1.683738335740324332e-02
7.299999999999999822e-01 1.683738335740324332e-02
7.399999999999999911e-01 1.683738335740324332e-02
7.500000000000000000e-01 1.683738335740324332e-02
7.600000000000000089e-01 1.683738335740324332e-02
7.700000000000000178e-01 1.683738335740324332e-02
7.800000000000000266e-01 1.683738335740324332e-02
7.900000000000000355e-01 1.683738335740324332e-02
8.000000000000000444e-01 1.683738335740324332e-02
8.100000000000000533e-01 1.683738335740324332e-02
8.199999999999999512e-01 1.683738335740324332e-02
8.299999999999999600e-01 1.683738335740324332e-02
8.399999999999999689e-01 1.683738335740326067e-02
8.499999999999999778e-01 1.683738335740369088e-02
8.599999999999999867e-01 1.683738335741408881e-02
8.699999999999999956e-01 1.683738335762642591e-02
8.800000000000000044e-01 1.683738336132356572e-02
8.900000000000000133e-01 1.683738341636742755e-02
9.000000000000000222e-01 1.683738411972936916e-02
9.100000000000000311e-01 1.683739186529279244e-02
9.200000000000000400e-01 1.683746565561599837e-02
9.300000000000000488e-01 1.683807552624647097e-02
9.399999999999999467e-01 1.684245318096155158e-02
9.499999999999999556e-01 1.686971881179447422e-02
9.599999999999999645e-01 1.701668557295689735e-02
9.699999999999999734e-01 1.769980124303755301e-02
9.799999999999999822e-01 2.042805414636652064e-02
9.899999999999999911e-01 2.976585798026227733e-02
1.000000000000000000e+00 5.713171990195452243e-02
1.010000000000000009e+00 1.259263581378289865e-01
1.020000000000000018e+00 2.750658141234119669e-01
1.030000000000000027e+00 5.565967570429181110e-01
1.040000000000000036e+00 1.025890935251181579e+00
1.050000000000000044e+00 1.727822629645819896e+00
1.060000000000000053e+00 2.681218781034107490e+00
1.070000000000000062e+00 3.857073221443053423e+00
1.080000000000000071e+00 5.150808308764728061e+00
1.090000000000000080e+00 6.372665993556497099e+00
1.100000000000000089e+00 7.291071812605853353e+00
1.110000000000000098e+00 7.725421217977389787e+00
1.120000000000000107e+00 7.626355213131226662e+00
1.129999999999999893e+00 7.079547596160709944e+00
1.139999999999999902e+00 6.238369550525352913e+00
1.149999999999999911e+00 5.251175741974907218e+00
1.159999999999999920e+00 4.233051275755020271e+00
1.169999999999999929e+00 3.273565505877414683e+00
1.179999999999999938e+00 2.445489430158390931e+00
1.189999999999999947e+00 1.799020247523920757e+00
1.199999999999999956e+00 1.351402320576177152e+00
1.209999999999999964e+00 1.085305431020691991e+00
1.219999999999999973e+00 9.586126902416091111e-01
1.229999999999999982e+00 9.197718403759709282e-01
1.239999999999999991e+00 9.216948883514026747e-01
1.250000000000000000e+00 9.301461761148358542e-01
1.260000000000000009e+00 9.259456377491843693e-01
1.270000000000000018e+00 9.025248692491588676e-01
1.280000000000000027e+00 8.612646746718009005e-01
1.290000000000000036e+00 8.069073547931669976e-01
1.300000000000000044e+00 7.444829493364752970e-01
1.310000000000000053e+00 6.780728297021187956e-01
1.320000000000000062e+00 6.108829663389583331e-01
1.330000000000000071e+00 5.457533664089500025e-01
1.340000000000000080e+00 4.853415957956592197e-01
1.350000000000000089e+00 4.316865596176671094e-01
1.360000000000000098e+00 3.854768806244711632e-01
1.370000000000000107e+00 3.456978574502660995e-01
1.379999999999999893e+00 3.100982002511695201e-01
1.389999999999999902e+00 2.762913953053405258e-01
1.399999999999999911e+00 2.428364812893988034e-01
1.409999999999999920e+00 2.096946365968232195e-01
1.419999999999999929e+00 1.779174413788727482e-01
1.429999999999999938e+00 1.488932824837349567e-01
1.439999999999999947e+00 1.236465970743835935e-01
1.449999999999999956e+00 1.025163407387772591e-01
1.459999999999999964e+00 8.523365911787431082e-02
1.469999999999999973e+00 7.120852483226680629e-02
1.479999999999999982e+00 5.981210901425950549e-02
1.489999999999999991e+00 5.053804279911350977e-02
1.500000000000000000e+00 4.303268370543995858e-02
1.510000000000000009e+00 3.704563645958398876e-02
1.520000000000000018e+00 3.236351096441360958e-02
1.530000000000000027e+00 2.876913857514019207e-02
1.540000000000000036e+00 2.603700307103022291e-02
1.550000000000000044e+00 2.395246013479453845e-02
1.560000000000000053e+00 2.233526933956354529e-02
1.570000000000000062e+00 2.105330817038621530e-02
1.580000000000000071e+00 2.002202968792162613e-02
1.590000000000000080e+00 1.919304058895942786e-02
1.600000000000000089e+00 1.853855700205467652e-02
1.610000000000000098e+00 1.803790976214610445e-02
1.620000000000000107e+00 1.766954979046508889e-02
1.629999999999999893e+00 1.740891363441862336e-02
1.639999999999999902e+00 1.723028303040984033e-02
1.649999999999999911e+00 1.711000747008711159e-02
1.659999999999999920e+00 1.702899933349166783e-02
1.669999999999999929e+00 1.697358320171060350e-02
1.679999999999999938e+00 1.693487807192245800e-02
1.689999999999999947e+00 1.690746863606391870e-02
1.699999999999999956e+00 1.688809199510672363e-02
1.709999999999999964e+00 1.687468817897439660e-02
1.719999999999999973e+00 1.686582080540188419e-02
1.729999999999999982e+00 1.686035965122024971e-02
1.739999999999999991e+00 1.685734728865531315e-02
1.750000000000000000e+00 1.685599324469272409e-02
1.760000000000000009e+00 1.685571614238691451e-02
1.770000000000000018e+00 1.685614736756557014e-02
1.780000000000000027e+00 1.685705454110617355e-02
1.790000000000000036e+00 1.685821485275365225e-02
1.800000000000000044e+00 1.685932189924979618e-02
1.810000000000000053e+00 1.686000393240392678e-02
1.820000000000000062e+00 1.685995317899698781e-02
1.830000000000000071e+00 1.685907002772249821e-02
1.840000000000000080e+00 1.685750711303369773e-02
1.850000000000000089e+00 1.685558196588853377e-02
1.860000000000000098e+00 1.685362865002023453e-02
1.870000000000000107e+00 1.685188537253692193e-02
1.879999999999999893e+00 1.685046428367328875e-02
1.889999999999999902e+00 1.684938611252776580e-02
1.899999999999999911e+00 1.684863414758230524e-02
1.909999999999999920e+00 1.684819081091504592e-02
1.919999999999999929e+00 1.684804476808225357e-02
1.929999999999999938e+00 1.684817844656423882e-02
1.939999999999999947e+00 1.684855462587511038e-02
1.949999999999999956e+00 1.684911468494330877e-02
1.959999999999999964e+00 1.684978764540941143e-02
1.969999999999999973e+00 1.685050071666525234e-02
1.979999999999999982e+00 1.685118471152447645e-02
1.989999999999999991e+00 1.685177422261689359e-02
2.000000000000000000e+00 1.685220264208341784e-02
2.009999999999999787e+00 1.685238984429558023e-02
2.020000000000000018e+00 1.685222862693243687e-02
2.029999999999999805e+00 1.685159168065279364e-02
2.040000000000000036e+00 1.685037940563893083e-02
2.049999999999999822e+00 1.684859589321015261e-02
2.060000000000000053e+00 1.684640044467676165e-02
2.069999999999999840e+00 1.684408159294667473e-02
2.080000000000000071e+00 1.684195446071518401e-02
2.089999999999999858e+00 1.684024452811007030e-02
2.100000000000000089e+00 1.683902927933676741e-02
2.109999999999999876e+00 1.683825824984542391e-02
2.120000000000000107e+00 1.683781678723325625e-02
2.129999999999999893e+00 1.683758595334618538e-02
2.140000000000000124e+00 1.683747430532928080e-02
2.149999999999999911e+00 1.683742372077727187e-02
2.160000000000000142e+00 1.683740210044709293e-02
2.169999999999999929e+00 1.683739350902016541e-02
2.180000000000000160e+00 1.683739054971024676e-02
2.189999999999999947e+00 1.683738980350838951e-02
2.200000000000000178e+00 1.683738959962447282e-02
2.209999999999999964e+00 1.683738913964367284e-02
2.220000000000000195e+00 1.683738819918547888e-02
2.229999999999999982e+00 1.683738693987006652e-02
2.240000000000000213e+00 1.683738567763197469e-02
2.250000000000000000e+00 1.683738466709422052e-02
2.259999999999999787e+00 1.683738400026929191e-02
2.270000000000000018e+00 1.683738363145606196e-02
2.279999999999999805e+00 1.683738345879412165e-02
2.290000000000000036e+00 1.683738338994722125e-02
2.299999999999999822e+00 1.683738336646566081e-02
2.310000000000000053e+00 1.683738335959322416e-02
2.319999999999999840e+00 1.683738335786276463e-02
2.330000000000000071e+00 1.683738335748703394e-02
2.339999999999999858e+00 1.683738335741653477e-02
2.350000000000000089e+00 1.683738335740508213e-02
2.359999999999999876e+00 1.683738335740346537e-02
2.370000000000000107e+00 1.683738335740326761e-02
2.379999999999999893e+00 1.683738335740324679e-02
2.390000000000000124e+00 1.683738335740324332e-02
2.399999999999999911e+00 1.683738335740324332e-02
2.410000000000000142e+00 1.683738335740324332e-02
2.419999999999999929e+00 1.683738335740324332e-02
2.430000000000000160e+00 1.683738335740324332e-02
2.439999999999999947e+00 1.683738335740324332e-02
2.450000000000000178e+00 1.683738335740324332e-02
2.459999999999999964e+00 1.683738335740324332e-02
2.470000000000000195e+00 1.683738335740324332e-02
2.479999999999999982e+00 1.683738335740324332e-02
2.490000000000000213e+00 1.683738335740324332e-02
2.500000000000000000e+00 1.683738335740324332e-02
2.509999999999999787e+00 1.683738335740324332e-02
2.520000000000000018e+00 1.683738335740324332e-02
2.529999999999999805e+00 1.683738335740324332e-02
2.540000000000000036e+00 1.683738335740324332e-02
2.549999999999999822e+00 1.683738335740324332e-02
2.560000000000000053e+00 1.683738335740324332e-02
2.569999999999999840e+00 1.683738335740324332e-02
2.580000000000000071e+00 1.683738335740324332e-02
2.589999999999999858e+00 1.683738335740324332e-02
2.600000000000000089e+00 1.683738335740324332e-02
2.609999999999999876e+00 1.683738335740324332e-02
2.620000000000000107e+00 1.683738335740324332e-02
2.629999999999999893e+00 1.683738335740324332e-02
2.640000000000000124e+00 1.683738335740324332e-02
2.649999999999999911e+00 1.683738335740324332e-02
2.660000000000000142e+00 1.683738335740324332e-02
2.669999999999999929e+00 1.683738335740324332e-02
2.680000000000000160e+00 1.683738335740324332e-02
2.689999999999999947e+00 1.683738335740324332e-02
2.700000000000000178e+00 1.683738335740324332e-02
2.709999999999999964e+00 1.683738335740324332e-02
2.720000000000000195e+00 1.683738335740324332e-02
2.729999999999999982e+00 1.683738335740324332e-02
2.740000000000000213e+00 1.683738335740324332e-02
2.750000000000000000e+00 1.683738335740324332e-02
2.759999999999999787e+00 1.683738335740324332e-02
2.770000000000000018e+00 1.683738335740324332e-02
2.779999999999999805e+00 1.683738335740324332e-02
2.790000000000000036e+00 1.683738335740324332e-02
2.799999999999999822e+00 1.683738335740324332e-02
2.810000000000000053e+00 1.683738335740324332e-02
2.819999999999999840e+00 1.683738335740324332e-02
2.830000000000000071e+00 1.683738335740324332e-02
2.839999999999999858e+00 1.683738335740324332e-02
2.850000000000000089e+00 1.683738335740324332e-02
2.859999999999999876e+00 1.683738335740324332e-02
2.870000000000000107e+00 1.683738335740324332e-02
2.879999999999999893e+00 1.683738335740324332e-02
2.890000000000000124e+00 1.683738335740324332e-02
2.899999999999999911e+00 1.683738335740324332e-02
2.910000000000000142e+00 1.683738335740324332e-02
2.919999999999999929e+00 1.683738335740324332e-02
2.930000000000000160e+00 1.683738335740324332e-02
2.939999999999999947e+00 1.683738335740324332e-02
2.950000000000000178e+00 1.683738335740324332e-02
2.959999999999999964e+00 1.683738335740324332e-02
2.970000000000000195e+00 1.683738335740324332e-02
2.979999999999999982e+00 1.683738335740324332e-02
2.990000000000000213e+00 1.683738335740324332e-02
3.000000000000000000e+00 1.683738335740324332e-02
3.009999999999999787e+00 1.683738335740324332e-02
3.020000000000000018e+00 1.683738335740324332e-02
3.029999999999999805e+00 1.683738335740324332e-02
3.040000000000000036e+00 1.683738335740324332e-02
3.049999999999999822e+00 1.683738335740324332e-02
3.060000000000000053e+00 1.683738335740324332e-02
3.069999999999999840e+00 1.683738335740324332e-02
3.080000000000000071e+00 1.683738335740324332e-02
3.089999999999999858e+00 1.683738335740324332e-02
3.100000000000000089e+00 1.683738335740324332e-02
3.109999999999999876e+00 1.683738335740324332e-02
3.120000000000000107e+00 1.683738335740324332e-02
3.129999999999999893e+00 1.683738335740324332e-02
3.140000000000000124e+00 1.683738335740324332e-02
3.149999999999999911e+00 1.683738335740324332e-02
3.160000000000000142e+00 1.683738335740324332e-02
3.169999999999999929e+00 1.683738335740324332e-02
3.180000000000000160e+00 1.683738335740324332e-02
3.189999999999999947e+00 1.683738335740324332e-02
3.200000000000000178e+00 1.683738335740324332e-02
3.209999999999999964e+00 1.683738335740324332e-02
3.220000000000000195e+00 1.683738335740324332e-02
3.229999999999999982e+00 1.683738335740324332e-02
3.240000000000000213e+00 1.683738335740324332e-02
3.250000000000000000e+00 1.683738335740324332e-02
3.259999999999999787e+00 1.683738335740324332e-02
3.270000000000000018e+00 1.683738335740324332e-02
3.279999999999999805e+00 1.683738335740324332e-02
3.290000000000000036e+00 1.683738335740324332e-02
3.299999999999999822e+00 1.683738335740324332e-02
3.310000000000000053e+00 1.683738335740324332e-02
3.319999999999999840e+00 1.683738335740324332e-02
3.330000000000000071e+00 1.683738335740324332e-02
3.339999999999999858e+00 1.683738335740324332e-02
3.350000000000000089e+00 1.683738335740324332e-02
3.359999999999999876e+00 1.683738335740324332e-02
3.370000000000000107e+00 1.683738335740324332e-02
3.379999999999999893e+00 1.683738335740324332e-02
3.390000000000000124e+00 1.683738335740324332e-02
3.399999999999999911e+00 1.683738335740324332e-02
3.410000000000000142e+00 1.683738335740324332e-02
3.419999999999999929e+00 1.683738335740324332e-02
3.430000000000000160e+00 1.683738335740324332e-02
3.439999999999999947e+00 1.683738335740324332e-02
3.450000000000000178e+00 1.683738335740324332e-02
3.459999999999999964e+00 1.683738335740324332e-02
3.470000000000000195e+00 1.683738335740324332e-02
3.479999999999999982e+00 1.683738335740324332e-02
3.490000000000000213e+00 1.683738335740324332e-02
3.500000000000000000e+00 1.683738335740324332e-02
3.509999999999999787e+00 1.683738335740324332e-02
3.520000000000000018e+00 1.683738335740324332e-02
3.529999999999999805e+00 1.683738335740324332e-02
3.540000000000000036e+00 1.683738335740324332e-02
3.549999999999999822e+00 1.683738335740324332e-02
3.560000000000000053e+00 1.683738335740324332e-02
3.569999999999999840e+00 1.683738335740324332e-02
3.580000000000000071e+00 1.683738335740324332e-02
3.589999999999999858e+00 1.683738335740324332e-02
3.600000000000000089e+00 1.683738335740324332e-02
3.609999999999999876e+00 1.683738335740324332e-02
3.620000000000000107e+00 1.683738335740324332e-02
3.629999999999999893e+00 1.683738335740324332e-02
3.640000000000000124e+00 1.683738335740324332e-02
3.649999999999999911e+00 1.683738335740324332e-02
3.660000000000000142e+00 1.683738335740324332e-02
3.669999999999999929e+00 1.683738335740324332e-02
3.680000000000000160e+00 1.683738335740324332e-02
3.689999999999999947e+00 1.683738335740324332e-02
3.700000000000000178e+00 1.683738335740324332e-02
3.709999999999999964e+00 1.683738335740324332e-02
3.720000000000000195e+00 1.683738335740324332e-02
3.729999999999999982e+00 1.683738335740324332e-02
3.740000000000000213e+00 1.683738335740324332e-02
3.750000000000000000e+00 1.683738335740324332e-02
3.759999999999999787e+00 1.683738335740324332e-02
3.770000000000000018e+00 1.683738335740324332e-02
3.779999999999999805e+00 1.683738335740324332e-02
3.790000000000000036e+00 1.683738335740324332e-02
3.799999999999999822e+00 1.683738335740324332e-02
3.810000000000000053e+00 1.683738335740324332e-02
3.819999999999999840e+00 1.683738335740324332e-02
3.830000000000000071e+00 1.683738335740324332e-02
3.839999999999999858e+00 1.683738335740324332e-02
3.850000000000000089e+00 1.683738335740324332e-02
3.859999999999999876e+00 1.683738335740324332e-02
3.870000000000000107e+00 1.683738335740324332e-02
3.879999999999999893e+00 1.683738335740324332e-02
3.890000000000000124e+00 1.683738335740324332e-02
3.899999999999999911e+00 1.683738335740324332e-02
3.910000000000000142e+00 1.683738335740324332e-02
3.919999999999999929e+00 1.683738335740324332e-02
3.930000000000000160e+00 1.683738335740324332e-02
3.939999999999999947e+00 1.683738335740324332e-02
3.950000000000000178e+00 1.683738335740324332e-02
3.959999999999999964e+00 1.683738335740324332e-02
3.970000000000000195e+00 1.683738335740324332e-02
3.979999999999999982e+00 1.683738335740324332e-02
3.990000000000000213e+00 1.683738335740324332e-02
4.000000000000000000e+00 1.683738335740324332e-02
4.009999999999999787e+00 1.683738335740324332e-02
4.019999999999999574e+00 1.683738335740324332e-02
4.030000000000000249e+00 1.683738335740324332e-02
4.040000000000000036e+00 1.683738335740324332e-02
4.049999999999999822e+00 1.683738335740324332e-02
4.059999999999999609e+00 1.683738335740324332e-02
4.070000000000000284e+00 1.683738335740324332e-02
4.080000000000000071e+00 1.683738335740324332e-02
4.089999999999999858e+00 1.683738335740324332e-02
4.099999999999999645e+00 1.683738335740324332e-02
4.110000000000000320e+00 1.683738335740324332e-02
4.120000000000000107e+00 1.683738335740324332e-02
4.129999999999999893e+00 1.683738335740324332e-02
4.139999999999999680e+00 1.683738335740324332e-02
4.150000000000000355e+00 1.683738335740324332e-02
4.160000000000000142e+00 1.683738335740324332e-02
4.169999999999999929e+00 1.683738335740324332e-02
4.179999999999999716e+00 1.683738335740324332e-02
4.190000000000000391e+00 1.683738335740324332e-02
4.200000000000000178e+00 1.683738335740324332e-02
4.209999999999999964e+00 1.683738335740324332e-02
4.219999999999999751e+00 1.683738335740324332e-02
4.230000000000000426e+00 1.683738335740324332e-02
4.240000000000000213e+00 1.683738335740324332e-02
4.250000000000000000e+00 1.683738335740324332e-02
4.259999999999999787e+00 1.683738335740324332e-02
4.269999999999999574e+00 1.683738335740324332e-02
4.280000000000000249e+00 1.683738335740324332e-02
4.290000000000000036e+00 1.683738335740324332e-02
4.299999999999999822e+00 1.683738335740324332e-02
4.309999999999999609e+00 1.683738335740324332e-02
4.320000000000000284e+00 1.683738335740324332e-02
4.330000000000000071e+00 1.683738335740324332e-02
4.339999999999999858e+00 1.683738335740324332e-02
4.349999999999999645e+00 1.683738335740324332e-02
4.360000000000000320e+00 1.683738335740324332e-02
4.370000000000000107e+00 1.683738335740324332e-02
4.379999999999999893e+00 1.683738335740324332e-02
4.389999999999999680e+00 1.683738335740324332e-02
4.400000000000000355e+00 1.683738335740324332e-02
4.410000000000000142e+00 1.683738335740324332e-02
4.419999999999999929e+00 1.683738335740324332e-02
4.429999999999999716e+00 1.683738335740324332e-02
4.440000000000000391e+00 1.683738335740324332e-02
4.450000000000000178e+00 1.683738335740324332e-02
4.459999999999999964e+00 1.683738335740324332e-02
4.469999999999999751e+00 1.683738335740324332e-02
4.480000000000000426e+00 1.683738335740324332e-02
4.490000000000000213e+00 1.683738335740324332e-02
4.500000000000000000e+00 1.683738335740324332e-02
4.509999999999999787e+00 1.683738335740324332e-02
4.519999999999999574e+00 1.683738335740324332e-02
4.530000000000000249e+00 1.683738335740324332e-02
4.540000000000000036e+00 1.683738335740324332e-02
4.549999999999999822e+00 1.683738335740324332e-02
4.559999999999999609e+00 1.683738335740324332e-02
4.570000000000000284e+00 1.683738335740324332e-02
4.580000000000000071e+00 1.683738335740324332e-02
4.589999999999999858e+00 1.683738335740324332e-02
4.599999999999999645e+00 1.683738335740324332e-02
4.610000000000000320e+00 1.683738335740324332e-02
4.620000000000000107e+00 1.683738335740324332e-02
4.629999999999999893e+00 1.683738335740324332e-02
4.639999999999999680e+00 1.683738335740324332e-02
4.650000000000000355e+00 1.683738335740324332e-02
4.660000000000000142e+00 1.683738335740324332e-02
4.669999999999999929e+00 1.683738335740324332e-02
4.679999999999999716e+00 1.683738335740324332e-02
4.690000000000000391e+00 1.683738335740324332e-02
4.700000000000000178e+00 1.683738335740324332e-02
4.709999999999999964e+00 1.683738335740324332e-02
4.719999999999999751e+00 1.683738335740324332e-02
4.730000000000000426e+00 1.683738335740324332e-02
4.740000000000000213e+00 1.683738335740324332e-02
4.750000000000000000e+00 1.683738335740324332e-02
4.759999999999999787e+00 1.683738335740324332e-02
4.769999999999999574e+00 1.683738335740324332e-02
4.780000000000000249e+00 1.683738335740324332e-02
4.790000000000000036e+00 1.683738335740324332e-02
4.799999999999999822e+00 1.683738335740324332e-02
4.809999999999999609e+00 1.683738335740324332e-02
4.820000000000000284e+00 1.683738335740324332e-02
4.830000000000000071e+00 1.683738335740324332e-02
4.839999999999999858e+00 1.683738335740324332e-02
4.849999999999999645e+00 1.683738335740324332e-02
4.860000000000000320e+00 1.683738335740324332e-02
4.870000000000000107e+00 1.683738335740324332e-02
4.879999999999999893e+00 1.683738335740324332e-02
4.889999999999999680e+00 1.683738335740324332e-02
4.900000000000000355e+00 1.683738335740324332e-02
4.910000000000000142e+00 1.683738335740324332e-02
4.919999999999999929e+00 1.683738335740324332e-02
4.929999999999999716e+00 1.683738335740324332e-02
4.940000000000000391e+00 1.683738335740324332e-02
4.950000000000000178e+00 1.683738335740324332e-02
4.959999999999999964e+00 1.683738335740324332e-02
4.969999999999999751e+00 1.683738335740324332e-02
4.980000000000000426e+00 1.683738335740324332e-02
4.990000000000000213e+00 1.683738335740324332e-02
5.000000000000000000e+00 1.683738335740324332e-02
5.009999999999999787e+00 1.683738335740324332e-02
5.019999999999999574e+00 1.683738335740324332e-02
5.030000000000000249e+00 1.683738335740324332e-02
5.040000000000000036e+00 1.683738335740324332e-02
5.049999999999999822e+00 1.683738335740324332e-02
5.059999999999999609e+00 1.683738335740324332e-02
5.070000000000000284e+00 1.683738335740324332e-02
5.080000000000000071e+00 1.683738335740324332e-02
5.089999999999999858e+00 1.683738335740324332e-02
5.099999999999999645e+00 1.683738335740324332e-02
5.110000000000000320e+00 1.683738335740324332e-02
5.120000000000000107e+00 1.683738335740324332e-02
5.129999999999999893e+00 1.683738335740324332e-02
5.139999999999999680e+00 1.683738335740324332e-02
5.150000000000000355e+00 1.683738335740324332e-02
5.160000000000000142e+00 1.683738335740324332e-02
5.169999999999999929e+00 1.683738335740324332e-02
5.179999999999999716e+00 1.683738335740324332e-02
5.190000000000000391e+00 1.683738335740324332e-02
5.200000000000000178e+00 1.683738335740324332e-02
5.209999999999999964e+00 1.683738335740324332e-02
5.219999999999999751e+00 1.683738335740324332e-02
5.230000000000000426e+00 1.683738335740324332e-02
5.240000000000000213e+00 1.683738335740324332e-02
5.250000000000000000e+00 1.683738335740324332e-02
5.259999999999999787e+00 1.683738335740324332e-02
5.269999999999999574e+00 1.683738335740324332e-02
5.280000000000000249e+00 1.683738335740324332e-02
5.290000000000000036e+00 1.683738335740324332e-02
5.299999999999999822e+00 1.683738335740324332e-02
5.309999999999999609e+00 1.683738335740324332e-02
5.320000000000000284e+00 1.683738335740324332e-02
5.330000000000000071e+00 1.683738335740324332e-02
5.339999999999999858e+00 1.683738335740324332e-02
5.349999999999999645e+00 1.683738335740324332e-02
5.360000000000000320e+00 1.683738335740324332e-02
5.370000000000000107e+00 1.683738335740324332e-02
5.379999999999999893e+00 1.683738335740324332e-02
5.389999999999999680e+00 1.683738335740324332e-02
5.400000000000000355e+00 1.683738335740324332e-02
5.410000000000000142e+00 1.683738335740324332e-02
5.419999999999999929e+00 1.683738335740324332e-02
5.429999999999999716e+00 1.683738335740324332e-02
5.440000000000000391e+00 1.683738335740324332e-02
5.450000000000000178e+00 1.683738335740324332e-02
5.459999999999999964e+00 1.683738335740324332e-02
5.469999999999999751e+00 1.683738335740324332e-02
5.480000000000000426e+00 1.683738335740324332e-02
5.490000000000000213e+00 1.683738335740324332e-02
5.500000000000000000e+00 1.683738335740324332e-02
5.509999999999999787e+00 1.683738335740324332e-02
5.519999999999999574e+00 1.683738335740324332e-02
5.530000000000000249e+00 1.683738335740324332e-02
5.540000000000000036e+00 1.683738335740324332e-02
5.549999999999999822e+00 1.683738335740324332e-02
5.559999999999999609e+00 1.683738335740324332e-02
5.570000000000000284e+00 1.683738335740324332e-02
5.580000000000000071e+00 1.683738335740324332e-02
5.589999999999999858e+00 1.683738335740324332e-02
5.599999999999999645e+00 1.683738335740324332e-02
5.610000000000000320e+00 1.683738335740324332e-02
5.620000000000000107e+00 1.683738335740324332e-02
5.629999999999999893e+00 1.683738335740324332e-02
5.639999999999999680e+00 1.683738335740324332e-02
5.650000000000000355e+00 1.683738335740324332e-02
5.660000000000000142e+00 1.683738335740324332e-02
5.669999999999999929e+00 1.683738335740324332e-02
5.679999999999999716e+00 1.683738335740324332e-02
5.690000000000000391e+00 1.683738335740324332e-02
5.700000000000000178e+00 1.683738335740324332e-02
5.709999999999999964e+00 1.683738335740324332e-02
5.719999999999999751e+00 1.683738335740324332e-02
5.730000000000000426e+00 1.683738335740324332e-02
5.740000000000000213e+00 1.683738335740324332e-02
5.750000000000000000e+00 1.683738335740324332e-02
5.759999999999999787e+00 1.683738335740324332e-02
5.769999999999999574e+00 1.683738335740324332e-02
5.780000000000000249e+00 1.683738335740324332e-02
5.790000000000000036e+00 1.683738335740324332e-02
5.799999999999999822e+00 1.683738335740324332e-02
5.809999999999999609e+00 1.683738335740324332e-02
5.820000000000000284e+00 1.683738335740324332e-02
5.830000000000000071e+00 1.683738335740324332e-02
5.839999999999999858e+00 1.683738335740324332e-02
5.849999999999999645e+00 1.683738335740324332e-02
5.860000000000000320e+00 1.683738335740324332e-02
5.870000000000000107e+00 1.683738335740324332e-02
5.879999999999999893e+00 1.683738335740324332e-02
5.889999999999999680e+00 1.683738335740324332e-02
5.900000000000000355e+00 1.683738335740324332e-02
5.910000000000000142e+00 1.683738335740324332e-02
5.919999999999999929e+00 1.683738335740324332e-02
5.929999999999999716e+00 1.683738335740324332e-02
5.940000000000000391e+00 1.683738335740324332e-02
5.950000000000000178e+00 1.683738335740324332e-02
5.959999999999999964e+00 1.683738335740324332e-02
5.969999999999999751e+00 1.683738335740324332e-02
5.980000000000000426e+00 1.683738335740324332e-02
5.990000000000000213e+00 1.683738335740324332e-02
6.000000000000000000e+00 1.683738335740324332e-02
6.200000000000000178e+00 1.683738335740324332e-02
6.400000000000000355e+00 1.683738335740324332e-02
6.599999999999999645e+00 1.683738335740324332e-02
6.799999999999999822e+00 1.683738335740324332e-02
7.000000000000000000e+00 0.000000000000000000e+00
