0.000000000000000000e+00 0.000000000000000000e+00
1.000000000000000021e-02 1.683738335740335781e-02
2.000000000000000042e-02 1.683738335740349659e-02
2.999999999999999889e-02 1.683738335740374986e-02
4.000000000000000083e-02 1.683738335740419395e-02
5.000000000000000278e-02 1.683738335740484274e-02
5.999999999999999778e-02 1.683738335740563724e-02
7.000000000000000666e-02 1.683738335740639358e-02
8.000000000000000167e-02 1.683738335740693828e-02
8.999999999999999667e-02 1.683738335740744135e-02
1.000000000000000056e-01 1.683738335740899913e-02
1.100000000000000006e-01 1.683738335741454331e-02
1.199999999999999956e-01 1.683738335742988868e-02
1.300000000000000044e-01 1.683738335746390313e-02
1.400000000000000133e-01 1.683738335752608256e-02
1.499999999999999944e-01 1.683738335762044458e-02
1.600000000000000033e-01 1.683738335773836761e-02
1.700000000000000122e-01 1.683738335785646759e-02
1.799999999999999933e-01 1.683738335794422031e-02
1.900000000000000022e-01 1.683738335797844987e-02
2.000000000000000111e-01 1.683738335795475008e-02
2.099999999999999922e-01 1.683738335788787996e-02
2.200000000000000011e-01 1.683738335780186543e-02
2.300000000000000100e-01 1.683738335771796379e-02
2.399999999999999911e-01 1.683738335764772831e-02
2.500000000000000000e-01 1.683738335759294227e-02
2.600000000000000089e-01 1.683738335754990725e-02
2.700000000000000178e-01 1.683738335751428991e-02
2.800000000000000266e-01 1.683738335748395307e-02
2.899999999999999800e-01 1.683738335745918469e-02
2.999999999999999889e-01 1.683738335744121989e-02
3.099999999999999978e-01 1.683738335743072134e-02
3.200000000000000067e-01 1.683738335742704720e-02
3.300000000000000155e-01 1.683738335742833436e-02
3.400000000000000244e-01 1.683738335743206402e-02
3.499999999999999778e-01 1.683738335743576592e-02
3.599999999999999867e-01 1.683738335743771575e-02
3.699999999999999956e-01 1.683738335743733758e-02
3.800000000000000044e-01 1.683738335743506162e-02
3.900000000000000133e-01 1.683738335743172748e-02
4.000000000000000222e-01 1.683738335742803599e-02
4.099999999999999756e-01 1.683738335742428205e-02
4.199999999999999845e-01 1.683738335742048647e-02
4.299999999999999933e-01 1.683738335741668743e-02
4.400000000000000022e-01 1.683738335741305839e-02
4.500000000000000111e-01 1.683738335740987691e-02
4.600000000000000200e-01 1.683738335740737543e-02
4.699999999999999734e-01 1.683738335740564765e-02
4.799999999999999822e-01 1.683738335740462069e-02
4.899999999999999911e-01 1.683738335740417313e-02
5.000000000000000000e-01 1.683738335740426334e-02
5.100000000000000089e-01 1.683738335740502662e-02
5.200000000000000178e-01 1.683738335740682379e-02
5.300000000000000266e-01 1.683738335741015099e-02
5.400000000000000355e-01 1.683738335741540026e-02
5.500000000000000444e-01 1.683738335742254386e-02
5.600000000000000533e-01 1.683738335743096073e-02
5.699999999999999512e-01 1.683738335743973497e-02
5.799999999999999600e-01 1.683738335744845022e-02
5.899999999999999689e-01 1.683738335745827569e-02
5.999999999999999778e-01 1.683738335747272941e-02
6.099999999999999867e-01 1.683738335749745615e-02
6.199999999999999956e-01 1.683738335753884319e-02
6.300000000000000044e-01 1.683738335760184140e-02
6.400000000000000133e-01 1.683738335768872676e-02
6.500000000000000222e-01 1.683738335780155665e-02
6.600000000000000311e-01 1.683738335795163799e-02
6.700000000000000400e-01 1.683738335818153395e-02
6.800000000000000488e-01 1.683738335861172108e-02
6.899999999999999467e-01 1.683738335953513174e-02
6.999999999999999556e-01 1.683738336158107848e-02
7.099999999999999645e-01 1.683738336592100621e-02
7.199999999999999734e-01 1.683738337437407084e-02
7.299999999999999822e-01 1.683738338917074862e-02
7.399999999999999911e-01 1.683738341223315824e-02
7.500000000000000000e-01 1.683738344423263422e-02
7.600000000000000089e-01 1.683738348413066355e-02
7.700000000000000178e-01 1.683738352986716841e-02
7.800000000000000266e-01 1.683738358010325453e-02
7.900000000000000355e-01 1.683738363597475987e-02
8.000000000000000444e-01 1.683738370158408340e-02
8.100000000000000533e-01 1.683738378294357199e-02
8.199999999999999512e-01 1.683738388685674520e-02
8.299999999999999600e-01 1.683738402248199581e-02
8.399999999999999689e-01 1.683738420743516664e-02
8.499999999999999778e-01 1.683738447665467791e-02
8.599999999999999867e-01 1.683738488781304915e-02
8.699999999999999956e-01 1.683738551562321759e-02
8.800000000000000044e-01 1.683738643118391082e-02
8.900000000000000133e-01 1.683738766980437743e-02
9.000000000000000222e-01 1.683738919807971010e-02
9.100000000000000311e-01 1.683739089611580031e-02
9.200000000000000400e-01 1.683739257082924115e-02
9.300000000000000488e-01 1.683739400636644415e-02
9.399999999999999467e-01 1.683739503909829557e-02
9.499999999999999556e-01 1.683739563044024320e-02
9.599999999999999645e-01 1.683739591241352473e-02
9.699999999999999734e-01 1.683739619180285585e-02
9.799999999999999822e-01 1.683739690492374111e-02
9.899999999999999911e-01 1.683739851729629602e-02
1.000000000000000000e+00 1.683740137380608862e-02
1.010000000000000009e+00 1.683740553061321629e-02
1.020000000000000018e+00 1.683741063131508411e-02
1.030000000000000027e+00 1.683741590470544044e-02
1.040000000000000036e+00 1.683742033070352931e-02
1.050000000000000044e+00 1.683742293868381243e-02
1.060000000000000053e+00 1.683742311682017573e-02
1.070000000000000062e+00 1.683742079430092242e-02
1.080000000000000071e+00 1.683741642907440189e-02
1.090000000000000080e+00 1.683741083296592944e-02
1.100000000000000089e+00 1.683740492250260581e-02
1.110000000000000098e+00 1.683739948387810367e-02
1.120000000000000107e+00 1.683739501592181401e-02
1.129999999999999893e+00 1.683739168593743202e-02
1.139999999999999902e+00 1.683738939512015309e-02
1.149999999999999911e+00 1.683738790775925892e-02
1.159999999999999920e+00 1.683738697794938052e-02
1.169999999999999929e+00 1.683738642529917021e-02
1.179999999999999938e+00 1.683738615100655034e-02
1.189999999999999947e+00 1.683738611754442491e-02
1.199999999999999956e+00 1.683738632303193039e-02
1.209999999999999964e+00 1.683738678931905042e-02
1.219999999999999973e+00 1.683738756494575564e-02
1.229999999999999982e+00 1.683738873301192027e-02
1.239999999999999991e+00 1.683739041363583808e-02
1.250000000000000000e+00 1.683739275788862996e-02
1.260000000000000009e+00 1.683739594433546205e-02
1.270000000000000018e+00 1.683740022065569747e-02
1.280000000000000027e+00 1.683740609669235819e-02
1.290000000000000036e+00 1.683741488322923474e-02
1.300000000000000044e+00 1.683742978564270118e-02
1.310000000000000053e+00 1.683745747866388989e-02
1.320000000000000062e+00 1.683750934289943157e-02
1.330000000000000071e+00 1.683760070470406364e-02
1.340000000000000080e+00 1.683774656050677707e-02
1.350000000000000089e+00 1.683795418034658362e-02
1.360000000000000098e+00 1.683821569953591890e-02
1.370000000000000107e+00 1.683850491659040494e-02
1.379999999999999893e+00 1.683878086217826739e-02
1.389999999999999902e+00 1.683899782644395285e-02
1.399999999999999911e+00 1.683911930865390066e-02
1.409999999999999920e+00 1.683913157853083806e-02
1.419999999999999929e+00 1.683905085615957850e-02
1.429999999999999938e+00 1.683891887012439748e-02
1.439999999999999947e+00 1.683878721684301666e-02
1.449999999999999956e+00 1.683869867032292481e-02
1.459999999999999964e+00 1.683867614564181839e-02
1.469999999999999973e+00 1.683872416921170304e-02
1.479999999999999982e+00 1.683883887609165589e-02
1.489999999999999991e+00 1.683901849143141019e-02
1.500000000000000000e+00 1.683926848147263011e-02
1.510000000000000009e+00 1.683959994472908686e-02
1.520000000000000018e+00 1.684002314815970583e-02
1.530000000000000027e+00 1.684054034234509778e-02
1.540000000000000036e+00 1.684114309257639733e-02
1.550000000000000044e+00 1.684181779546273239e-02
1.560000000000000053e+00 1.684255822422406693e-02
1.570000000000000062e+00 1.684337876499164555e-02
1.580000000000000071e+00 1.684432246678136541e-02
1.590000000000000080e+00 1.684547084077619300e-02
1.600000000000000089e+00 1.684699160055299488e-02
1.610000000000000098e+00 1.684930063997100089e-02
1.620000000000000107e+00 1.685343395192189647e-02
1.629999999999999893e+00 1.686164683106129367e-02
1.639999999999999902e+00 1.687798518099541123e-02
1.649999999999999911e+00 1.690814410062248946e-02
1.659999999999999920e+00 1.695773811320135799e-02
1.669999999999999929e+00 1.702882596144764810e-02
1.679999999999999938e+00 1.711631689171298071e-02
1.689999999999999947e+00 1.720742552781401313e-02
1.699999999999999956e+00 1.728640301698726456e-02
1.709999999999999964e+00 1.734282608865761466e-02
1.719999999999999973e+00 1.737789744328523817e-02
1.729999999999999982e+00 1.740381489522312836e-02
1.739999999999999991e+00 1.743656478058918866e-02
1.750000000000000000e+00 1.748754476779107100e-02
1.760000000000000009e+00 1.755948745738348388e-02
1.770000000000000018e+00 1.764791692713396296e-02
1.780000000000000027e+00 1.774539067392303868e-02
1.790000000000000036e+00 1.784513986565459953e-02
1.800000000000000044e+00 1.794269347687497962e-02
1.810000000000000053e+00 1.803615877738570100e-02
1.820000000000000062e+00 1.812641101277303810e-02
1.830000000000000071e+00 1.821753095397023181e-02
1.840000000000000080e+00 1.831653835235275488e-02
1.850000000000000089e+00 1.843123604922985298e-02
1.860000000000000098e+00 1.856647051839938056e-02
1.870000000000000107e+00 1.872127732043296633e-02
1.879999999999999893e+00 1.889010977549052811e-02
1.889999999999999902e+00 1.906971320424827657e-02
1.899999999999999911e+00 1.927043454431918643e-02
1.909999999999999920e+00 1.952859854141901497e-02
1.919999999999999929e+00 1.991573130860526883e-02
1.929999999999999938e+00 2.054107055216596381e-02
1.939999999999999947e+00 2.154605305792824804e-02
1.949999999999999956e+00 2.309183748936681144e-02
1.959999999999999964e+00 2.534055331746366130e-02
1.969999999999999973e+00 2.842766393586538057e-02
1.979999999999999982e+00 3.242185197565895793e-02
1.989999999999999991e+00 3.727711651357944189e-02
2.000000000000000000e+00 4.279981620942098497e-02
2.009999999999999787e+00 4.866917010776555808e-02
2.020000000000000018e+00 5.454196266753680994e-02
2.029999999999999805e+00 6.022977918778087830e-02
2.040000000000000036e+00 6.588344277512343805e-02
2.049999999999999822e+00 7.210502660930431795e-02
2.060000000000000053e+00 7.995723051084821509e-02
2.069999999999999840e+00 9.090875692194834434e-02
2.080000000000000071e+00 1.067676843840280332e-01
2.089999999999999858e+00 1.295951436109987476e-01
2.100000000000000089e+00 1.615283027292657436e-01
2.109999999999999876e+00 2.044630733241470932e-01
2.120000000000000107e+00 2.596684335574280245e-01
2.129999999999999893e+00 3.275374386366735058e-01
2.140000000000000124e+00 4.076886850367908988e-01
2.149999999999999911e+00 4.994474019060790027e-01
2.160000000000000142e+00 6.024446050641438788e-01
2.169999999999999929e+00 7.168870865404699533e-01
2.180000000000000160e+00 8.431602976746712663e-01
2.189999999999999947e+00 9.808392882415355452e-01
2.200000000000000178e+00 1.127660228873352377e+00
2.209999999999999964e+00 1.279179950072697913e+00
2.220000000000000195e+00 1.429523857248195196e+00
2.229999999999999982e+00 1.572978924913153165e+00
2.240000000000000213e+00 1.705687848338438339e+00
2.250000000000000000e+00 1.826704170332941857e+00
2.259999999999999787e+00 1.938110741247315305e+00
2.270000000000000018e+00 2.044327195247563012e+00
2.279999999999999805e+00 2.150776675550603922e+00
2.290000000000000036e+00 2.261949087797416880e+00
2.299999999999999822e+00 2.379082947308827745e+00
2.310000000000000053e+00 2.498224772539415550e+00
2.319999999999999840e+00 2.609732645270182338e+00
2.330000000000000071e+00 2.699877225178888729e+00
2.339999999999999858e+00 2.754237788828136857e+00
2.350000000000000089e+00 2.761716779184806736e+00
2.359999999999999876e+00 2.717685593309479675e+00
2.370000000000000107e+00 2.625104682459761030e+00
2.379999999999999893e+00 2.493246772070079054e+00
2.390000000000000124e+00 2.334609629381856344e+00
2.399999999999999911e+00 2.161349697130173553e+00
2.410000000000000142e+00 1.982684378339366615e+00
2.419999999999999929e+00 1.804081530886649576e+00
2.430000000000000160e+00 1.628089877050998391e+00
2.439999999999999947e+00 1.456007211426707970e+00
2.450000000000000178e+00 1.289566264226414294e+00
2.459999999999999964e+00 1.132284368036209798e+00
2.470000000000000195e+00 9.906499207408597796e-01
2.479999999999999982e+00 8.753741425760309669e-01
2.490000000000000213e+00 8.020736941385023799e-01
2.500000000000000000e+00 7.893869860356375057e-01
2.509999999999999787e+00 8.525370826003564328e-01
2.520000000000000018e+00 9.934640949130141285e-01
2.529999999999999805e+00 1.193280189531238600e+00
2.540000000000000036e+00 1.413975792218797878e+00
2.549999999999999822e+00 1.610918894438937654e+00
2.560000000000000053e+00 1.749424204917042314e+00
2.569999999999999840e+00 1.815271835516297116e+00
2.580000000000000071e+00 1.813959144113713728e+00
2.589999999999999858e+00 1.761817826680234234e+00
2.600000000000000089e+00 1.676298660218618508e+00
2.609999999999999876e+00 1.570452681162351372e+00
2.620000000000000107e+00 1.451999109663165699e+00
2.629999999999999893e+00 1.324905609224857894e+00
2.640000000000000124e+00 1.191678943721893980e+00
2.649999999999999911e+00 1.055431212281467523e+00
2.660000000000000142e+00 9.209359902649550955e-01
2.669999999999999929e+00 7.940236367827796515e-01
2.680000000000000160e+00 6.796742901014122262e-01
2.689999999999999947e+00 5.802923543460236644e-01
2.700000000000000178e+00 4.954429249458554008e-01
2.709999999999999964e+00 4.229335934146772336e-01
2.720000000000000195e+00 3.601504421937782863e-01
2.729999999999999982e+00 3.048575956950574928e-01
2.740000000000000213e+00 2.554797487376246901e-01
2.750000000000000000e+00 2.111955968510688397e-01
2.759999999999999787e+00 1.719196240789718499e-01
2.770000000000000018e+00 1.380339499416957105e-01
2.779999999999999805e+00 1.098920120107165221e-01
2.790000000000000036e+00 8.739202661698537711e-02
2.799999999999999822e+00 6.989731042211763667e-02
2.810000000000000053e+00 5.647395523714480309e-02
2.819999999999999840e+00 4.619293454516806841e-02
2.830000000000000071e+00 3.830101764229677797e-02
2.839999999999999858e+00 3.224575829599879428e-02
2.850000000000000089e+00 2.763347309639669486e-02
2.859999999999999876e+00 2.417955345493541866e-02
2.870000000000000107e+00 2.166609174092911858e-02
2.879999999999999893e+00 1.990778192337073690e-02
2.890000000000000124e+00 1.873243953024915712e-02
2.899999999999999911e+00 1.798045709718828697e-02
2.910000000000000142e+00 1.751577582007471379e-02
2.919999999999999929e+00 1.723501167324140507e-02
2.930000000000000160e+00 1.706753343782092813e-02
2.939999999999999947e+00 1.696855521302146133e-02
2.950000000000000178e+00 1.691069686285953319e-02
2.959999999999999964e+00 1.687738048093318649e-02
2.970000000000000195e+00 1.685858367229630880e-02
2.979999999999999982e+00 1.684826477920203097e-02
2.990000000000000213e+00 1.684279507386328770e-02
3.000000000000000000e+00 1.684001010725602945e-02
3.009999999999999787e+00 1.683864598778263624e-02
3.020000000000000018e+00 1.683799652959943119e-02
3.029999999999999805e+00 1.683769080186280770e-02
3.040000000000000036e+00 1.683754573847884642e-02
3.049999999999999822e+00 1.683747486809687721e-02
3.060000000000000053e+00 1.683743814874162290e-02
3.069999999999999840e+00 1.683741732840732253e-02
3.080000000000000071e+00 1.683740441726942066e-02
3.089999999999999858e+00 1.683739608109512467e-02
3.100000000000000089e+00 1.683739081610744273e-02
3.109999999999999876e+00 1.683738768453871271e-02
3.120000000000000107e+00 1.683738593451264420e-02
3.129999999999999893e+00 1.683738498316889043e-02
3.140000000000000124e+00 1.683738444538981222e-02
3.149999999999999911e+00 1.683738410901979357e-02
3.160000000000000142e+00 1.683738387642800746e-02
3.169999999999999929e+00 1.683738370931889619e-02
3.180000000000000160e+00 1.683738359241893426e-02
3.189999999999999947e+00 1.683738351542731285e-02
3.200000000000000178e+00 1.683738346751523576e-02
3.209999999999999964e+00 1.683738343813331179e-02
3.220000000000000195e+00 1.683738341906416969e-02
3.229999999999999982e+00 1.683738340520043314e-02
3.240000000000000213e+00 1.683738339399350886e-02
3.250000000000000000e+00 1.683738338448321006e-02
3.259999999999999787e+00 1.683738337650810685e-02
3.270000000000000018e+00 1.683738337018070297e-02
3.279999999999999805e+00 1.683738336555225604e-02
3.290000000000000036e+00 1.683738336245813386e-02
3.299999999999999822e+00 1.683738336054715901e-02
3.310000000000000053e+00 1.683738335941813852e-02
3.319999999999999840e+00 1.683738335874366068e-02
3.330000000000000071e+00 1.683738335831500010e-02
3.339999999999999858e+00 1.683738335802195327e-02
3.350000000000000089e+00 1.683738335781273868e-02
3.359999999999999876e+00 1.683738335766302857e-02
3.370000000000000107e+00 1.683738335755931292e-02
3.379999999999999893e+00 1.683738335749154769e-02
3.390000000000000124e+00 1.683738335745049025e-02
3.399999999999999911e+00 1.683738335742756068e-02
3.410000000000000142e+00 1.683738335741562231e-02
3.419999999999999929e+00 1.683738335740966180e-02
3.430000000000000160e+00 1.683738335740667807e-02
3.439999999999999947e+00 1.683738335740512723e-02
3.450000000000000178e+00 1.683738335740428069e-02
3.459999999999999964e+00 1.683738335740380190e-02
3.470000000000000195e+00 1.683738335740353476e-02
3.479999999999999982e+00 1.683738335740338557e-02
3.490000000000000213e+00 1.683738335740330924e-02
3.500000000000000000e+00 1.683738335740327455e-02
3.509999999999999787e+00 1.683738335740325720e-02
3.520000000000000018e+00 1.683738335740325720e-02
3.529999999999999805e+00 1.683738335740325373e-02
3.540000000000000036e+00 1.683738335740325373e-02
3.549999999999999822e+00 1.683738335740325373e-02
3.560000000000000053e+00 1.683738335740325026e-02
3.569999999999999840e+00 1.683738335740324679e-02
3.580000000000000071e+00 1.683738335740324679e-02
3.589999999999999858e+00 1.683738335740324332e-02
3.600000000000000089e+00 1.683738335740324332e-02
3.609999999999999876e+00 1.683738335740323985e-02
3.620000000000000107e+00 1.683738335740323985e-02
3.629999999999999893e+00 1.683738335740323985e-02
3.640000000000000124e+00 1.683738335740323985e-02
3.649999999999999911e+00 1.683738335740323985e-02
3.660000000000000142e+00 1.683738335740323985e-02
3.669999999999999929e+00 1.683738335740323985e-02
3.680000000000000160e+00 1.683738335740323985e-02
3.689999999999999947e+00 1.683738335740323985e-02
3.700000000000000178e+00 1.683738335740323985e-02
3.709999999999999964e+00 1.683738335740323985e-02
3.720000000000000195e+00 1.683738335740323985e-02
3.729999999999999982e+00 1.683738335740323985e-02
3.740000000000000213e+00 1.683738335740323985e-02
3.750000000000000000e+00 1.683738335740323985e-02
3.759999999999999787e+00 1.683738335740323985e-02
3.770000000000000018e+00 1.683738335740323985e-02
3.779999999999999805e+00 1.683738335740323985e-02
3.790000000000000036e+00 1.683738335740323985e-02
3.799999999999999822e+00 1.683738335740323985e-02
3.810000000000000053e+00 1.683738335740323985e-02
3.819999999999999840e+00 1.683738335740323985e-02
3.830000000000000071e+00 1.683738335740323985e-02
3.839999999999999858e+00 1.683738335740323985e-02
3.850000000000000089e+00 1.683738335740323985e-02
3.859999999999999876e+00 1.683738335740323985e-02
3.870000000000000107e+00 1.683738335740323985e-02
3.879999999999999893e+00 1.683738335740323985e-02
3.890000000000000124e+00 1.683738335740323985e-02
3.899999999999999911e+00 1.683738335740323985e-02
3.910000000000000142e+00 1.683738335740323985e-02
3.919999999999999929e+00 1.683738335740323985e-02
3.930000000000000160e+00 1.683738335740323985e-02
3.939999999999999947e+00 1.683738335740323985e-02
3.950000000000000178e+00 1.683738335740323985e-02
3.959999999999999964e+00 1.683738335740323985e-02
3.970000000000000195e+00 1.683738335740323985e-02
3.979999999999999982e+00 1.683738335740323985e-02
3.990000000000000213e+00 1.683738335740323985e-02
4.000000000000000000e+00 1.683738335740323985e-02
4.009999999999999787e+00 1.683738335740323985e-02
4.019999999999999574e+00 1.683738335740323985e-02
4.030000000000000249e+00 1.683738335740323985e-02
4.040000000000000036e+00 1.683738335740323985e-02
4.049999999999999822e+00 1.683738335740323985e-02
4.059999999999999609e+00 1.683738335740323985e-02
4.070000000000000284e+00 1.683738335740323985e-02
4.080000000000000071e+00 1.683738335740323985e-02
4.089999999999999858e+00 1.683738335740323985e-02
4.099999999999999645e+00 1.683738335740323985e-02
4.110000000000000320e+00 1.683738335740323985e-02
4.120000000000000107e+00 1.683738335740323985e-02
4.129999999999999893e+00 1.683738335740323985e-02
4.139999999999999680e+00 1.683738335740323985e-02
4.150000000000000355e+00 1.683738335740323985e-02
4.160000000000000142e+00 1.683738335740323985e-02
4.169999999999999929e+00 1.683738335740323985e-02
4.179999999999999716e+00 1.683738335740323985e-02
4.190000000000000391e+00 1.683738335740323985e-02
4.200000000000000178e+00 1.683738335740323985e-02
4.209999999999999964e+00 1.683738335740323985e-02
4.219999999999999751e+00 1.683738335740323985e-02
4.230000000000000426e+00 1.683738335740323985e-02
4.240000000000000213e+00 1.683738335740323985e-02
4.250000000000000000e+00 1.683738335740323985e-02
4.259999999999999787e+00 1.683738335740323985e-02
4.269999999999999574e+00 1.683738335740323985e-02
4.280000000000000249e+00 1.683738335740323985e-02
4.290000000000000036e+00 1.683738335740323985e-02
4.299999999999999822e+00 1.683738335740323985e-02
4.309999999999999609e+00 1.683738335740323985e-02
4.320000000000000284e+00 1.683738335740323985e-02
4.330000000000000071e+00 1.683738335740323985e-02
4.339999999999999858e+00 1.683738335740323985e-02
4.349999999999999645e+00 1.683738335740323985e-02
4.360000000000000320e+00 1.683738335740323985e-02
4.370000000000000107e+00 1.683738335740323985e-02
4.379999999999999893e+00 1.683738335740323985e-02
4.389999999999999680e+00 1.683738335740323985e-02
4.400000000000000355e+00 1.683738335740323985e-02
4.410000000000000142e+00 1.683738335740323985e-02
4.419999999999999929e+00 1.683738335740323985e-02
4.429999999999999716e+00 1.683738335740323985e-02
4.440000000000000391e+00 1.683738335740323985e-02
4.450000000000000178e+00 1.683738335740323985e-02
4.459999999999999964e+00 1.683738335740323985e-02
4.469999999999999751e+00 1.683738335740323985e-02
4.480000000000000426e+00 1.683738335740323985e-02
4.490000000000000213e+00 1.683738335740323985e-02
4.500000000000000000e+00 1.683738335740323985e-02
4.509999999999999787e+00 1.683738335740323985e-02
4.519999999999999574e+00 1.683738335740323985e-02
4.530000000000000249e+00 1.683738335740323985e-02
4.540000000000000036e+00 1.683738335740323985e-02
4.549999999999999822e+00 1.683738335740323985e-02
4.559999999999999609e+00 1.683738335740323985e-02
4.570000000000000284e+00 1.683738335740323985e-02
4.580000000000000071e+00 1.683738335740323985e-02
4.589999999999999858e+00 1.683738335740323985e-02
4.599999999999999645e+00 1.683738335740323985e-02
4.610000000000000320e+00 1.683738335740323985e-02
4.620000000000000107e+00 1.683738335740323985e-02
4.629999999999999893e+00 1.683738335740323985e-02
4.639999999999999680e+00 1.683738335740323985e-02
4.650000000000000355e+00 1.683738335740323985e-02
4.660000000000000142e+00 1.683738335740323985e-02
4.669999999999999929e+00 1.683738335740323985e-02
4.679999999999999716e+00 1.683738335740323985e-02
4.690000000000000391e+00 1.683738335740323985e-02
4.700000000000000178e+00 1.683738335740323985e-02
4.709999999999999964e+00 1.683738335740323985e-02
4.719999999999999751e+00 1.683738335740323985e-02
4.730000000000000426e+00 1.683738335740323985e-02
4.740000000000000213e+00 1.683738335740323985e-02
4.750000000000000000e+00 1.683738335740323985e-02
4.759999999999999787e+00 1.683738335740323985e-02
4.769999999999999574e+00 1.683738335740323985e-02
4.780000000000000249e+00 1.683738335740323985e-02
4.790000000000000036e+00 1.683738335740323985e-02
4.799999999999999822e+00 1.683738335740323985e-02
4.809999999999999609e+00 1.683738335740323985e-02
4.820000000000000284e+00 1.683738335740323985e-02
4.830000000000000071e+00 1.683738335740323985e-02
4.839999999999999858e+00 1.683738335740323985e-02
4.849999999999999645e+00 1.683738335740323985e-02
4.860000000000000320e+00 1.683738335740323985e-02
4.870000000000000107e+00 1.683738335740323985e-02
4.879999999999999893e+00 1.683738335740323985e-02
4.889999999999999680e+00 1.683738335740323985e-02
4.900000000000000355e+00 1.683738335740323985e-02
4.910000000000000142e+00 1.683738335740323985e-02
4.919999999999999929e+00 1.683738335740323985e-02
4.929999999999999716e+00 1.683738335740323985e-02
4.940000000000000391e+00 1.683738335740323985e-02
4.950000000000000178e+00 1.683738335740323985e-02
4.959999999999999964e+00 1.683738335740323985e-02
4.969999999999999751e+00 1.683738335740323985e-02
4.980000000000000426e+00 1.683738335740323985e-02
4.990000000000000213e+00 1.683738335740323985e-02
5.000000000000000000e+00 1.683738335740323985e-02
5.009999999999999787e+00 1.683738335740323985e-02
5.019999999999999574e+00 1.683738335740323985e-02
5.030000000000000249e+00 1.683738335740323985e-02
5.040000000000000036e+00 1.683738335740323985e-02
5.049999999999999822e+00 1.683738335740323985e-02
5.059999999999999609e+00 1.683738335740323985e-02
5.070000000000000284e+00 1.683738335740323985e-02
5.080000000000000071e+00 1.683738335740323985e-02
5.089999999999999858e+00 1.683738335740323985e-02
5.099999999999999645e+00 1.683738335740323985e-02
5.110000000000000320e+00 1.683738335740323985e-02
5.120000000000000107e+00 1.683738335740323985e-02
5.129999999999999893e+00 1.683738335740323985e-02
5.139999999999999680e+00 1.683738335740323985e-02
5.150000000000000355e+00 1.683738335740323985e-02
5.160000000000000142e+00 1.683738335740323985e-02
5.169999999999999929e+00 1.683738335740323985e-02
5.179999999999999716e+00 1.683738335740323985e-02
5.190000000000000391e+00 1.683738335740323985e-02
5.200000000000000178e+00 1.683738335740323985e-02
5.209999999999999964e+00 1.683738335740323985e-02
5.219999999999999751e+00 1.683738335740323985e-02
5.230000000000000426e+00 1.683738335740323985e-02
5.240000000000000213e+00 1.683738335740323985e-02
5.250000000000000000e+00 1.683738335740323985e-02
5.259999999999999787e+00 1.683738335740323985e-02
5.269999999999999574e+00 1.683738335740323985e-02
5.280000000000000249e+00 1.683738335740323985e-02
5.290000000000000036e+00 1.683738335740323985e-02
5.299999999999999822e+00 1.683738335740323985e-02
5.309999999999999609e+00 1.683738335740323985e-02
5.320000000000000284e+00 1.683738335740323985e-02
5.330000000000000071e+00 1.683738335740323985e-02
5.339999999999999858e+00 1.683738335740323985e-02
5.349999999999999645e+00 1.683738335740323985e-02
5.360000000000000320e+00 1.683738335740323985e-02
5.370000000000000107e+00 1.683738335740323985e-02
5.379999999999999893e+00 1.683738335740323985e-02
5.389999999999999680e+00 1.683738335740323985e-02
5.400000000000000355e+00 1.683738335740323985e-02
5.410000000000000142e+00 1.683738335740323985e-02
5.419999999999999929e+00 1.683738335740323985e-02
5.429999999999999716e+00 1.683738335740323985e-02
5.440000000000000391e+00 1.683738335740323985e-02
5.450000000000000178e+00 1.683738335740323985e-02
5.459999999999999964e+00 1.683738335740323985e-02
5.469999999999999751e+00 1.683738335740323985e-02
5.480000000000000426e+00 1.683738335740323985e-02
5.490000000000000213e+00 1.683738335740323985e-02
5.500000000000000000e+00 1.683738335740323985e-02
5.509999999999999787e+00 1.683738335740323985e-02
5.519999999999999574e+00 1.683738335740323985e-02
5.530000000000000249e+00 1.683738335740323985e-02
5.540000000000000036e+00 1.683738335740323985e-02
5.549999999999999822e+00 1.683738335740323985e-02
5.559999999999999609e+00 1.683738335740323985e-02
5.570000000000000284e+00 1.683738335740323985e-02
5.580000000000000071e+00 1.683738335740323985e-02
5.589999999999999858e+00 1.683738335740323985e-02
5.599999999999999645e+00 1.683738335740323985e-02
5.610000000000000320e+00 1.683738335740323985e-02
5.620000000000000107e+00 1.683738335740323985e-02
5.629999999999999893e+00 1.683738335740323985e-02
5.639999999999999680e+00 1.683738335740323985e-02
5.650000000000000355e+00 1.683738335740323985e-02
5.660000000000000142e+00 1.683738335740323985e-02
5.669999999999999929e+00 1.683738335740323985e-02
5.679999999999999716e+00 1.683738335740323985e-02
5.690000000000000391e+00 1.683738335740323985e-02
5.700000000000000178e+00 1.683738335740323985e-02
5.709999999999999964e+00 1.683738335740323985e-02
5.719999999999999751e+00 1.683738335740323985e-02
5.730000000000000426e+00 1.683738335740323985e-02
5.740000000000000213e+00 1.683738335740323985e-02
5.750000000000000000e+00 1.683738335740323985e-02
5.759999999999999787e+00 1.683738335740323985e-02
5.769999999999999574e+00 1.683738335740323985e-02
5.780000000000000249e+00 1.683738335740323985e-02
5.790000000000000036e+00 1.683738335740323985e-02
5.799999999999999822e+00 1.683738335740323985e-02
5.809999999999999609e+00 1.683738335740323985e-02
5.820000000000000284e+00 1.683738335740323985e-02
5.830000000000000071e+00 1.683738335740323985e-02
5.839999999999999858e+00 1.683738335740323985e-02
5.849999999999999645e+00 1.683738335740323985e-02
5.860000000000000320e+00 1.683738335740323985e-02
5.870000000000000107e+00 1.683738335740323985e-02
5.879999999999999893e+00 1.683738335740323985e-02
5.889999999999999680e+00 1.683738335740323985e-02
5.900000000000000355e+00 1.683738335740323985e-02
5.910000000000000142e+00 1.683738335740323985e-02
5.919999999999999929e+00 1.683738335740323985e-02
5.929999999999999716e+00 1.683738335740323985e-02
5.940000000000000391e+00 1.683738335740323985e-02
5.950000000000000178e+00 1.683738335740323985e-02
5.959999999999999964e+00 1.683738335740323985e-02
5.969999999999999751e+00 1.683738335740323985e-02
5.980000000000000426e+00 1.683738335740323985e-02
5.990000000000000213e+00 1.683738335740323985e-02
6.000000000000000000e+00 1.683738335740323985e-02
6.200000000000000178e+00 1.683738335740323985e-02
6.400000000000000355e+00 1.683738335740323985e-02
6.599999999999999645e+00 1.683738335740323985e-02
6.799999999999999822e+00 1.683738335740323985e-02
7.000000000000000000e+00 0.000000000000000000e+00
