0.000000000000000000e+00 0.000000000000000000e+00
1.000000000000000021e-02 1.431094097833485006e-02
2.000000000000000042e-02 1.436707130114150618e-02
2.999999999999999889e-02 1.441969370079010382e-02
4.000000000000000083e-02 1.446415433082495240e-02
5.000000000000000278e-02 1.449962891317326495e-02
5.999999999999999778e-02 1.452811828644373984e-02
7.000000000000000666e-02 1.455261106050061495e-02
8.000000000000000167e-02 1.457583972132659063e-02
8.999999999999999667e-02 1.459995391836690394e-02
1.000000000000000056e-01 1.462667716490572561e-02
1.100000000000000006e-01 1.465749730481501374e-02
1.199999999999999956e-01 1.469371550209392155e-02
1.300000000000000044e-01 1.473635855926639163e-02
1.400000000000000133e-01 1.478600868992649073e-02
1.499999999999999944e-01 1.484261698468928789e-02
1.600000000000000033e-01 1.490538825587581911e-02
1.700000000000000122e-01 1.497283427493233468e-02
1.799999999999999933e-01 1.504304211433844622e-02
1.900000000000000022e-01 1.511408574838814245e-02
2.000000000000000111e-01 1.518439694862643886e-02
2.099999999999999922e-01 1.525291450032783755e-02
2.200000000000000011e-01 1.531897345690640469e-02
2.300000000000000100e-01 1.538207241674750467e-02
2.399999999999999911e-01 1.544172299589528265e-02
2.500000000000000000e-01 1.549749289765246611e-02
2.600000000000000089e-01 1.554918636624186452e-02
2.700000000000000178e-01 1.559700058608864785e-02
2.800000000000000266e-01 1.564152676619841656e-02
2.899999999999999800e-01 1.568358907794731652e-02
2.999999999999999889e-01 1.572403094807662410e-02
3.099999999999999978e-01 1.576359114178543797e-02
3.200000000000000067e-01 1.580295307241786143e-02
3.300000000000000155e-01 1.584294338639036931e-02
3.400000000000000244e-01 1.588476498827259484e-02
3.499999999999999778e-01 1.593012695828708788e-02
3.599999999999999867e-01 1.598118677814830413e-02
3.699999999999999956e-01 1.604031499710969685e-02
3.800000000000000044e-01 1.610978594459011939e-02
3.900000000000000133e-01 1.619155342368976472e-02
4.000000000000000222e-01 1.628725282115238426e-02
4.099999999999999756e-01 1.639846649504598727e-02
4.199999999999999845e-01 1.652713458030021995e-02
4.299999999999999933e-01 1.667587590137006859e-02
4.400000000000000022e-01 1.684799942704274731e-02
4.500000000000000111e-01 1.704716508922845056e-02
4.600000000000000200e-01 1.727689074705270403e-02
4.699999999999999734e-01 1.754020776610113949e-02
4.799999999999999822e-01 1.783963061088113602e-02
4.899999999999999911e-01 1.817732544564861288e-02
5.000000000000000000e-01 1.855517742715290935e-02
5.100000000000000089e-01 1.897453400214332148e-02
5.200000000000000178e-01 1.943569513215183397e-02
5.300000000000000266e-01 1.993751717393212747e-02
5.400000000000000355e-01 2.047758383539162105e-02
5.500000000000000444e-01 2.105319152430970217e-02
5.600000000000000533e-01 2.166297832165135079e-02
5.699999999999999512e-01 2.230863583516886836e-02
5.799999999999999600e-01 2.299605269166348290e-02
5.899999999999999689e-01 2.373547669852556913e-02
5.999999999999999778e-01 2.454058826873276034e-02
6.099999999999999867e-01 2.542659576920089023e-02
6.199999999999999956e-01 2.640776832444334879e-02
6.300000000000000044e-01 2.749524642695143697e-02
6.400000000000000133e-01 2.869605096202600472e-02
6.500000000000000222e-01 3.001360072768324144e-02
6.600000000000000311e-01 3.144922126421076380e-02
6.700000000000000400e-01 3.300388953191163433e-02
6.800000000000000488e-01 3.467990612441251841e-02
6.899999999999999467e-01 3.648265985058345845e-02
6.999999999999999556e-01 3.842263586616880000e-02
7.099999999999999645e-01 4.051745012245861616e-02
7.199999999999999734e-01 4.279335936307562122e-02
7.299999999999999822e-01 4.528558676302055913e-02
7.399999999999999911e-01 4.803698400248272715e-02
7.500000000000000000e-01 5.109514685881592910e-02
7.600000000000000089e-01 5.450903447430123505e-02
7.700000000000000178e-01 5.832677609850014239e-02
7.800000000000000266e-01 6.259586592802712790e-02
7.900000000000000355e-01 6.736533753910269040e-02
8.000000000000000444e-01 7.268795964684629518e-02
8.100000000000000533e-01 7.862041831181421081e-02
8.199999999999999512e-01 8.522105412618531661e-02
8.299999999999999600e-01 9.254667413391828856e-02
8.399999999999999689e-01 1.006505798065409490e-01
8.499999999999999778e-01 1.095827650260573771e-01
8.599999999999999867e-01 1.193913665252307327e-01
8.699999999999999956e-01 1.301235416480649165e-01
8.800000000000000044e-01 1.418246583471232392e-01
8.900000000000000133e-01 1.545361653635225208e-01
9.000000000000000222e-01 1.682933700170964886e-01
9.100000000000000311e-01 1.831239751900445301e-01
9.200000000000000400e-01 1.990471376222829325e-01
9.300000000000000488e-01 2.160719216114548868e-01
9.399999999999999467e-01 2.341939273830864199e-01
9.499999999999999556e-01 2.533898270307717859e-01
9.599999999999999645e-01 2.736115339092386467e-01
9.699999999999999734e-01 2.947839633504116819e-01
9.799999999999999822e-01 3.168108761465111001e-01
9.899999999999999911e-01 3.395903536095001285e-01
1.000000000000000000e+00 3.630358881195605014e-01
1.010000000000000009e+00 3.870949444638626669e-01
1.020000000000000018e+00 4.117579461394363927e-01
1.030000000000000027e+00 4.370559127188861637e-01
1.040000000000000036e+00 4.630489740428360146e-01
1.050000000000000044e+00 4.898075013095790631e-01
1.060000000000000053e+00 5.173863506688807234e-01
1.070000000000000062e+00 5.457961895043816902e-01
1.080000000000000071e+00 5.749820308759665544e-01
1.090000000000000080e+00 6.048195605975436040e-01
1.100000000000000089e+00 6.351316982879101625e-01
1.110000000000000098e+00 6.657183509102868602e-01
1.120000000000000107e+00 6.963891144430938152e-01
1.129999999999999893e+00 7.269910175111824469e-01
1.139999999999999902e+00 7.574261746524018069e-01
1.149999999999999911e+00 7.876553899400549064e-01
1.159999999999999920e+00 8.176851151840686116e-01
1.169999999999999929e+00 8.475390848707872182e-01
1.179999999999999938e+00 8.772224767940857149e-01
1.189999999999999947e+00 9.066920019342166182e-01
1.199999999999999956e+00 9.358450019243479412e-01
1.209999999999999964e+00 9.645329840293458412e-01
1.219999999999999973e+00 9.925938400301571596e-01
1.229999999999999982e+00 1.019888533793147589e+00
1.239999999999999991e+00 1.046326892153043087e+00
1.250000000000000000e+00 1.071872966247587433e+00
1.260000000000000009e+00 1.096528330705927479e+00
1.270000000000000018e+00 1.120297663299651303e+00
1.280000000000000027e+00 1.143145980477879853e+00
1.290000000000000036e+00 1.164962399052144049e+00
1.300000000000000044e+00 1.185546999942222124e+00
1.310000000000000053e+00 1.204629531833779410e+00
1.320000000000000062e+00 1.221913824929987236e+00
1.330000000000000071e+00 1.237131184471166101e+00
1.340000000000000080e+00 1.250088806866772151e+00
1.350000000000000089e+00 1.260712023689714023e+00
1.360000000000000098e+00 1.269086591294657396e+00
1.370000000000000107e+00 1.275494451410185803e+00
1.379999999999999893e+00 1.280407209904052879e+00
1.389999999999999902e+00 1.284387100146950011e+00
1.399999999999999911e+00 1.287883137762459995e+00
1.409999999999999920e+00 1.290997710405404231e+00
1.419999999999999929e+00 1.293366618329191420e+00
1.429999999999999938e+00 1.294258676546298004e+00
1.439999999999999947e+00 1.292859748881313386e+00
1.449999999999999956e+00 1.288574643861440716e+00
1.459999999999999964e+00 1.281178046427167594e+00
1.469999999999999973e+00 1.270768130547184294e+00
1.479999999999999982e+00 1.257606276104919152e+00
1.489999999999999991e+00 1.241963243961862418e+00
1.500000000000000000e+00 1.224039927594137156e+00
1.510000000000000009e+00 1.203961765289063068e+00
1.520000000000000018e+00 1.181816016964432281e+00
1.530000000000000027e+00 1.157708192934558733e+00
1.540000000000000036e+00 1.131821871338061003e+00
1.550000000000000044e+00 1.104457093564251258e+00
1.560000000000000053e+00 1.076018412713306338e+00
1.570000000000000062e+00 1.046951237175861360e+00
1.580000000000000071e+00 1.017668944440532686e+00
1.590000000000000080e+00 9.885249256364235793e-01
1.600000000000000089e+00 9.598426318265863566e-01
1.610000000000000098e+00 9.319615359379620489e-01
1.620000000000000107e+00 9.052438850088543321e-01
1.629999999999999893e+00 8.800286859437116416e-01
1.639999999999999902e+00 8.565738567921882263e-01
1.649999999999999911e+00 8.350408084230980243e-01
1.659999999999999920e+00 8.155318814148957429e-01
1.669999999999999929e+00 7.981293342444562011e-01
1.679999999999999938e+00 7.828648117321125310e-01
1.689999999999999947e+00 7.695953091866145623e-01
1.699999999999999956e+00 7.578465357332131447e-01
1.709999999999999964e+00 7.467479251943860419e-01
1.719999999999999973e+00 7.351673329644431432e-01
1.729999999999999982e+00 7.220395980604806807e-01
1.739999999999999991e+00 7.067354624194941426e-01
1.750000000000000000e+00 6.892594176813059414e-01
1.760000000000000009e+00 6.701663048221645491e-01
1.770000000000000018e+00 6.502730220814451068e-01
1.780000000000000027e+00 6.303573627395800960e-01
1.790000000000000036e+00 6.109969787100862915e-01
1.800000000000000044e+00 5.925680945508973174e-01
1.810000000000000053e+00 5.753201684716656716e-01
1.820000000000000062e+00 5.594332486459778764e-01
1.830000000000000071e+00 5.450183046867764780e-01
1.840000000000000080e+00 5.320738922277217231e-01
1.850000000000000089e+00 5.204362286326738030e-01
1.860000000000000098e+00 5.097631325335671981e-01
1.870000000000000107e+00 4.995836648995789497e-01
1.879999999999999893e+00 4.894165667681725229e-01
1.889999999999999902e+00 4.789144591808063289e-01
1.899999999999999911e+00 4.679616824419984278e-01
1.909999999999999920e+00 4.566762227389946083e-01
1.919999999999999929e+00 4.453268210602995825e-01
1.929999999999999938e+00 4.342205796682579444e-01
1.939999999999999947e+00 4.236105783615517484e-01
1.949999999999999956e+00 4.136392893345285926e-01
1.959999999999999964e+00 4.043111624530076331e-01
1.969999999999999973e+00 3.954790563449130936e-01
1.979999999999999982e+00 3.868124354105770268e-01
1.989999999999999991e+00 3.777095071992770947e-01
2.000000000000000000e+00 3.671893786154870054e-01
2.009999999999999787e+00 3.539540102772522068e-01
2.020000000000000018e+00 3.368488457897662047e-01
2.029999999999999805e+00 3.156339933641819084e-01
2.040000000000000036e+00 2.914605113332328079e-01
2.049999999999999822e+00 2.663887153385980366e-01
2.060000000000000053e+00 2.420705528288527864e-01
2.069999999999999840e+00 2.186537575526371902e-01
2.080000000000000071e+00 1.949215225580840094e-01
2.089999999999999858e+00 1.695835618273321965e-01
2.100000000000000089e+00 1.426307947111693786e-01
2.109999999999999876e+00 1.157024204204961659e-01
2.120000000000000107e+00 9.128066558546862885e-02
2.129999999999999893e+00 7.138057540072786922e-02
2.140000000000000124e+00 5.664467308192285694e-02
2.149999999999999911e+00 4.633563960770543944e-02
2.160000000000000142e+00 3.903486760891550916e-02
2.169999999999999929e+00 3.344285645743928087e-02
2.180000000000000160e+00 2.879622933394196047e-02
2.189999999999999947e+00 2.483572023350274702e-02
2.200000000000000178e+00 2.156161918295070729e-02
2.209999999999999964e+00 1.901800017466154236e-02
2.220000000000000195e+00 1.719047522393120711e-02
2.229999999999999982e+00 1.598816200416211183e-02
2.240000000000000213e+00 1.526596871524203008e-02
2.250000000000000000e+00 1.486351035875541071e-02
2.259999999999999787e+00 1.464318783044985320e-02
2.270000000000000018e+00 1.451148433720640847e-02
2.279999999999999805e+00 1.441881834266144774e-02
2.290000000000000036e+00 1.434592880726737879e-02
2.299999999999999822e+00 1.428813436954876927e-02
2.310000000000000053e+00 1.424452241445905466e-02
2.319999999999999840e+00 1.421347690220762031e-02
2.330000000000000071e+00 1.419238159112294964e-02
2.339999999999999858e+00 1.417857727890639574e-02
2.350000000000000089e+00 1.416991004412703446e-02
2.359999999999999876e+00 1.416473078863562420e-02
2.370000000000000107e+00 1.416177209347191032e-02
2.379999999999999893e+00 1.416010903696632989e-02
2.390000000000000124e+00 1.415914412373005075e-02
2.399999999999999911e+00 1.415854273486711300e-02
2.410000000000000142e+00 1.415813587089131444e-02
2.419999999999999929e+00 1.415783987475679843e-02
2.430000000000000160e+00 1.415761297341505687e-02
2.439999999999999947e+00 1.415743622835596849e-02
2.450000000000000178e+00 1.415730201505066045e-02
2.459999999999999964e+00 1.415720492359897123e-02
2.470000000000000195e+00 1.415713747759716687e-02
2.479999999999999982e+00 1.415709107368464705e-02
2.490000000000000213e+00 1.415705864188805500e-02
2.500000000000000000e+00 1.415703577450978627e-02
2.509999999999999787e+00 1.415702001391362132e-02
2.520000000000000018e+00 1.415700971149855963e-02
2.529999999999999805e+00 1.415700343224137077e-02
2.540000000000000036e+00 1.415699988752218766e-02
2.549999999999999822e+00 1.415699803076879079e-02
2.560000000000000053e+00 1.415699710965708132e-02
2.569999999999999840e+00 1.415699664720522152e-02
2.580000000000000071e+00 1.415699638029954514e-02
2.589999999999999858e+00 1.415699618685437033e-02
2.600000000000000089e+00 1.415699602404493600e-02
2.609999999999999876e+00 1.415699588565190632e-02
2.620000000000000107e+00 1.415699577600726400e-02
2.629999999999999893e+00 1.415699569650612048e-02
2.640000000000000124e+00 1.415699564205749779e-02
2.649999999999999911e+00 1.415699560397483923e-02
2.660000000000000142e+00 1.415699557453054848e-02
2.669999999999999929e+00 1.415699554955842515e-02
2.680000000000000160e+00 1.415699552824669326e-02
2.689999999999999947e+00 1.415699551132728468e-02
2.700000000000000178e+00 1.415699549932409630e-02
2.709999999999999964e+00 1.415699549181568748e-02
2.720000000000000195e+00 1.415699548766194589e-02
2.729999999999999982e+00 1.415699548558614282e-02
2.740000000000000213e+00 1.415699548459326516e-02
2.750000000000000000e+00 1.415699548408267533e-02
2.759999999999999787e+00 1.415699548376569798e-02
2.770000000000000018e+00 1.415699548353283911e-02
2.779999999999999805e+00 1.415699548335025600e-02
2.790000000000000036e+00 1.415699548320420963e-02
2.799999999999999822e+00 1.415699548308197754e-02
2.810000000000000053e+00 1.415699548297079738e-02
2.819999999999999840e+00 1.415699548286161735e-02
2.830000000000000071e+00 1.415699548275192558e-02
2.839999999999999858e+00 1.415699548264585245e-02
2.850000000000000089e+00 1.415699548255134298e-02
2.859999999999999876e+00 1.415699548247555117e-02
2.870000000000000107e+00 1.415699548242116933e-02
2.879999999999999893e+00 1.415699548238576883e-02
2.890000000000000124e+00 1.415699548236389743e-02
2.899999999999999911e+00 1.415699548234988087e-02
2.910000000000000142e+00 1.415699548233958702e-02
2.919999999999999929e+00 1.415699548233084228e-02
2.930000000000000160e+00 1.415699548232300826e-02
2.939999999999999947e+00 1.415699548231627754e-02
2.950000000000000178e+00 1.415699548231100398e-02
2.959999999999999964e+00 1.415699548230725871e-02
2.970000000000000195e+00 1.415699548230477112e-02
2.979999999999999982e+00 1.415699548230306935e-02
2.990000000000000213e+00 1.415699548230175964e-02
3.000000000000000000e+00 1.415699548230062166e-02
3.009999999999999787e+00 1.415699548229962419e-02
3.020000000000000018e+00 1.415699548229880193e-02
3.029999999999999805e+00 1.415699548229819998e-02
3.040000000000000036e+00 1.415699548229779579e-02
3.049999999999999822e+00 1.415699548229755293e-02
3.060000000000000053e+00 1.415699548229741762e-02
3.069999999999999840e+00 1.415699548229736211e-02
3.080000000000000071e+00 1.415699548229735517e-02
3.089999999999999858e+00 1.415699548229738119e-02
3.100000000000000089e+00 1.415699548229741762e-02
3.109999999999999876e+00 1.415699548229744538e-02
3.120000000000000107e+00 1.415699548229743324e-02
3.129999999999999893e+00 1.415699548229736211e-02
3.140000000000000124e+00 1.415699548229721813e-02
3.149999999999999911e+00 1.415699548229702384e-02
3.160000000000000142e+00 1.415699548229681221e-02
3.169999999999999929e+00 1.415699548229662312e-02
3.180000000000000160e+00 1.415699548229648261e-02
3.189999999999999947e+00 1.415699548229639240e-02
3.200000000000000178e+00 1.415699548229634556e-02
3.209999999999999964e+00 1.415699548229632128e-02
3.220000000000000195e+00 1.415699548229631087e-02
3.229999999999999982e+00 1.415699548229630740e-02
3.240000000000000213e+00 1.415699548229630740e-02
3.250000000000000000e+00 1.415699548229630567e-02
3.259999999999999787e+00 1.415699548229630740e-02
3.270000000000000018e+00 1.415699548229630740e-02
3.279999999999999805e+00 1.415699548229630740e-02
3.290000000000000036e+00 1.415699548229630567e-02
3.299999999999999822e+00 1.415699548229630567e-02
3.310000000000000053e+00 1.415699548229630567e-02
3.319999999999999840e+00 1.415699548229630220e-02
3.330000000000000071e+00 1.415699548229630220e-02
3.339999999999999858e+00 1.415699548229629526e-02
3.350000000000000089e+00 1.415699548229629179e-02
3.359999999999999876e+00 1.415699548229628658e-02
3.370000000000000107e+00 1.415699548229627965e-02
3.379999999999999893e+00 1.415699548229627444e-02
3.390000000000000124e+00 1.415699548229627097e-02
3.399999999999999911e+00 1.415699548229627097e-02
3.410000000000000142e+00 1.415699548229626750e-02
3.419999999999999929e+00 1.415699548229626750e-02
3.430000000000000160e+00 1.415699548229626750e-02
3.439999999999999947e+00 1.415699548229626750e-02
3.450000000000000178e+00 1.415699548229626750e-02
3.459999999999999964e+00 1.415699548229626750e-02
3.470000000000000195e+00 1.415699548229626750e-02
3.479999999999999982e+00 1.415699548229626750e-02
3.490000000000000213e+00 1.415699548229626750e-02
3.500000000000000000e+00 1.415699548229626750e-02
3.509999999999999787e+00 1.415699548229626750e-02
3.520000000000000018e+00 1.415699548229626750e-02
3.529999999999999805e+00 1.415699548229626750e-02
3.540000000000000036e+00 1.415699548229626750e-02
3.549999999999999822e+00 1.415699548229626750e-02
3.560000000000000053e+00 1.415699548229626750e-02
3.569999999999999840e+00 1.415699548229626750e-02
3.580000000000000071e+00 1.415699548229626750e-02
3.589999999999999858e+00 1.415699548229626750e-02
3.600000000000000089e+00 1.415699548229626750e-02
3.609999999999999876e+00 1.415699548229626750e-02
3.620000000000000107e+00 1.415699548229626750e-02
3.629999999999999893e+00 1.415699548229626750e-02
3.640000000000000124e+00 1.415699548229626750e-02
3.649999999999999911e+00 1.415699548229626750e-02
3.660000000000000142e+00 1.415699548229626750e-02
3.669999999999999929e+00 1.415699548229626750e-02
3.680000000000000160e+00 1.415699548229626750e-02
3.689999999999999947e+00 1.415699548229626750e-02
3.700000000000000178e+00 1.415699548229626750e-02
3.709999999999999964e+00 1.415699548229626750e-02
3.720000000000000195e+00 1.415699548229626750e-02
3.729999999999999982e+00 1.415699548229626750e-02
3.740000000000000213e+00 1.415699548229626750e-02
3.750000000000000000e+00 1.415699548229626750e-02
3.759999999999999787e+00 1.415699548229626750e-02
3.770000000000000018e+00 1.415699548229626750e-02
3.779999999999999805e+00 1.415699548229626750e-02
3.790000000000000036e+00 1.415699548229626750e-02
3.799999999999999822e+00 1.415699548229626750e-02
3.810000000000000053e+00 1.415699548229626750e-02
3.819999999999999840e+00 1.415699548229626750e-02
3.830000000000000071e+00 1.415699548229626750e-02
3.839999999999999858e+00 1.415699548229626750e-02
3.850000000000000089e+00 1.415699548229626750e-02
3.859999999999999876e+00 1.415699548229626750e-02
3.870000000000000107e+00 1.415699548229626750e-02
3.879999999999999893e+00 1.415699548229626750e-02
3.890000000000000124e+00 1.415699548229626750e-02
3.899999999999999911e+00 1.415699548229626750e-02
3.910000000000000142e+00 1.415699548229626750e-02
3.919999999999999929e+00 1.415699548229626750e-02
3.930000000000000160e+00 1.415699548229626750e-02
3.939999999999999947e+00 1.415699548229626750e-02
3.950000000000000178e+00 1.415699548229626750e-02
3.959999999999999964e+00 1.415699548229626750e-02
3.970000000000000195e+00 1.415699548229626750e-02
3.979999999999999982e+00 1.415699548229626750e-02
3.990000000000000213e+00 1.415699548229626750e-02
4.000000000000000000e+00 1.415699548229626750e-02
4.009999999999999787e+00 1.415699548229626750e-02
4.019999999999999574e+00 1.415699548229626750e-02
4.030000000000000249e+00 1.415699548229626750e-02
4.040000000000000036e+00 1.415699548229626750e-02
4.049999999999999822e+00 1.415699548229626750e-02
4.059999999999999609e+00 1.415699548229626750e-02
4.070000000000000284e+00 1.415699548229626750e-02
4.080000000000000071e+00 1.415699548229626750e-02
4.089999999999999858e+00 1.415699548229626750e-02
4.099999999999999645e+00 1.415699548229626750e-02
4.110000000000000320e+00 1.415699548229626750e-02
4.120000000000000107e+00 1.415699548229626750e-02
4.129999999999999893e+00 1.415699548229626750e-02
4.139999999999999680e+00 1.415699548229626750e-02
4.150000000000000355e+00 1.415699548229626750e-02
4.160000000000000142e+00 1.415699548229626750e-02
4.169999999999999929e+00 1.415699548229626750e-02
4.179999999999999716e+00 1.415699548229626750e-02
4.190000000000000391e+00 1.415699548229626750e-02
4.200000000000000178e+00 1.415699548229626750e-02
4.209999999999999964e+00 1.415699548229626750e-02
4.219999999999999751e+00 1.415699548229626750e-02
4.230000000000000426e+00 1.415699548229626750e-02
4.240000000000000213e+00 1.415699548229626750e-02
4.250000000000000000e+00 1.415699548229626750e-02
4.259999999999999787e+00 1.415699548229626750e-02
4.269999999999999574e+00 1.415699548229626750e-02
4.280000000000000249e+00 1.415699548229626750e-02
4.290000000000000036e+00 1.415699548229626750e-02
4.299999999999999822e+00 1.415699548229626750e-02
4.309999999999999609e+00 1.415699548229626750e-02
4.320000000000000284e+00 1.415699548229626750e-02
4.330000000000000071e+00 1.415699548229626750e-02
4.339999999999999858e+00 1.415699548229626750e-02
4.349999999999999645e+00 1.415699548229626750e-02
4.360000000000000320e+00 1.415699548229626750e-02
4.370000000000000107e+00 1.415699548229626750e-02
4.379999999999999893e+00 1.415699548229626750e-02
4.389999999999999680e+00 1.415699548229626750e-02
4.400000000000000355e+00 1.415699548229626750e-02
4.410000000000000142e+00 1.415699548229626750e-02
4.419999999999999929e+00 1.415699548229626750e-02
4.429999999999999716e+00 1.415699548229626750e-02
4.440000000000000391e+00 1.415699548229626750e-02
4.450000000000000178e+00 1.415699548229626750e-02
4.459999999999999964e+00 1.415699548229626750e-02
4.469999999999999751e+00 1.415699548229626750e-02
4.480000000000000426e+00 1.415699548229626750e-02
4.490000000000000213e+00 1.415699548229626750e-02
4.500000000000000000e+00 1.415699548229626750e-02
4.509999999999999787e+00 1.415699548229626750e-02
4.519999999999999574e+00 1.415699548229626750e-02
4.530000000000000249e+00 1.415699548229626750e-02
4.540000000000000036e+00 1.415699548229626750e-02
4.549999999999999822e+00 1.415699548229626750e-02
4.559999999999999609e+00 1.415699548229626750e-02
4.570000000000000284e+00 1.415699548229626750e-02
4.580000000000000071e+00 1.415699548229626750e-02
4.589999999999999858e+00 1.415699548229626750e-02
4.599999999999999645e+00 1.415699548229626750e-02
4.610000000000000320e+00 1.415699548229626750e-02
4.620000000000000107e+00 1.415699548229626750e-02
4.629999999999999893e+00 1.415699548229626750e-02
4.639999999999999680e+00 1.415699548229626750e-02
4.650000000000000355e+00 1.415699548229626750e-02
4.660000000000000142e+00 1.415699548229626750e-02
4.669999999999999929e+00 1.415699548229626750e-02
4.679999999999999716e+00 1.415699548229626750e-02
4.690000000000000391e+00 1.415699548229626750e-02
4.700000000000000178e+00 1.415699548229626750e-02
4.709999999999999964e+00 1.415699548229626750e-02
4.719999999999999751e+00 1.415699548229626750e-02
4.730000000000000426e+00 1.415699548229626750e-02
4.740000000000000213e+00 1.415699548229626750e-02
4.750000000000000000e+00 1.415699548229626750e-02
4.759999999999999787e+00 1.415699548229626750e-02
4.769999999999999574e+00 1.415699548229626750e-02
4.780000000000000249e+00 1.415699548229626750e-02
4.790000000000000036e+00 1.415699548229626750e-02
4.799999999999999822e+00 1.415699548229626750e-02
4.809999999999999609e+00 1.415699548229626750e-02
4.820000000000000284e+00 1.415699548229626750e-02
4.830000000000000071e+00 1.415699548229626750e-02
4.839999999999999858e+00 1.415699548229626750e-02
4.849999999999999645e+00 1.415699548229626750e-02
4.860000000000000320e+00 1.415699548229626750e-02
4.870000000000000107e+00 1.415699548229626750e-02
4.879999999999999893e+00 1.415699548229626750e-02
4.889999999999999680e+00 1.415699548229626750e-02
4.900000000000000355e+00 1.415699548229626750e-02
4.910000000000000142e+00 1.415699548229626750e-02
4.919999999999999929e+00 1.415699548229626750e-02
4.929999999999999716e+00 1.415699548229626750e-02
4.940000000000000391e+00 1.415699548229626750e-02
4.950000000000000178e+00 1.415699548229626750e-02
4.959999999999999964e+00 1.415699548229626750e-02
4.969999999999999751e+00 1.415699548229626750e-02
4.980000000000000426e+00 1.415699548229626750e-02
4.990000000000000213e+00 1.415699548229626750e-02
5.000000000000000000e+00 1.415699548229626750e-02
5.009999999999999787e+00 1.415699548229626750e-02
5.019999999999999574e+00 1.415699548229626750e-02
5.030000000000000249e+00 1.415699548229626750e-02
5.040000000000000036e+00 1.415699548229626750e-02
5.049999999999999822e+00 1.415699548229626750e-02
5.059999999999999609e+00 1.415699548229626750e-02
5.070000000000000284e+00 1.415699548229626750e-02
5.080000000000000071e+00 1.415699548229626750e-02
5.089999999999999858e+00 1.415699548229626750e-02
5.099999999999999645e+00 1.415699548229626750e-02
5.110000000000000320e+00 1.415699548229626750e-02
5.120000000000000107e+00 1.415699548229626750e-02
5.129999999999999893e+00 1.415699548229626750e-02
5.139999999999999680e+00 1.415699548229626750e-02
5.150000000000000355e+00 1.415699548229626750e-02
5.160000000000000142e+00 1.415699548229626750e-02
5.169999999999999929e+00 1.415699548229626750e-02
5.179999999999999716e+00 1.415699548229626750e-02
5.190000000000000391e+00 1.415699548229626750e-02
5.200000000000000178e+00 1.415699548229626750e-02
5.209999999999999964e+00 1.415699548229626750e-02
5.219999999999999751e+00 1.415699548229626750e-02
5.230000000000000426e+00 1.415699548229626750e-02
5.240000000000000213e+00 1.415699548229626750e-02
5.250000000000000000e+00 1.415699548229626750e-02
5.259999999999999787e+00 1.415699548229626750e-02
5.269999999999999574e+00 1.415699548229626750e-02
5.280000000000000249e+00 1.415699548229626750e-02
5.290000000000000036e+00 1.415699548229626750e-02
5.299999999999999822e+00 1.415699548229626750e-02
5.309999999999999609e+00 1.415699548229626750e-02
5.320000000000000284e+00 1.415699548229626750e-02
5.330000000000000071e+00 1.415699548229626750e-02
5.339999999999999858e+00 1.415699548229626750e-02
5.349999999999999645e+00 1.415699548229626750e-02
5.360000000000000320e+00 1.415699548229626750e-02
5.370000000000000107e+00 1.415699548229626750e-02
5.379999999999999893e+00 1.415699548229626750e-02
5.389999999999999680e+00 1.415699548229626750e-02
5.400000000000000355e+00 1.415699548229626750e-02
5.410000000000000142e+00 1.415699548229626750e-02
5.419999999999999929e+00 1.415699548229626750e-02
5.429999999999999716e+00 1.415699548229626750e-02
5.440000000000000391e+00 1.415699548229626750e-02
5.450000000000000178e+00 1.415699548229626750e-02
5.459999999999999964e+00 1.415699548229626750e-02
5.469999999999999751e+00 1.415699548229626750e-02
5.480000000000000426e+00 1.415699548229626750e-02
5.490000000000000213e+00 1.415699548229626750e-02
5.500000000000000000e+00 1.415699548229626750e-02
5.509999999999999787e+00 1.415699548229626750e-02
5.519999999999999574e+00 1.415699548229626750e-02
5.530000000000000249e+00 1.415699548229626750e-02
5.540000000000000036e+00 1.415699548229626750e-02
5.549999999999999822e+00 1.415699548229626750e-02
5.559999999999999609e+00 1.415699548229626750e-02
5.570000000000000284e+00 1.415699548229626750e-02
5.580000000000000071e+00 1.415699548229626750e-02
5.589999999999999858e+00 1.415699548229626750e-02
5.599999999999999645e+00 1.415699548229626750e-02
5.610000000000000320e+00 1.415699548229626750e-02
5.620000000000000107e+00 1.415699548229626750e-02
5.629999999999999893e+00 1.415699548229626750e-02
5.639999999999999680e+00 1.415699548229626750e-02
5.650000000000000355e+00 1.415699548229626750e-02
5.660000000000000142e+00 1.415699548229626750e-02
5.669999999999999929e+00 1.415699548229626750e-02
5.679999999999999716e+00 1.415699548229626750e-02
5.690000000000000391e+00 1.415699548229626750e-02
5.700000000000000178e+00 1.415699548229626750e-02
5.709999999999999964e+00 1.415699548229626750e-02
5.719999999999999751e+00 1.415699548229626750e-02
5.730000000000000426e+00 1.415699548229626750e-02
5.740000000000000213e+00 1.415699548229626750e-02
5.750000000000000000e+00 1.415699548229626750e-02
5.759999999999999787e+00 1.415699548229626750e-02
5.769999999999999574e+00 1.415699548229626750e-02
5.780000000000000249e+00 1.415699548229626750e-02
5.790000000000000036e+00 1.415699548229626750e-02
5.799999999999999822e+00 1.415699548229626750e-02
5.809999999999999609e+00 1.415699548229626750e-02
5.820000000000000284e+00 1.415699548229626750e-02
5.830000000000000071e+00 1.415699548229626750e-02
5.839999999999999858e+00 1.415699548229626750e-02
5.849999999999999645e+00 1.415699548229626750e-02
5.860000000000000320e+00 1.415699548229626750e-02
5.870000000000000107e+00 1.415699548229626750e-02
5.879999999999999893e+00 1.415699548229626750e-02
5.889999999999999680e+00 1.415699548229626750e-02
5.900000000000000355e+00 1.415699548229626750e-02
5.910000000000000142e+00 1.415699548229626750e-02
5.919999999999999929e+00 1.415699548229626750e-02
5.929999999999999716e+00 1.415699548229626750e-02
5.940000000000000391e+00 1.415699548229626750e-02
5.950000000000000178e+00 1.415699548229626750e-02
5.959999999999999964e+00 1.415699548229626750e-02
5.969999999999999751e+00 1.415699548229626750e-02
5.980000000000000426e+00 1.415699548229626750e-02
5.990000000000000213e+00 1.415699548229626750e-02
6.000000000000000000e+00 1.415699548229626750e-02
6.200000000000000178e+00 1.415699548229626750e-02
6.400000000000000355e+00 1.415699548229626750e-02
6.599999999999999645e+00 1.415699548229626750e-02
6.799999999999999822e+00 1.415699548229626750e-02
7.000000000000000000e+00 0.000000000000000000e+00
