0.000000000000000000e+00 0.000000000000000000e+00
1.000000000000000021e-02 1.683851086154787222e-02
2.000000000000000042e-02 1.683949431695774129e-02
2.999999999999999889e-02 1.684101727102216284e-02
4.000000000000000083e-02 1.684319581542957633e-02
5.000000000000000278e-02 1.684610719018385730e-02
5.999999999999999778e-02 1.684979096945569965e-02
7.000000000000000666e-02 1.685426999154844563e-02
8.000000000000000167e-02 1.685956322006287866e-02
8.999999999999999667e-02 1.686565713232906355e-02
1.000000000000000056e-01 1.687243826224267551e-02
1.100000000000000006e-01 1.687963547708660680e-02
1.199999999999999956e-01 1.688684295719523540e-02
1.300000000000000044e-01 1.689369320470590630e-02
1.400000000000000133e-01 1.690019602223503253e-02
1.499999999999999944e-01 1.690711346506136581e-02
1.600000000000000033e-01 1.691609995490965176e-02
1.700000000000000122e-01 1.692940728354034793e-02
1.799999999999999933e-01 1.694924685298137418e-02
1.900000000000000022e-01 1.697714311672112938e-02
2.000000000000000111e-01 1.701358253967471396e-02
2.099999999999999922e-01 1.705802679246576012e-02
2.200000000000000011e-01 1.710910999305201990e-02
2.300000000000000100e-01 1.716474019438423912e-02
2.399999999999999911e-01 1.722199190961575671e-02
2.500000000000000000e-01 1.727703852650575370e-02
2.600000000000000089e-01 1.732558534829275673e-02
2.700000000000000178e-01 1.736401800989218619e-02
2.800000000000000266e-01 1.739087194546363666e-02
2.899999999999999800e-01 1.740770915731539373e-02
2.999999999999999889e-01 1.741855990853393224e-02
3.099999999999999978e-01 1.742791646344242495e-02
3.200000000000000067e-01 1.743835922421046319e-02
3.300000000000000155e-01 1.744932849253161278e-02
3.400000000000000244e-01 1.745784074593373716e-02
3.499999999999999778e-01 1.746059546447688293e-02
3.599999999999999867e-01 1.745600480222768425e-02
3.699999999999999956e-01 1.744490560458736295e-02
3.800000000000000044e-01 1.742981949813913675e-02
3.900000000000000133e-01 1.741364942363142834e-02
4.000000000000000222e-01 1.739884697374948289e-02
4.099999999999999756e-01 1.738737652937339881e-02
4.199999999999999845e-01 1.738096704083676863e-02
4.299999999999999933e-01 1.738095533127121534e-02
4.400000000000000022e-01 1.738762055046667865e-02
4.500000000000000111e-01 1.739962317006043743e-02
4.600000000000000200e-01 1.741419850268062161e-02
4.699999999999999734e-01 1.742808786254419068e-02
4.799999999999999822e-01 1.743858362923060568e-02
4.899999999999999911e-01 1.744412204901310548e-02
5.000000000000000000e-01 1.744434878044501605e-02
5.100000000000000089e-01 1.743988903926621883e-02
5.200000000000000178e-01 1.743200133840673224e-02
5.300000000000000266e-01 1.742219247554780553e-02
5.400000000000000355e-01 1.741190136715614969e-02
5.500000000000000444e-01 1.740234910513938082e-02
5.600000000000000533e-01 1.739450485333257634e-02
5.699999999999999512e-01 1.738904195967093391e-02
5.799999999999999600e-01 1.738630731658306200e-02
5.899999999999999689e-01 1.738648111265182761e-02
5.999999999999999778e-01 1.738997482939211997e-02
6.099999999999999867e-01 1.739780920227258429e-02
6.199999999999999956e-01 1.741162960002623494e-02
6.300000000000000044e-01 1.743329102747542131e-02
6.400000000000000133e-01 1.746426660960277363e-02
6.500000000000000222e-01 1.750518883426601877e-02
6.600000000000000311e-01 1.755569918192138520e-02
6.700000000000000400e-01 1.761469086796584038e-02
6.800000000000000488e-01 1.768095216179094847e-02
6.899999999999999467e-01 1.775399529919038932e-02
6.999999999999999556e-01 1.783463174428303114e-02
7.099999999999999645e-01 1.792496775749552809e-02
7.199999999999999734e-01 1.802794071903003614e-02
7.299999999999999822e-01 1.814690201102062833e-02
7.399999999999999911e-01 1.828577129313456104e-02
7.500000000000000000e-01 1.844988328095845120e-02
7.600000000000000089e-01 1.864683433935044113e-02
7.700000000000000178e-01 1.888571950214604223e-02
7.800000000000000266e-01 1.917315185204177680e-02
7.900000000000000355e-01 1.950649745243748442e-02
8.000000000000000444e-01 1.986822547221439930e-02
8.100000000000000533e-01 2.022696659662520657e-02
8.199999999999999512e-01 2.054764945341516075e-02
8.299999999999999600e-01 2.080620276378886482e-02
8.399999999999999689e-01 2.099970337807238047e-02
8.499999999999999778e-01 2.114538388783090972e-02
8.599999999999999867e-01 2.126982045961229445e-02
8.699999999999999956e-01 2.139595333028105131e-02
8.800000000000000044e-01 2.153534166305653974e-02
8.900000000000000133e-01 2.168793571572729534e-02
9.000000000000000222e-01 2.184718474781083275e-02
9.100000000000000311e-01 2.200723783824916346e-02
9.200000000000000400e-01 2.216961003194206636e-02
9.300000000000000488e-01 2.234697547650964233e-02
9.399999999999999467e-01 2.256225473742011142e-02
9.499999999999999556e-01 2.284310358217185935e-02
9.599999999999999645e-01 2.321487693711682399e-02
9.699999999999999734e-01 2.369707847702664030e-02
9.799999999999999822e-01 2.430677367586851073e-02
9.899999999999999911e-01 2.506725600059160966e-02
1.000000000000000000e+00 2.601548200584687109e-02
1.010000000000000009e+00 2.720214706168961119e-02
1.020000000000000018e+00 2.868312761648404013e-02
1.030000000000000027e+00 3.050588949076488490e-02
1.040000000000000036e+00 3.269780158197944930e-02
1.050000000000000044e+00 3.526655785410115485e-02
1.060000000000000053e+00 3.822453373400010873e-02
1.070000000000000062e+00 4.164268606396926559e-02
1.080000000000000071e+00 4.571923156806474015e-02
1.090000000000000080e+00 5.081678606604938392e-02
1.100000000000000089e+00 5.740596595270617414e-02
1.110000000000000098e+00 6.589949548557505477e-02
1.120000000000000107e+00 7.647283601127846664e-02
1.129999999999999893e+00 8.904601394789840585e-02
1.139999999999999902e+00 1.035134944547811409e-01
1.149999999999999911e+00 1.200712472845688050e-01
1.159999999999999920e+00 1.393212392910971043e-01
1.169999999999999929e+00 1.619430803907463690e-01
1.179999999999999938e+00 1.880644018619498092e-01
1.189999999999999947e+00 2.167420423243858196e-01
1.199999999999999956e+00 2.459133817418071855e-01
1.209999999999999964e+00 2.728329343070315938e-01
1.219999999999999973e+00 2.947296885439086855e-01
1.229999999999999982e+00 3.094760970009731715e-01
1.239999999999999991e+00 3.162586482018004408e-01
1.250000000000000000e+00 3.161724478621033008e-01
1.260000000000000009e+00 3.123540224040271540e-01
1.270000000000000018e+00 3.092694721147399295e-01
1.280000000000000027e+00 3.113862057544883877e-01
1.290000000000000036e+00 3.221154897685735707e-01
1.300000000000000044e+00 3.437592283356885603e-01
1.310000000000000053e+00 3.781781589365151297e-01
1.320000000000000062e+00 4.270133485507004445e-01
1.330000000000000071e+00 4.905754390035576562e-01
1.340000000000000080e+00 5.658937007719111456e-01
1.350000000000000089e+00 6.456112267422629003e-01
1.360000000000000098e+00 7.191333127222701016e-01
1.370000000000000107e+00 7.758077385792138125e-01
1.379999999999999893e+00 8.084671689717191079e-01
1.389999999999999902e+00 8.156107399579437534e-01
1.399999999999999911e+00 8.014686532851162948e-01
1.409999999999999920e+00 7.741241808980179329e-01
1.419999999999999929e+00 7.424880822401814795e-01
1.429999999999999938e+00 7.134081317225783314e-01
1.439999999999999947e+00 6.901778245996031957e-01
1.449999999999999956e+00 6.728244781184291590e-01
1.459999999999999964e+00 6.594653946033485203e-01
1.469999999999999973e+00 6.476977944025066325e-01
1.479999999999999982e+00 6.354602629580834439e-01
1.489999999999999991e+00 6.213723003776303599e-01
1.500000000000000000e+00 6.048090859205683678e-01
1.510000000000000009e+00 5.859471546150070154e-01
1.520000000000000018e+00 5.658346426310467692e-01
1.530000000000000027e+00 5.463112464089474596e-01
1.540000000000000036e+00 5.295591017674103895e-01
1.550000000000000044e+00 5.173462279885694404e-01
1.560000000000000053e+00 5.103883200902682438e-01
1.570000000000000062e+00 5.082667712563426754e-01
1.580000000000000071e+00 5.099173749337980732e-01
1.590000000000000080e+00 5.142720368114920282e-01
1.600000000000000089e+00 5.206196532040335834e-01
1.610000000000000098e+00 5.285857077432685180e-01
1.620000000000000107e+00 5.379252930247404585e-01
1.629999999999999893e+00 5.483587273967200915e-01
1.639999999999999902e+00 5.595410765083892457e-01
1.649999999999999911e+00 5.711241670686492133e-01
1.659999999999999920e+00 5.828209526742654800e-01
1.669999999999999929e+00 5.944065579445565461e-01
1.679999999999999938e+00 6.056544456984349623e-01
1.689999999999999947e+00 6.162710335922271243e-01
1.699999999999999956e+00 6.259161528513766948e-01
1.709999999999999964e+00 6.343591277959652608e-01
1.719999999999999973e+00 6.417327017452330029e-01
1.729999999999999982e+00 6.487438950148773920e-01
1.739999999999999991e+00 6.566448041730511553e-01
1.750000000000000000e+00 6.668442455732592755e-01
1.760000000000000009e+00 6.802726672370523753e-01
1.770000000000000018e+00 6.968453668512847310e-01
1.780000000000000027e+00 7.153698076319785493e-01
1.790000000000000036e+00 7.339621511468811255e-01
1.800000000000000044e+00 7.507051300442406649e-01
1.810000000000000053e+00 7.641703900492866630e-01
1.820000000000000062e+00 7.735953322677696642e-01
1.830000000000000071e+00 7.787660381902324902e-01
1.840000000000000080e+00 7.798023709853797447e-01
1.850000000000000089e+00 7.770034049499248141e-01
1.860000000000000098e+00 7.707844115656580231e-01
1.870000000000000107e+00 7.616565710858426153e-01
1.879999999999999893e+00 7.502244577067375131e-01
1.889999999999999902e+00 7.372433179179082030e-01
1.899999999999999911e+00 7.237667675206209683e-01
1.909999999999999920e+00 7.112784633515804034e-01
1.919999999999999929e+00 7.015797741462316273e-01
1.929999999999999938e+00 6.963325505925863634e-01
1.939999999999999947e+00 6.965397931463142012e-01
1.949999999999999956e+00 7.025291658234733561e-01
1.959999999999999964e+00 7.148007896406382011e-01
1.969999999999999973e+00 7.354177665340094761e-01
1.979999999999999982e+00 7.688294726334254925e-01
1.989999999999999991e+00 8.206917612172657250e-01
2.000000000000000000e+00 8.940995016716226651e-01
2.009999999999999787e+00 9.849030568777025207e-01
2.020000000000000018e+00 1.079937899331789186e+00
2.029999999999999805e+00 1.161225976259236736e+00
2.040000000000000036e+00 1.214697405213198245e+00
2.049999999999999822e+00 1.237437763970050897e+00
2.060000000000000053e+00 1.237929075140183688e+00
2.069999999999999840e+00 1.229403210356554199e+00
2.080000000000000071e+00 1.221766057348182555e+00
2.089999999999999858e+00 1.217678378498963987e+00
2.100000000000000089e+00 1.214143684926407785e+00
2.109999999999999876e+00 1.206891048468341054e+00
2.120000000000000107e+00 1.193923112668758613e+00
2.129999999999999893e+00 1.176332816568735895e+00
2.140000000000000124e+00 1.156774702853129444e+00
2.149999999999999911e+00 1.137247589469022824e+00
2.160000000000000142e+00 1.117751534015661630e+00
2.169999999999999929e+00 1.096429395293409659e+00
2.180000000000000160e+00 1.070774107752858306e+00
2.189999999999999947e+00 1.038976859522190432e+00
2.200000000000000178e+00 1.000672844480632984e+00
2.209999999999999964e+00 9.569137036873169855e-01
2.220000000000000195e+00 9.096646710471363306e-01
2.229999999999999982e+00 8.612114909136248109e-01
2.240000000000000213e+00 8.136801192640664704e-01
2.250000000000000000e+00 7.686992242347842064e-01
2.259999999999999787e+00 7.272080474932010041e-01
2.270000000000000018e+00 6.894637146531569227e-01
2.279999999999999805e+00 6.552967923203192324e-01
2.290000000000000036e+00 6.245340240861885217e-01
2.299999999999999822e+00 5.973317662843535825e-01
2.310000000000000053e+00 5.741431129231100439e-01
2.319999999999999840e+00 5.552942183683485800e-01
2.330000000000000071e+00 5.404889594326034441e-01
2.339999999999999858e+00 5.286413784486726497e-01
2.350000000000000089e+00 5.181522845572718028e-01
2.359999999999999876e+00 5.074013507329478978e-01
2.370000000000000107e+00 4.951446374666479411e-01
2.379999999999999893e+00 4.806764632549709870e-01
2.390000000000000124e+00 4.637977040115703886e-01
2.399999999999999911e+00 4.446897159549217937e-01
2.410000000000000142e+00 4.237619077371801990e-01
2.419999999999999929e+00 4.015053043729764348e-01
2.430000000000000160e+00 3.783752646333375380e-01
2.439999999999999947e+00 3.547276455102026937e-01
2.450000000000000178e+00 3.308202648508914989e-01
2.459999999999999964e+00 3.068622208683040586e-01
2.470000000000000195e+00 2.830706808670515606e-01
2.479999999999999982e+00 2.597019673229387648e-01
2.490000000000000213e+00 2.370523367053375963e-01
2.500000000000000000e+00 2.154414785226686779e-01
2.509999999999999787e+00 1.951864053815317579e-01
2.520000000000000018e+00 1.765653481033140626e-01
2.529999999999999805e+00 1.597780605100485030e-01
2.540000000000000036e+00 1.449201586151002419e-01
2.549999999999999822e+00 1.319840815779176058e-01
2.560000000000000053e+00 1.208781511991748048e-01
2.569999999999999840e+00 1.114426976641374467e-01
2.580000000000000071e+00 1.034559259686659433e-01
2.589999999999999858e+00 9.664472803640621057e-02
2.600000000000000089e+00 9.071558984842587048e-02
2.609999999999999876e+00 8.539806514718002728e-02
2.620000000000000107e+00 8.047899226385626936e-02
2.629999999999999893e+00 7.581653697898127486e-02
2.640000000000000124e+00 7.134168338697560729e-02
2.649999999999999911e+00 6.705673841060955098e-02
2.660000000000000142e+00 6.302621329663093963e-02
2.669999999999999929e+00 5.934822958935535853e-02
2.680000000000000160e+00 5.610939928200964905e-02
2.689999999999999947e+00 5.334683793315928013e-02
2.700000000000000178e+00 5.103947417197788466e-02
2.709999999999999964e+00 4.912642591908234629e-02
2.720000000000000195e+00 4.753114404931323839e-02
2.729999999999999982e+00 4.617534958656850652e-02
2.740000000000000213e+00 4.498510673950726485e-02
2.750000000000000000e+00 4.389924180105812812e-02
2.759999999999999787e+00 4.288047455401228225e-02
2.770000000000000018e+00 4.191791181393857146e-02
2.779999999999999805e+00 4.101413352832698062e-02
2.790000000000000036e+00 4.016622496592706787e-02
2.799999999999999822e+00 3.935614273181914369e-02
2.810000000000000053e+00 3.855459981286078058e-02
2.819999999999999840e+00 3.773030111953260685e-02
2.830000000000000071e+00 3.685698198466862835e-02
2.839999999999999858e+00 3.591868837918119062e-02
2.850000000000000089e+00 3.491563369408108575e-02
2.859999999999999876e+00 3.386678092462783174e-02
2.870000000000000107e+00 3.280226761753587267e-02
2.879999999999999893e+00 3.174696982997599060e-02
2.890000000000000124e+00 3.070739984322574945e-02
2.899999999999999911e+00 2.967305749597195716e-02
2.910000000000000142e+00 2.863073045432041816e-02
2.919999999999999929e+00 2.758094896039312016e-02
2.930000000000000160e+00 2.654778268234591829e-02
2.939999999999999947e+00 2.557909041928270108e-02
2.950000000000000178e+00 2.473606344241898250e-02
2.959999999999999964e+00 2.407172991793606054e-02
2.970000000000000195e+00 2.360508048053597610e-02
2.979999999999999982e+00 2.330639405064447583e-02
2.990000000000000213e+00 2.310653141227254556e-02
3.000000000000000000e+00 2.292567913128021329e-02
3.009999999999999787e+00 2.270202966475758088e-02
3.020000000000000018e+00 2.240413330269250269e-02
3.029999999999999805e+00 2.202678885972962630e-02
3.040000000000000036e+00 2.158148565729575002e-02
3.049999999999999822e+00 2.109020359870963229e-02
3.060000000000000053e+00 2.058251506101798495e-02
3.069999999999999840e+00 2.009118804326604987e-02
3.080000000000000071e+00 1.964462153065922936e-02
3.089999999999999858e+00 1.926000288419153772e-02
3.100000000000000089e+00 1.894170601069457976e-02
3.109999999999999876e+00 1.868486469170264549e-02
3.120000000000000107e+00 1.848032448909518038e-02
3.129999999999999893e+00 1.831792125655500383e-02
3.140000000000000124e+00 1.818782342865020094e-02
3.149999999999999911e+00 1.808103645551434671e-02
3.160000000000000142e+00 1.798982198083105138e-02
3.169999999999999929e+00 1.790816660744621105e-02
3.180000000000000160e+00 1.783213858106871483e-02
3.189999999999999947e+00 1.775985919206412786e-02
3.200000000000000178e+00 1.769094233488147441e-02
3.209999999999999964e+00 1.762562201142465340e-02
3.220000000000000195e+00 1.756401710937067345e-02
3.229999999999999982e+00 1.750582267911388046e-02
3.240000000000000213e+00 1.745039154531246098e-02
3.250000000000000000e+00 1.739699994868254898e-02
3.259999999999999787e+00 1.734511500109833446e-02
3.270000000000000018e+00 1.729456452569358774e-02
3.279999999999999805e+00 1.724557245353709051e-02
3.290000000000000036e+00 1.719866974403992665e-02
3.299999999999999822e+00 1.715452760726800252e-02
3.310000000000000053e+00 1.711377321554422709e-02
3.319999999999999840e+00 1.707684133625433920e-02
3.330000000000000071e+00 1.704390986862282242e-02
3.339999999999999858e+00 1.701495605068915201e-02
3.350000000000000089e+00 1.698991172763615956e-02
3.359999999999999876e+00 1.696880043724790371e-02
3.370000000000000107e+00 1.695171762692735881e-02
3.379999999999999893e+00 1.693864623803275141e-02
3.390000000000000124e+00 1.692926443342178747e-02
3.399999999999999911e+00 1.692290275741492600e-02
3.410000000000000142e+00 1.691865021567536681e-02
3.419999999999999929e+00 1.691549961575888189e-02
3.430000000000000160e+00 1.691247516890476491e-02
3.439999999999999947e+00 1.690878224819605466e-02
3.450000000000000178e+00 1.690399768128974037e-02
3.459999999999999964e+00 1.689819539472735277e-02
3.470000000000000195e+00 1.689186067091571000e-02
3.479999999999999982e+00 1.688559635684267965e-02
3.490000000000000213e+00 1.687981869821522651e-02
3.500000000000000000e+00 1.687464326116916782e-02
3.509999999999999787e+00 1.686997290256973467e-02
3.520000000000000018e+00 1.686564850079187022e-02
3.529999999999999805e+00 1.686154671801373336e-02
3.540000000000000036e+00 1.685761530003352868e-02
3.549999999999999822e+00 1.685388352847267193e-02
3.560000000000000053e+00 1.685045638037832236e-02
3.569999999999999840e+00 1.684747392070617966e-02
3.580000000000000071e+00 1.684504142131639653e-02
3.589999999999999858e+00 1.684317467645039812e-02
3.600000000000000089e+00 1.684179927062231727e-02
3.609999999999999876e+00 1.684079529038688683e-02
3.620000000000000107e+00 1.684004679710893876e-02
3.629999999999999893e+00 1.683946725102372297e-02
3.640000000000000124e+00 1.683900156913515148e-02
3.649999999999999911e+00 1.683861896266310165e-02
3.660000000000000142e+00 1.683830529927375294e-02
3.669999999999999929e+00 1.683805564301361912e-02
3.680000000000000160e+00 1.683786662107696411e-02
3.689999999999999947e+00 1.683773108808764296e-02
3.700000000000000178e+00 1.683763752213642689e-02
3.709999999999999964e+00 1.683757312247790780e-02
3.720000000000000195e+00 1.683752721108778064e-02
3.729999999999999982e+00 1.683749264465087339e-02
3.740000000000000213e+00 1.683746537642286795e-02
3.750000000000000000e+00 1.683744339342376981e-02
3.759999999999999787e+00 1.683742581678474015e-02
3.770000000000000018e+00 1.683741226673024158e-02
3.779999999999999805e+00 1.683740240411143660e-02
3.790000000000000036e+00 1.683739568034994458e-02
3.799999999999999822e+00 1.683739134698125986e-02
3.810000000000000053e+00 1.683738863513399575e-02
3.819999999999999840e+00 1.683738692734681325e-02
3.830000000000000071e+00 1.683738581581794430e-02
3.839999999999999858e+00 1.683738506452559305e-02
3.850000000000000089e+00 1.683738454346611971e-02
3.859999999999999876e+00 1.683738417894279499e-02
3.870000000000000107e+00 1.683738392622310606e-02
3.879999999999999893e+00 1.683738375549020602e-02
3.890000000000000124e+00 1.683738364428692333e-02
3.899999999999999911e+00 1.683738357427327914e-02
3.910000000000000142e+00 1.683738353086635178e-02
3.919999999999999929e+00 1.683738350363707045e-02
3.930000000000000160e+00 1.683738348599532822e-02
3.939999999999999947e+00 1.683738347414526215e-02
3.950000000000000178e+00 1.683738346597496091e-02
3.959999999999999964e+00 1.683738346029155578e-02
3.970000000000000195e+00 1.683738345638978451e-02
3.979999999999999982e+00 1.683738345380711085e-02
3.990000000000000213e+00 1.683738345218556767e-02
4.000000000000000000e+00 1.683738345121941690e-02
4.009999999999999787e+00 1.683738345065927469e-02
4.019999999999999574e+00 1.683738345032730413e-02
4.030000000000000249e+00 1.683738345011506765e-02
4.040000000000000036e+00 1.683738344996521530e-02
4.049999999999999822e+00 1.683738344985093865e-02
4.059999999999999609e+00 1.683738344976129855e-02
4.070000000000000284e+00 1.683738344969254105e-02
4.080000000000000071e+00 1.683738344964287245e-02
4.089999999999999858e+00 1.683738344960964209e-02
4.099999999999999645e+00 1.683738344958888439e-02
4.110000000000000320e+00 1.683738344957629376e-02
4.120000000000000107e+00 1.683738344956838343e-02
4.129999999999999893e+00 1.683738344956292599e-02
4.139999999999999680e+00 1.683738344955877306e-02
4.150000000000000355e+00 1.683738344955542851e-02
4.160000000000000142e+00 1.683738344955272928e-02
4.169999999999999929e+00 1.683738344955064067e-02
4.179999999999999716e+00 1.683738344954914187e-02
4.190000000000000391e+00 1.683738344954816349e-02
4.200000000000000178e+00 1.683738344954757715e-02
4.209999999999999964e+00 1.683738344954724755e-02
4.219999999999999751e+00 1.683738344954706367e-02
4.230000000000000426e+00 1.683738344954695612e-02
4.240000000000000213e+00 1.683738344954687632e-02
4.250000000000000000e+00 1.683738344954681734e-02
4.259999999999999787e+00 1.683738344954677224e-02
4.269999999999999574e+00 1.683738344954673408e-02
4.280000000000000249e+00 1.683738344954670285e-02
4.290000000000000036e+00 1.683738344954668550e-02
4.299999999999999822e+00 1.683738344954667163e-02
4.309999999999999609e+00 1.683738344954666469e-02
4.320000000000000284e+00 1.683738344954666122e-02
4.330000000000000071e+00 1.683738344954665775e-02
4.339999999999999858e+00 1.683738344954665428e-02
4.349999999999999645e+00 1.683738344954665428e-02
4.360000000000000320e+00 1.683738344954665428e-02
4.370000000000000107e+00 1.683738344954665428e-02
4.379999999999999893e+00 1.683738344954665428e-02
4.389999999999999680e+00 1.683738344954665428e-02
4.400000000000000355e+00 1.683738344954665428e-02
4.410000000000000142e+00 1.683738344954665428e-02
4.419999999999999929e+00 1.683738344954665428e-02
4.429999999999999716e+00 1.683738344954665428e-02
4.440000000000000391e+00 1.683738344954665428e-02
4.450000000000000178e+00 1.683738344954665428e-02
4.459999999999999964e+00 1.683738344954665428e-02
4.469999999999999751e+00 1.683738344954665428e-02
4.480000000000000426e+00 1.683738344954665428e-02
4.490000000000000213e+00 1.683738344954665428e-02
4.500000000000000000e+00 1.683738344954665428e-02
4.509999999999999787e+00 1.683738344954665428e-02
4.519999999999999574e+00 1.683738344954665428e-02
4.530000000000000249e+00 1.683738344954665428e-02
4.540000000000000036e+00 1.683738344954665428e-02
4.549999999999999822e+00 1.683738344954665428e-02
4.559999999999999609e+00 1.683738344954665428e-02
4.570000000000000284e+00 1.683738344954665428e-02
4.580000000000000071e+00 1.683738344954665428e-02
4.589999999999999858e+00 1.683738344954665428e-02
4.599999999999999645e+00 1.683738344954665428e-02
4.610000000000000320e+00 1.683738344954665428e-02
4.620000000000000107e+00 1.683738344954665428e-02
4.629999999999999893e+00 1.683738344954665428e-02
4.639999999999999680e+00 1.683738344954665428e-02
4.650000000000000355e+00 1.683738344954665428e-02
4.660000000000000142e+00 1.683738344954665428e-02
4.669999999999999929e+00 1.683738344954665428e-02
4.679999999999999716e+00 1.683738344954665428e-02
4.690000000000000391e+00 1.683738344954665428e-02
4.700000000000000178e+00 1.683738344954665428e-02
4.709999999999999964e+00 1.683738344954665428e-02
4.719999999999999751e+00 1.683738344954665428e-02
4.730000000000000426e+00 1.683738344954665428e-02
4.740000000000000213e+00 1.683738344954665428e-02
4.750000000000000000e+00 1.683738344954665428e-02
4.759999999999999787e+00 1.683738344954665428e-02
4.769999999999999574e+00 1.683738344954665428e-02
4.780000000000000249e+00 1.683738344954665428e-02
4.790000000000000036e+00 1.683738344954665428e-02
4.799999999999999822e+00 1.683738344954665428e-02
4.809999999999999609e+00 1.683738344954665428e-02
4.820000000000000284e+00 1.683738344954665428e-02
4.830000000000000071e+00 1.683738344954665428e-02
4.839999999999999858e+00 1.683738344954665428e-02
4.849999999999999645e+00 1.683738344954665428e-02
4.860000000000000320e+00 1.683738344954665428e-02
4.870000000000000107e+00 1.683738344954665428e-02
4.879999999999999893e+00 1.683738344954665428e-02
4.889999999999999680e+00 1.683738344954665428e-02
4.900000000000000355e+00 1.683738344954665428e-02
4.910000000000000142e+00 1.683738344954665428e-02
4.919999999999999929e+00 1.683738344954665428e-02
4.929999999999999716e+00 1.683738344954665428e-02
4.940000000000000391e+00 1.683738344954665428e-02
4.950000000000000178e+00 1.683738344954665428e-02
4.959999999999999964e+00 1.683738344954665428e-02
4.969999999999999751e+00 1.683738344954665428e-02
4.980000000000000426e+00 1.683738344954665428e-02
4.990000000000000213e+00 1.683738344954665428e-02
5.000000000000000000e+00 1.683738344954665428e-02
5.009999999999999787e+00 1.683738344954665428e-02
5.019999999999999574e+00 1.683738344954665428e-02
5.030000000000000249e+00 1.683738344954665428e-02
5.040000000000000036e+00 1.683738344954665428e-02
5.049999999999999822e+00 1.683738344954665428e-02
5.059999999999999609e+00 1.683738344954665428e-02
5.070000000000000284e+00 1.683738344954665428e-02
5.080000000000000071e+00 1.683738344954665428e-02
5.089999999999999858e+00 1.683738344954665428e-02
5.099999999999999645e+00 1.683738344954665428e-02
5.110000000000000320e+00 1.683738344954665428e-02
5.120000000000000107e+00 1.683738344954665428e-02
5.129999999999999893e+00 1.683738344954665428e-02
5.139999999999999680e+00 1.683738344954665428e-02
5.150000000000000355e+00 1.683738344954665428e-02
5.160000000000000142e+00 1.683738344954665428e-02
5.169999999999999929e+00 1.683738344954665428e-02
5.179999999999999716e+00 1.683738344954665428e-02
5.190000000000000391e+00 1.683738344954665428e-02
5.200000000000000178e+00 1.683738344954665428e-02
5.209999999999999964e+00 1.683738344954665428e-02
5.219999999999999751e+00 1.683738344954665428e-02
5.230000000000000426e+00 1.683738344954665428e-02
5.240000000000000213e+00 1.683738344954665428e-02
5.250000000000000000e+00 1.683738344954665428e-02
5.259999999999999787e+00 1.683738344954665428e-02
5.269999999999999574e+00 1.683738344954665428e-02
5.280000000000000249e+00 1.683738344954665428e-02
5.290000000000000036e+00 1.683738344954665428e-02
5.299999999999999822e+00 1.683738344954665428e-02
5.309999999999999609e+00 1.683738344954665428e-02
5.320000000000000284e+00 1.683738344954665428e-02
5.330000000000000071e+00 1.683738344954665428e-02
5.339999999999999858e+00 1.683738344954665428e-02
5.349999999999999645e+00 1.683738344954665428e-02
5.360000000000000320e+00 1.683738344954665428e-02
5.370000000000000107e+00 1.683738344954665428e-02
5.379999999999999893e+00 1.683738344954665428e-02
5.389999999999999680e+00 1.683738344954665428e-02
5.400000000000000355e+00 1.683738344954665428e-02
5.410000000000000142e+00 1.683738344954665428e-02
5.419999999999999929e+00 1.683738344954665428e-02
5.429999999999999716e+00 1.683738344954665428e-02
5.440000000000000391e+00 1.683738344954665428e-02
5.450000000000000178e+00 1.683738344954665428e-02
5.459999999999999964e+00 1.683738344954665428e-02
5.469999999999999751e+00 1.683738344954665428e-02
5.480000000000000426e+00 1.683738344954665428e-02
5.490000000000000213e+00 1.683738344954665428e-02
5.500000000000000000e+00 1.683738344954665428e-02
5.509999999999999787e+00 1.683738344954665428e-02
5.519999999999999574e+00 1.683738344954665428e-02
5.530000000000000249e+00 1.683738344954665428e-02
5.540000000000000036e+00 1.683738344954665428e-02
5.549999999999999822e+00 1.683738344954665428e-02
5.559999999999999609e+00 1.683738344954665428e-02
5.570000000000000284e+00 1.683738344954665428e-02
5.580000000000000071e+00 1.683738344954665428e-02
5.589999999999999858e+00 1.683738344954665428e-02
5.599999999999999645e+00 1.683738344954665428e-02
5.610000000000000320e+00 1.683738344954665428e-02
5.620000000000000107e+00 1.683738344954665428e-02
5.629999999999999893e+00 1.683738344954665428e-02
5.639999999999999680e+00 1.683738344954665428e-02
5.650000000000000355e+00 1.683738344954665428e-02
5.660000000000000142e+00 1.683738344954665428e-02
5.669999999999999929e+00 1.683738344954665428e-02
5.679999999999999716e+00 1.683738344954665428e-02
5.690000000000000391e+00 1.683738344954665428e-02
5.700000000000000178e+00 1.683738344954665428e-02
5.709999999999999964e+00 1.683738344954665428e-02
5.719999999999999751e+00 1.683738344954665428e-02
5.730000000000000426e+00 1.683738344954665428e-02
5.740000000000000213e+00 1.683738344954665428e-02
5.750000000000000000e+00 1.683738344954665428e-02
5.759999999999999787e+00 1.683738344954665428e-02
5.769999999999999574e+00 1.683738344954665428e-02
5.780000000000000249e+00 1.683738344954665428e-02
5.790000000000000036e+00 1.683738344954665428e-02
5.799999999999999822e+00 1.683738344954665428e-02
5.809999999999999609e+00 1.683738344954665428e-02
5.820000000000000284e+00 1.683738344954665428e-02
5.830000000000000071e+00 1.683738344954665428e-02
5.839999999999999858e+00 1.683738344954665428e-02
5.849999999999999645e+00 1.683738344954665428e-02
5.860000000000000320e+00 1.683738344954665428e-02
5.870000000000000107e+00 1.683738344954665428e-02
5.879999999999999893e+00 1.683738344954665428e-02
5.889999999999999680e+00 1.683738344954665428e-02
5.900000000000000355e+00 1.683738344954665428e-02
5.910000000000000142e+00 1.683738344954665428e-02
5.919999999999999929e+00 1.683738344954665428e-02
5.929999999999999716e+00 1.683738344954665428e-02
5.940000000000000391e+00 1.683738344954665428e-02
5.950000000000000178e+00 1.683738344954665428e-02
5.959999999999999964e+00 1.683738344954665428e-02
5.969999999999999751e+00 1.683738344954665428e-02
5.980000000000000426e+00 1.683738344954665428e-02
5.990000000000000213e+00 1.683738344954665428e-02
6.000000000000000000e+00 1.683738344954665428e-02
6.200000000000000178e+00 1.683738344954665428e-02
6.400000000000000355e+00 1.683738344954665428e-02
6.599999999999999645e+00 1.683738344954665428e-02
6.799999999999999822e+00 1.683738344954665428e-02
7.000000000000000000e+00 0.000000000000000000e+00
