0.000000000000000000e+00 0.000000000000000000e+00
1.000000000000000021e-02 1.318329623714985521e+00
2.000000000000000042e-02 1.733511103959486377e+00
2.999999999999999889e-02 1.985143794898105885e+00
4.000000000000000083e-02 1.990666720864880945e+00
5.000000000000000278e-02 1.759925863640861010e+00
5.999999999999999778e-02 1.382006335162539568e+00
7.000000000000000666e-02 9.710398821876176090e-01
8.000000000000000167e-02 6.146727100577071834e-01
8.999999999999999667e-02 3.531250050523606632e-01
1.000000000000000056e-01 1.864676780786735377e-01
1.100000000000000006e-01 9.332510224611392791e-02
1.199999999999999956e-01 4.756439606012505261e-02
1.300000000000000044e-01 2.782982042228682867e-02
1.400000000000000133e-01 2.037724939321167508e-02
1.499999999999999944e-01 1.791737089011383524e-02
1.600000000000000033e-01 1.720822331230029492e-02
1.700000000000000122e-01 1.702957280390653486e-02
1.799999999999999933e-01 1.699017971234039956e-02
1.900000000000000022e-01 1.698255833047658189e-02
2.000000000000000111e-01 1.698126096008482563e-02
2.099999999999999922e-01 1.698106612223589454e-02
2.200000000000000011e-01 1.698104025701755240e-02
2.300000000000000100e-01 1.698103721950525516e-02
2.399999999999999911e-01 1.698103690417745656e-02
2.500000000000000000e-01 1.698103687530164163e-02
2.600000000000000089e-01 1.698103687297614767e-02
2.700000000000000178e-01 1.698103687281199425e-02
2.800000000000000266e-01 1.698103687280186694e-02
2.899999999999999800e-01 1.698103687280131877e-02
2.999999999999999889e-01 1.698103687280129448e-02
3.099999999999999978e-01 1.698103687280129448e-02
3.200000000000000067e-01 1.698103687280129448e-02
3.300000000000000155e-01 1.698103687280129448e-02
3.400000000000000244e-01 1.698103687280129448e-02
3.499999999999999778e-01 1.698103687280129448e-02
3.599999999999999867e-01 1.698103687280129448e-02
3.699999999999999956e-01 1.698103687280129448e-02
3.800000000000000044e-01 1.698103687280129448e-02
3.900000000000000133e-01 1.698103687280129448e-02
4.000000000000000222e-01 1.698103687280129448e-02
4.099999999999999756e-01 1.698103687280129448e-02
4.199999999999999845e-01 1.698103687280129448e-02
4.299999999999999933e-01 1.698103687280129448e-02
4.400000000000000022e-01 1.698103687280129448e-02
4.500000000000000111e-01 1.698103687280129448e-02
4.600000000000000200e-01 1.698103687280129448e-02
4.699999999999999734e-01 1.698103687280129448e-02
4.799999999999999822e-01 1.698103687280129448e-02
4.899999999999999911e-01 1.698103687280129448e-02
5.000000000000000000e-01 1.698103687280129448e-02
5.100000000000000089e-01 1.698103687280129448e-02
5.200000000000000178e-01 1.698103687280129448e-02
5.300000000000000266e-01 1.698103687280129448e-02
5.400000000000000355e-01 1.698103687280129448e-02
5.500000000000000444e-01 1.698103687280129448e-02
5.600000000000000533e-01 1.698103687280129448e-02
5.699999999999999512e-01 1.698103687280129448e-02
5.799999999999999600e-01 1.698103687280129795e-02
5.899999999999999689e-01 1.698103687280134999e-02
5.999999999999999778e-01 1.698103687280238389e-02
6.099999999999999867e-01 1.698103687282056032e-02
6.199999999999999956e-01 1.698103687310078408e-02
6.300000000000000044e-01 1.698103687687097657e-02
6.400000000000000133e-01 1.698103692100424653e-02
6.500000000000000222e-01 1.698103736924427148e-02
6.600000000000000311e-01 1.698104131059533298e-02
6.700000000000000400e-01 1.698107126859952840e-02
6.800000000000000488e-01 1.698126794637666928e-02
6.899999999999999467e-01 1.698238301223032459e-02
6.999999999999999556e-01 1.698784500162281094e-02
7.099999999999999645e-01 1.701098559509312685e-02
7.199999999999999734e-01 1.709592319233121591e-02
7.299999999999999822e-01 1.736663260492408642e-02
7.399999999999999911e-01 1.811785498240294293e-02
7.500000000000000000e-01 1.993835967392036668e-02
7.600000000000000089e-01 2.380205824492654179e-02
7.700000000000000178e-01 3.099826617654909480e-02
7.800000000000000266e-01 4.276865400025971209e-02
7.900000000000000355e-01 5.966039884400593796e-02
8.000000000000000444e-01 8.090184212057226210e-02
8.100000000000000533e-01 1.043671939601262949e-01
8.199999999999999512e-01 1.275300564252247471e-01
8.299999999999999600e-01 1.490184180933542268e-01
8.399999999999999689e-01 1.695630243325278175e-01
8.499999999999999778e-01 1.913524627900468067e-01
8.599999999999999867e-01 2.161687985142146384e-01
8.699999999999999956e-01 2.437225561139897412e-01
8.800000000000000044e-01 2.711922499030006151e-01
8.900000000000000133e-01 2.939134030605025094e-01
9.000000000000000222e-01 3.067656007537756246e-01
9.100000000000000311e-01 3.058783655287023451e-01
9.200000000000000400e-01 2.900532325403726852e-01
9.300000000000000488e-01 2.611498431876457804e-01
9.399999999999999467e-01 2.232750546379527468e-01
9.499999999999999556e-01 1.814262635005993163e-01
9.599999999999999645e-01 1.403341373592540131e-01
9.699999999999999734e-01 1.037352307962212533e-01
9.799999999999999822e-01 7.396692799773756100e-02
9.899999999999999911e-01 5.184100920320826311e-02
1.000000000000000000e+00 3.684159265691500096e-02
1.010000000000000009e+00 2.759757448063068774e-02
1.020000000000000018e+00 2.244541477859473069e-02
1.030000000000000027e+00 1.987963564811653233e-02
1.040000000000000036e+00 1.878092032503866568e-02
1.050000000000000044e+00 1.843508920031067602e-02
1.060000000000000053e+00 1.843582936499864322e-02
1.070000000000000062e+00 1.856827111586296930e-02
1.080000000000000071e+00 1.872470942692073051e-02
1.090000000000000080e+00 1.885763784042120833e-02
1.100000000000000089e+00 1.895739300239604810e-02
1.110000000000000098e+00 1.905786627458237389e-02
1.120000000000000107e+00 1.936036831907027647e-02
1.129999999999999893e+00 2.091260710618022059e-02
1.139999999999999902e+00 2.840103005678493858e-02
1.149999999999999911e+00 5.908005354568251349e-02
1.159999999999999920e+00 1.641622393566245508e-01
1.169999999999999929e+00 4.633699446351797202e-01
1.179999999999999938e+00 1.167865982641307143e+00
1.189999999999999947e+00 2.529098165528017805e+00
1.199999999999999956e+00 4.658894120378856307e+00
1.209999999999999964e+00 7.285634000497141827e+00
1.219999999999999973e+00 9.675798651509287751e+00
1.229999999999999982e+00 1.092565671454196341e+01
1.239999999999999991e+00 1.050420098698699967e+01
1.250000000000000000e+00 8.611299722379783361e+00
1.260000000000000009e+00 6.028476245522095489e+00
1.270000000000000018e+00 3.610134610737413485e+00
1.280000000000000027e+00 1.855083030062857796e+00
1.290000000000000036e+00 8.268648983306099431e-01
1.300000000000000044e+00 3.383978785913160925e-01
1.310000000000000053e+00 1.674689654205254452e-01
1.320000000000000062e+00 1.649644430847791721e-01
1.330000000000000071e+00 2.585422283184576897e-01
1.340000000000000080e+00 4.113010178352304314e-01
1.350000000000000089e+00 5.841149418613547084e-01
1.360000000000000098e+00 7.247197579170705506e-01
1.370000000000000107e+00 7.842259690650471571e-01
1.379999999999999893e+00 7.427424490425185155e-01
1.389999999999999902e+00 6.199180297354804914e-01
1.399999999999999911e+00 4.609723981423306527e-01
1.409999999999999920e+00 3.106684184994642495e-01
1.419999999999999929e+00 1.948825147330165986e-01
1.429999999999999938e+00 1.183495338080015752e-01
1.439999999999999947e+00 7.313581169790180081e-02
1.449999999999999956e+00 4.819245332709409801e-02
1.459999999999999964e+00 3.470599637996677617e-02
1.469999999999999973e+00 2.727009631801688080e-02
1.479999999999999982e+00 2.303538225853856564e-02
1.489999999999999991e+00 2.057431636012382187e-02
1.500000000000000000e+00 1.913554487479182317e-02
1.510000000000000009e+00 1.829018853421397056e-02
1.520000000000000018e+00 1.778633474606245921e-02
1.530000000000000027e+00 1.747948159298190127e-02
1.540000000000000036e+00 1.728874716706400166e-02
1.550000000000000044e+00 1.716851165751973052e-02
1.560000000000000053e+00 1.709229797489377270e-02
1.570000000000000062e+00 1.704435340802954585e-02
1.580000000000000071e+00 1.701501269965862567e-02
1.590000000000000080e+00 1.699796049232674480e-02
1.600000000000000089e+00 1.698876062247293983e-02
1.610000000000000098e+00 1.698423543076433423e-02
1.620000000000000107e+00 1.698223153741644509e-02
1.629999999999999893e+00 1.698143869001594169e-02
1.639999999999999902e+00 1.698115919314705999e-02
1.649999999999999911e+00 1.698107112883486675e-02
1.659999999999999920e+00 1.698104602451272829e-02
1.669999999999999929e+00 1.698103937113076140e-02
1.679999999999999938e+00 1.698103764693410442e-02
1.689999999999999947e+00 1.698103717475167931e-02
1.699999999999999956e+00 1.698103702508206234e-02
1.709999999999999964e+00 1.698103696664303788e-02
1.719999999999999973e+00 1.698103693925625754e-02
1.729999999999999982e+00 1.698103692597177986e-02
1.739999999999999991e+00 1.698103692142744273e-02
1.750000000000000000e+00 1.698103692344530430e-02
1.760000000000000009e+00 1.698103693079581339e-02
1.770000000000000018e+00 1.698103694277675740e-02
1.780000000000000027e+00 1.698103695924161119e-02
1.790000000000000036e+00 1.698103698055222419e-02
1.800000000000000044e+00 1.698103700727612159e-02
1.810000000000000053e+00 1.698103703963345715e-02
1.820000000000000062e+00 1.698103707682078675e-02
1.830000000000000071e+00 1.698103711646778771e-02
1.840000000000000080e+00 1.698103715457193255e-02
1.850000000000000089e+00 1.698103718613381760e-02
1.860000000000000098e+00 1.698103720633512351e-02
1.870000000000000107e+00 1.698103721174807484e-02
1.879999999999999893e+00 1.698103720109624820e-02
1.889999999999999902e+00 1.698103717543781102e-02
1.899999999999999911e+00 1.698103713789783295e-02
1.909999999999999920e+00 1.698103709305938055e-02
1.919999999999999929e+00 1.698103704607384357e-02
1.929999999999999938e+00 1.698103700165679714e-02
1.939999999999999947e+00 1.698103696326323797e-02
1.949999999999999956e+00 1.698103693269152267e-02
1.959999999999999964e+00 1.698103691016828246e-02
1.969999999999999973e+00 1.698103689477461348e-02
1.979999999999999982e+00 1.698103688499572050e-02
1.989999999999999991e+00 1.698103687920852686e-02
2.000000000000000000e+00 1.698103687600571038e-02
2.009999999999999787e+00 1.698103687433777029e-02
2.020000000000000018e+00 1.698103687351327704e-02
2.029999999999999805e+00 1.698103687312246118e-02
2.040000000000000036e+00 1.698103687294305955e-02
2.049999999999999822e+00 1.698103687286268634e-02
2.060000000000000053e+00 1.698103687282737084e-02
2.069999999999999840e+00 1.698103687281213303e-02
2.080000000000000071e+00 1.698103687280567986e-02
2.089999999999999858e+00 1.698103687280301533e-02
2.100000000000000089e+00 1.698103687280194674e-02
2.109999999999999876e+00 1.698103687280153387e-02
2.120000000000000107e+00 1.698103687280138122e-02
2.129999999999999893e+00 1.698103687280132224e-02
2.140000000000000124e+00 1.698103687280130489e-02
2.149999999999999911e+00 1.698103687280129795e-02
2.160000000000000142e+00 1.698103687280129448e-02
2.169999999999999929e+00 1.698103687280129448e-02
2.180000000000000160e+00 1.698103687280129448e-02
2.189999999999999947e+00 1.698103687280129448e-02
2.200000000000000178e+00 1.698103687280129448e-02
2.209999999999999964e+00 1.698103687280129448e-02
2.220000000000000195e+00 1.698103687280129448e-02
2.229999999999999982e+00 1.698103687280129448e-02
2.240000000000000213e+00 1.698103687280129448e-02
2.250000000000000000e+00 1.698103687280129448e-02
2.259999999999999787e+00 1.698103687280129448e-02
2.270000000000000018e+00 1.698103687280129448e-02
2.279999999999999805e+00 1.698103687280129448e-02
2.290000000000000036e+00 1.698103687280129448e-02
2.299999999999999822e+00 1.698103687280129448e-02
2.310000000000000053e+00 1.698103687280129448e-02
2.319999999999999840e+00 1.698103687280129448e-02
2.330000000000000071e+00 1.698103687280129448e-02
2.339999999999999858e+00 1.698103687280129448e-02
2.350000000000000089e+00 1.698103687280129448e-02
2.359999999999999876e+00 1.698103687280129448e-02
2.370000000000000107e+00 1.698103687280129448e-02
2.379999999999999893e+00 1.698103687280129448e-02
2.390000000000000124e+00 1.698103687280129448e-02
2.399999999999999911e+00 1.698103687280129448e-02
2.410000000000000142e+00 1.698103687280129448e-02
2.419999999999999929e+00 1.698103687280129448e-02
2.430000000000000160e+00 1.698103687280129448e-02
2.439999999999999947e+00 1.698103687280129448e-02
2.450000000000000178e+00 1.698103687280129448e-02
2.459999999999999964e+00 1.698103687280129448e-02
2.470000000000000195e+00 1.698103687280129448e-02
2.479999999999999982e+00 1.698103687280129448e-02
2.490000000000000213e+00 1.698103687280129448e-02
2.500000000000000000e+00 1.698103687280129448e-02
2.509999999999999787e+00 1.698103687280129448e-02
2.520000000000000018e+00 1.698103687280129448e-02
2.529999999999999805e+00 1.698103687280129448e-02
2.540000000000000036e+00 1.698103687280129448e-02
2.549999999999999822e+00 1.698103687280129448e-02
2.560000000000000053e+00 1.698103687280129448e-02
2.569999999999999840e+00 1.698103687280129448e-02
2.580000000000000071e+00 1.698103687280129448e-02
2.589999999999999858e+00 1.698103687280129448e-02
2.600000000000000089e+00 1.698103687280129448e-02
2.609999999999999876e+00 1.698103687280129448e-02
2.620000000000000107e+00 1.698103687280129448e-02
2.629999999999999893e+00 1.698103687280129448e-02
2.640000000000000124e+00 1.698103687280129448e-02
2.649999999999999911e+00 1.698103687280129448e-02
2.660000000000000142e+00 1.698103687280129448e-02
2.669999999999999929e+00 1.698103687280129448e-02
2.680000000000000160e+00 1.698103687280129448e-02
2.689999999999999947e+00 1.698103687280129448e-02
2.700000000000000178e+00 1.698103687280129448e-02
2.709999999999999964e+00 1.698103687280129448e-02
2.720000000000000195e+00 1.698103687280129448e-02
2.729999999999999982e+00 1.698103687280129448e-02
2.740000000000000213e+00 1.698103687280129448e-02
2.750000000000000000e+00 1.698103687280129448e-02
2.759999999999999787e+00 1.698103687280129448e-02
2.770000000000000018e+00 1.698103687280129448e-02
2.779999999999999805e+00 1.698103687280129448e-02
2.790000000000000036e+00 1.698103687280129448e-02
2.799999999999999822e+00 1.698103687280129448e-02
2.810000000000000053e+00 1.698103687280129448e-02
2.819999999999999840e+00 1.698103687280129448e-02
2.830000000000000071e+00 1.698103687280129448e-02
2.839999999999999858e+00 1.698103687280129448e-02
2.850000000000000089e+00 1.698103687280129448e-02
2.859999999999999876e+00 1.698103687280129448e-02
2.870000000000000107e+00 1.698103687280129448e-02
2.879999999999999893e+00 1.698103687280129448e-02
2.890000000000000124e+00 1.698103687280129448e-02
2.899999999999999911e+00 1.698103687280129448e-02
2.910000000000000142e+00 1.698103687280129448e-02
2.919999999999999929e+00 1.698103687280129448e-02
2.930000000000000160e+00 1.698103687280129448e-02
2.939999999999999947e+00 1.698103687280129448e-02
2.950000000000000178e+00 1.698103687280129448e-02
2.959999999999999964e+00 1.698103687280129448e-02
2.970000000000000195e+00 1.698103687280129448e-02
2.979999999999999982e+00 1.698103687280129448e-02
2.990000000000000213e+00 1.698103687280129448e-02
3.000000000000000000e+00 1.698103687280129448e-02
3.009999999999999787e+00 1.698103687280129448e-02
3.020000000000000018e+00 1.698103687280129448e-02
3.029999999999999805e+00 1.698103687280129448e-02
3.040000000000000036e+00 1.698103687280129448e-02
3.049999999999999822e+00 1.698103687280129448e-02
3.060000000000000053e+00 1.698103687280129448e-02
3.069999999999999840e+00 1.698103687280129448e-02
3.080000000000000071e+00 1.698103687280129448e-02
3.089999999999999858e+00 1.698103687280129448e-02
3.100000000000000089e+00 1.698103687280129448e-02
3.109999999999999876e+00 1.698103687280129448e-02
3.120000000000000107e+00 1.698103687280129448e-02
3.129999999999999893e+00 1.698103687280129448e-02
3.140000000000000124e+00 1.698103687280129448e-02
3.149999999999999911e+00 1.698103687280129448e-02
3.160000000000000142e+00 1.698103687280129448e-02
3.169999999999999929e+00 1.698103687280129448e-02
3.180000000000000160e+00 1.698103687280129448e-02
3.189999999999999947e+00 1.698103687280129448e-02
3.200000000000000178e+00 1.698103687280129448e-02
3.209999999999999964e+00 1.698103687280129448e-02
3.220000000000000195e+00 1.698103687280129448e-02
3.229999999999999982e+00 1.698103687280129448e-02
3.240000000000000213e+00 1.698103687280129448e-02
3.250000000000000000e+00 1.698103687280129448e-02
3.259999999999999787e+00 1.698103687280129448e-02
3.270000000000000018e+00 1.698103687280129448e-02
3.279999999999999805e+00 1.698103687280129448e-02
3.290000000000000036e+00 1.698103687280129448e-02
3.299999999999999822e+00 1.698103687280129448e-02
3.310000000000000053e+00 1.698103687280129448e-02
3.319999999999999840e+00 1.698103687280129448e-02
3.330000000000000071e+00 1.698103687280129448e-02
3.339999999999999858e+00 1.698103687280129448e-02
3.350000000000000089e+00 1.698103687280129448e-02
3.359999999999999876e+00 1.698103687280129448e-02
3.370000000000000107e+00 1.698103687280129448e-02
3.379999999999999893e+00 1.698103687280129448e-02
3.390000000000000124e+00 1.698103687280129448e-02
3.399999999999999911e+00 1.698103687280129448e-02
3.410000000000000142e+00 1.698103687280129448e-02
3.419999999999999929e+00 1.698103687280129448e-02
3.430000000000000160e+00 1.698103687280129448e-02
3.439999999999999947e+00 1.698103687280129448e-02
3.450000000000000178e+00 1.698103687280129448e-02
3.459999999999999964e+00 1.698103687280129448e-02
3.470000000000000195e+00 1.698103687280129448e-02
3.479999999999999982e+00 1.698103687280129448e-02
3.490000000000000213e+00 1.698103687280129448e-02
3.500000000000000000e+00 1.698103687280129448e-02
3.509999999999999787e+00 1.698103687280129448e-02
3.520000000000000018e+00 1.698103687280129448e-02
3.529999999999999805e+00 1.698103687280129448e-02
3.540000000000000036e+00 1.698103687280129448e-02
3.549999999999999822e+00 1.698103687280129448e-02
3.560000000000000053e+00 1.698103687280129448e-02
3.569999999999999840e+00 1.698103687280129448e-02
3.580000000000000071e+00 1.698103687280129448e-02
3.589999999999999858e+00 1.698103687280129448e-02
3.600000000000000089e+00 1.698103687280129448e-02
3.609999999999999876e+00 1.698103687280129448e-02
3.620000000000000107e+00 1.698103687280129448e-02
3.629999999999999893e+00 1.698103687280129448e-02
3.640000000000000124e+00 1.698103687280129448e-02
3.649999999999999911e+00 1.698103687280129448e-02
3.660000000000000142e+00 1.698103687280129448e-02
3.669999999999999929e+00 1.698103687280129448e-02
3.680000000000000160e+00 1.698103687280129448e-02
3.689999999999999947e+00 1.698103687280129448e-02
3.700000000000000178e+00 1.698103687280129448e-02
3.709999999999999964e+00 1.698103687280129448e-02
3.720000000000000195e+00 1.698103687280129448e-02
3.729999999999999982e+00 1.698103687280129448e-02
3.740000000000000213e+00 1.698103687280129448e-02
3.750000000000000000e+00 1.698103687280129448e-02
3.759999999999999787e+00 1.698103687280129448e-02
3.770000000000000018e+00 1.698103687280129448e-02
3.779999999999999805e+00 1.698103687280129448e-02
3.790000000000000036e+00 1.698103687280129448e-02
3.799999999999999822e+00 1.698103687280129448e-02
3.810000000000000053e+00 1.698103687280129448e-02
3.819999999999999840e+00 1.698103687280129448e-02
3.830000000000000071e+00 1.698103687280129448e-02
3.839999999999999858e+00 1.698103687280129448e-02
3.850000000000000089e+00 1.698103687280129448e-02
3.859999999999999876e+00 1.698103687280129448e-02
3.870000000000000107e+00 1.698103687280129448e-02
3.879999999999999893e+00 1.698103687280129448e-02
3.890000000000000124e+00 1.698103687280129448e-02
3.899999999999999911e+00 1.698103687280129448e-02
3.910000000000000142e+00 1.698103687280129448e-02
3.919999999999999929e+00 1.698103687280129448e-02
3.930000000000000160e+00 1.698103687280129448e-02
3.939999999999999947e+00 1.698103687280129448e-02
3.950000000000000178e+00 1.698103687280129448e-02
3.959999999999999964e+00 1.698103687280129448e-02
3.970000000000000195e+00 1.698103687280129448e-02
3.979999999999999982e+00 1.698103687280129448e-02
3.990000000000000213e+00 1.698103687280129448e-02
4.000000000000000000e+00 1.698103687280129448e-02
4.009999999999999787e+00 1.698103687280129448e-02
4.019999999999999574e+00 1.698103687280129448e-02
4.030000000000000249e+00 1.698103687280129448e-02
4.040000000000000036e+00 1.698103687280129448e-02
4.049999999999999822e+00 1.698103687280129448e-02
4.059999999999999609e+00 1.698103687280129448e-02
4.070000000000000284e+00 1.698103687280129448e-02
4.080000000000000071e+00 1.698103687280129448e-02
4.089999999999999858e+00 1.698103687280129448e-02
4.099999999999999645e+00 1.698103687280129448e-02
4.110000000000000320e+00 1.698103687280129448e-02
4.120000000000000107e+00 1.698103687280129448e-02
4.129999999999999893e+00 1.698103687280129448e-02
4.139999999999999680e+00 1.698103687280129448e-02
4.150000000000000355e+00 1.698103687280129448e-02
4.160000000000000142e+00 1.698103687280129448e-02
4.169999999999999929e+00 1.698103687280129448e-02
4.179999999999999716e+00 1.698103687280129448e-02
4.190000000000000391e+00 1.698103687280129448e-02
4.200000000000000178e+00 1.698103687280129448e-02
4.209999999999999964e+00 1.698103687280129448e-02
4.219999999999999751e+00 1.698103687280129448e-02
4.230000000000000426e+00 1.698103687280129448e-02
4.240000000000000213e+00 1.698103687280129448e-02
4.250000000000000000e+00 1.698103687280129448e-02
4.259999999999999787e+00 1.698103687280129448e-02
4.269999999999999574e+00 1.698103687280129448e-02
4.280000000000000249e+00 1.698103687280129448e-02
4.290000000000000036e+00 1.698103687280129448e-02
4.299999999999999822e+00 1.698103687280129448e-02
4.309999999999999609e+00 1.698103687280129448e-02
4.320000000000000284e+00 1.698103687280129448e-02
4.330000000000000071e+00 1.698103687280129448e-02
4.339999999999999858e+00 1.698103687280129448e-02
4.349999999999999645e+00 1.698103687280129448e-02
4.360000000000000320e+00 1.698103687280129448e-02
4.370000000000000107e+00 1.698103687280129448e-02
4.379999999999999893e+00 1.698103687280129448e-02
4.389999999999999680e+00 1.698103687280129448e-02
4.400000000000000355e+00 1.698103687280129448e-02
4.410000000000000142e+00 1.698103687280129448e-02
4.419999999999999929e+00 1.698103687280129448e-02
4.429999999999999716e+00 1.698103687280129448e-02
4.440000000000000391e+00 1.698103687280129448e-02
4.450000000000000178e+00 1.698103687280129448e-02
4.459999999999999964e+00 1.698103687280129448e-02
4.469999999999999751e+00 1.698103687280129448e-02
4.480000000000000426e+00 1.698103687280129448e-02
4.490000000000000213e+00 1.698103687280129448e-02
4.500000000000000000e+00 1.698103687280129448e-02
4.509999999999999787e+00 1.698103687280129448e-02
4.519999999999999574e+00 1.698103687280129448e-02
4.530000000000000249e+00 1.698103687280129448e-02
4.540000000000000036e+00 1.698103687280129448e-02
4.549999999999999822e+00 1.698103687280129448e-02
4.559999999999999609e+00 1.698103687280129448e-02
4.570000000000000284e+00 1.698103687280129448e-02
4.580000000000000071e+00 1.698103687280129448e-02
4.589999999999999858e+00 1.698103687280129448e-02
4.599999999999999645e+00 1.698103687280129448e-02
4.610000000000000320e+00 1.698103687280129448e-02
4.620000000000000107e+00 1.698103687280129448e-02
4.629999999999999893e+00 1.698103687280129448e-02
4.639999999999999680e+00 1.698103687280129448e-02
4.650000000000000355e+00 1.698103687280129448e-02
4.660000000000000142e+00 1.698103687280129448e-02
4.669999999999999929e+00 1.698103687280129448e-02
4.679999999999999716e+00 1.698103687280129448e-02
4.690000000000000391e+00 1.698103687280129448e-02
4.700000000000000178e+00 1.698103687280129448e-02
4.709999999999999964e+00 1.698103687280129448e-02
4.719999999999999751e+00 1.698103687280129448e-02
4.730000000000000426e+00 1.698103687280129448e-02
4.740000000000000213e+00 1.698103687280129448e-02
4.750000000000000000e+00 1.698103687280129448e-02
4.759999999999999787e+00 1.698103687280129448e-02
4.769999999999999574e+00 1.698103687280129448e-02
4.780000000000000249e+00 1.698103687280129448e-02
4.790000000000000036e+00 1.698103687280129448e-02
4.799999999999999822e+00 1.698103687280129448e-02
4.809999999999999609e+00 1.698103687280129448e-02
4.820000000000000284e+00 1.698103687280129448e-02
4.830000000000000071e+00 1.698103687280129448e-02
4.839999999999999858e+00 1.698103687280129448e-02
4.849999999999999645e+00 1.698103687280129448e-02
4.860000000000000320e+00 1.698103687280129448e-02
4.870000000000000107e+00 1.698103687280129448e-02
4.879999999999999893e+00 1.698103687280129448e-02
4.889999999999999680e+00 1.698103687280129448e-02
4.900000000000000355e+00 1.698103687280129448e-02
4.910000000000000142e+00 1.698103687280129448e-02
4.919999999999999929e+00 1.698103687280129448e-02
4.929999999999999716e+00 1.698103687280129448e-02
4.940000000000000391e+00 1.698103687280129448e-02
4.950000000000000178e+00 1.698103687280129448e-02
4.959999999999999964e+00 1.698103687280129448e-02
4.969999999999999751e+00 1.698103687280129448e-02
4.980000000000000426e+00 1.698103687280129448e-02
4.990000000000000213e+00 1.698103687280129448e-02
5.000000000000000000e+00 1.698103687280129448e-02
5.009999999999999787e+00 1.698103687280129448e-02
5.019999999999999574e+00 1.698103687280129448e-02
5.030000000000000249e+00 1.698103687280129448e-02
5.040000000000000036e+00 1.698103687280129448e-02
5.049999999999999822e+00 1.698103687280129448e-02
5.059999999999999609e+00 1.698103687280129448e-02
5.070000000000000284e+00 1.698103687280129448e-02
5.080000000000000071e+00 1.698103687280129448e-02
5.089999999999999858e+00 1.698103687280129448e-02
5.099999999999999645e+00 1.698103687280129448e-02
5.110000000000000320e+00 1.698103687280129448e-02
5.120000000000000107e+00 1.698103687280129448e-02
5.129999999999999893e+00 1.698103687280129448e-02
5.139999999999999680e+00 1.698103687280129448e-02
5.150000000000000355e+00 1.698103687280129448e-02
5.160000000000000142e+00 1.698103687280129448e-02
5.169999999999999929e+00 1.698103687280129448e-02
5.179999999999999716e+00 1.698103687280129448e-02
5.190000000000000391e+00 1.698103687280129448e-02
5.200000000000000178e+00 1.698103687280129448e-02
5.209999999999999964e+00 1.698103687280129448e-02
5.219999999999999751e+00 1.698103687280129448e-02
5.230000000000000426e+00 1.698103687280129448e-02
5.240000000000000213e+00 1.698103687280129448e-02
5.250000000000000000e+00 1.698103687280129448e-02
5.259999999999999787e+00 1.698103687280129448e-02
5.269999999999999574e+00 1.698103687280129448e-02
5.280000000000000249e+00 1.698103687280129448e-02
5.290000000000000036e+00 1.698103687280129448e-02
5.299999999999999822e+00 1.698103687280129448e-02
5.309999999999999609e+00 1.698103687280129448e-02
5.320000000000000284e+00 1.698103687280129448e-02
5.330000000000000071e+00 1.698103687280129448e-02
5.339999999999999858e+00 1.698103687280129448e-02
5.349999999999999645e+00 1.698103687280129448e-02
5.360000000000000320e+00 1.698103687280129448e-02
5.370000000000000107e+00 1.698103687280129448e-02
5.379999999999999893e+00 1.698103687280129448e-02
5.389999999999999680e+00 1.698103687280129448e-02
5.400000000000000355e+00 1.698103687280129448e-02
5.410000000000000142e+00 1.698103687280129448e-02
5.419999999999999929e+00 1.698103687280129448e-02
5.429999999999999716e+00 1.698103687280129448e-02
5.440000000000000391e+00 1.698103687280129448e-02
5.450000000000000178e+00 1.698103687280129448e-02
5.459999999999999964e+00 1.698103687280129448e-02
5.469999999999999751e+00 1.698103687280129448e-02
5.480000000000000426e+00 1.698103687280129448e-02
5.490000000000000213e+00 1.698103687280129448e-02
5.500000000000000000e+00 1.698103687280129448e-02
5.509999999999999787e+00 1.698103687280129448e-02
5.519999999999999574e+00 1.698103687280129448e-02
5.530000000000000249e+00 1.698103687280129448e-02
5.540000000000000036e+00 1.698103687280129448e-02
5.549999999999999822e+00 1.698103687280129448e-02
5.559999999999999609e+00 1.698103687280129448e-02
5.570000000000000284e+00 1.698103687280129448e-02
5.580000000000000071e+00 1.698103687280129448e-02
5.589999999999999858e+00 1.698103687280129448e-02
5.599999999999999645e+00 1.698103687280129448e-02
5.610000000000000320e+00 1.698103687280129448e-02
5.620000000000000107e+00 1.698103687280129448e-02
5.629999999999999893e+00 1.698103687280129448e-02
5.639999999999999680e+00 1.698103687280129448e-02
5.650000000000000355e+00 1.698103687280129448e-02
5.660000000000000142e+00 1.698103687280129448e-02
5.669999999999999929e+00 1.698103687280129448e-02
5.679999999999999716e+00 1.698103687280129448e-02
5.690000000000000391e+00 1.698103687280129448e-02
5.700000000000000178e+00 1.698103687280129448e-02
5.709999999999999964e+00 1.698103687280129448e-02
5.719999999999999751e+00 1.698103687280129448e-02
5.730000000000000426e+00 1.698103687280129448e-02
5.740000000000000213e+00 1.698103687280129448e-02
5.750000000000000000e+00 1.698103687280129448e-02
5.759999999999999787e+00 1.698103687280129448e-02
5.769999999999999574e+00 1.698103687280129448e-02
5.780000000000000249e+00 1.698103687280129448e-02
5.790000000000000036e+00 1.698103687280129448e-02
5.799999999999999822e+00 1.698103687280129448e-02
5.809999999999999609e+00 1.698103687280129448e-02
5.820000000000000284e+00 1.698103687280129448e-02
5.830000000000000071e+00 1.698103687280129448e-02
5.839999999999999858e+00 1.698103687280129448e-02
5.849999999999999645e+00 1.698103687280129448e-02
5.860000000000000320e+00 1.698103687280129448e-02
5.870000000000000107e+00 1.698103687280129448e-02
5.879999999999999893e+00 1.698103687280129448e-02
5.889999999999999680e+00 1.698103687280129448e-02
5.900000000000000355e+00 1.698103687280129448e-02
5.910000000000000142e+00 1.698103687280129448e-02
5.919999999999999929e+00 1.698103687280129448e-02
5.929999999999999716e+00 1.698103687280129448e-02
5.940000000000000391e+00 1.698103687280129448e-02
5.950000000000000178e+00 1.698103687280129448e-02
5.959999999999999964e+00 1.698103687280129448e-02
5.969999999999999751e+00 1.698103687280129448e-02
5.980000000000000426e+00 1.698103687280129448e-02
5.990000000000000213e+00 1.698103687280129448e-02
6.000000000000000000e+00 1.698103687280129448e-02
6.200000000000000178e+00 1.698103687280129448e-02
6.400000000000000355e+00 1.698103687280129448e-02
6.599999999999999645e+00 1.698103687280129448e-02
6.799999999999999822e+00 1.698103687280129448e-02
7.000000000000000000e+00 0.000000000000000000e+00
