0.000000000000000000e+00 0.000000000000000000e+00
1.000000000000000021e-02 1.683738351363838620e-02
2.000000000000000042e-02 1.683738365801007442e-02
2.999999999999999889e-02 1.683738391173800544e-02
4.000000000000000083e-02 1.683738433878247467e-02
5.000000000000000278e-02 1.683738500013950978e-02
5.999999999999999778e-02 1.683738590282383291e-02
7.000000000000000666e-02 1.683738695691440121e-02
8.000000000000000167e-02 1.683738802809632215e-02
8.999999999999999667e-02 1.683738917400244561e-02
1.000000000000000056e-01 1.683739107330346763e-02
1.100000000000000006e-01 1.683739553962106464e-02
1.199999999999999956e-01 1.683740615681558056e-02
1.300000000000000044e-01 1.683743202088426941e-02
1.400000000000000133e-01 1.683752153983941041e-02
1.499999999999999944e-01 1.683800475158467314e-02
1.600000000000000033e-01 1.684090160729527844e-02
1.700000000000000122e-01 1.685663077320759609e-02
1.799999999999999933e-01 1.692988972209738541e-02
1.900000000000000022e-01 1.721839468522250519e-02
2.000000000000000111e-01 1.817267779594114105e-02
2.099999999999999922e-01 2.080830674987078563e-02
2.200000000000000011e-01 2.684325818124156868e-02
2.300000000000000100e-01 3.818126098920290173e-02
2.399999999999999911e-01 5.535575000995902883e-02
2.500000000000000000e-01 7.561607171178924558e-02
2.600000000000000089e-01 9.264902758846199626e-02
2.700000000000000178e-01 9.944610016637013550e-02
2.800000000000000266e-01 9.285095425052308782e-02
2.899999999999999800e-01 7.587426886138279314e-02
2.999999999999999889e-01 5.552075485545965999e-02
3.099999999999999978e-01 3.821646321802209256e-02
3.200000000000000067e-01 2.681114404743029783e-02
3.300000000000000155e-01 2.078690919739873549e-02
3.400000000000000244e-01 1.820359151379795717e-02
3.499999999999999778e-01 1.730949255591985453e-02
3.599999999999999867e-01 1.707793467782955932e-02
3.699999999999999956e-01 1.706168755068492027e-02
3.800000000000000044e-01 1.710915674821378990e-02
3.900000000000000133e-01 1.717929481646831083e-02
4.000000000000000222e-01 1.726212060259203068e-02
4.099999999999999756e-01 1.735349945141314784e-02
4.199999999999999845e-01 1.744874863256440714e-02
4.299999999999999933e-01 1.754088022593112972e-02
4.400000000000000022e-01 1.762057848203685620e-02
4.500000000000000111e-01 1.767848338558210275e-02
4.600000000000000200e-01 1.770921930400841393e-02
4.699999999999999734e-01 1.771450735676092375e-02
4.799999999999999822e-01 1.770265346143532967e-02
4.899999999999999911e-01 1.768389926722236175e-02
5.000000000000000000e-01 1.766391504636987200e-02
5.100000000000000089e-01 1.763961999885521256e-02
5.200000000000000178e-01 1.760096858864549849e-02
5.300000000000000266e-01 1.753831435003220737e-02
5.400000000000000355e-01 1.745000569657534362e-02
5.500000000000000444e-01 1.734426879208380429e-02
5.600000000000000533e-01 1.723455883086317739e-02
5.699999999999999512e-01 1.713301611110089329e-02
5.799999999999999600e-01 1.704686900819524578e-02
5.899999999999999689e-01 1.697861696433141526e-02
5.999999999999999778e-01 1.692777432927458983e-02
6.099999999999999867e-01 1.689223805497020586e-02
6.199999999999999956e-01 1.686901980996034778e-02
6.300000000000000044e-01 1.685482456382993849e-02
6.400000000000000133e-01 1.684663884044591484e-02
6.500000000000000222e-01 1.684213259394834808e-02
6.600000000000000311e-01 1.683974082541161293e-02
6.700000000000000400e-01 1.683851407127900934e-02
6.800000000000000488e-01 1.683790925205551348e-02
6.899999999999999467e-01 1.683762512892647556e-02
6.999999999999999556e-01 1.683749995746969264e-02
7.099999999999999645e-01 1.683745237100615563e-02
7.199999999999999734e-01 1.683744717056615339e-02
7.299999999999999822e-01 1.683747582908729640e-02
7.399999999999999911e-01 1.683754565195530115e-02
7.500000000000000000e-01 1.683767302387587789e-02
7.600000000000000089e-01 1.683787747907560320e-02
7.700000000000000178e-01 1.683817464398086952e-02
7.800000000000000266e-01 1.683856700346675686e-02
7.900000000000000355e-01 1.683903299384677255e-02
8.000000000000000444e-01 1.683951908497564182e-02
8.100000000000000533e-01 1.683994478044617549e-02
8.199999999999999512e-01 1.684022973592230743e-02
8.299999999999999600e-01 1.684034188952656871e-02
8.399999999999999689e-01 1.684035973094061625e-02
8.499999999999999778e-01 1.684056999095572688e-02
8.599999999999999867e-01 1.684170514475868963e-02
8.699999999999999956e-01 1.684555089106464301e-02
8.800000000000000044e-01 1.685624955392391738e-02
8.900000000000000133e-01 1.688251222553831254e-02
9.000000000000000222e-01 1.694035980731083482e-02
9.100000000000000311e-01 1.705485228577809792e-02
9.200000000000000400e-01 1.725815072875234307e-02
9.300000000000000488e-01 1.758162373818352928e-02
9.399999999999999467e-01 1.804267657238555964e-02
9.499999999999999556e-01 1.863145624140192733e-02
9.599999999999999645e-01 1.930508999075756724e-02
9.699999999999999734e-01 1.999475204899886158e-02
9.799999999999999822e-01 2.062450508947423142e-02
9.899999999999999911e-01 2.113437435637420536e-02
1.000000000000000000e+00 2.149685202785401109e-02
1.010000000000000009e+00 2.171783758223176999e-02
1.020000000000000018e+00 2.182075832631210494e-02
1.030000000000000027e+00 2.182360045075442539e-02
1.040000000000000036e+00 2.172460168765376343e-02
1.050000000000000044e+00 2.150642877927428157e-02
1.060000000000000053e+00 2.115480269821158957e-02
1.070000000000000062e+00 2.067820055855191033e-02
1.080000000000000071e+00 2.011785561927319915e-02
1.090000000000000080e+00 1.954866992865817929e-02
1.100000000000000089e+00 1.908806985204023615e-02
1.110000000000000098e+00 1.895875249905048729e-02
1.120000000000000107e+00 1.971250501290992135e-02
1.129999999999999893e+00 2.283107028688434459e-02
1.139999999999999902e+00 3.203517227843326320e-02
1.149999999999999911e+00 5.556793192517167634e-02
1.159999999999999920e+00 1.091211955643006937e-01
1.169999999999999929e+00 2.177050857173415954e-01
1.179999999999999938e+00 4.131629931009475620e-01
1.189999999999999947e+00 7.239668895462526566e-01
1.199999999999999956e+00 1.157408801223474670e+00
1.209999999999999964e+00 1.681023473945371327e+00
1.219999999999999973e+00 2.215576390601709633e+00
1.229999999999999982e+00 2.649993066768661532e+00
1.239999999999999991e+00 2.877326160669570587e+00
1.250000000000000000e+00 2.836612301669160896e+00
1.260000000000000009e+00 2.538895634426152181e+00
1.270000000000000018e+00 2.062793448810819275e+00
1.280000000000000027e+00 1.521837280031436368e+00
1.290000000000000036e+00 1.021399535456894991e+00
1.300000000000000044e+00 6.270506642637866390e-01
1.310000000000000053e+00 3.566201563479142189e-01
1.320000000000000062e+00 1.928992743018858036e-01
1.330000000000000071e+00 1.041072495571736256e-01
1.340000000000000080e+00 6.006612195655635505e-02
1.350000000000000089e+00 3.941589276520059137e-02
1.360000000000000098e+00 2.979666473323800899e-02
1.370000000000000107e+00 2.507446927901194056e-02
1.379999999999999893e+00 2.251990340166227719e-02
1.389999999999999902e+00 2.097929377895375175e-02
1.399999999999999911e+00 1.995737001355540885e-02
1.409999999999999920e+00 1.922924465035583813e-02
1.419999999999999929e+00 1.868730175102120347e-02
1.429999999999999938e+00 1.827690724892877192e-02
1.439999999999999947e+00 1.796681482091662049e-02
1.449999999999999956e+00 1.773653220830595512e-02
1.459999999999999964e+00 1.757238323145006095e-02
1.469999999999999973e+00 1.746611729100017163e-02
1.479999999999999982e+00 1.741217053760555841e-02
1.489999999999999991e+00 1.740315291770680103e-02
1.500000000000000000e+00 1.742612662006852095e-02
1.510000000000000009e+00 1.746259481213809431e-02
1.520000000000000018e+00 1.749263660756950056e-02
1.530000000000000027e+00 1.750068799865830277e-02
1.540000000000000036e+00 1.747965785459281579e-02
1.550000000000000044e+00 1.743158991111375469e-02
1.560000000000000053e+00 1.736518688400109575e-02
1.570000000000000062e+00 1.729175460346104448e-02
1.580000000000000071e+00 1.722132217280801514e-02
1.590000000000000080e+00 1.716022212948246570e-02
1.600000000000000089e+00 1.711059159231344967e-02
1.610000000000000098e+00 1.707142647709097155e-02
1.620000000000000107e+00 1.704035894228998760e-02
1.629999999999999893e+00 1.701536223139096457e-02
1.639999999999999902e+00 1.699592457538995002e-02
1.649999999999999911e+00 1.698356098176427229e-02
1.659999999999999920e+00 1.698165450967369441e-02
1.669999999999999929e+00 1.699461919754358813e-02
1.679999999999999938e+00 1.702650571305846031e-02
1.689999999999999947e+00 1.707946035069458912e-02
1.699999999999999956e+00 1.715260265677498105e-02
1.709999999999999964e+00 1.724173480972585742e-02
1.719999999999999973e+00 1.734002521178442183e-02
1.729999999999999982e+00 1.743953811105557888e-02
1.739999999999999991e+00 1.753311192946490488e-02
1.750000000000000000e+00 1.761582647514824476e-02
1.760000000000000009e+00 1.768557124746540296e-02
1.770000000000000018e+00 1.774280895779119932e-02
1.780000000000000027e+00 1.778978800250733891e-02
1.790000000000000036e+00 1.782922650964523237e-02
1.800000000000000044e+00 1.786264979255071730e-02
1.810000000000000053e+00 1.788914190509101332e-02
1.820000000000000062e+00 1.790536199671382764e-02
1.830000000000000071e+00 1.790695624248127282e-02
1.840000000000000080e+00 1.789069683524366697e-02
1.850000000000000089e+00 1.785640234075526467e-02
1.860000000000000098e+00 1.780782496618783795e-02
1.870000000000000107e+00 1.775202009552500487e-02
1.879999999999999893e+00 1.769728492259479286e-02
1.889999999999999902e+00 1.765047449280952169e-02
1.899999999999999911e+00 1.761493402935260244e-02
1.909999999999999920e+00 1.759003222757945378e-02
1.919999999999999929e+00 1.757246051100252657e-02
1.929999999999999938e+00 1.755865077595271037e-02
1.939999999999999947e+00 1.754740311860012586e-02
1.949999999999999956e+00 1.754226181436169957e-02
1.959999999999999964e+00 1.755399723568963621e-02
1.969999999999999973e+00 1.760380913243744100e-02
1.979999999999999982e+00 1.772630187352371503e-02
1.989999999999999991e+00 1.796787331283177316e-02
2.000000000000000000e+00 1.837424444552872987e-02
2.009999999999999787e+00 1.896607511134189988e-02
2.020000000000000018e+00 1.971477176832424003e-02
2.029999999999999805e+00 2.054051363732601471e-02
2.040000000000000036e+00 2.134486266211742950e-02
2.049999999999999822e+00 2.206145941373195696e-02
2.060000000000000053e+00 2.268692032570453904e-02
2.069999999999999840e+00 2.326679850896181886e-02
2.080000000000000071e+00 2.384969485699580533e-02
2.089999999999999858e+00 2.444841985735310419e-02
2.100000000000000089e+00 2.503686443273158563e-02
2.109999999999999876e+00 2.557957572899845558e-02
2.120000000000000107e+00 2.606930442497157677e-02
2.129999999999999893e+00 2.655064378148515661e-02
2.140000000000000124e+00 2.712536679595672906e-02
2.149999999999999911e+00 2.794915834762117662e-02
2.160000000000000142e+00 2.923087694636751499e-02
2.169999999999999929e+00 3.123589192051921121e-02
2.180000000000000160e+00 3.428112601179075791e-02
2.189999999999999947e+00 3.870174825713725703e-02
2.200000000000000178e+00 4.477973347564544876e-02
2.209999999999999964e+00 5.265054994691584916e-02
2.220000000000000195e+00 6.222380703784356759e-02
2.229999999999999982e+00 7.315372546115603281e-02
2.240000000000000213e+00 8.489700708394225248e-02
2.250000000000000000e+00 9.691369388263924856e-02
2.259999999999999787e+00 1.090542509079692607e-01
2.270000000000000018e+00 1.220779417449799620e-01
2.279999999999999805e+00 1.381147225092669018e-01
2.290000000000000036e+00 1.608472889594397548e-01
2.299999999999999822e+00 1.952901261308556680e-01
2.310000000000000053e+00 2.471845491584382382e-01
2.319999999999999840e+00 3.221632768639468569e-01
2.330000000000000071e+00 4.249980688221540737e-01
2.339999999999999858e+00 5.593233184960624271e-01
2.350000000000000089e+00 7.279966657923483409e-01
2.359999999999999876e+00 9.337949757321982736e-01
2.370000000000000107e+00 1.179950833363486051e+00
2.379999999999999893e+00 1.470335463221605243e+00
2.390000000000000124e+00 1.809246644198823750e+00
2.399999999999999911e+00 2.199958034401570117e+00
2.410000000000000142e+00 2.640004340478101508e+00
2.419999999999999929e+00 3.111909088991139605e+00
2.430000000000000160e+00 3.572429160843038076e+00
2.439999999999999947e+00 3.949158711912429176e+00
2.450000000000000178e+00 4.154112899036565665e+00
2.459999999999999964e+00 4.114877600950722858e+00
2.470000000000000195e+00 3.809276863703070060e+00
2.479999999999999982e+00 3.282010851198586820e+00
2.490000000000000213e+00 2.630741324716382223e+00
2.500000000000000000e+00 1.969092064593290337e+00
2.509999999999999787e+00 1.388270412801501097e+00
2.520000000000000018e+00 9.363567399572175765e-01
2.529999999999999805e+00 6.196283575960404022e-01
2.540000000000000036e+00 4.173403397267530512e-01
2.549999999999999822e+00 2.984345077177776306e-01
2.560000000000000053e+00 2.333088825890052287e-01
2.569999999999999840e+00 1.993713331778255438e-01
2.580000000000000071e+00 1.819751743390087273e-01
2.589999999999999858e+00 1.728581825968027175e-01
2.600000000000000089e+00 1.678106714498558694e-01
2.609999999999999876e+00 1.646746507966645456e-01
2.620000000000000107e+00 1.621241625605371328e-01
2.629999999999999893e+00 1.591816448140510043e-01
2.640000000000000124e+00 1.551993215578758578e-01
2.649999999999999911e+00 1.500149881434821864e-01
2.660000000000000142e+00 1.440544832446486179e-01
2.669999999999999929e+00 1.382419846769448180e-01
2.680000000000000160e+00 1.336953863196644332e-01
2.689999999999999947e+00 1.313110490270910091e-01
2.700000000000000178e+00 1.314194983987823639e-01
2.709999999999999964e+00 1.336644073080608397e-01
2.720000000000000195e+00 1.371342164569326894e-01
2.729999999999999982e+00 1.406497210776063711e-01
2.740000000000000213e+00 1.430713429907730372e-01
2.750000000000000000e+00 1.435334912270201657e-01
2.759999999999999787e+00 1.415674915777577481e-01
2.770000000000000018e+00 1.371061467290691782e-01
2.779999999999999805e+00 1.303986368154310960e-01
2.790000000000000036e+00 1.218998876074377652e-01
2.799999999999999822e+00 1.121851633779226698e-01
2.810000000000000053e+00 1.018822679087799526e-01
2.819999999999999840e+00 9.158400629543977933e-02
2.830000000000000071e+00 8.174108273612550046e-02
2.839999999999999858e+00 7.258995696146351706e-02
2.850000000000000089e+00 6.417040587347049019e-02
2.859999999999999876e+00 5.642601357565582565e-02
2.870000000000000107e+00 4.932021421475347306e-02
2.879999999999999893e+00 4.290526424163908920e-02
2.890000000000000124e+00 3.734491720019956357e-02
2.899999999999999911e+00 3.294761333611631593e-02
2.910000000000000142e+00 3.027297814133833240e-02
2.919999999999999929e+00 3.034875463394635584e-02
2.930000000000000160e+00 3.501342602783521357e-02
2.939999999999999947e+00 4.738691077643669702e-02
2.950000000000000178e+00 7.243674347876857822e-02
2.959999999999999964e+00 1.174907463805155428e-01
2.970000000000000195e+00 1.922773978941091366e-01
2.979999999999999982e+00 3.076556617538546701e-01
2.990000000000000213e+00 4.719329762603713951e-01
3.000000000000000000e+00 6.843212607922206647e-01
3.009999999999999787e+00 9.273213951596148696e-01
3.020000000000000018e+00 1.162908680457585220e+00
3.029999999999999805e+00 1.338447007771893071e+00
3.040000000000000036e+00 1.404193629323491121e+00
3.049999999999999822e+00 1.335714988656747870e+00
3.060000000000000053e+00 1.147852046746903998e+00
3.069999999999999840e+00 8.897020261587323953e-01
3.080000000000000071e+00 6.226219951724575319e-01
3.089999999999999858e+00 3.952688569012505759e-01
3.100000000000000089e+00 2.301656455360754916e-01
3.109999999999999876e+00 1.257827604855738246e-01
3.120000000000000107e+00 6.750757336137593045e-02
3.129999999999999893e+00 3.845361477121455457e-02
3.140000000000000124e+00 2.539698929156515225e-02
3.149999999999999911e+00 2.007209119991934521e-02
3.160000000000000142e+00 1.810298872391382513e-02
3.169999999999999929e+00 1.746782662591726126e-02
3.180000000000000160e+00 1.733921678848465708e-02
3.189999999999999947e+00 1.742045920308056550e-02
3.200000000000000178e+00 1.763199632620937943e-02
3.209999999999999964e+00 1.799017203580107957e-02
3.220000000000000195e+00 1.858091034369995995e-02
3.229999999999999982e+00 1.958234529648900102e-02
3.240000000000000213e+00 2.131159196943052669e-02
3.250000000000000000e+00 2.426485560657323445e-02
3.259999999999999787e+00 2.910363273351292135e-02
3.270000000000000018e+00 3.654040423225823897e-02
3.279999999999999805e+00 4.711847917551830606e-02
3.290000000000000036e+00 6.096041637249677986e-02
3.299999999999999822e+00 7.763942559586935188e-02
3.310000000000000053e+00 9.633520407022364007e-02
3.319999999999999840e+00 1.162871085582236064e-01
3.330000000000000071e+00 1.372628797313804050e-01
3.339999999999999858e+00 1.595583300727022591e-01
3.350000000000000089e+00 1.832918813854322870e-01
3.359999999999999876e+00 2.074410286799199254e-01
3.370000000000000107e+00 2.295078146130419827e-01
3.379999999999999893e+00 2.462520804166685173e-01
3.390000000000000124e+00 2.549756170083859463e-01
3.399999999999999911e+00 2.544469489093194037e-01
3.410000000000000142e+00 2.450637129945988646e-01
3.419999999999999929e+00 2.284997240220351666e-01
3.430000000000000160e+00 2.071871838976936941e-01
3.439999999999999947e+00 1.837323000305907394e-01
3.450000000000000178e+00 1.602949755394644515e-01
3.459999999999999964e+00 1.381552132244918130e-01
3.470000000000000195e+00 1.177425061166147424e-01
3.479999999999999982e+00 9.908814274654818843e-02
3.490000000000000213e+00 8.229557569855210086e-02
3.500000000000000000e+00 6.766531464016913022e-02
3.509999999999999787e+00 5.549934966528651675e-02
3.520000000000000018e+00 4.587468804080135909e-02
3.529999999999999805e+00 3.858820309505312657e-02
3.540000000000000036e+00 3.325202876054900863e-02
3.549999999999999822e+00 2.942159425288597835e-02
3.560000000000000053e+00 2.668345181289508497e-02
3.569999999999999840e+00 2.469771576990385104e-02
3.580000000000000071e+00 2.321253008734885243e-02
3.589999999999999858e+00 2.206016096851448269e-02
3.600000000000000089e+00 2.113869372752742379e-02
3.609999999999999876e+00 2.038731035193198579e-02
3.620000000000000107e+00 1.976566114291096118e-02
3.629999999999999893e+00 1.924299361852985224e-02
3.640000000000000124e+00 1.879568305129081240e-02
3.649999999999999911e+00 1.840838871935153789e-02
3.660000000000000142e+00 1.807440129754891642e-02
3.669999999999999929e+00 1.779297123887666268e-02
3.680000000000000160e+00 1.756443118527673333e-02
3.689999999999999947e+00 1.738608339937242758e-02
3.700000000000000178e+00 1.725120724634366526e-02
3.709999999999999964e+00 1.715084314557989084e-02
3.720000000000000195e+00 1.707619398292530358e-02
3.729999999999999982e+00 1.702002833552215127e-02
3.740000000000000213e+00 1.697699348931673916e-02
3.750000000000000000e+00 1.694345905616769996e-02
3.759999999999999787e+00 1.691723478607351505e-02
3.770000000000000018e+00 1.689712137500786263e-02
3.779999999999999805e+00 1.688230902376356563e-02
3.790000000000000036e+00 1.687189118988713030e-02
3.799999999999999822e+00 1.686474417720235444e-02
3.810000000000000053e+00 1.685972106739899723e-02
3.819999999999999840e+00 1.685589528823090710e-02
3.830000000000000071e+00 1.685266522301120257e-02
3.839999999999999858e+00 1.684972395293162298e-02
3.850000000000000089e+00 1.684698223362916802e-02
3.859999999999999876e+00 1.684449165014341096e-02
3.870000000000000107e+00 1.684236390420551163e-02
3.879999999999999893e+00 1.684068817530440590e-02
3.890000000000000124e+00 1.683947763215409149e-02
3.899999999999999911e+00 1.683867221510395445e-02
3.910000000000000142e+00 1.683819330719506235e-02
3.919999999999999929e+00 1.683804581498946421e-02
3.930000000000000160e+00 1.683854384798402076e-02
3.939999999999999947e+00 1.684091613665797404e-02
3.950000000000000178e+00 1.684880586094389746e-02
3.959999999999999964e+00 1.687132723500410839e-02
3.970000000000000195e+00 1.692778453404646458e-02
3.979999999999999982e+00 1.705199203353209222e-02
3.990000000000000213e+00 1.729031182219258403e-02
4.000000000000000000e+00 1.768506660217575646e-02
4.009999999999999787e+00 1.824036986735467353e-02
4.019999999999999574e+00 1.888453617392506917e-02
4.030000000000000249e+00 1.946215909397122634e-02
4.040000000000000036e+00 1.978478398054650186e-02
4.049999999999999822e+00 1.972719915075796596e-02
4.059999999999999609e+00 1.930544545895541628e-02
4.070000000000000284e+00 1.867132669677187135e-02
4.080000000000000071e+00 1.802387571695320337e-02
4.089999999999999858e+00 1.750805374963669558e-02
4.099999999999999645e+00 1.717106528804408089e-02
4.110000000000000320e+00 1.698533280878604390e-02
4.120000000000000107e+00 1.689687635497945373e-02
4.129999999999999893e+00 1.685952832678604130e-02
4.139999999999999680e+00 1.684515132385645819e-02
4.150000000000000355e+00 1.683997383927136188e-02
4.160000000000000142e+00 1.683820235162914944e-02
4.169999999999999929e+00 1.683762619573851010e-02
4.179999999999999716e+00 1.683745002102585500e-02
4.190000000000000391e+00 1.683740011326657904e-02
4.200000000000000178e+00 1.683738718149452654e-02
4.209999999999999964e+00 1.683738414503623340e-02
4.219999999999999751e+00 1.683738350312170146e-02
4.230000000000000426e+00 1.683738338152807046e-02
4.240000000000000213e+00 1.683738336097159033e-02
4.250000000000000000e+00 1.683738335788142332e-02
4.259999999999999787e+00 1.683738335746992262e-02
4.269999999999999574e+00 1.683738335742157935e-02
4.280000000000000249e+00 1.683738335741659028e-02
4.290000000000000036e+00 1.683738335741613579e-02
4.299999999999999822e+00 1.683738335741610109e-02
4.309999999999999609e+00 1.683738335741610109e-02
4.320000000000000284e+00 1.683738335741610109e-02
4.330000000000000071e+00 1.683738335741610109e-02
4.339999999999999858e+00 1.683738335741610109e-02
4.349999999999999645e+00 1.683738335741610109e-02
4.360000000000000320e+00 1.683738335741610109e-02
4.370000000000000107e+00 1.683738335741610109e-02
4.379999999999999893e+00 1.683738335741610109e-02
4.389999999999999680e+00 1.683738335741610109e-02
4.400000000000000355e+00 1.683738335741610109e-02
4.410000000000000142e+00 1.683738335741610109e-02
4.419999999999999929e+00 1.683738335741610109e-02
4.429999999999999716e+00 1.683738335741610109e-02
4.440000000000000391e+00 1.683738335741610109e-02
4.450000000000000178e+00 1.683738335741610109e-02
4.459999999999999964e+00 1.683738335741610109e-02
4.469999999999999751e+00 1.683738335741610109e-02
4.480000000000000426e+00 1.683738335741610109e-02
4.490000000000000213e+00 1.683738335741610109e-02
4.500000000000000000e+00 1.683738335741610109e-02
4.509999999999999787e+00 1.683738335741610109e-02
4.519999999999999574e+00 1.683738335741610109e-02
4.530000000000000249e+00 1.683738335741610109e-02
4.540000000000000036e+00 1.683738335741610109e-02
4.549999999999999822e+00 1.683738335741610109e-02
4.559999999999999609e+00 1.683738335741610109e-02
4.570000000000000284e+00 1.683738335741610109e-02
4.580000000000000071e+00 1.683738335741610109e-02
4.589999999999999858e+00 1.683738335741610109e-02
4.599999999999999645e+00 1.683738335741610109e-02
4.610000000000000320e+00 1.683738335741610109e-02
4.620000000000000107e+00 1.683738335741610109e-02
4.629999999999999893e+00 1.683738335741610109e-02
4.639999999999999680e+00 1.683738335741610109e-02
4.650000000000000355e+00 1.683738335741610109e-02
4.660000000000000142e+00 1.683738335741610109e-02
4.669999999999999929e+00 1.683738335741610109e-02
4.679999999999999716e+00 1.683738335741610109e-02
4.690000000000000391e+00 1.683738335741610109e-02
4.700000000000000178e+00 1.683738335741610109e-02
4.709999999999999964e+00 1.683738335741610109e-02
4.719999999999999751e+00 1.683738335741610109e-02
4.730000000000000426e+00 1.683738335741610109e-02
4.740000000000000213e+00 1.683738335741610109e-02
4.750000000000000000e+00 1.683738335741610109e-02
4.759999999999999787e+00 1.683738335741610109e-02
4.769999999999999574e+00 1.683738335741610109e-02
4.780000000000000249e+00 1.683738335741610109e-02
4.790000000000000036e+00 1.683738335741610109e-02
4.799999999999999822e+00 1.683738335741610109e-02
4.809999999999999609e+00 1.683738335741610109e-02
4.820000000000000284e+00 1.683738335741610109e-02
4.830000000000000071e+00 1.683738335741610109e-02
4.839999999999999858e+00 1.683738335741610109e-02
4.849999999999999645e+00 1.683738335741610109e-02
4.860000000000000320e+00 1.683738335741610109e-02
4.870000000000000107e+00 1.683738335741610109e-02
4.879999999999999893e+00 1.683738335741610109e-02
4.889999999999999680e+00 1.683738335741610109e-02
4.900000000000000355e+00 1.683738335741610109e-02
4.910000000000000142e+00 1.683738335741610109e-02
4.919999999999999929e+00 1.683738335741610109e-02
4.929999999999999716e+00 1.683738335741610109e-02
4.940000000000000391e+00 1.683738335741610109e-02
4.950000000000000178e+00 1.683738335741610109e-02
4.959999999999999964e+00 1.683738335741610109e-02
4.969999999999999751e+00 1.683738335741610109e-02
4.980000000000000426e+00 1.683738335741610109e-02
4.990000000000000213e+00 1.683738335741610109e-02
5.000000000000000000e+00 1.683738335741610109e-02
5.009999999999999787e+00 1.683738335741610109e-02
5.019999999999999574e+00 1.683738335741610109e-02
5.030000000000000249e+00 1.683738335741610109e-02
5.040000000000000036e+00 1.683738335741610109e-02
5.049999999999999822e+00 1.683738335741610109e-02
5.059999999999999609e+00 1.683738335741610109e-02
5.070000000000000284e+00 1.683738335741610109e-02
5.080000000000000071e+00 1.683738335741610109e-02
5.089999999999999858e+00 1.683738335741610109e-02
5.099999999999999645e+00 1.683738335741610109e-02
5.110000000000000320e+00 1.683738335741610109e-02
5.120000000000000107e+00 1.683738335741610109e-02
5.129999999999999893e+00 1.683738335741610109e-02
5.139999999999999680e+00 1.683738335741610109e-02
5.150000000000000355e+00 1.683738335741610109e-02
5.160000000000000142e+00 1.683738335741610109e-02
5.169999999999999929e+00 1.683738335741610109e-02
5.179999999999999716e+00 1.683738335741610109e-02
5.190000000000000391e+00 1.683738335741610109e-02
5.200000000000000178e+00 1.683738335741610109e-02
5.209999999999999964e+00 1.683738335741610109e-02
5.219999999999999751e+00 1.683738335741610109e-02
5.230000000000000426e+00 1.683738335741610109e-02
5.240000000000000213e+00 1.683738335741610109e-02
5.250000000000000000e+00 1.683738335741610109e-02
5.259999999999999787e+00 1.683738335741610109e-02
5.269999999999999574e+00 1.683738335741610109e-02
5.280000000000000249e+00 1.683738335741610109e-02
5.290000000000000036e+00 1.683738335741610109e-02
5.299999999999999822e+00 1.683738335741610109e-02
5.309999999999999609e+00 1.683738335741610109e-02
5.320000000000000284e+00 1.683738335741610109e-02
5.330000000000000071e+00 1.683738335741610109e-02
5.339999999999999858e+00 1.683738335741610109e-02
5.349999999999999645e+00 1.683738335741610109e-02
5.360000000000000320e+00 1.683738335741610109e-02
5.370000000000000107e+00 1.683738335741610109e-02
5.379999999999999893e+00 1.683738335741610109e-02
5.389999999999999680e+00 1.683738335741610109e-02
5.400000000000000355e+00 1.683738335741610109e-02
5.410000000000000142e+00 1.683738335741610109e-02
5.419999999999999929e+00 1.683738335741610109e-02
5.429999999999999716e+00 1.683738335741610109e-02
5.440000000000000391e+00 1.683738335741610109e-02
5.450000000000000178e+00 1.683738335741610109e-02
5.459999999999999964e+00 1.683738335741610109e-02
5.469999999999999751e+00 1.683738335741610109e-02
5.480000000000000426e+00 1.683738335741610109e-02
5.490000000000000213e+00 1.683738335741610109e-02
5.500000000000000000e+00 1.683738335741610109e-02
5.509999999999999787e+00 1.683738335741610109e-02
5.519999999999999574e+00 1.683738335741610109e-02
5.530000000000000249e+00 1.683738335741610109e-02
5.540000000000000036e+00 1.683738335741610109e-02
5.549999999999999822e+00 1.683738335741610109e-02
5.559999999999999609e+00 1.683738335741610109e-02
5.570000000000000284e+00 1.683738335741610109e-02
5.580000000000000071e+00 1.683738335741610109e-02
5.589999999999999858e+00 1.683738335741610109e-02
5.599999999999999645e+00 1.683738335741610109e-02
5.610000000000000320e+00 1.683738335741610109e-02
5.620000000000000107e+00 1.683738335741610109e-02
5.629999999999999893e+00 1.683738335741610109e-02
5.639999999999999680e+00 1.683738335741610109e-02
5.650000000000000355e+00 1.683738335741610109e-02
5.660000000000000142e+00 1.683738335741610109e-02
5.669999999999999929e+00 1.683738335741610109e-02
5.679999999999999716e+00 1.683738335741610109e-02
5.690000000000000391e+00 1.683738335741610109e-02
5.700000000000000178e+00 1.683738335741610109e-02
5.709999999999999964e+00 1.683738335741610109e-02
5.719999999999999751e+00 1.683738335741610109e-02
5.730000000000000426e+00 1.683738335741610109e-02
5.740000000000000213e+00 1.683738335741610109e-02
5.750000000000000000e+00 1.683738335741610109e-02
5.759999999999999787e+00 1.683738335741610109e-02
5.769999999999999574e+00 1.683738335741610109e-02
5.780000000000000249e+00 1.683738335741610109e-02
5.790000000000000036e+00 1.683738335741610109e-02
5.799999999999999822e+00 1.683738335741610109e-02
5.809999999999999609e+00 1.683738335741610109e-02
5.820000000000000284e+00 1.683738335741610109e-02
5.830000000000000071e+00 1.683738335741610109e-02
5.839999999999999858e+00 1.683738335741610109e-02
5.849999999999999645e+00 1.683738335741610109e-02
5.860000000000000320e+00 1.683738335741610109e-02
5.870000000000000107e+00 1.683738335741610109e-02
5.879999999999999893e+00 1.683738335741610109e-02
5.889999999999999680e+00 1.683738335741610109e-02
5.900000000000000355e+00 1.683738335741610109e-02
5.910000000000000142e+00 1.683738335741610109e-02
5.919999999999999929e+00 1.683738335741610109e-02
5.929999999999999716e+00 1.683738335741610109e-02
5.940000000000000391e+00 1.683738335741610109e-02
5.950000000000000178e+00 1.683738335741610109e-02
5.959999999999999964e+00 1.683738335741610109e-02
5.969999999999999751e+00 1.683738335741610109e-02
5.980000000000000426e+00 1.683738335741610109e-02
5.990000000000000213e+00 1.683738335741610109e-02
6.000000000000000000e+00 1.683738335741610109e-02
6.200000000000000178e+00 1.683738335741610109e-02
6.400000000000000355e+00 1.683738335741610109e-02
6.599999999999999645e+00 1.683738335741610109e-02
6.799999999999999822e+00 1.683738335741610109e-02
7.000000000000000000e+00 0.000000000000000000e+00
