0.000000000000000000e+00 0.000000000000000000e+00
1.000000000000000021e-02 1.415698111051474396e-02
2.000000000000000042e-02 1.415698111051474396e-02
2.999999999999999889e-02 1.415698111051474396e-02
4.000000000000000083e-02 1.415698111051474396e-02
5.000000000000000278e-02 1.415698111051474396e-02
5.999999999999999778e-02 1.415698111051474396e-02
7.000000000000000666e-02 1.415698111051474396e-02
8.000000000000000167e-02 1.415698111051474396e-02
8.999999999999999667e-02 1.415698111051474396e-02
1.000000000000000056e-01 1.415698111051474396e-02
1.100000000000000006e-01 1.415698111051474396e-02
1.199999999999999956e-01 1.415698111051474396e-02
1.300000000000000044e-01 1.415698111051474396e-02
1.400000000000000133e-01 1.415698111051474396e-02
1.499999999999999944e-01 1.415698111051474396e-02
1.600000000000000033e-01 1.415698111051474396e-02
1.700000000000000122e-01 1.415698111051474396e-02
1.799999999999999933e-01 1.415698111051474396e-02
1.900000000000000022e-01 1.415698111051474396e-02
2.000000000000000111e-01 1.415698111051474396e-02
2.099999999999999922e-01 1.415698111051474396e-02
2.200000000000000011e-01 1.415698111051474396e-02
2.300000000000000100e-01 1.415698111051474396e-02
2.399999999999999911e-01 1.415698111051474396e-02
2.500000000000000000e-01 1.415698111051474396e-02
2.600000000000000089e-01 1.415698111051474396e-02
2.700000000000000178e-01 1.415698111051474396e-02
2.800000000000000266e-01 1.415698111051474396e-02
2.899999999999999800e-01 1.415698111051474396e-02
2.999999999999999889e-01 1.415698111051474396e-02
3.099999999999999978e-01 1.415698111051474396e-02
3.200000000000000067e-01 1.415698111051474396e-02
3.300000000000000155e-01 1.415698111051474396e-02
3.400000000000000244e-01 1.415698111051474396e-02
3.499999999999999778e-01 1.415698111051474396e-02
3.599999999999999867e-01 1.415698111051474396e-02
3.699999999999999956e-01 1.415698111051474396e-02
3.800000000000000044e-01 1.415698111051474396e-02
3.900000000000000133e-01 1.415698111051474396e-02
4.000000000000000222e-01 1.415698111051474396e-02
4.099999999999999756e-01 1.415698111051474396e-02
4.199999999999999845e-01 1.415698111051474396e-02
4.299999999999999933e-01 1.415698111051474396e-02
4.400000000000000022e-01 1.415698111051474396e-02
4.500000000000000111e-01 1.415698111051474396e-02
4.600000000000000200e-01 1.415698111051474396e-02
4.699999999999999734e-01 1.415698111051474396e-02
4.799999999999999822e-01 1.415698111051474396e-02
4.899999999999999911e-01 1.415698111051474396e-02
5.000000000000000000e-01 1.415698111051474396e-02
5.100000000000000089e-01 1.415698111051474396e-02
5.200000000000000178e-01 1.415698111051474396e-02
5.300000000000000266e-01 1.415698111051474396e-02
5.400000000000000355e-01 1.415698111051474396e-02
5.500000000000000444e-01 1.415698111051474396e-02
5.600000000000000533e-01 1.415698111051474396e-02
5.699999999999999512e-01 1.415698111051474396e-02
5.799999999999999600e-01 1.415698111051474396e-02
5.899999999999999689e-01 1.415698111051474396e-02
5.999999999999999778e-01 1.415698111051474396e-02
6.099999999999999867e-01 1.415698111051474396e-02
6.199999999999999956e-01 1.415698111051474396e-02
6.300000000000000044e-01 1.415698111051474396e-02
6.400000000000000133e-01 1.415698111051474396e-02
6.500000000000000222e-01 1.415698111051474396e-02
6.600000000000000311e-01 1.415698111051474396e-02
6.700000000000000400e-01 1.415698111051474396e-02
6.800000000000000488e-01 1.415698111051474396e-02
6.899999999999999467e-01 1.415698111051474396e-02
6.999999999999999556e-01 1.415698111051474396e-02
7.099999999999999645e-01 1.415698111051474396e-02
7.199999999999999734e-01 1.415698111051474396e-02
7.299999999999999822e-01 1.415698111051474396e-02
7.399999999999999911e-01 1.415698111051474396e-02
7.500000000000000000e-01 1.415698111051474396e-02
7.600000000000000089e-01 1.415698111051474396e-02
7.700000000000000178e-01 1.415698111051474396e-02
7.800000000000000266e-01 1.415698111051474396e-02
7.900000000000000355e-01 1.415698111051474396e-02
8.000000000000000444e-01 1.415698111051474396e-02
8.100000000000000533e-01 1.415698111051474396e-02
8.199999999999999512e-01 1.415698111051474396e-02
8.299999999999999600e-01 1.415698111051474396e-02
8.399999999999999689e-01 1.415698111051474396e-02
8.499999999999999778e-01 1.415698111051474396e-02
8.599999999999999867e-01 1.415698111051474396e-02
8.699999999999999956e-01 1.415698111051474396e-02
8.800000000000000044e-01 1.415698111051474396e-02
8.900000000000000133e-01 1.415698111051474396e-02
9.000000000000000222e-01 1.415698111051474396e-02
9.100000000000000311e-01 1.415698111051474396e-02
9.200000000000000400e-01 1.415698111051474396e-02
9.300000000000000488e-01 1.415698111051474396e-02
9.399999999999999467e-01 1.415698111051474396e-02
9.499999999999999556e-01 1.415698111051474396e-02
9.599999999999999645e-01 1.415698111051474396e-02
9.699999999999999734e-01 1.415698111051474396e-02
9.799999999999999822e-01 1.415698111051474396e-02
9.899999999999999911e-01 1.415698111051474396e-02
1.000000000000000000e+00 1.415698111051474396e-02
1.010000000000000009e+00 1.415698111051474396e-02
1.020000000000000018e+00 1.415698111051474396e-02
1.030000000000000027e+00 1.415698111051474396e-02
1.040000000000000036e+00 1.415698111051474396e-02
1.050000000000000044e+00 1.415698111051474396e-02
1.060000000000000053e+00 1.415698111051474396e-02
1.070000000000000062e+00 1.415698111051474396e-02
1.080000000000000071e+00 1.415698111051474396e-02
1.090000000000000080e+00 1.415698111051474396e-02
1.100000000000000089e+00 1.415698111051474396e-02
1.110000000000000098e+00 1.415698111051474396e-02
1.120000000000000107e+00 1.415698111051474396e-02
1.129999999999999893e+00 1.415698111051474396e-02
1.139999999999999902e+00 1.415698111051474396e-02
1.149999999999999911e+00 1.415698111051474396e-02
1.159999999999999920e+00 1.415698111051474396e-02
1.169999999999999929e+00 1.415698111051474396e-02
1.179999999999999938e+00 1.415698111051474396e-02
1.189999999999999947e+00 1.415698111051474396e-02
1.199999999999999956e+00 1.415698111051474396e-02
1.209999999999999964e+00 1.415698111051474396e-02
1.219999999999999973e+00 1.415698111051474396e-02
1.229999999999999982e+00 1.415698111051474396e-02
1.239999999999999991e+00 1.415698111051474396e-02
1.250000000000000000e+00 1.415698111051474396e-02
1.260000000000000009e+00 1.415698111051474396e-02
1.270000000000000018e+00 1.415698111051474396e-02
1.280000000000000027e+00 1.415698111051474396e-02
1.290000000000000036e+00 1.415698111051474396e-02
1.300000000000000044e+00 1.415698111051474396e-02
1.310000000000000053e+00 1.415698111051474396e-02
1.320000000000000062e+00 1.415698111051474396e-02
1.330000000000000071e+00 1.415698111051474396e-02
1.340000000000000080e+00 1.415698111051474396e-02
1.350000000000000089e+00 1.415698111051474396e-02
1.360000000000000098e+00 1.415698111051474396e-02
1.370000000000000107e+00 1.415698111051474396e-02
1.379999999999999893e+00 1.415698111051474396e-02
1.389999999999999902e+00 1.415698111051474396e-02
1.399999999999999911e+00 1.415698111051474396e-02
1.409999999999999920e+00 1.415698111051474396e-02
1.419999999999999929e+00 1.415698111051474396e-02
1.429999999999999938e+00 1.415698111051474396e-02
1.439999999999999947e+00 1.415698111051474396e-02
1.449999999999999956e+00 1.415698111051474396e-02
1.459999999999999964e+00 1.415698111051474396e-02
1.469999999999999973e+00 1.415698111051474396e-02
1.479999999999999982e+00 1.415698111051474396e-02
1.489999999999999991e+00 1.415698111051474396e-02
1.500000000000000000e+00 1.415698111051474396e-02
1.510000000000000009e+00 1.415698111051474396e-02
1.520000000000000018e+00 1.415698111051474396e-02
1.530000000000000027e+00 1.415698111051474396e-02
1.540000000000000036e+00 1.415698111051474396e-02
1.550000000000000044e+00 1.415698111051474396e-02
1.560000000000000053e+00 1.415698111051474396e-02
1.570000000000000062e+00 1.415698111051474396e-02
1.580000000000000071e+00 1.415698111051475611e-02
1.590000000000000080e+00 1.415698111051482896e-02
1.600000000000000089e+00 1.415698111051531642e-02
1.610000000000000098e+00 1.415698111051811800e-02
1.620000000000000107e+00 1.415698111053195936e-02
1.629999999999999893e+00 1.415698111059037791e-02
1.639999999999999902e+00 1.415698111080034016e-02
1.649999999999999911e+00 1.415698111144162580e-02
1.659999999999999920e+00 1.415698111310387426e-02
1.669999999999999929e+00 1.415698111675984389e-02
1.679999999999999938e+00 1.415698112359494582e-02
1.689999999999999947e+00 1.415698113451237770e-02
1.699999999999999956e+00 1.415698114956132243e-02
1.709999999999999964e+00 1.415698116776239329e-02
1.719999999999999973e+00 1.415698118751634697e-02
1.729999999999999982e+00 1.415698120724221722e-02
1.739999999999999991e+00 1.415698122588330415e-02
1.750000000000000000e+00 1.415698124343639855e-02
1.760000000000000009e+00 1.415698126168264681e-02
1.770000000000000018e+00 1.415698128453643338e-02
1.780000000000000027e+00 1.415698131706590729e-02
1.790000000000000036e+00 1.415698136314986685e-02
1.800000000000000044e+00 1.415698142309245247e-02
1.810000000000000053e+00 1.415698149287277982e-02
1.820000000000000062e+00 1.415698156566150279e-02
1.830000000000000071e+00 1.415698163468666858e-02
1.840000000000000080e+00 1.415698169573422795e-02
1.850000000000000089e+00 1.415698174804430262e-02
1.860000000000000098e+00 1.415698179354234372e-02
1.870000000000000107e+00 1.415698183526026104e-02
1.879999999999999893e+00 1.415698187598547070e-02
1.889999999999999902e+00 1.415698191776166431e-02
1.899999999999999911e+00 1.415698196220542375e-02
1.909999999999999920e+00 1.415698201105808005e-02
1.919999999999999929e+00 1.415698206628339395e-02
1.929999999999999938e+00 1.415698212944296874e-02
1.939999999999999947e+00 1.415698220073848684e-02
1.949999999999999956e+00 1.415698227850556955e-02
1.959999999999999964e+00 1.415698235976285344e-02
1.969999999999999973e+00 1.415698244175220277e-02
1.979999999999999982e+00 1.415698252370243410e-02
1.989999999999999991e+00 1.415698260784323780e-02
2.000000000000000000e+00 1.415698269916956277e-02
2.009999999999999787e+00 1.415698280419029273e-02
2.020000000000000018e+00 1.415698292923920146e-02
2.029999999999999805e+00 1.415698307870943626e-02
2.040000000000000036e+00 1.415698325327180949e-02
2.049999999999999822e+00 1.415698344824803390e-02
2.060000000000000053e+00 1.415698365270928218e-02
2.069999999999999840e+00 1.415698384997810845e-02
2.080000000000000071e+00 1.415698401977254217e-02
2.089999999999999858e+00 1.415698414167383852e-02
2.100000000000000089e+00 1.415698419937529325e-02
2.109999999999999876e+00 1.415698418501282717e-02
2.120000000000000107e+00 1.415698410234846744e-02
2.129999999999999893e+00 1.415698396722159594e-02
2.140000000000000124e+00 1.415698380472298762e-02
2.149999999999999911e+00 1.415698364502189846e-02
2.160000000000000142e+00 1.415698352155393171e-02
2.169999999999999929e+00 1.415698347368320349e-02
2.180000000000000160e+00 1.415698355092600939e-02
2.189999999999999947e+00 1.415698381148756783e-02
2.200000000000000178e+00 1.415698430969927063e-02
2.209999999999999964e+00 1.415698507571962889e-02
2.220000000000000195e+00 1.415698609980002229e-02
2.229999999999999982e+00 1.415698733387212895e-02
2.240000000000000213e+00 1.415698871400625052e-02
2.250000000000000000e+00 1.415699019612211285e-02
2.259999999999999787e+00 1.415699179179209788e-02
2.270000000000000018e+00 1.415699359161120240e-02
2.279999999999999805e+00 1.415699576877371690e-02
2.290000000000000036e+00 1.415699856745490474e-02
2.299999999999999822e+00 1.415700229960517587e-02
2.310000000000000053e+00 1.415700739028287643e-02
2.319999999999999840e+00 1.415701451052957596e-02
2.330000000000000071e+00 1.415702480293707689e-02
2.339999999999999858e+00 1.415704012739472072e-02
2.350000000000000089e+00 1.415706315415607777e-02
2.359999999999999876e+00 1.415709709798194070e-02
2.370000000000000107e+00 1.415714502998696375e-02
2.379999999999999893e+00 1.415720899835122386e-02
2.390000000000000124e+00 1.415728941374299991e-02
2.399999999999999911e+00 1.415738508984624479e-02
2.410000000000000142e+00 1.415749398448170465e-02
2.419999999999999929e+00 1.415761422478331762e-02
2.430000000000000160e+00 1.415774457458612336e-02
2.439999999999999947e+00 1.415788342567186886e-02
2.450000000000000178e+00 1.415802617205403312e-02
2.459999999999999964e+00 1.415816241705199728e-02
2.470000000000000195e+00 1.415827564442763593e-02
2.479999999999999982e+00 1.415834725743387972e-02
2.490000000000000213e+00 1.415836418839788724e-02
2.500000000000000000e+00 1.415832635453006562e-02
2.509999999999999787e+00 1.415824935199641414e-02
2.520000000000000018e+00 1.415816006775581955e-02
2.529999999999999805e+00 1.415808718992388020e-02
2.540000000000000036e+00 1.415805181588154250e-02
2.549999999999999822e+00 1.415806295027814687e-02
2.560000000000000053e+00 1.415811917297292791e-02
2.569999999999999840e+00 1.415821414989061611e-02
2.580000000000000071e+00 1.415834246325644794e-02
2.589999999999999858e+00 1.415850358130942878e-02
2.600000000000000089e+00 1.415870407201317779e-02
2.609999999999999876e+00 1.415895957701151196e-02
2.620000000000000107e+00 1.415929749649281859e-02
2.629999999999999893e+00 1.415975894980863251e-02
2.640000000000000124e+00 1.416039631127673920e-02
2.649999999999999911e+00 1.416126351206513888e-02
2.660000000000000142e+00 1.416240133293217990e-02
2.669999999999999929e+00 1.416382525012981411e-02
2.680000000000000160e+00 1.416552350972630388e-02
2.689999999999999947e+00 1.416746790381693058e-02
2.700000000000000178e+00 1.416963508119864316e-02
2.709999999999999964e+00 1.417203569987056551e-02
2.720000000000000195e+00 1.417474935282552091e-02
2.729999999999999982e+00 1.417796231371995855e-02
2.740000000000000213e+00 1.418200541174548072e-02
2.750000000000000000e+00 1.418739072736218548e-02
2.759999999999999787e+00 1.419483974835104682e-02
2.770000000000000018e+00 1.420528162742680858e-02
2.779999999999999805e+00 1.421980164658550455e-02
2.790000000000000036e+00 1.423955524845170635e-02
2.799999999999999822e+00 1.426570129049197465e-02
2.810000000000000053e+00 1.429939564485880298e-02
2.819999999999999840e+00 1.434182328573640683e-02
2.830000000000000071e+00 1.439419586623091017e-02
2.839999999999999858e+00 1.445764810177650045e-02
2.850000000000000089e+00 1.453301555408160334e-02
2.859999999999999876e+00 1.462053577135840818e-02
2.870000000000000107e+00 1.471956766360857198e-02
2.879999999999999893e+00 1.482844222596489681e-02
2.890000000000000124e+00 1.494449679467451178e-02
2.899999999999999911e+00 1.506422470485328964e-02
2.910000000000000142e+00 1.518341484470271500e-02
2.919999999999999929e+00 1.529725819869074722e-02
2.930000000000000160e+00 1.540057727109070754e-02
2.939999999999999947e+00 1.548836604976981147e-02
2.950000000000000178e+00 1.555658418783029129e-02
2.959999999999999964e+00 1.560281090625663218e-02
2.970000000000000195e+00 1.562634064300360073e-02
2.979999999999999982e+00 1.562775000728612931e-02
2.990000000000000213e+00 1.560843584314492577e-02
3.000000000000000000e+00 1.557053215854696353e-02
3.009999999999999787e+00 1.551706219928566596e-02
3.020000000000000018e+00 1.545188602982365718e-02
3.029999999999999805e+00 1.537932486894971751e-02
3.040000000000000036e+00 1.530380645197999823e-02
3.049999999999999822e+00 1.522980764795448666e-02
3.060000000000000053e+00 1.516181191501328983e-02
3.069999999999999840e+00 1.510374584181148165e-02
3.080000000000000071e+00 1.505793172148543226e-02
3.089999999999999858e+00 1.502437315912454746e-02
3.100000000000000089e+00 1.500111548392936769e-02
3.109999999999999876e+00 1.498546999627823131e-02
3.120000000000000107e+00 1.497517012018430640e-02
3.129999999999999893e+00 1.496883061281891955e-02
3.140000000000000124e+00 1.496595461849148725e-02
3.149999999999999911e+00 1.496713320986098501e-02
3.160000000000000142e+00 1.497464963155574133e-02
3.169999999999999929e+00 1.499319336577962375e-02
3.180000000000000160e+00 1.503063437422132859e-02
3.189999999999999947e+00 1.509934975830218816e-02
3.200000000000000178e+00 1.521815993323720126e-02
3.209999999999999964e+00 1.541349029338454427e-02
3.220000000000000195e+00 1.571775055255286713e-02
3.229999999999999982e+00 1.616449949347507214e-02
3.240000000000000213e+00 1.678230612767148133e-02
3.250000000000000000e+00 1.758933837176986439e-02
3.259999999999999787e+00 1.858824695575260130e-02
3.270000000000000018e+00 1.975957697883794217e-02
3.279999999999999805e+00 2.105475143935216578e-02
3.290000000000000036e+00 2.239384675485656465e-02
3.299999999999999822e+00 2.367319808077297458e-02
3.310000000000000053e+00 2.478240433872377912e-02
3.319999999999999840e+00 2.562484861715941947e-02
3.330000000000000071e+00 2.613516821590227551e-02
3.339999999999999858e+00 2.628998814108598342e-02
3.350000000000000089e+00 2.611005785552904593e-02
3.359999999999999876e+00 2.565168489478577424e-02
3.370000000000000107e+00 2.498761273568791269e-02
3.379999999999999893e+00 2.418459674233789866e-02
3.390000000000000124e+00 2.328987235428388314e-02
3.399999999999999911e+00 2.233302259195206127e-02
3.410000000000000142e+00 2.133744029949412660e-02
3.419999999999999929e+00 2.032976374314159410e-02
3.430000000000000160e+00 1.934130214906351966e-02
3.439999999999999947e+00 1.840419609068050591e-02
3.450000000000000178e+00 1.754754088268597675e-02
3.459999999999999964e+00 1.679505936984678274e-02
3.470000000000000195e+00 1.616278844830513345e-02
3.479999999999999982e+00 1.565682046779505107e-02
3.490000000000000213e+00 1.527570941192715921e-02
3.500000000000000000e+00 1.502865658012832693e-02
3.509999999999999787e+00 1.500044198156389418e-02
3.520000000000000018e+00 1.556334671726199853e-02
3.529999999999999805e+00 1.803080740311391317e-02
3.540000000000000036e+00 2.648385878815769090e-02
3.549999999999999822e+00 5.222492557532459889e-02
3.560000000000000053e+00 1.228857988829622078e-01
3.569999999999999840e+00 2.970289297239358528e-01
3.580000000000000071e+00 6.794152754293159013e-01
3.589999999999999858e+00 1.421182024737059013e+00
3.600000000000000089e+00 2.680424332321857950e+00
3.609999999999999876e+00 4.529573093555107732e+00
3.620000000000000107e+00 6.838374726996796937e+00
3.629999999999999893e+00 9.213288268090451538e+00
3.640000000000000124e+00 1.107805063224534692e+01
3.649999999999999911e+00 1.189817140272777785e+01
3.660000000000000142e+00 1.143225776254539028e+01
3.669999999999999929e+00 9.847424346383137461e+00
3.680000000000000160e+00 7.623526123213147265e+00
3.689999999999999947e+00 5.319908142686746721e+00
3.700000000000000178e+00 3.357353207541586393e+00
3.709999999999999964e+00 1.923445687522968628e+00
3.720000000000000195e+00 1.005255650132990786e+00
3.729999999999999982e+00 4.830655931336702014e-01
3.740000000000000213e+00 2.169038888017634226e-01
3.750000000000000000e+00 9.449492308750231939e-02
3.759999999999999787e+00 4.341772078815415298e-02
3.770000000000000018e+00 2.398456171284143665e-02
3.779999999999999805e+00 1.721083521261674784e-02
3.790000000000000036e+00 1.503782044163599722e-02
3.799999999999999822e+00 1.439354705938034225e-02
3.810000000000000053e+00 1.421634294039521990e-02
3.819999999999999840e+00 1.417096359905304324e-02
3.830000000000000071e+00 1.416009434121092217e-02
3.839999999999999858e+00 1.415764271166445459e-02
3.850000000000000089e+00 1.415711678805912747e-02
3.859999999999999876e+00 1.415700819510545307e-02
3.870000000000000107e+00 1.415698638800515219e-02
3.879999999999999893e+00 1.415698211098420992e-02
3.890000000000000124e+00 1.415698129436587273e-02
3.899999999999999911e+00 1.415698114353392510e-02
3.910000000000000142e+00 1.415698111660038290e-02
3.919999999999999929e+00 1.415698111185936976e-02
3.930000000000000160e+00 1.415698111096986948e-02
3.939999999999999947e+00 1.415698111074928205e-02
3.950000000000000178e+00 1.415698111065814835e-02
3.959999999999999964e+00 1.415698111060371966e-02
3.970000000000000195e+00 1.415698111056781089e-02
3.979999999999999982e+00 1.415698111054468009e-02
3.990000000000000213e+00 1.415698111053072250e-02
4.000000000000000000e+00 1.415698111052291625e-02
4.009999999999999787e+00 1.415698111051884832e-02
4.019999999999999574e+00 1.415698111051682910e-02
4.030000000000000249e+00 1.415698111051584204e-02
4.040000000000000036e+00 1.415698111051534765e-02
4.049999999999999822e+00 1.415698111051508570e-02
4.059999999999999609e+00 1.415698111051493825e-02
4.070000000000000284e+00 1.415698111051485325e-02
4.080000000000000071e+00 1.415698111051480641e-02
4.089999999999999858e+00 1.415698111051477866e-02
4.099999999999999645e+00 1.415698111051476304e-02
4.110000000000000320e+00 1.415698111051475611e-02
4.120000000000000107e+00 1.415698111051475090e-02
4.129999999999999893e+00 1.415698111051475090e-02
4.139999999999999680e+00 1.415698111051474743e-02
4.150000000000000355e+00 1.415698111051474743e-02
4.160000000000000142e+00 1.415698111051474743e-02
4.169999999999999929e+00 1.415698111051474396e-02
4.179999999999999716e+00 1.415698111051474396e-02
4.190000000000000391e+00 1.415698111051474396e-02
4.200000000000000178e+00 1.415698111051474396e-02
4.209999999999999964e+00 1.415698111051474396e-02
4.219999999999999751e+00 1.415698111051474396e-02
4.230000000000000426e+00 1.415698111051474396e-02
4.240000000000000213e+00 1.415698111051474396e-02
4.250000000000000000e+00 1.415698111051474396e-02
4.259999999999999787e+00 1.415698111051474396e-02
4.269999999999999574e+00 1.415698111051474396e-02
4.280000000000000249e+00 1.415698111051474396e-02
4.290000000000000036e+00 1.415698111051474396e-02
4.299999999999999822e+00 1.415698111051474396e-02
4.309999999999999609e+00 1.415698111051474396e-02
4.320000000000000284e+00 1.415698111051474396e-02
4.330000000000000071e+00 1.415698111051474396e-02
4.339999999999999858e+00 1.415698111051474396e-02
4.349999999999999645e+00 1.415698111051474396e-02
4.360000000000000320e+00 1.415698111051474396e-02
4.370000000000000107e+00 1.415698111051474396e-02
4.379999999999999893e+00 1.415698111051474396e-02
4.389999999999999680e+00 1.415698111051474396e-02
4.400000000000000355e+00 1.415698111051474396e-02
4.410000000000000142e+00 1.415698111051474396e-02
4.419999999999999929e+00 1.415698111051474396e-02
4.429999999999999716e+00 1.415698111051474396e-02
4.440000000000000391e+00 1.415698111051474396e-02
4.450000000000000178e+00 1.415698111051474396e-02
4.459999999999999964e+00 1.415698111051474396e-02
4.469999999999999751e+00 1.415698111051474396e-02
4.480000000000000426e+00 1.415698111051474396e-02
4.490000000000000213e+00 1.415698111051474396e-02
4.500000000000000000e+00 1.415698111051474396e-02
4.509999999999999787e+00 1.415698111051474396e-02
4.519999999999999574e+00 1.415698111051474396e-02
4.530000000000000249e+00 1.415698111051474396e-02
4.540000000000000036e+00 1.415698111051474396e-02
4.549999999999999822e+00 1.415698111051474396e-02
4.559999999999999609e+00 1.415698111051474396e-02
4.570000000000000284e+00 1.415698111051474396e-02
4.580000000000000071e+00 1.415698111051474396e-02
4.589999999999999858e+00 1.415698111051474396e-02
4.599999999999999645e+00 1.415698111051474396e-02
4.610000000000000320e+00 1.415698111051474396e-02
4.620000000000000107e+00 1.415698111051474396e-02
4.629999999999999893e+00 1.415698111051474396e-02
4.639999999999999680e+00 1.415698111051474396e-02
4.650000000000000355e+00 1.415698111051474396e-02
4.660000000000000142e+00 1.415698111051474396e-02
4.669999999999999929e+00 1.415698111051474396e-02
4.679999999999999716e+00 1.415698111051474396e-02
4.690000000000000391e+00 1.415698111051474396e-02
4.700000000000000178e+00 1.415698111051474396e-02
4.709999999999999964e+00 1.415698111051474396e-02
4.719999999999999751e+00 1.415698111051474396e-02
4.730000000000000426e+00 1.415698111051474396e-02
4.740000000000000213e+00 1.415698111051474396e-02
4.750000000000000000e+00 1.415698111051474396e-02
4.759999999999999787e+00 1.415698111051474396e-02
4.769999999999999574e+00 1.415698111051474396e-02
4.780000000000000249e+00 1.415698111051474396e-02
4.790000000000000036e+00 1.415698111051474396e-02
4.799999999999999822e+00 1.415698111051474396e-02
4.809999999999999609e+00 1.415698111051474396e-02
4.820000000000000284e+00 1.415698111051474396e-02
4.830000000000000071e+00 1.415698111051474396e-02
4.839999999999999858e+00 1.415698111051474396e-02
4.849999999999999645e+00 1.415698111051474396e-02
4.860000000000000320e+00 1.415698111051474396e-02
4.870000000000000107e+00 1.415698111051474396e-02
4.879999999999999893e+00 1.415698111051474396e-02
4.889999999999999680e+00 1.415698111051474396e-02
4.900000000000000355e+00 1.415698111051474396e-02
4.910000000000000142e+00 1.415698111051474396e-02
4.919999999999999929e+00 1.415698111051474396e-02
4.929999999999999716e+00 1.415698111051474396e-02
4.940000000000000391e+00 1.415698111051474396e-02
4.950000000000000178e+00 1.415698111051474396e-02
4.959999999999999964e+00 1.415698111051474396e-02
4.969999999999999751e+00 1.415698111051474396e-02
4.980000000000000426e+00 1.415698111051474396e-02
4.990000000000000213e+00 1.415698111051474396e-02
5.000000000000000000e+00 1.415698111051474396e-02
5.009999999999999787e+00 1.415698111051474396e-02
5.019999999999999574e+00 1.415698111051474396e-02
5.030000000000000249e+00 1.415698111051474396e-02
5.040000000000000036e+00 1.415698111051474396e-02
5.049999999999999822e+00 1.415698111051474396e-02
5.059999999999999609e+00 1.415698111051474396e-02
5.070000000000000284e+00 1.415698111051474396e-02
5.080000000000000071e+00 1.415698111051474396e-02
5.089999999999999858e+00 1.415698111051474396e-02
5.099999999999999645e+00 1.415698111051474396e-02
5.110000000000000320e+00 1.415698111051474396e-02
5.120000000000000107e+00 1.415698111051474396e-02
5.129999999999999893e+00 1.415698111051474396e-02
5.139999999999999680e+00 1.415698111051474396e-02
5.150000000000000355e+00 1.415698111051474396e-02
5.160000000000000142e+00 1.415698111051474396e-02
5.169999999999999929e+00 1.415698111051474396e-02
5.179999999999999716e+00 1.415698111051474396e-02
5.190000000000000391e+00 1.415698111051474396e-02
5.200000000000000178e+00 1.415698111051474396e-02
5.209999999999999964e+00 1.415698111051474396e-02
5.219999999999999751e+00 1.415698111051474396e-02
5.230000000000000426e+00 1.415698111051474396e-02
5.240000000000000213e+00 1.415698111051474396e-02
5.250000000000000000e+00 1.415698111051474396e-02
5.259999999999999787e+00 1.415698111051474396e-02
5.269999999999999574e+00 1.415698111051474396e-02
5.280000000000000249e+00 1.415698111051474396e-02
5.290000000000000036e+00 1.415698111051474396e-02
5.299999999999999822e+00 1.415698111051474396e-02
5.309999999999999609e+00 1.415698111051474396e-02
5.320000000000000284e+00 1.415698111051474396e-02
5.330000000000000071e+00 1.415698111051474396e-02
5.339999999999999858e+00 1.415698111051474396e-02
5.349999999999999645e+00 1.415698111051474396e-02
5.360000000000000320e+00 1.415698111051474396e-02
5.370000000000000107e+00 1.415698111051474396e-02
5.379999999999999893e+00 1.415698111051474396e-02
5.389999999999999680e+00 1.415698111051474396e-02
5.400000000000000355e+00 1.415698111051474396e-02
5.410000000000000142e+00 1.415698111051474396e-02
5.419999999999999929e+00 1.415698111051474396e-02
5.429999999999999716e+00 1.415698111051474396e-02
5.440000000000000391e+00 1.415698111051474396e-02
5.450000000000000178e+00 1.415698111051474396e-02
5.459999999999999964e+00 1.415698111051474396e-02
5.469999999999999751e+00 1.415698111051474396e-02
5.480000000000000426e+00 1.415698111051474396e-02
5.490000000000000213e+00 1.415698111051474396e-02
5.500000000000000000e+00 1.415698111051474396e-02
5.509999999999999787e+00 1.415698111051474396e-02
5.519999999999999574e+00 1.415698111051474396e-02
5.530000000000000249e+00 1.415698111051474396e-02
5.540000000000000036e+00 1.415698111051474396e-02
5.549999999999999822e+00 1.415698111051474396e-02
5.559999999999999609e+00 1.415698111051474396e-02
5.570000000000000284e+00 1.415698111051474396e-02
5.580000000000000071e+00 1.415698111051474396e-02
5.589999999999999858e+00 1.415698111051474396e-02
5.599999999999999645e+00 1.415698111051474396e-02
5.610000000000000320e+00 1.415698111051474396e-02
5.620000000000000107e+00 1.415698111051474396e-02
5.629999999999999893e+00 1.415698111051474396e-02
5.639999999999999680e+00 1.415698111051474396e-02
5.650000000000000355e+00 1.415698111051474396e-02
5.660000000000000142e+00 1.415698111051474396e-02
5.669999999999999929e+00 1.415698111051474396e-02
5.679999999999999716e+00 1.415698111051474396e-02
5.690000000000000391e+00 1.415698111051474396e-02
5.700000000000000178e+00 1.415698111051474396e-02
5.709999999999999964e+00 1.415698111051474396e-02
5.719999999999999751e+00 1.415698111051474396e-02
5.730000000000000426e+00 1.415698111051474396e-02
5.740000000000000213e+00 1.415698111051474396e-02
5.750000000000000000e+00 1.415698111051474396e-02
5.759999999999999787e+00 1.415698111051474396e-02
5.769999999999999574e+00 1.415698111051474396e-02
5.780000000000000249e+00 1.415698111051474396e-02
5.790000000000000036e+00 1.415698111051474396e-02
5.799999999999999822e+00 1.415698111051474396e-02
5.809999999999999609e+00 1.415698111051474396e-02
5.820000000000000284e+00 1.415698111051474396e-02
5.830000000000000071e+00 1.415698111051474396e-02
5.839999999999999858e+00 1.415698111051474396e-02
5.849999999999999645e+00 1.415698111051474396e-02
5.860000000000000320e+00 1.415698111051474396e-02
5.870000000000000107e+00 1.415698111051474396e-02
5.879999999999999893e+00 1.415698111051474396e-02
5.889999999999999680e+00 1.415698111051474396e-02
5.900000000000000355e+00 1.415698111051474396e-02
5.910000000000000142e+00 1.415698111051474396e-02
5.919999999999999929e+00 1.415698111051474396e-02
5.929999999999999716e+00 1.415698111051474396e-02
5.940000000000000391e+00 1.415698111051474396e-02
5.950000000000000178e+00 1.415698111051474396e-02
5.959999999999999964e+00 1.415698111051474396e-02
5.969999999999999751e+00 1.415698111051474396e-02
5.980000000000000426e+00 1.415698111051474396e-02
5.990000000000000213e+00 1.415698111051474396e-02
6.000000000000000000e+00 1.415698111051474396e-02
6.200000000000000178e+00 1.415698111051474396e-02
6.400000000000000355e+00 1.415698111051474396e-02
6.599999999999999645e+00 1.415698111051474396e-02
6.799999999999999822e+00 1.415698111051474396e-02
7.000000000000000000e+00 0.000000000000000000e+00
