0.000000000000000000e+00 0.000000000000000000e+00
1.000000000000000021e-02 1.415949814529515391e-02
2.000000000000000042e-02 1.416190526660907056e-02
2.999999999999999889e-02 1.416595439532162409e-02
4.000000000000000083e-02 1.417246621626213655e-02
5.000000000000000278e-02 1.418266978857480633e-02
5.999999999999999778e-02 1.419840742098069618e-02
7.000000000000000666e-02 1.422228741172800771e-02
8.000000000000000167e-02 1.425766025121568553e-02
8.999999999999999667e-02 1.430836366838525442e-02
1.000000000000000056e-01 1.437831830050593368e-02
1.100000000000000006e-01 1.447115511691905720e-02
1.199999999999999956e-01 1.459009468050496625e-02
1.300000000000000044e-01 1.473834524389531185e-02
1.400000000000000133e-01 1.492024469445261091e-02
1.499999999999999944e-01 1.514298262858048728e-02
1.600000000000000033e-01 1.541815884527783335e-02
1.700000000000000122e-01 1.576244745511818507e-02
1.799999999999999933e-01 1.619765372717650587e-02
1.900000000000000022e-01 1.675139925809931638e-02
2.000000000000000111e-01 1.745866842260743873e-02
2.099999999999999922e-01 1.836129341891554190e-02
2.200000000000000011e-01 1.950039552038038485e-02
2.300000000000000100e-01 2.090034053307177064e-02
2.399999999999999911e-01 2.255178034119173155e-02
2.500000000000000000e-01 2.440841985095472400e-02
2.600000000000000089e-01 2.640935278347255125e-02
2.700000000000000178e-01 2.852747907735595639e-02
2.800000000000000266e-01 3.083440238592653759e-02
2.899999999999999800e-01 3.356979393349179830e-02
2.999999999999999889e-01 3.720415046815127302e-02
3.099999999999999978e-01 4.247989412799684644e-02
3.200000000000000067e-01 5.040909227363142564e-02
3.300000000000000155e-01 6.221288091616627297e-02
3.400000000000000244e-01 7.921820981125751726e-02
3.499999999999999778e-01 1.027603720861574171e-01
3.599999999999999867e-01 1.341333313023281570e-01
3.699999999999999956e-01 1.745800189600102414e-01
3.800000000000000044e-01 2.252855268542716116e-01
3.900000000000000133e-01 2.873868097730737370e-01
4.000000000000000222e-01 3.620914160952912186e-01
4.099999999999999756e-01 4.509777242365173855e-01
4.199999999999999845e-01 5.564055919989180365e-01
4.299999999999999933e-01 6.818283393890688382e-01
4.400000000000000022e-01 8.317520124379804702e-01
4.500000000000000111e-01 1.011081307170910382e+00
4.600000000000000200e-01 1.223656517750123296e+00
4.699999999999999734e-01 1.470135844951128368e+00
4.799999999999999822e-01 1.745968578553195316e+00
4.899999999999999911e-01 2.040466029585501051e+00
5.000000000000000000e-01 2.337490282149127907e+00
5.100000000000000089e-01 2.617551955113149642e+00
5.200000000000000178e-01 2.860945311823577697e+00
5.300000000000000266e-01 3.051721719937801502e+00
5.400000000000000355e-01 3.181819018697646495e+00
5.500000000000000444e-01 3.253623541772470151e+00
5.600000000000000533e-01 3.279191348654389770e+00
5.699999999999999512e-01 3.276132540450390263e+00
5.799999999999999600e-01 3.262424662596525859e+00
5.899999999999999689e-01 3.253046092209257445e+00
5.999999999999999778e-01 3.259471418750554683e+00
6.099999999999999867e-01 3.289832220928794015e+00
6.199999999999999956e-01 3.345849108960594620e+00
6.300000000000000044e-01 3.415772504078023797e+00
6.400000000000000133e-01 3.469503754278017382e+00
6.500000000000000222e-01 3.464869807408648139e+00
6.600000000000000311e-01 3.365915736580928019e+00
6.700000000000000400e-01 3.161301257824130850e+00
6.800000000000000488e-01 2.868550725937557111e+00
6.899999999999999467e-01 2.522375055542582789e+00
6.999999999999999556e-01 2.158767702135409028e+00
7.099999999999999645e-01 1.806518722111694730e+00
7.199999999999999734e-01 1.486883253588859422e+00
7.299999999999999822e-01 1.214712289125951861e+00
7.399999999999999911e-01 9.971813405959241150e-01
7.500000000000000000e-01 8.323991204871250549e-01
7.600000000000000089e-01 7.111343611103355666e-01
7.700000000000000178e-01 6.212743169501664386e-01
7.800000000000000266e-01 5.521486674860337507e-01
7.900000000000000355e-01 4.966537606421274620e-01
8.000000000000000444e-01 4.510695377582468746e-01
8.100000000000000533e-01 4.136288459709842047e-01
8.199999999999999512e-01 3.830764019083274796e-01
8.299999999999999600e-01 3.579810469666575012e-01
8.399999999999999689e-01 3.368089234225802309e-01
8.499999999999999778e-01 3.182635668545996110e-01
8.599999999999999867e-01 3.014571875720342131e-01
8.699999999999999956e-01 2.858385685533256226e-01
8.800000000000000044e-01 2.710328890841730010e-01
8.900000000000000133e-01 2.567264000328371987e-01
9.000000000000000222e-01 2.426216140305005320e-01
9.100000000000000311e-01 2.284418848201390240e-01
9.200000000000000400e-01 2.139690074701749156e-01
9.300000000000000488e-01 1.990961614982859895e-01
9.399999999999999467e-01 1.838683619554934146e-01
9.499999999999999556e-01 1.684877453148242443e-01
9.599999999999999645e-01 1.532780553213535513e-01
9.699999999999999734e-01 1.386170503318084890e-01
9.799999999999999822e-01 1.248578518006427385e-01
9.899999999999999911e-01 1.122672865390225566e-01
1.000000000000000000e+00 1.009977338029945243e-01
1.010000000000000009e+00 9.108584039040452940e-02
1.020000000000000018e+00 8.246361070924211611e-02
1.030000000000000027e+00 7.498000790562954487e-02
1.040000000000000036e+00 6.843924005696729040e-02
1.050000000000000044e+00 6.265027470821117606e-02
1.060000000000000053e+00 5.746715542159504253e-02
1.070000000000000062e+00 5.280246847480623423e-02
1.080000000000000071e+00 4.861427525601480504e-02
1.090000000000000080e+00 4.488124116316136170e-02
1.100000000000000089e+00 4.158111547272881625e-02
1.110000000000000098e+00 3.867983281310720389e-02
1.120000000000000107e+00 3.613194626842795160e-02
1.129999999999999893e+00 3.388994731299167090e-02
1.139999999999999902e+00 3.191707967850333089e-02
1.149999999999999911e+00 3.019543871077252917e-02
1.159999999999999920e+00 2.872259313170844042e-02
1.169999999999999929e+00 2.749728361174631763e-02
1.179999999999999938e+00 2.650304423914624091e-02
1.189999999999999947e+00 2.570067980153283721e-02
1.199999999999999956e+00 2.503424973609296930e-02
1.209999999999999964e+00 2.444584287741143752e-02
1.219999999999999973e+00 2.388964180207969745e-02
1.229999999999999982e+00 2.333833662457241234e-02
1.239999999999999991e+00 2.278117961150255902e-02
1.250000000000000000e+00 2.221763623682419114e-02
1.260000000000000009e+00 2.165140177419094467e-02
1.270000000000000018e+00 2.108740106413011309e-02
1.280000000000000027e+00 2.053147440355756331e-02
1.290000000000000036e+00 1.999077158147629166e-02
1.300000000000000044e+00 1.947318810993251340e-02
1.310000000000000053e+00 1.898568996193156916e-02
1.320000000000000062e+00 1.853259168161714918e-02
1.330000000000000071e+00 1.811489852049612617e-02
1.340000000000000080e+00 1.773097299088522913e-02
1.350000000000000089e+00 1.737792491664986658e-02
1.360000000000000098e+00 1.705287419908612517e-02
1.370000000000000107e+00 1.675358525971407456e-02
1.379999999999999893e+00 1.647850206953073784e-02
1.389999999999999902e+00 1.622651327885909003e-02
1.399999999999999911e+00 1.599672543640807965e-02
1.409999999999999920e+00 1.578830346496278708e-02
1.419999999999999929e+00 1.560031860285071049e-02
1.429999999999999938e+00 1.543160227088606444e-02
1.439999999999999947e+00 1.528069471121274586e-02
1.449999999999999956e+00 1.514595240023642805e-02
1.459999999999999964e+00 1.502576281490550225e-02
1.469999999999999973e+00 1.491873887343185198e-02
1.479999999999999982e+00 1.482379414331110902e-02
1.489999999999999991e+00 1.474008620349238387e-02
1.500000000000000000e+00 1.466688277795020860e-02
1.510000000000000009e+00 1.460342488749659905e-02
1.520000000000000018e+00 1.454884597810520916e-02
1.530000000000000027e+00 1.450217068746201959e-02
1.540000000000000036e+00 1.446237251422798249e-02
1.550000000000000044e+00 1.442843841742691424e-02
1.560000000000000053e+00 1.439939635881481300e-02
1.570000000000000062e+00 1.437430723946663165e-02
1.580000000000000071e+00 1.435226447875078380e-02
1.590000000000000080e+00 1.433243924459690413e-02
1.600000000000000089e+00 1.431416165029342560e-02
1.610000000000000098e+00 1.429698874331959517e-02
1.620000000000000107e+00 1.428071729785610269e-02
1.629999999999999893e+00 1.426533894539545183e-02
1.639999999999999902e+00 1.425096568966636307e-02
1.649999999999999911e+00 1.423775575236197258e-02
1.659999999999999920e+00 1.422585512197798753e-02
1.669999999999999929e+00 1.421535806759616563e-02
1.679999999999999938e+00 1.420628654614726483e-02
1.689999999999999947e+00 1.419858856405255450e-02
1.699999999999999956e+00 1.419215269487474410e-02
1.709999999999999964e+00 1.418683072298042996e-02
1.719999999999999973e+00 1.418245907438452774e-02
1.729999999999999982e+00 1.417887464479107920e-02
1.739999999999999991e+00 1.417592610116406512e-02
1.750000000000000000e+00 1.417348221491703496e-02
1.760000000000000009e+00 1.417143640517232878e-02
1.770000000000000018e+00 1.416970644060195662e-02
1.780000000000000027e+00 1.416823050340518080e-02
1.790000000000000036e+00 1.416696226085894898e-02
1.800000000000000044e+00 1.416586674755530156e-02
1.810000000000000053e+00 1.416491725992295378e-02
1.820000000000000062e+00 1.416409280084387351e-02
1.830000000000000071e+00 1.416337593891544601e-02
1.840000000000000080e+00 1.416275135735160610e-02
1.850000000000000089e+00 1.416220529833000542e-02
1.860000000000000098e+00 1.416172572091600398e-02
1.870000000000000107e+00 1.416130270962561236e-02
1.879999999999999893e+00 1.416092868708757405e-02
1.889999999999999902e+00 1.416059819483497968e-02
1.899999999999999911e+00 1.416030724294121967e-02
1.909999999999999920e+00 1.416005241172731480e-02
1.919999999999999929e+00 1.415982999268527130e-02
1.929999999999999938e+00 1.415963545148575878e-02
1.939999999999999947e+00 1.415946337412711531e-02
1.949999999999999956e+00 1.415930787681705071e-02
1.959999999999999964e+00 1.415916331502923425e-02
1.969999999999999973e+00 1.415902506207490467e-02
1.979999999999999982e+00 1.415889012270063821e-02
1.989999999999999991e+00 1.415875738588037898e-02
2.000000000000000000e+00 1.415862741943905989e-02
2.009999999999999787e+00 1.415850186304844389e-02
2.020000000000000018e+00 1.415838262703856404e-02
2.029999999999999805e+00 1.415827118441303004e-02
2.040000000000000036e+00 1.415816821348516580e-02
2.049999999999999822e+00 1.415807369397982518e-02
2.060000000000000053e+00 1.415798732118365121e-02
2.069999999999999840e+00 1.415790892326672726e-02
2.080000000000000071e+00 1.415783860317052292e-02
2.089999999999999858e+00 1.415777656605427502e-02
2.100000000000000089e+00 1.415772282981147406e-02
2.109999999999999876e+00 1.415767705672356727e-02
2.120000000000000107e+00 1.415763859731946489e-02
2.129999999999999893e+00 1.415760666749541798e-02
2.140000000000000124e+00 1.415758052218141737e-02
2.149999999999999911e+00 1.415755954438850835e-02
2.160000000000000142e+00 1.415754324988099076e-02
2.169999999999999929e+00 1.415753124084489015e-02
2.180000000000000160e+00 1.415752312447192754e-02
2.189999999999999947e+00 1.415751839764637331e-02
2.200000000000000178e+00 1.415751632581580682e-02
2.209999999999999964e+00 1.415751588542691480e-02
2.220000000000000195e+00 1.415751583436023267e-02
2.229999999999999982e+00 1.415751490711247493e-02
2.240000000000000213e+00 1.415751205152200425e-02
2.250000000000000000e+00 1.415750659753317771e-02
2.259999999999999787e+00 1.415749829587823090e-02
2.270000000000000018e+00 1.415748724397920301e-02
2.279999999999999805e+00 1.415747376542022921e-02
2.290000000000000036e+00 1.415745830436573871e-02
2.299999999999999822e+00 1.415744136424319441e-02
2.310000000000000053e+00 1.415742349451982497e-02
2.319999999999999840e+00 1.415740531857295585e-02
2.330000000000000071e+00 1.415738759112373374e-02
2.339999999999999858e+00 1.415737126010370439e-02
2.350000000000000089e+00 1.415735746517946848e-02
2.359999999999999876e+00 1.415734734939362235e-02
2.370000000000000107e+00 1.415734159328856621e-02
2.379999999999999893e+00 1.415733981093961549e-02
2.390000000000000124e+00 1.415734026291532409e-02
2.399999999999999911e+00 1.415734035726339511e-02
2.410000000000000142e+00 1.415733788099683525e-02
2.419999999999999929e+00 1.415733219795557024e-02
2.430000000000000160e+00 1.415732450029753321e-02
2.439999999999999947e+00 1.415731687614686304e-02
2.450000000000000178e+00 1.415731087887902272e-02
2.459999999999999964e+00 1.415730662575901203e-02
2.470000000000000195e+00 1.415730296086384170e-02
2.479999999999999982e+00 1.415729838787515606e-02
2.490000000000000213e+00 1.415729202017291036e-02
2.500000000000000000e+00 1.415728397547730971e-02
2.509999999999999787e+00 1.415727515587864548e-02
2.520000000000000018e+00 1.415726673818424111e-02
2.529999999999999805e+00 1.415725975069872210e-02
2.540000000000000036e+00 1.415725492864034624e-02
2.549999999999999822e+00 1.415725281770973190e-02
2.560000000000000053e+00 1.415725396805183472e-02
2.569999999999999840e+00 1.415725906328616814e-02
2.580000000000000071e+00 1.415726892101148299e-02
2.589999999999999858e+00 1.415728440674325801e-02
2.600000000000000089e+00 1.415730635149014573e-02
2.609999999999999876e+00 1.415733552331847021e-02
2.620000000000000107e+00 1.415737260890486716e-02
2.629999999999999893e+00 1.415741809812092432e-02
2.640000000000000124e+00 1.415747200841227689e-02
2.649999999999999911e+00 1.415753352458158469e-02
2.660000000000000142e+00 1.415760075178545442e-02
2.669999999999999929e+00 1.415767076077411799e-02
2.680000000000000160e+00 1.415773993300938581e-02
2.689999999999999947e+00 1.415780442418048193e-02
2.700000000000000178e+00 1.415786052713484226e-02
2.709999999999999964e+00 1.415790487905300640e-02
2.720000000000000195e+00 1.415793469645489078e-02
2.729999999999999982e+00 1.415794830339305727e-02
2.740000000000000213e+00 1.415794597536088224e-02
2.750000000000000000e+00 1.415793066285882078e-02
2.759999999999999787e+00 1.415790790639695831e-02
2.770000000000000018e+00 1.415788459290891026e-02
2.779999999999999805e+00 1.415786699616091923e-02
2.790000000000000036e+00 1.415785913595530958e-02
2.799999999999999822e+00 1.415786232706003553e-02
2.810000000000000053e+00 1.415787598932631390e-02
2.819999999999999840e+00 1.415789902914562325e-02
2.830000000000000071e+00 1.415793093965263434e-02
2.839999999999999858e+00 1.415797218350444385e-02
2.850000000000000089e+00 1.415802397219659801e-02
2.859999999999999876e+00 1.415808783090170830e-02
2.870000000000000107e+00 1.415816523854809654e-02
2.879999999999999893e+00 1.415825735089656229e-02
2.890000000000000124e+00 1.415836465312083486e-02
2.899999999999999911e+00 1.415848649968956194e-02
2.910000000000000142e+00 1.415862071953637863e-02
2.919999999999999929e+00 1.415876349323601582e-02
2.930000000000000160e+00 1.415890948311198869e-02
2.939999999999999947e+00 1.415905199958205143e-02
2.950000000000000178e+00 1.415918312261044663e-02
2.959999999999999964e+00 1.415929407012775539e-02
2.970000000000000195e+00 1.415937622055658818e-02
2.979999999999999982e+00 1.415942275069023183e-02
2.990000000000000213e+00 1.415943023860764989e-02
3.000000000000000000e+00 1.415939948322075120e-02
3.009999999999999787e+00 1.415933528483839972e-02
3.020000000000000018e+00 1.415924543967216412e-02
3.029999999999999805e+00 1.415913931596230607e-02
3.040000000000000036e+00 1.415902627633406491e-02
3.049999999999999822e+00 1.415891421422614364e-02
3.060000000000000053e+00 1.415880857079872789e-02
3.069999999999999840e+00 1.415871213334637772e-02
3.080000000000000071e+00 1.415862558871278098e-02
3.089999999999999858e+00 1.415854845757889835e-02
3.100000000000000089e+00 1.415847997348200493e-02
3.109999999999999876e+00 1.415841968787278672e-02
3.120000000000000107e+00 1.415836779988871759e-02
3.129999999999999893e+00 1.415832524770012368e-02
3.140000000000000124e+00 1.415829355265854628e-02
3.149999999999999911e+00 1.415827445020372000e-02
3.160000000000000142e+00 1.415826947487731219e-02
3.169999999999999929e+00 1.415827972142705109e-02
3.180000000000000160e+00 1.415830586607286223e-02
3.189999999999999947e+00 1.415834832275318818e-02
3.200000000000000178e+00 1.415840735277645347e-02
3.209999999999999964e+00 1.415848307667844259e-02
3.220000000000000195e+00 1.415857545914660058e-02
3.229999999999999982e+00 1.415868428706710570e-02
3.240000000000000213e+00 1.415880900355698073e-02
3.250000000000000000e+00 1.415894823207425324e-02
3.259999999999999787e+00 1.415909907800677429e-02
3.270000000000000018e+00 1.415925666070190145e-02
3.279999999999999805e+00 1.415941438963173177e-02
3.290000000000000036e+00 1.415956506616308612e-02
3.299999999999999822e+00 1.415970232222187562e-02
3.310000000000000053e+00 1.415982172519014703e-02
3.319999999999999840e+00 1.415992118353789561e-02
3.330000000000000071e+00 1.416000073121168046e-02
3.339999999999999858e+00 1.416006201533257826e-02
3.350000000000000089e+00 1.416010780064491312e-02
3.359999999999999876e+00 1.416014165381888727e-02
3.370000000000000107e+00 1.416016784587426254e-02
3.379999999999999893e+00 1.416019153447180441e-02
3.390000000000000124e+00 1.416021938656367510e-02
3.399999999999999911e+00 1.416026065765401895e-02
3.410000000000000142e+00 1.416032813456488682e-02
3.419999999999999929e+00 1.416043766050630905e-02
3.430000000000000160e+00 1.416060512631233358e-02
3.439999999999999947e+00 1.416084135104166142e-02
3.450000000000000178e+00 1.416114734125287732e-02
3.459999999999999964e+00 1.416151312250053113e-02
3.470000000000000195e+00 1.416192145850346876e-02
3.479999999999999982e+00 1.416235439422137803e-02
3.490000000000000213e+00 1.416279862661258201e-02
3.500000000000000000e+00 1.416324712239394601e-02
3.509999999999999787e+00 1.416369761703833129e-02
3.520000000000000018e+00 1.416415024146159066e-02
3.529999999999999805e+00 1.416460530863235083e-02
3.540000000000000036e+00 1.416506054336905650e-02
3.549999999999999822e+00 1.416550758875404110e-02
3.560000000000000053e+00 1.416593008579268564e-02
3.569999999999999840e+00 1.416630635791723929e-02
3.580000000000000071e+00 1.416661648556689912e-02
3.589999999999999858e+00 1.416684933523362430e-02
3.600000000000000089e+00 1.416700489208938367e-02
3.609999999999999876e+00 1.416709125413814947e-02
3.620000000000000107e+00 1.416711924416684011e-02
3.629999999999999893e+00 1.416709773303203787e-02
3.640000000000000124e+00 1.416703095680235495e-02
3.649999999999999911e+00 1.416691792486225905e-02
3.660000000000000142e+00 1.416675378410192643e-02
3.669999999999999929e+00 1.416653266716965190e-02
3.680000000000000160e+00 1.416625084322240338e-02
3.689999999999999947e+00 1.416590871218058323e-02
3.700000000000000178e+00 1.416551089420964131e-02
3.709999999999999964e+00 1.416506485175810133e-02
3.720000000000000195e+00 1.416457922591303834e-02
3.729999999999999982e+00 1.416406304601781040e-02
3.740000000000000213e+00 1.416352636735012695e-02
3.750000000000000000e+00 1.416298185457012804e-02
3.759999999999999787e+00 1.416244577422915915e-02
3.770000000000000018e+00 1.416193686230565046e-02
3.779999999999999805e+00 1.416147313644028523e-02
3.790000000000000036e+00 1.416106851490516946e-02
3.799999999999999822e+00 1.416073104663709975e-02
3.810000000000000053e+00 1.416046281863236889e-02
3.819999999999999840e+00 1.416026043802851367e-02
3.830000000000000071e+00 1.416011560077771667e-02
3.839999999999999858e+00 1.416001637415187017e-02
3.850000000000000089e+00 1.415994962572558052e-02
3.859999999999999876e+00 1.415990361623380850e-02
3.870000000000000107e+00 1.415986904482959170e-02
3.879999999999999893e+00 1.415983805167804824e-02
3.890000000000000124e+00 1.415980259022828376e-02
3.899999999999999911e+00 1.415975390780418834e-02
3.910000000000000142e+00 1.415968341203775911e-02
3.919999999999999929e+00 1.415958397267190472e-02
3.930000000000000160e+00 1.415945103357366466e-02
3.939999999999999947e+00 1.415928379540626683e-02
3.950000000000000178e+00 1.415908654596967527e-02
3.959999999999999964e+00 1.415886906049971042e-02
3.970000000000000195e+00 1.415864470133144926e-02
3.979999999999999982e+00 1.415842648667295540e-02
3.990000000000000213e+00 1.415822340531019095e-02
4.000000000000000000e+00 1.415803919153782627e-02
4.009999999999999787e+00 1.415787366374540376e-02
4.019999999999999574e+00 1.415772498520059125e-02
4.030000000000000249e+00 1.415759135657368266e-02
4.040000000000000036e+00 1.415747180766673864e-02
4.049999999999999822e+00 1.415736639388037559e-02
4.059999999999999609e+00 1.415727594897648808e-02
4.070000000000000284e+00 1.415720136762329065e-02
4.080000000000000071e+00 1.415714267467512930e-02
4.089999999999999858e+00 1.415709847998517651e-02
4.099999999999999645e+00 1.415706621487020957e-02
4.110000000000000320e+00 1.415704292238472578e-02
4.120000000000000107e+00 1.415702601025835457e-02
4.129999999999999893e+00 1.415701358127847628e-02
4.139999999999999680e+00 1.415700437725021799e-02
4.150000000000000355e+00 1.415699757621126202e-02
4.160000000000000142e+00 1.415699261712439171e-02
4.169999999999999929e+00 1.415698909066393125e-02
4.179999999999999716e+00 1.415698667274912191e-02
4.190000000000000391e+00 1.415698508549484251e-02
4.200000000000000178e+00 1.415698408494265974e-02
4.209999999999999964e+00 1.415698346818012633e-02
4.219999999999999751e+00 1.415698308245723000e-02
4.230000000000000426e+00 1.415698282428164145e-02
4.240000000000000213e+00 1.415698262999216805e-02
4.250000000000000000e+00 1.415698246520746134e-02
4.259999999999999787e+00 1.415698231638382390e-02
4.269999999999999574e+00 1.415698218268459166e-02
4.280000000000000249e+00 1.415698206711257963e-02
4.290000000000000036e+00 1.415698196961787808e-02
4.299999999999999822e+00 1.415698188533679423e-02
4.309999999999999609e+00 1.415698180739052500e-02
4.320000000000000284e+00 1.415698173060274748e-02
4.330000000000000071e+00 1.415698165326937166e-02
4.339999999999999858e+00 1.415698157681114823e-02
4.349999999999999645e+00 1.415698150454985753e-02
4.360000000000000320e+00 1.415698144042111875e-02
4.370000000000000107e+00 1.415698138771568498e-02
4.379999999999999893e+00 1.415698134798152631e-02
4.389999999999999680e+00 1.415698132057130638e-02
4.400000000000000355e+00 1.415698130313537521e-02
4.410000000000000142e+00 1.415698129270502419e-02
4.419999999999999929e+00 1.415698128665866980e-02
4.429999999999999716e+00 1.415698128314807173e-02
4.440000000000000391e+00 1.415698128105365335e-02
4.450000000000000178e+00 1.415698127975546262e-02
4.459999999999999964e+00 1.415698127892389864e-02
4.469999999999999751e+00 1.415698127838491832e-02
4.480000000000000426e+00 1.415698127804222023e-02
4.490000000000000213e+00 1.415698127783435005e-02
4.500000000000000000e+00 1.415698127771516587e-02
4.509999999999999787e+00 1.415698127764875719e-02
4.519999999999999574e+00 1.415698127760966867e-02
4.530000000000000249e+00 1.415698127758237453e-02
4.540000000000000036e+00 1.415698127755901994e-02
4.549999999999999822e+00 1.415698127753676171e-02
4.559999999999999609e+00 1.415698127751567614e-02
4.570000000000000284e+00 1.415698127749712154e-02
4.580000000000000071e+00 1.415698127748242670e-02
4.589999999999999858e+00 1.415698127747203570e-02
4.599999999999999645e+00 1.415698127746541427e-02
4.610000000000000320e+00 1.415698127746150073e-02
4.620000000000000107e+00 1.415698127745924385e-02
4.629999999999999893e+00 1.415698127745790465e-02
4.639999999999999680e+00 1.415698127745706157e-02
4.650000000000000355e+00 1.415698127745650126e-02
4.660000000000000142e+00 1.415698127745612309e-02
4.669999999999999929e+00 1.415698127745587676e-02
4.679999999999999716e+00 1.415698127745572237e-02
4.690000000000000391e+00 1.415698127745563216e-02
4.700000000000000178e+00 1.415698127745558532e-02
4.709999999999999964e+00 1.415698127745556104e-02
4.719999999999999751e+00 1.415698127745555063e-02
4.730000000000000426e+00 1.415698127745554542e-02
4.740000000000000213e+00 1.415698127745554542e-02
4.750000000000000000e+00 1.415698127745554195e-02
4.759999999999999787e+00 1.415698127745554195e-02
4.769999999999999574e+00 1.415698127745554195e-02
4.780000000000000249e+00 1.415698127745553848e-02
4.790000000000000036e+00 1.415698127745553848e-02
4.799999999999999822e+00 1.415698127745553848e-02
4.809999999999999609e+00 1.415698127745553848e-02
4.820000000000000284e+00 1.415698127745553848e-02
4.830000000000000071e+00 1.415698127745553848e-02
4.839999999999999858e+00 1.415698127745553848e-02
4.849999999999999645e+00 1.415698127745553848e-02
4.860000000000000320e+00 1.415698127745553848e-02
4.870000000000000107e+00 1.415698127745553848e-02
4.879999999999999893e+00 1.415698127745553848e-02
4.889999999999999680e+00 1.415698127745553848e-02
4.900000000000000355e+00 1.415698127745553848e-02
4.910000000000000142e+00 1.415698127745553848e-02
4.919999999999999929e+00 1.415698127745553848e-02
4.929999999999999716e+00 1.415698127745553848e-02
4.940000000000000391e+00 1.415698127745553848e-02
4.950000000000000178e+00 1.415698127745553848e-02
4.959999999999999964e+00 1.415698127745553848e-02
4.969999999999999751e+00 1.415698127745553848e-02
4.980000000000000426e+00 1.415698127745553848e-02
4.990000000000000213e+00 1.415698127745553848e-02
5.000000000000000000e+00 1.415698127745553848e-02
5.009999999999999787e+00 1.415698127745553848e-02
5.019999999999999574e+00 1.415698127745553848e-02
5.030000000000000249e+00 1.415698127745553848e-02
5.040000000000000036e+00 1.415698127745553848e-02
5.049999999999999822e+00 1.415698127745553848e-02
5.059999999999999609e+00 1.415698127745553848e-02
5.070000000000000284e+00 1.415698127745553848e-02
5.080000000000000071e+00 1.415698127745553848e-02
5.089999999999999858e+00 1.415698127745553848e-02
5.099999999999999645e+00 1.415698127745553848e-02
5.110000000000000320e+00 1.415698127745553848e-02
5.120000000000000107e+00 1.415698127745553848e-02
5.129999999999999893e+00 1.415698127745553848e-02
5.139999999999999680e+00 1.415698127745553848e-02
5.150000000000000355e+00 1.415698127745553848e-02
5.160000000000000142e+00 1.415698127745553848e-02
5.169999999999999929e+00 1.415698127745553848e-02
5.179999999999999716e+00 1.415698127745553848e-02
5.190000000000000391e+00 1.415698127745553848e-02
5.200000000000000178e+00 1.415698127745553848e-02
5.209999999999999964e+00 1.415698127745553848e-02
5.219999999999999751e+00 1.415698127745553848e-02
5.230000000000000426e+00 1.415698127745553848e-02
5.240000000000000213e+00 1.415698127745553848e-02
5.250000000000000000e+00 1.415698127745553848e-02
5.259999999999999787e+00 1.415698127745553848e-02
5.269999999999999574e+00 1.415698127745553848e-02
5.280000000000000249e+00 1.415698127745553848e-02
5.290000000000000036e+00 1.415698127745553848e-02
5.299999999999999822e+00 1.415698127745553848e-02
5.309999999999999609e+00 1.415698127745553848e-02
5.320000000000000284e+00 1.415698127745553848e-02
5.330000000000000071e+00 1.415698127745553848e-02
5.339999999999999858e+00 1.415698127745553848e-02
5.349999999999999645e+00 1.415698127745553848e-02
5.360000000000000320e+00 1.415698127745553848e-02
5.370000000000000107e+00 1.415698127745553848e-02
5.379999999999999893e+00 1.415698127745553848e-02
5.389999999999999680e+00 1.415698127745553848e-02
5.400000000000000355e+00 1.415698127745553848e-02
5.410000000000000142e+00 1.415698127745553848e-02
5.419999999999999929e+00 1.415698127745553848e-02
5.429999999999999716e+00 1.415698127745553848e-02
5.440000000000000391e+00 1.415698127745553848e-02
5.450000000000000178e+00 1.415698127745553848e-02
5.459999999999999964e+00 1.415698127745553848e-02
5.469999999999999751e+00 1.415698127745553848e-02
5.480000000000000426e+00 1.415698127745553848e-02
5.490000000000000213e+00 1.415698127745553848e-02
5.500000000000000000e+00 1.415698127745553848e-02
5.509999999999999787e+00 1.415698127745553848e-02
5.519999999999999574e+00 1.415698127745553848e-02
5.530000000000000249e+00 1.415698127745553848e-02
5.540000000000000036e+00 1.415698127745553848e-02
5.549999999999999822e+00 1.415698127745553848e-02
5.559999999999999609e+00 1.415698127745553848e-02
5.570000000000000284e+00 1.415698127745553848e-02
5.580000000000000071e+00 1.415698127745553848e-02
5.589999999999999858e+00 1.415698127745553848e-02
5.599999999999999645e+00 1.415698127745553848e-02
5.610000000000000320e+00 1.415698127745553848e-02
5.620000000000000107e+00 1.415698127745553848e-02
5.629999999999999893e+00 1.415698127745553848e-02
5.639999999999999680e+00 1.415698127745553848e-02
5.650000000000000355e+00 1.415698127745553848e-02
5.660000000000000142e+00 1.415698127745553848e-02
5.669999999999999929e+00 1.415698127745553848e-02
5.679999999999999716e+00 1.415698127745553848e-02
5.690000000000000391e+00 1.415698127745553848e-02
5.700000000000000178e+00 1.415698127745553848e-02
5.709999999999999964e+00 1.415698127745553848e-02
5.719999999999999751e+00 1.415698127745553848e-02
5.730000000000000426e+00 1.415698127745553848e-02
5.740000000000000213e+00 1.415698127745553848e-02
5.750000000000000000e+00 1.415698127745553848e-02
5.759999999999999787e+00 1.415698127745553848e-02
5.769999999999999574e+00 1.415698127745553848e-02
5.780000000000000249e+00 1.415698127745553848e-02
5.790000000000000036e+00 1.415698127745553848e-02
5.799999999999999822e+00 1.415698127745553848e-02
5.809999999999999609e+00 1.415698127745553848e-02
5.820000000000000284e+00 1.415698127745553848e-02
5.830000000000000071e+00 1.415698127745553848e-02
5.839999999999999858e+00 1.415698127745553848e-02
5.849999999999999645e+00 1.415698127745553848e-02
5.860000000000000320e+00 1.415698127745553848e-02
5.870000000000000107e+00 1.415698127745553848e-02
5.879999999999999893e+00 1.415698127745553848e-02
5.889999999999999680e+00 1.415698127745553848e-02
5.900000000000000355e+00 1.415698127745553848e-02
5.910000000000000142e+00 1.415698127745553848e-02
5.919999999999999929e+00 1.415698127745553848e-02
5.929999999999999716e+00 1.415698127745553848e-02
5.940000000000000391e+00 1.415698127745553848e-02
5.950000000000000178e+00 1.415698127745553848e-02
5.959999999999999964e+00 1.415698127745553848e-02
5.969999999999999751e+00 1.415698127745553848e-02
5.980000000000000426e+00 1.415698127745553848e-02
5.990000000000000213e+00 1.415698127745553848e-02
6.000000000000000000e+00 1.415698127745553848e-02
6.200000000000000178e+00 1.415698127745553848e-02
6.400000000000000355e+00 1.415698127745553848e-02
6.599999999999999645e+00 1.415698127745553848e-02
6.799999999999999822e+00 1.415698127745553848e-02
7.000000000000000000e+00 0.000000000000000000e+00
