0.000000000000000000e+00 0.000000000000000000e+00
1.000000000000000021e-02 2.042211272914591091e-01
2.000000000000000042e-02 2.655181010392145269e-01
2.999999999999999889e-02 3.169328102745102016e-01
4.000000000000000083e-02 3.532707746319941888e-01
5.000000000000000278e-02 3.749991939278198294e-01
5.999999999999999778e-02 3.861086338634800441e-01
7.000000000000000666e-02 3.910919404716070580e-01
8.000000000000000167e-02 3.931607632196462698e-01
8.999999999999999667e-02 3.940173123655327792e-01
1.000000000000000056e-01 3.943764131455845257e-01
1.100000000000000006e-01 3.945007104642698215e-01
1.199999999999999956e-01 3.945029205367955871e-01
1.300000000000000044e-01 3.944612370470484963e-01
1.400000000000000133e-01 3.944380601052046575e-01
1.499999999999999944e-01 3.944590372666199052e-01
1.600000000000000033e-01 3.944913479037970849e-01
1.700000000000000122e-01 3.944497000606117521e-01
1.799999999999999933e-01 3.942353534619393307e-01
1.900000000000000022e-01 3.937893647447970880e-01
2.000000000000000111e-01 3.931369031062701969e-01
2.099999999999999922e-01 3.924104996019985303e-01
2.200000000000000011e-01 3.918446330688706847e-01
2.300000000000000100e-01 3.917287933158278834e-01
2.399999999999999911e-01 3.923139813862528968e-01
2.500000000000000000e-01 3.937007353824600875e-01
2.600000000000000089e-01 3.957680844693354238e-01
2.700000000000000178e-01 3.981922927144296298e-01
2.800000000000000266e-01 4.005501356233234778e-01
2.899999999999999800e-01 4.024486890871430966e-01
2.999999999999999889e-01 4.036164732575446279e-01
3.099999999999999978e-01 4.039279626320130268e-01
3.200000000000000067e-01 4.033769778237019099e-01
3.300000000000000155e-01 4.020333266737490252e-01
3.400000000000000244e-01 4.000100527825826147e-01
3.499999999999999778e-01 3.974505069229267717e-01
3.599999999999999867e-01 3.945267059038375934e-01
3.699999999999999956e-01 3.914301929329362939e-01
3.800000000000000044e-01 3.883414580400294525e-01
3.900000000000000133e-01 3.853847832608863766e-01
4.000000000000000222e-01 3.825957198391130576e-01
4.099999999999999756e-01 3.799255244442975021e-01
4.199999999999999845e-01 3.772799760134041835e-01
4.299999999999999933e-01 3.745659364247712619e-01
4.400000000000000022e-01 3.717208943943939303e-01
4.500000000000000111e-01 3.687212549770844117e-01
4.600000000000000200e-01 3.655802473313057854e-01
4.699999999999999734e-01 3.623452312972031963e-01
4.799999999999999822e-01 3.590965233322481187e-01
4.899999999999999911e-01 3.559486184528374841e-01
5.000000000000000000e-01 3.530588072658424892e-01
5.100000000000000089e-01 3.506432515810288808e-01
5.200000000000000178e-01 3.489802637820326181e-01
5.300000000000000266e-01 3.483668116324966646e-01
5.400000000000000355e-01 3.490194048671901306e-01
5.500000000000000444e-01 3.509667902671432249e-01
5.600000000000000533e-01 3.540106725468565307e-01
5.699999999999999512e-01 3.577892646592873982e-01
5.799999999999999600e-01 3.619021445917753876e-01
5.899999999999999689e-01 3.660189852671103528e-01
5.999999999999999778e-01 3.699248754576091036e-01
6.099999999999999867e-01 3.735082118917492089e-01
6.199999999999999956e-01 3.767243260416347495e-01
6.300000000000000044e-01 3.795619796201817331e-01
6.400000000000000133e-01 3.820225342990904993e-01
6.500000000000000222e-01 3.841104456896585750e-01
6.600000000000000311e-01 3.858305984617063089e-01
6.700000000000000400e-01 3.871878391150556653e-01
6.800000000000000488e-01 3.881839959470060331e-01
6.899999999999999467e-01 3.888085728421020182e-01
6.999999999999999556e-01 3.890230367608642492e-01
7.099999999999999645e-01 3.887452220672183989e-01
7.199999999999999734e-01 3.878465543484153066e-01
7.299999999999999822e-01 3.861753038584585518e-01
7.399999999999999911e-01 3.836130234061432831e-01
7.500000000000000000e-01 3.801643293790131772e-01
7.600000000000000089e-01 3.760668623566760793e-01
7.700000000000000178e-01 3.718643544481714525e-01
7.800000000000000266e-01 3.683293793691100881e-01
7.900000000000000355e-01 3.661660470298718772e-01
8.000000000000000444e-01 3.656280291913521219e-01
8.100000000000000533e-01 3.663588352261772374e-01
8.199999999999999512e-01 3.676250269582822527e-01
8.299999999999999600e-01 3.687561005196249853e-01
8.399999999999999689e-01 3.694376909331659187e-01
8.499999999999999778e-01 3.697003255777072117e-01
8.599999999999999867e-01 3.697289982550585052e-01
8.699999999999999956e-01 3.696918557796230465e-01
8.800000000000000044e-01 3.696724005243239297e-01
8.900000000000000133e-01 3.696772493142791438e-01
9.000000000000000222e-01 3.696669181906511725e-01
9.100000000000000311e-01 3.695810253507881837e-01
9.200000000000000400e-01 3.693503192874870722e-01
9.300000000000000488e-01 3.688953580349289552e-01
9.399999999999999467e-01 3.681150782059902093e-01
9.499999999999999556e-01 3.668737271664707089e-01
9.599999999999999645e-01 3.650008876348067588e-01
9.699999999999999734e-01 3.623233189082654127e-01
9.799999999999999822e-01 3.587443420355270196e-01
9.899999999999999911e-01 3.543703683579826347e-01
1.000000000000000000e+00 3.496496576484064978e-01
1.010000000000000009e+00 3.454391126153129599e-01
1.020000000000000018e+00 3.428815074039751054e-01
1.030000000000000027e+00 3.430238308933987734e-01
1.040000000000000036e+00 3.462807130901273123e-01
1.050000000000000044e+00 3.520538531893707135e-01
1.060000000000000053e+00 3.588385373390958200e-01
1.070000000000000062e+00 3.648628854225204332e-01
1.080000000000000071e+00 3.689039453381339206e-01
1.090000000000000080e+00 3.707653051767729191e-01
1.100000000000000089e+00 3.711444701615416730e-01
1.110000000000000098e+00 3.710589761699543687e-01
1.120000000000000107e+00 3.712667002230169433e-01
1.129999999999999893e+00 3.720197509398139313e-01
1.139999999999999902e+00 3.731769989673180410e-01
1.149999999999999911e+00 3.744646042633205663e-01
1.159999999999999920e+00 3.756701451488535515e-01
1.169999999999999929e+00 3.766985420019250963e-01
1.179999999999999938e+00 3.775384286212730700e-01
1.189999999999999947e+00 3.782115943036172268e-01
1.199999999999999956e+00 3.787425078552995039e-01
1.209999999999999964e+00 3.791494487411060099e-01
1.219999999999999973e+00 3.794464133214465740e-01
1.229999999999999982e+00 3.796475597498725763e-01
1.239999999999999991e+00 3.797704735805896847e-01
1.250000000000000000e+00 3.798361182976283112e-01
1.260000000000000009e+00 3.798638948609329158e-01
1.270000000000000018e+00 3.798624432012241980e-01
1.280000000000000027e+00 3.798206147918176123e-01
1.290000000000000036e+00 3.797066584790451116e-01
1.300000000000000044e+00 3.794855889586927211e-01
1.310000000000000053e+00 3.791620616675282496e-01
1.320000000000000062e+00 3.788423726300839678e-01
1.330000000000000071e+00 3.787823227648604574e-01
1.340000000000000080e+00 3.793670680525151884e-01
1.350000000000000089e+00 3.809921022535924795e-01
1.360000000000000098e+00 3.838889855710568844e-01
1.370000000000000107e+00 3.880034046084870902e-01
1.379999999999999893e+00 3.930077871217850793e-01
1.389999999999999902e+00 3.984279066751828524e-01
1.399999999999999911e+00 4.037882736513656590e-01
1.409999999999999920e+00 4.087032913539591084e-01
1.419999999999999929e+00 4.129116987497197244e-01
1.429999999999999938e+00 4.162853858692832643e-01
1.439999999999999947e+00 4.188259562040383965e-01
1.449999999999999956e+00 4.206408934762810303e-01
1.459999999999999964e+00 4.218967723387633817e-01
1.469999999999999973e+00 4.227651369873995923e-01
1.479999999999999982e+00 4.233820860918661722e-01
1.489999999999999991e+00 4.238314842352748357e-01
1.500000000000000000e+00 4.241477234796429685e-01
1.510000000000000009e+00 4.243280480852659742e-01
1.520000000000000018e+00 4.243465527172163854e-01
1.530000000000000027e+00 4.241665378155965449e-01
1.540000000000000036e+00 4.237509198316138925e-01
1.550000000000000044e+00 4.230708723616427025e-01
1.560000000000000053e+00 4.221115687354194401e-01
1.570000000000000062e+00 4.208724334009920631e-01
1.580000000000000071e+00 4.193595769313004928e-01
1.590000000000000080e+00 4.175708171373422872e-01
1.600000000000000089e+00 4.154773927475738371e-01
1.610000000000000098e+00 4.130086840352718558e-01
1.620000000000000107e+00 4.100461377201155000e-01
1.629999999999999893e+00 4.064314328161827139e-01
1.639999999999999902e+00 4.019922388196249807e-01
1.649999999999999911e+00 3.965848046505427993e-01
1.659999999999999920e+00 3.901454773254688368e-01
1.669999999999999929e+00 3.827373986453711519e-01
1.679999999999999938e+00 3.745774930253954471e-01
1.689999999999999947e+00 3.660271298483322444e-01
1.699999999999999956e+00 3.575245914594922803e-01
1.709999999999999964e+00 3.494486858303086918e-01
1.719999999999999973e+00 3.419539552540324379e-01
1.729999999999999982e+00 3.348780522009889293e-01
1.739999999999999991e+00 3.278098055406916123e-01
1.750000000000000000e+00 3.202976590930394774e-01
1.760000000000000009e+00 3.120677662343561143e-01
1.770000000000000018e+00 3.031210332120032880e-01
1.780000000000000027e+00 2.936809296595336294e-01
1.790000000000000036e+00 2.840625773951559463e-01
1.800000000000000044e+00 2.745536731656023632e-01
1.810000000000000053e+00 2.653546782989354424e-01
1.820000000000000062e+00 2.565754260244162421e-01
1.830000000000000071e+00 2.482629113438956647e-01
1.840000000000000080e+00 2.404407788133161861e-01
1.850000000000000089e+00 2.331552261938170945e-01
1.860000000000000098e+00 2.265227386237426144e-01
1.870000000000000107e+00 2.207567746032776668e-01
1.879999999999999893e+00 2.161369140250889442e-01
1.889999999999999902e+00 2.129088369093641298e-01
1.899999999999999911e+00 2.111623910452140318e-01
1.909999999999999920e+00 2.107703196175501337e-01
1.919999999999999929e+00 2.114334578094123340e-01
1.929999999999999938e+00 2.127984663421043920e-01
1.939999999999999947e+00 2.145695688196574691e-01
1.949999999999999956e+00 2.165603164081502940e-01
1.959999999999999964e+00 2.186851919652236798e-01
1.969999999999999973e+00 2.209208060616066616e-01
1.979999999999999982e+00 2.232623632004585579e-01
1.989999999999999991e+00 2.256866665566336916e-01
2.000000000000000000e+00 2.281278069215169346e-01
2.009999999999999787e+00 2.304745395082696546e-01
2.020000000000000018e+00 2.325963593642584593e-01
2.029999999999999805e+00 2.343913438107474434e-01
2.040000000000000036e+00 2.358312337397455438e-01
2.049999999999999822e+00 2.369753337948297123e-01
2.060000000000000053e+00 2.379426513980741897e-01
2.069999999999999840e+00 2.388587137905321955e-01
2.080000000000000071e+00 2.398076025641056042e-01
2.089999999999999858e+00 2.408113561316405360e-01
2.100000000000000089e+00 2.418385414549253098e-01
2.109999999999999876e+00 2.428286563135985121e-01
2.120000000000000107e+00 2.437167859189625363e-01
2.129999999999999893e+00 2.444495106300123011e-01
2.140000000000000124e+00 2.449908398917525210e-01
2.149999999999999911e+00 2.453215544898962319e-01
2.160000000000000142e+00 2.454362676776428165e-01
2.169999999999999929e+00 2.453413042943134170e-01
2.180000000000000160e+00 2.450553183929433110e-01
2.189999999999999947e+00 2.446144276559061026e-01
2.200000000000000178e+00 2.440825473653402411e-01
2.209999999999999964e+00 2.435623575260713602e-01
2.220000000000000195e+00 2.431948046339756364e-01
2.229999999999999982e+00 2.431350366755472003e-01
2.240000000000000213e+00 2.435078515911937025e-01
2.250000000000000000e+00 2.443663413498642079e-01
2.259999999999999787e+00 2.456806920570592800e-01
2.270000000000000018e+00 2.473622155101845577e-01
2.279999999999999805e+00 2.493018750213799040e-01
2.290000000000000036e+00 2.513982086076346767e-01
2.299999999999999822e+00 2.535657724692693127e-01
2.310000000000000053e+00 2.557312486772621574e-01
2.319999999999999840e+00 2.578276211136841800e-01
2.330000000000000071e+00 2.597920245843751141e-01
2.339999999999999858e+00 2.615684727254554698e-01
2.350000000000000089e+00 2.631144226413811849e-01
2.359999999999999876e+00 2.644081859859832573e-01
2.370000000000000107e+00 2.654529928369345204e-01
2.379999999999999893e+00 2.662751502257407199e-01
2.390000000000000124e+00 2.669176953535079555e-01
2.399999999999999911e+00 2.674335988630314742e-01
2.410000000000000142e+00 2.678815290584826703e-01
2.419999999999999929e+00 2.683244284749546904e-01
2.430000000000000160e+00 2.688305005515957413e-01
2.439999999999999947e+00 2.694781408363866593e-01
2.450000000000000178e+00 2.703668444904930301e-01
2.459999999999999964e+00 2.716314479114390057e-01
2.470000000000000195e+00 2.734491675225314555e-01
2.479999999999999982e+00 2.760245815562185623e-01
2.490000000000000213e+00 2.795425156622046714e-01
2.500000000000000000e+00 2.840933118089416509e-01
2.509999999999999787e+00 2.895951448192728983e-01
2.520000000000000018e+00 2.957539861671815151e-01
2.529999999999999805e+00 3.020975922918640588e-01
2.540000000000000036e+00 3.080863172295770225e-01
2.549999999999999822e+00 3.132566630988510847e-01
2.560000000000000053e+00 3.173296439592093177e-01
2.569999999999999840e+00 3.202369910019189914e-01
2.580000000000000071e+00 3.220657168715930774e-01
2.589999999999999858e+00 3.229568616252494473e-01
2.600000000000000089e+00 3.230009749461577595e-01
2.609999999999999876e+00 3.221691224193605207e-01
2.620000000000000107e+00 3.203176065254046967e-01
2.629999999999999893e+00 3.172742185818954175e-01
2.640000000000000124e+00 3.129150946456998872e-01
2.649999999999999911e+00 3.070553592591543368e-01
2.660000000000000142e+00 2.991121037123554705e-01
2.669999999999999929e+00 2.878899778500996764e-01
2.680000000000000160e+00 2.720522336106185324e-01
2.689999999999999947e+00 2.513334250024810701e-01
2.700000000000000178e+00 2.275845838223883588e-01
2.709999999999999964e+00 2.044797419714872722e-01
2.720000000000000195e+00 1.858013834545019505e-01
2.729999999999999982e+00 1.736089583411316861e-01
2.740000000000000213e+00 1.676696483049948394e-01
2.750000000000000000e+00 1.662707691590672443e-01
2.759999999999999787e+00 1.674507868293812207e-01
2.770000000000000018e+00 1.697574970820377172e-01
2.779999999999999805e+00 1.723609434121465278e-01
2.790000000000000036e+00 1.748097825022590646e-01
2.799999999999999822e+00 1.766996331303159751e-01
2.810000000000000053e+00 1.773515681512098652e-01
2.819999999999999840e+00 1.755808750555652165e-01
2.830000000000000071e+00 1.697739836920973133e-01
2.839999999999999858e+00 1.585122003957052939e-01
2.850000000000000089e+00 1.415966930918303168e-01
2.859999999999999876e+00 1.207280656838378152e-01
2.870000000000000107e+00 9.903717448713264537e-02
2.879999999999999893e+00 7.957366907127366717e-02
2.890000000000000124e+00 6.390833324094861989e-02
2.899999999999999911e+00 5.192300995291642546e-02
2.910000000000000142e+00 4.268380607479008854e-02
2.919999999999999929e+00 3.539767187251455921e-02
2.930000000000000160e+00 2.971913695736545444e-02
2.939999999999999947e+00 2.551023375013766400e-02
2.950000000000000178e+00 2.255551097662670396e-02
2.959999999999999964e+00 2.051218197411363783e-02
2.970000000000000195e+00 1.903086631083595465e-02
2.979999999999999982e+00 1.787424501302054339e-02
2.990000000000000213e+00 1.694208790230687656e-02
3.000000000000000000e+00 1.621563871651788419e-02
3.009999999999999787e+00 1.568550902349149026e-02
3.020000000000000018e+00 1.531687249076551030e-02
3.029999999999999805e+00 1.505849504496561617e-02
3.040000000000000036e+00 1.486588809307886824e-02
3.049999999999999822e+00 1.471223191332933673e-02
3.060000000000000053e+00 1.458509624140366147e-02
3.069999999999999840e+00 1.447976390673467832e-02
3.080000000000000071e+00 1.439509532034796528e-02
3.089999999999999858e+00 1.433083578065981814e-02
3.100000000000000089e+00 1.428526146790643284e-02
3.109999999999999876e+00 1.425441487960618474e-02
3.120000000000000107e+00 1.423344931975751779e-02
3.129999999999999893e+00 1.421847141843987118e-02
3.140000000000000124e+00 1.420722563327435524e-02
3.149999999999999911e+00 1.419862650024276453e-02
3.160000000000000142e+00 1.419209497956214379e-02
3.169999999999999929e+00 1.418723482028157179e-02
3.180000000000000160e+00 1.418373516276286855e-02
3.189999999999999947e+00 1.418130312761199316e-02
3.200000000000000178e+00 1.417963238349774675e-02
3.209999999999999964e+00 1.417844855453299566e-02
3.220000000000000195e+00 1.417757063105417464e-02
3.229999999999999982e+00 1.417691232086212665e-02
3.240000000000000213e+00 1.417643192701669580e-02
3.250000000000000000e+00 1.417609030151542777e-02
3.259999999999999787e+00 1.417584544523567934e-02
3.270000000000000018e+00 1.417566490851108509e-02
3.279999999999999805e+00 1.417553047262767180e-02
3.290000000000000036e+00 1.417543183511705933e-02
3.299999999999999822e+00 1.417536010233204011e-02
3.310000000000000053e+00 1.417530709341379737e-02
3.319999999999999840e+00 1.417526733928409569e-02
3.330000000000000071e+00 1.417523829466961136e-02
3.339999999999999858e+00 1.417521850041061210e-02
3.350000000000000089e+00 1.417520602824012821e-02
3.359999999999999876e+00 1.417519845287750282e-02
3.370000000000000107e+00 1.417519365722460026e-02
3.379999999999999893e+00 1.417519035029523970e-02
3.390000000000000124e+00 1.417518795911098389e-02
3.399999999999999911e+00 1.417518624007106133e-02
3.410000000000000142e+00 1.417518500577735069e-02
3.419999999999999929e+00 1.417518407257328805e-02
3.430000000000000160e+00 1.417518331361225341e-02
3.439999999999999947e+00 1.417518268661398587e-02
3.450000000000000178e+00 1.417518220098551614e-02
3.459999999999999964e+00 1.417518186511381416e-02
3.470000000000000195e+00 1.417518165954324144e-02
3.479999999999999982e+00 1.417518154425039152e-02
3.490000000000000213e+00 1.417518147921291612e-02
3.500000000000000000e+00 1.417518143772386781e-02
3.509999999999999787e+00 1.417518140731211310e-02
3.520000000000000018e+00 1.417518138396541179e-02
3.529999999999999805e+00 1.417518136636489873e-02
3.540000000000000036e+00 1.417518135312426097e-02
3.549999999999999822e+00 1.417518134264046832e-02
3.560000000000000053e+00 1.417518133383371959e-02
3.569999999999999840e+00 1.417518132645803619e-02
3.580000000000000071e+00 1.417518132073506028e-02
3.589999999999999858e+00 1.417518131679508520e-02
3.600000000000000089e+00 1.417518131441499081e-02
3.609999999999999876e+00 1.417518131312582065e-02
3.620000000000000107e+00 1.417518131245274100e-02
3.629999999999999893e+00 1.417518131206563226e-02
3.640000000000000124e+00 1.417518131179468580e-02
3.649999999999999911e+00 1.417518131157701790e-02
3.660000000000000142e+00 1.417518131139959905e-02
3.669999999999999929e+00 1.417518131126289591e-02
3.680000000000000160e+00 1.417518131116451627e-02
3.689999999999999947e+00 1.417518131109608837e-02
3.700000000000000178e+00 1.417518131104683783e-02
3.709999999999999964e+00 1.417518131100817258e-02
3.720000000000000195e+00 1.417518131097588070e-02
3.729999999999999982e+00 1.417518131094939494e-02
3.740000000000000213e+00 1.417518131092948726e-02
3.750000000000000000e+00 1.417518131091629642e-02
3.759999999999999787e+00 1.417518131090872435e-02
3.770000000000000018e+00 1.417518131090496174e-02
3.779999999999999805e+00 1.417518131090330334e-02
3.790000000000000036e+00 1.417518131090258343e-02
3.799999999999999822e+00 1.417518131090219485e-02
3.810000000000000053e+00 1.417518131090189475e-02
3.819999999999999840e+00 1.417518131090161199e-02
3.830000000000000071e+00 1.417518131090135525e-02
3.839999999999999858e+00 1.417518131090113667e-02
3.850000000000000089e+00 1.417518131090097187e-02
3.859999999999999876e+00 1.417518131090085565e-02
3.870000000000000107e+00 1.417518131090077065e-02
3.879999999999999893e+00 1.417518131090070126e-02
3.890000000000000124e+00 1.417518131090064228e-02
3.899999999999999911e+00 1.417518131090057636e-02
3.910000000000000142e+00 1.417518131090051044e-02
3.919999999999999929e+00 1.417518131090044799e-02
3.930000000000000160e+00 1.417518131090039248e-02
3.939999999999999947e+00 1.417518131090035084e-02
3.950000000000000178e+00 1.417518131090032309e-02
3.959999999999999964e+00 1.417518131090030400e-02
3.970000000000000195e+00 1.417518131090029880e-02
3.979999999999999982e+00 1.417518131090029186e-02
3.990000000000000213e+00 1.417518131090029186e-02
4.000000000000000000e+00 1.417518131090028839e-02
4.009999999999999787e+00 1.417518131090028839e-02
4.019999999999999574e+00 1.417518131090028492e-02
4.030000000000000249e+00 1.417518131090028492e-02
4.040000000000000036e+00 1.417518131090028319e-02
4.049999999999999822e+00 1.417518131090028319e-02
4.059999999999999609e+00 1.417518131090027972e-02
4.070000000000000284e+00 1.417518131090027972e-02
4.080000000000000071e+00 1.417518131090027972e-02
4.089999999999999858e+00 1.417518131090027972e-02
4.099999999999999645e+00 1.417518131090027972e-02
4.110000000000000320e+00 1.417518131090027972e-02
4.120000000000000107e+00 1.417518131090027972e-02
4.129999999999999893e+00 1.417518131090027972e-02
4.139999999999999680e+00 1.417518131090027972e-02
4.150000000000000355e+00 1.417518131090027972e-02
4.160000000000000142e+00 1.417518131090027972e-02
4.169999999999999929e+00 1.417518131090027972e-02
4.179999999999999716e+00 1.417518131090027972e-02
4.190000000000000391e+00 1.417518131090027972e-02
4.200000000000000178e+00 1.417518131090027972e-02
4.209999999999999964e+00 1.417518131090027972e-02
4.219999999999999751e+00 1.417518131090027972e-02
4.230000000000000426e+00 1.417518131090027972e-02
4.240000000000000213e+00 1.417518131090027972e-02
4.250000000000000000e+00 1.417518131090027972e-02
4.259999999999999787e+00 1.417518131090027972e-02
4.269999999999999574e+00 1.417518131090027972e-02
4.280000000000000249e+00 1.417518131090027972e-02
4.290000000000000036e+00 1.417518131090027972e-02
4.299999999999999822e+00 1.417518131090027972e-02
4.309999999999999609e+00 1.417518131090027972e-02
4.320000000000000284e+00 1.417518131090027972e-02
4.330000000000000071e+00 1.417518131090027972e-02
4.339999999999999858e+00 1.417518131090027972e-02
4.349999999999999645e+00 1.417518131090027972e-02
4.360000000000000320e+00 1.417518131090027972e-02
4.370000000000000107e+00 1.417518131090027972e-02
4.379999999999999893e+00 1.417518131090027972e-02
4.389999999999999680e+00 1.417518131090027972e-02
4.400000000000000355e+00 1.417518131090027972e-02
4.410000000000000142e+00 1.417518131090027972e-02
4.419999999999999929e+00 1.417518131090027972e-02
4.429999999999999716e+00 1.417518131090027972e-02
4.440000000000000391e+00 1.417518131090027972e-02
4.450000000000000178e+00 1.417518131090027972e-02
4.459999999999999964e+00 1.417518131090027972e-02
4.469999999999999751e+00 1.417518131090027972e-02
4.480000000000000426e+00 1.417518131090027972e-02
4.490000000000000213e+00 1.417518131090027972e-02
4.500000000000000000e+00 1.417518131090027972e-02
4.509999999999999787e+00 1.417518131090027972e-02
4.519999999999999574e+00 1.417518131090027972e-02
4.530000000000000249e+00 1.417518131090027972e-02
4.540000000000000036e+00 1.417518131090027972e-02
4.549999999999999822e+00 1.417518131090027972e-02
4.559999999999999609e+00 1.417518131090027972e-02
4.570000000000000284e+00 1.417518131090027972e-02
4.580000000000000071e+00 1.417518131090027972e-02
4.589999999999999858e+00 1.417518131090027972e-02
4.599999999999999645e+00 1.417518131090027972e-02
4.610000000000000320e+00 1.417518131090027972e-02
4.620000000000000107e+00 1.417518131090027972e-02
4.629999999999999893e+00 1.417518131090027972e-02
4.639999999999999680e+00 1.417518131090027972e-02
4.650000000000000355e+00 1.417518131090027972e-02
4.660000000000000142e+00 1.417518131090027972e-02
4.669999999999999929e+00 1.417518131090027972e-02
4.679999999999999716e+00 1.417518131090027972e-02
4.690000000000000391e+00 1.417518131090027972e-02
4.700000000000000178e+00 1.417518131090027972e-02
4.709999999999999964e+00 1.417518131090027972e-02
4.719999999999999751e+00 1.417518131090027972e-02
4.730000000000000426e+00 1.417518131090027972e-02
4.740000000000000213e+00 1.417518131090027972e-02
4.750000000000000000e+00 1.417518131090027972e-02
4.759999999999999787e+00 1.417518131090027972e-02
4.769999999999999574e+00 1.417518131090027972e-02
4.780000000000000249e+00 1.417518131090027972e-02
4.790000000000000036e+00 1.417518131090027972e-02
4.799999999999999822e+00 1.417518131090027972e-02
4.809999999999999609e+00 1.417518131090027972e-02
4.820000000000000284e+00 1.417518131090027972e-02
4.830000000000000071e+00 1.417518131090027972e-02
4.839999999999999858e+00 1.417518131090027972e-02
4.849999999999999645e+00 1.417518131090027972e-02
4.860000000000000320e+00 1.417518131090027972e-02
4.870000000000000107e+00 1.417518131090027972e-02
4.879999999999999893e+00 1.417518131090027972e-02
4.889999999999999680e+00 1.417518131090027972e-02
4.900000000000000355e+00 1.417518131090027972e-02
4.910000000000000142e+00 1.417518131090027972e-02
4.919999999999999929e+00 1.417518131090027972e-02
4.929999999999999716e+00 1.417518131090027972e-02
4.940000000000000391e+00 1.417518131090027972e-02
4.950000000000000178e+00 1.417518131090027972e-02
4.959999999999999964e+00 1.417518131090027972e-02
4.969999999999999751e+00 1.417518131090027972e-02
4.980000000000000426e+00 1.417518131090027972e-02
4.990000000000000213e+00 1.417518131090027972e-02
5.000000000000000000e+00 1.417518131090027972e-02
5.009999999999999787e+00 1.417518131090027972e-02
5.019999999999999574e+00 1.417518131090027972e-02
5.030000000000000249e+00 1.417518131090027972e-02
5.040000000000000036e+00 1.417518131090027972e-02
5.049999999999999822e+00 1.417518131090027972e-02
5.059999999999999609e+00 1.417518131090027972e-02
5.070000000000000284e+00 1.417518131090027972e-02
5.080000000000000071e+00 1.417518131090027972e-02
5.089999999999999858e+00 1.417518131090027972e-02
5.099999999999999645e+00 1.417518131090027972e-02
5.110000000000000320e+00 1.417518131090027972e-02
5.120000000000000107e+00 1.417518131090027972e-02
5.129999999999999893e+00 1.417518131090027972e-02
5.139999999999999680e+00 1.417518131090027972e-02
5.150000000000000355e+00 1.417518131090027972e-02
5.160000000000000142e+00 1.417518131090027972e-02
5.169999999999999929e+00 1.417518131090027972e-02
5.179999999999999716e+00 1.417518131090027972e-02
5.190000000000000391e+00 1.417518131090027972e-02
5.200000000000000178e+00 1.417518131090027972e-02
5.209999999999999964e+00 1.417518131090027972e-02
5.219999999999999751e+00 1.417518131090027972e-02
5.230000000000000426e+00 1.417518131090027972e-02
5.240000000000000213e+00 1.417518131090027972e-02
5.250000000000000000e+00 1.417518131090027972e-02
5.259999999999999787e+00 1.417518131090027972e-02
5.269999999999999574e+00 1.417518131090027972e-02
5.280000000000000249e+00 1.417518131090027972e-02
5.290000000000000036e+00 1.417518131090027972e-02
5.299999999999999822e+00 1.417518131090027972e-02
5.309999999999999609e+00 1.417518131090027972e-02
5.320000000000000284e+00 1.417518131090027972e-02
5.330000000000000071e+00 1.417518131090027972e-02
5.339999999999999858e+00 1.417518131090027972e-02
5.349999999999999645e+00 1.417518131090027972e-02
5.360000000000000320e+00 1.417518131090027972e-02
5.370000000000000107e+00 1.417518131090027972e-02
5.379999999999999893e+00 1.417518131090027972e-02
5.389999999999999680e+00 1.417518131090027972e-02
5.400000000000000355e+00 1.417518131090027972e-02
5.410000000000000142e+00 1.417518131090027972e-02
5.419999999999999929e+00 1.417518131090027972e-02
5.429999999999999716e+00 1.417518131090027972e-02
5.440000000000000391e+00 1.417518131090027972e-02
5.450000000000000178e+00 1.417518131090027972e-02
5.459999999999999964e+00 1.417518131090027972e-02
5.469999999999999751e+00 1.417518131090027972e-02
5.480000000000000426e+00 1.417518131090027972e-02
5.490000000000000213e+00 1.417518131090027972e-02
5.500000000000000000e+00 1.417518131090027972e-02
5.509999999999999787e+00 1.417518131090027972e-02
5.519999999999999574e+00 1.417518131090027972e-02
5.530000000000000249e+00 1.417518131090027972e-02
5.540000000000000036e+00 1.417518131090027972e-02
5.549999999999999822e+00 1.417518131090027972e-02
5.559999999999999609e+00 1.417518131090027972e-02
5.570000000000000284e+00 1.417518131090027972e-02
5.580000000000000071e+00 1.417518131090027972e-02
5.589999999999999858e+00 1.417518131090027972e-02
5.599999999999999645e+00 1.417518131090027972e-02
5.610000000000000320e+00 1.417518131090027972e-02
5.620000000000000107e+00 1.417518131090027972e-02
5.629999999999999893e+00 1.417518131090027972e-02
5.639999999999999680e+00 1.417518131090027972e-02
5.650000000000000355e+00 1.417518131090027972e-02
5.660000000000000142e+00 1.417518131090027972e-02
5.669999999999999929e+00 1.417518131090027972e-02
5.679999999999999716e+00 1.417518131090027972e-02
5.690000000000000391e+00 1.417518131090027972e-02
5.700000000000000178e+00 1.417518131090027972e-02
5.709999999999999964e+00 1.417518131090027972e-02
5.719999999999999751e+00 1.417518131090027972e-02
5.730000000000000426e+00 1.417518131090027972e-02
5.740000000000000213e+00 1.417518131090027972e-02
5.750000000000000000e+00 1.417518131090027972e-02
5.759999999999999787e+00 1.417518131090027972e-02
5.769999999999999574e+00 1.417518131090027972e-02
5.780000000000000249e+00 1.417518131090027972e-02
5.790000000000000036e+00 1.417518131090027972e-02
5.799999999999999822e+00 1.417518131090027972e-02
5.809999999999999609e+00 1.417518131090027972e-02
5.820000000000000284e+00 1.417518131090027972e-02
5.830000000000000071e+00 1.417518131090027972e-02
5.839999999999999858e+00 1.417518131090027972e-02
5.849999999999999645e+00 1.417518131090027972e-02
5.860000000000000320e+00 1.417518131090027972e-02
5.870000000000000107e+00 1.417518131090027972e-02
5.879999999999999893e+00 1.417518131090027972e-02
5.889999999999999680e+00 1.417518131090027972e-02
5.900000000000000355e+00 1.417518131090027972e-02
5.910000000000000142e+00 1.417518131090027972e-02
5.919999999999999929e+00 1.417518131090027972e-02
5.929999999999999716e+00 1.417518131090027972e-02
5.940000000000000391e+00 1.417518131090027972e-02
5.950000000000000178e+00 1.417518131090027972e-02
5.959999999999999964e+00 1.417518131090027972e-02
5.969999999999999751e+00 1.417518131090027972e-02
5.980000000000000426e+00 1.417518131090027972e-02
5.990000000000000213e+00 1.417518131090027972e-02
6.000000000000000000e+00 1.417518131090027972e-02
6.200000000000000178e+00 1.417518131090027972e-02
6.400000000000000355e+00 1.417518131090027972e-02
6.599999999999999645e+00 1.417518131090027972e-02
6.799999999999999822e+00 1.417518131090027972e-02
7.000000000000000000e+00 0.000000000000000000e+00
