0.000000000000000000e+00 0.000000000000000000e+00
1.000000000000000021e-02 1.683738335740323985e-02
2.000000000000000042e-02 1.683738335740324332e-02
2.999999999999999889e-02 1.683738335740325026e-02
4.000000000000000083e-02 1.683738335740326067e-02
5.000000000000000278e-02 1.683738335740328496e-02
5.999999999999999778e-02 1.683738335740331965e-02
7.000000000000000666e-02 1.683738335740336822e-02
8.000000000000000167e-02 1.683738335740344802e-02
8.999999999999999667e-02 1.683738335740362496e-02
1.000000000000000056e-01 1.683738335740410375e-02
1.100000000000000006e-01 1.683738335740535275e-02
1.199999999999999956e-01 1.683738335740834688e-02
1.300000000000000044e-01 1.683738335741469944e-02
1.400000000000000133e-01 1.683738335742668984e-02
1.499999999999999944e-01 1.683738335744689937e-02
1.600000000000000033e-01 1.683738335747775317e-02
1.700000000000000122e-01 1.683738335752128779e-02
1.799999999999999933e-01 1.683738335757938367e-02
1.900000000000000022e-01 1.683738335765394209e-02
2.000000000000000111e-01 1.683738335774605244e-02
2.099999999999999922e-01 1.683738335785380999e-02
2.200000000000000011e-01 1.683738335796994279e-02
2.300000000000000100e-01 1.683738335808145081e-02
2.399999999999999911e-01 1.683738335817239196e-02
2.500000000000000000e-01 1.683738335822894741e-02
2.600000000000000089e-01 1.683738335824447666e-02
2.700000000000000178e-01 1.683738335822234158e-02
2.800000000000000266e-01 1.683738335817507384e-02
2.899999999999999800e-01 1.683738335811965636e-02
2.999999999999999889e-01 1.683738335807052899e-02
3.099999999999999978e-01 1.683738335803364183e-02
3.200000000000000067e-01 1.683738335800498767e-02
3.300000000000000155e-01 1.683738335797455715e-02
3.400000000000000244e-01 1.683738335793356911e-02
3.499999999999999778e-01 1.683738335788134005e-02
3.599999999999999867e-01 1.683738335782955162e-02
3.699999999999999956e-01 1.683738335780485609e-02
3.800000000000000044e-01 1.683738335785373366e-02
3.900000000000000133e-01 1.683738335805430239e-02
4.000000000000000222e-01 1.683738335854006660e-02
4.099999999999999756e-01 1.683738335954125878e-02
4.199999999999999845e-01 1.683738336145188322e-02
4.299999999999999933e-01 1.683738336493359120e-02
4.400000000000000022e-01 1.683738337107424168e-02
4.500000000000000111e-01 1.683738338163627557e-02
4.600000000000000200e-01 1.683738339946603407e-02
4.699999999999999734e-01 1.683738342918372419e-02
4.799999999999999822e-01 1.683738347828972123e-02
4.899999999999999911e-01 1.683738355871803108e-02
5.000000000000000000e-01 1.683738368859074436e-02
5.100000000000000089e-01 1.683738389361159188e-02
5.200000000000000178e-01 1.683738420748908185e-02
5.300000000000000266e-01 1.683738467115766801e-02
5.400000000000000355e-01 1.683738533110433130e-02
5.500000000000000444e-01 1.683738623748834429e-02
5.600000000000000533e-01 1.683738744317102992e-02
5.699999999999999512e-01 1.683738900545251466e-02
5.799999999999999600e-01 1.683739099214694168e-02
5.899999999999999689e-01 1.683739349106924688e-02
5.999999999999999778e-01 1.683739661845043423e-02
6.099999999999999867e-01 1.683740052154720709e-02
6.199999999999999956e-01 1.683740537368216481e-02
6.300000000000000044e-01 1.683741135729900987e-02
6.400000000000000133e-01 1.683741861738718634e-02
6.500000000000000222e-01 1.683742716210108806e-02
6.600000000000000311e-01 1.683743672128415816e-02
6.700000000000000400e-01 1.683744664231967558e-02
6.800000000000000488e-01 1.683745593551482303e-02
6.899999999999999467e-01 1.683746350620306254e-02
6.999999999999999556e-01 1.683746846783574710e-02
7.099999999999999645e-01 1.683747036321338666e-02
7.199999999999999734e-01 1.683746920666990762e-02
7.299999999999999822e-01 1.683746539850715720e-02
7.399999999999999911e-01 1.683745960548286430e-02
7.500000000000000000e-01 1.683745264131330382e-02
7.600000000000000089e-01 1.683744533684121414e-02
7.700000000000000178e-01 1.683743842500569354e-02
7.800000000000000266e-01 1.683743251786348413e-02
7.900000000000000355e-01 1.683742823301316582e-02
8.000000000000000444e-01 1.683742643075254036e-02
8.100000000000000533e-01 1.683742842842305201e-02
8.199999999999999512e-01 1.683743605162125317e-02
8.299999999999999600e-01 1.683745148832153232e-02
8.399999999999999689e-01 1.683747705418711313e-02
8.499999999999999778e-01 1.683751502739717562e-02
8.599999999999999867e-01 1.683756763220772834e-02
8.699999999999999956e-01 1.683763714773392831e-02
8.800000000000000044e-01 1.683772608636988771e-02
8.900000000000000133e-01 1.683783736919866256e-02
9.000000000000000222e-01 1.683797435403283638e-02
9.100000000000000311e-01 1.683814061441351803e-02
9.200000000000000400e-01 1.683833989705197515e-02
9.300000000000000488e-01 1.683857785262498144e-02
9.399999999999999467e-01 1.683886838350862752e-02
9.499999999999999556e-01 1.683924747402025524e-02
9.599999999999999645e-01 1.683979508829088964e-02
9.699999999999999734e-01 1.684066196766152365e-02
9.799999999999999822e-01 1.684209537514644653e-02
9.899999999999999911e-01 1.684445621376352495e-02
1.000000000000000000e+00 1.684821627032145885e-02
1.010000000000000009e+00 1.685392048659881820e-02
1.020000000000000018e+00 1.686210772350127396e-02
1.030000000000000027e+00 1.687321061204496986e-02
1.040000000000000036e+00 1.688748312715338332e-02
1.050000000000000044e+00 1.690502264576371552e-02
1.060000000000000053e+00 1.692599952313020989e-02
1.070000000000000062e+00 1.695129640100829713e-02
1.080000000000000071e+00 1.698370221259839705e-02
1.090000000000000080e+00 1.702924274816513053e-02
1.100000000000000089e+00 1.709724962710678503e-02
1.110000000000000098e+00 1.719766086177672640e-02
1.120000000000000107e+00 1.733651122193663116e-02
1.129999999999999893e+00 1.751476952457997963e-02
1.139999999999999902e+00 1.773676166697196396e-02
1.149999999999999911e+00 1.802806302231806795e-02
1.159999999999999920e+00 1.845184161770164338e-02
1.169999999999999929e+00 1.910633867164642646e-02
1.179999999999999938e+00 2.009172697226173365e-02
1.189999999999999947e+00 2.145209918757056550e-02
1.199999999999999956e+00 2.312002673691434737e-02
1.209999999999999964e+00 2.490153333390994136e-02
1.219999999999999973e+00 2.652425239943152768e-02
1.229999999999999982e+00 2.773578558943660607e-02
1.239999999999999991e+00 2.840802286577089747e-02
1.250000000000000000e+00 2.859749696885948225e-02
1.260000000000000009e+00 2.853146194930256119e-02
1.270000000000000018e+00 2.852327657585471132e-02
1.280000000000000027e+00 2.885741194647368710e-02
1.290000000000000036e+00 2.970491497771443612e-02
1.300000000000000044e+00 3.111261614233161096e-02
1.310000000000000053e+00 3.305892697894129845e-02
1.320000000000000062e+00 3.552931328254183008e-02
1.330000000000000071e+00 3.857965150577338104e-02
1.340000000000000080e+00 4.241885904820354158e-02
1.350000000000000089e+00 4.758369588213715723e-02
1.360000000000000098e+00 5.520977370429309972e-02
1.370000000000000107e+00 6.720577034972512187e-02
1.379999999999999893e+00 8.595724498766804667e-02
1.389999999999999902e+00 1.132984438564169360e-01
1.399999999999999911e+00 1.490501828649163363e-01
1.409999999999999920e+00 1.901488934292143440e-01
1.419999999999999929e+00 2.315673370327578640e-01
1.429999999999999938e+00 2.692340627226655347e-01
1.439999999999999947e+00 3.033633992056284923e-01
1.449999999999999956e+00 3.396557390372209606e-01
1.459999999999999964e+00 3.871866851225135298e-01
1.469999999999999973e+00 4.545522533357971851e-01
1.479999999999999982e+00 5.471109365084941834e-01
1.489999999999999991e+00 6.666580826544915572e-01
1.500000000000000000e+00 8.125187018516750737e-01
1.510000000000000009e+00 9.823117506477483385e-01
1.520000000000000018e+00 1.171657272194498001e+00
1.530000000000000027e+00 1.373404160464145596e+00
1.540000000000000036e+00 1.577578749945412140e+00
1.550000000000000044e+00 1.773067212517493108e+00
1.560000000000000053e+00 1.951031763340222103e+00
1.570000000000000062e+00 2.108429237141149049e+00
1.580000000000000071e+00 2.248920006388921422e+00
1.590000000000000080e+00 2.379523110568231292e+00
1.600000000000000089e+00 2.504499667345067238e+00
1.610000000000000098e+00 2.620478204816531598e+00
1.620000000000000107e+00 2.716137915634336597e+00
1.629999999999999893e+00 2.776444500794205350e+00
1.639999999999999902e+00 2.788663309516534738e+00
1.649999999999999911e+00 2.747155468616783391e+00
1.659999999999999920e+00 2.655377489612987585e+00
1.669999999999999929e+00 2.524755473032924691e+00
1.679999999999999938e+00 2.370881819226115184e+00
1.689999999999999947e+00 2.208494274368277388e+00
1.699999999999999956e+00 2.047640378732759725e+00
1.709999999999999964e+00 1.892915777204619232e+00
1.719999999999999973e+00 1.745494996353259776e+00
1.729999999999999982e+00 1.605787133263911093e+00
1.739999999999999991e+00 1.474735410285534343e+00
1.750000000000000000e+00 1.353483751749720243e+00
1.760000000000000009e+00 1.242462296248257436e+00
1.770000000000000018e+00 1.140963441010449220e+00
1.780000000000000027e+00 1.047510196435319063e+00
1.790000000000000036e+00 9.606472499820929434e-01
1.800000000000000044e+00 8.796324250616317508e-01
1.810000000000000053e+00 8.047731900224837087e-01
1.820000000000000062e+00 7.375002249118793873e-01
1.830000000000000071e+00 6.803979400070913064e-01
1.840000000000000080e+00 6.372130620273960266e-01
1.850000000000000089e+00 6.124772657119046393e-01
1.860000000000000098e+00 6.102483861313529045e-01
1.870000000000000107e+00 6.320816408478343584e-01
1.879999999999999893e+00 6.754266534670360089e-01
1.889999999999999902e+00 7.339573854544040321e-01
1.899999999999999911e+00 8.000513195010577894e-01
1.909999999999999920e+00 8.678002776829779608e-01
1.919999999999999929e+00 9.345051463877733777e-01
1.929999999999999938e+00 1.000003505588336727e+00
1.939999999999999947e+00 1.064862885789037650e+00
1.949999999999999956e+00 1.128898334400260550e+00
1.959999999999999964e+00 1.190657034807430126e+00
1.969999999999999973e+00 1.247565066341552287e+00
1.979999999999999982e+00 1.296180046097074046e+00
1.989999999999999991e+00 1.332347079436539738e+00
2.000000000000000000e+00 1.351426162083636751e+00
2.009999999999999787e+00 1.348787695282187782e+00
2.020000000000000018e+00 1.320579663708250973e+00
2.029999999999999805e+00 1.264625700125053598e+00
2.040000000000000036e+00 1.181262377248725182e+00
2.049999999999999822e+00 1.073851947152562936e+00
2.060000000000000053e+00 9.486571929000564563e-01
2.069999999999999840e+00 8.139385623493045063e-01
2.080000000000000071e+00 6.785228744936125933e-01
2.089999999999999858e+00 5.503658892137246461e-01
2.100000000000000089e+00 4.355351207192504348e-01
2.109999999999999876e+00 3.377331930835627549e-01
2.120000000000000107e+00 2.582856652885363591e-01
2.129999999999999893e+00 1.964927054086371139e-01
2.140000000000000124e+00 1.502316807118371511e-01
2.149999999999999911e+00 1.166401162336117431e-01
2.160000000000000142e+00 9.270559997594006452e-02
2.169999999999999929e+00 7.568007065515260090e-02
2.180000000000000160e+00 6.332538630632163212e-02
2.189999999999999947e+00 5.401476346078185053e-02
2.200000000000000178e+00 4.670421441547865926e-02
2.209999999999999964e+00 4.080557466686150075e-02
2.220000000000000195e+00 3.601984908855893064e-02
2.229999999999999982e+00 3.218706250744854391e-02
2.240000000000000213e+00 2.918248657261967791e-02
2.250000000000000000e+00 2.686619435843750139e-02
2.259999999999999787e+00 2.507889968857613533e-02
2.270000000000000018e+00 2.366533419890847270e-02
2.279999999999999805e+00 2.250083145628594544e-02
2.290000000000000036e+00 2.150394166294332735e-02
2.299999999999999822e+00 2.063242075881126236e-02
2.310000000000000053e+00 1.987009481145525155e-02
2.319999999999999840e+00 1.921315133657467908e-02
2.330000000000000071e+00 1.866033180271925787e-02
2.339999999999999858e+00 1.820771081534214644e-02
2.350000000000000089e+00 1.784714414079600214e-02
2.359999999999999876e+00 1.756713537915026435e-02
2.370000000000000107e+00 1.735477263825600455e-02
2.379999999999999893e+00 1.719748976936157428e-02
2.390000000000000124e+00 1.708397466359146480e-02
2.399999999999999911e+00 1.700432356744115484e-02
2.410000000000000142e+00 1.694995172570361655e-02
2.419999999999999929e+00 1.691361929764010480e-02
2.430000000000000160e+00 1.688956124973276310e-02
2.439999999999999947e+00 1.687353146175676888e-02
2.450000000000000178e+00 1.686265261627221609e-02
2.459999999999999964e+00 1.685511447834858387e-02
2.470000000000000195e+00 1.684983146687311570e-02
2.479999999999999982e+00 1.684615049555423030e-02
2.490000000000000213e+00 1.684364938736023637e-02
2.500000000000000000e+00 1.684202309087114158e-02
2.509999999999999787e+00 1.684103099413223822e-02
2.520000000000000018e+00 1.684047504591923775e-02
2.529999999999999805e+00 1.684018972873888020e-02
2.540000000000000036e+00 1.684003871628605986e-02
2.549999999999999822e+00 1.683991806280121101e-02
2.560000000000000053e+00 1.683976204890327844e-02
2.569999999999999840e+00 1.683954451188104245e-02
2.580000000000000071e+00 1.683927163599992227e-02
2.589999999999999858e+00 1.683896853097474958e-02
2.600000000000000089e+00 1.683866527958813308e-02
2.609999999999999876e+00 1.683838691689620512e-02
2.620000000000000107e+00 1.683814874706086873e-02
2.629999999999999893e+00 1.683795611503577719e-02
2.640000000000000124e+00 1.683780683279791079e-02
2.649999999999999911e+00 1.683769448142578146e-02
2.660000000000000142e+00 1.683761131256962182e-02
2.669999999999999929e+00 1.683755013484141555e-02
2.680000000000000160e+00 1.683750514660447423e-02
2.689999999999999947e+00 1.683747201963352313e-02
2.700000000000000178e+00 1.683744762339810588e-02
2.709999999999999964e+00 1.683742968415111174e-02
2.720000000000000195e+00 1.683741651938810979e-02
2.729999999999999982e+00 1.683740687128379085e-02
2.740000000000000213e+00 1.683739980930717278e-02
2.750000000000000000e+00 1.683739466342434529e-02
2.759999999999999787e+00 1.683739096159458243e-02
2.770000000000000018e+00 1.683738836507795919e-02
2.779999999999999805e+00 1.683738661158984753e-02
2.790000000000000036e+00 1.683738547982412820e-02
2.799999999999999822e+00 1.683738477885825605e-02
2.810000000000000053e+00 1.683738435307221420e-02
2.819999999999999840e+00 1.683738408859714389e-02
2.830000000000000071e+00 1.683738391252414743e-02
2.839999999999999858e+00 1.683738378448677853e-02
2.850000000000000089e+00 1.683738368516187606e-02
2.859999999999999876e+00 1.683738360622895336e-02
2.870000000000000107e+00 1.683738354383663982e-02
2.879999999999999893e+00 1.683738349537810403e-02
2.890000000000000124e+00 1.683738345841594847e-02
2.899999999999999911e+00 1.683738343061128018e-02
2.910000000000000142e+00 1.683738340990692875e-02
2.919999999999999929e+00 1.683738339463091219e-02
2.930000000000000160e+00 1.683738338347458632e-02
2.939999999999999947e+00 1.683738337541840213e-02
2.950000000000000178e+00 1.683738336966808524e-02
2.959999999999999964e+00 1.683738336561354729e-02
2.970000000000000195e+00 1.683738336279614126e-02
2.979999999999999982e+00 1.683738336087484133e-02
2.990000000000000213e+00 1.683738335959448704e-02
3.000000000000000000e+00 1.683738335876245815e-02
3.009999999999999787e+00 1.683738335823463730e-02
3.020000000000000018e+00 1.683738335790653864e-02
3.029999999999999805e+00 1.683738335770570277e-02
3.040000000000000036e+00 1.683738335758405008e-02
3.049999999999999822e+00 1.683738335751085863e-02
3.060000000000000053e+00 1.683738335746705339e-02
3.069999999999999840e+00 1.683738335744098050e-02
3.080000000000000071e+00 1.683738335742559003e-02
3.089999999999999858e+00 1.683738335741660069e-02
3.100000000000000089e+00 1.683738335741138958e-02
3.109999999999999876e+00 1.683738335740836076e-02
3.120000000000000107e+00 1.683738335740656358e-02
3.129999999999999893e+00 1.683738335740545683e-02
3.140000000000000124e+00 1.683738335740474212e-02
3.149999999999999911e+00 1.683738335740425987e-02
3.160000000000000142e+00 1.683738335740393027e-02
3.169999999999999929e+00 1.683738335740369782e-02
3.180000000000000160e+00 1.683738335740354169e-02
3.189999999999999947e+00 1.683738335740343761e-02
3.200000000000000178e+00 1.683738335740336822e-02
3.209999999999999964e+00 1.683738335740332312e-02
3.220000000000000195e+00 1.683738335740329536e-02
3.229999999999999982e+00 1.683738335740327802e-02
3.240000000000000213e+00 1.683738335740326414e-02
3.250000000000000000e+00 1.683738335740325720e-02
3.259999999999999787e+00 1.683738335740325026e-02
3.270000000000000018e+00 1.683738335740324679e-02
3.279999999999999805e+00 1.683738335740324332e-02
3.290000000000000036e+00 1.683738335740324332e-02
3.299999999999999822e+00 1.683738335740324332e-02
3.310000000000000053e+00 1.683738335740323985e-02
3.319999999999999840e+00 1.683738335740323985e-02
3.330000000000000071e+00 1.683738335740323985e-02
3.339999999999999858e+00 1.683738335740323985e-02
3.350000000000000089e+00 1.683738335740323985e-02
3.359999999999999876e+00 1.683738335740323985e-02
3.370000000000000107e+00 1.683738335740323985e-02
3.379999999999999893e+00 1.683738335740323985e-02
3.390000000000000124e+00 1.683738335740323985e-02
3.399999999999999911e+00 1.683738335740323985e-02
3.410000000000000142e+00 1.683738335740323985e-02
3.419999999999999929e+00 1.683738335740323985e-02
3.430000000000000160e+00 1.683738335740323985e-02
3.439999999999999947e+00 1.683738335740323985e-02
3.450000000000000178e+00 1.683738335740323985e-02
3.459999999999999964e+00 1.683738335740323985e-02
3.470000000000000195e+00 1.683738335740323985e-02
3.479999999999999982e+00 1.683738335740323985e-02
3.490000000000000213e+00 1.683738335740323985e-02
3.500000000000000000e+00 1.683738335740323985e-02
3.509999999999999787e+00 1.683738335740323985e-02
3.520000000000000018e+00 1.683738335740323985e-02
3.529999999999999805e+00 1.683738335740323985e-02
3.540000000000000036e+00 1.683738335740323985e-02
3.549999999999999822e+00 1.683738335740323985e-02
3.560000000000000053e+00 1.683738335740323985e-02
3.569999999999999840e+00 1.683738335740323985e-02
3.580000000000000071e+00 1.683738335740323985e-02
3.589999999999999858e+00 1.683738335740323985e-02
3.600000000000000089e+00 1.683738335740323985e-02
3.609999999999999876e+00 1.683738335740323985e-02
3.620000000000000107e+00 1.683738335740323985e-02
3.629999999999999893e+00 1.683738335740323985e-02
3.640000000000000124e+00 1.683738335740323985e-02
3.649999999999999911e+00 1.683738335740323985e-02
3.660000000000000142e+00 1.683738335740323985e-02
3.669999999999999929e+00 1.683738335740323985e-02
3.680000000000000160e+00 1.683738335740323985e-02
3.689999999999999947e+00 1.683738335740323985e-02
3.700000000000000178e+00 1.683738335740323985e-02
3.709999999999999964e+00 1.683738335740323985e-02
3.720000000000000195e+00 1.683738335740323985e-02
3.729999999999999982e+00 1.683738335740323985e-02
3.740000000000000213e+00 1.683738335740323985e-02
3.750000000000000000e+00 1.683738335740323985e-02
3.759999999999999787e+00 1.683738335740323985e-02
3.770000000000000018e+00 1.683738335740323985e-02
3.779999999999999805e+00 1.683738335740323985e-02
3.790000000000000036e+00 1.683738335740323985e-02
3.799999999999999822e+00 1.683738335740323985e-02
3.810000000000000053e+00 1.683738335740323985e-02
3.819999999999999840e+00 1.683738335740323985e-02
3.830000000000000071e+00 1.683738335740323985e-02
3.839999999999999858e+00 1.683738335740323985e-02
3.850000000000000089e+00 1.683738335740323985e-02
3.859999999999999876e+00 1.683738335740323985e-02
3.870000000000000107e+00 1.683738335740323985e-02
3.879999999999999893e+00 1.683738335740323985e-02
3.890000000000000124e+00 1.683738335740323985e-02
3.899999999999999911e+00 1.683738335740323985e-02
3.910000000000000142e+00 1.683738335740323985e-02
3.919999999999999929e+00 1.683738335740323985e-02
3.930000000000000160e+00 1.683738335740323985e-02
3.939999999999999947e+00 1.683738335740323985e-02
3.950000000000000178e+00 1.683738335740323985e-02
3.959999999999999964e+00 1.683738335740323985e-02
3.970000000000000195e+00 1.683738335740323985e-02
3.979999999999999982e+00 1.683738335740323985e-02
3.990000000000000213e+00 1.683738335740323985e-02
4.000000000000000000e+00 1.683738335740323985e-02
4.009999999999999787e+00 1.683738335740323985e-02
4.019999999999999574e+00 1.683738335740323985e-02
4.030000000000000249e+00 1.683738335740323985e-02
4.040000000000000036e+00 1.683738335740323985e-02
4.049999999999999822e+00 1.683738335740323985e-02
4.059999999999999609e+00 1.683738335740323985e-02
4.070000000000000284e+00 1.683738335740323985e-02
4.080000000000000071e+00 1.683738335740323985e-02
4.089999999999999858e+00 1.683738335740323985e-02
4.099999999999999645e+00 1.683738335740323985e-02
4.110000000000000320e+00 1.683738335740323985e-02
4.120000000000000107e+00 1.683738335740323985e-02
4.129999999999999893e+00 1.683738335740323985e-02
4.139999999999999680e+00 1.683738335740323985e-02
4.150000000000000355e+00 1.683738335740323985e-02
4.160000000000000142e+00 1.683738335740323985e-02
4.169999999999999929e+00 1.683738335740323985e-02
4.179999999999999716e+00 1.683738335740323985e-02
4.190000000000000391e+00 1.683738335740323985e-02
4.200000000000000178e+00 1.683738335740323985e-02
4.209999999999999964e+00 1.683738335740323985e-02
4.219999999999999751e+00 1.683738335740323985e-02
4.230000000000000426e+00 1.683738335740323985e-02
4.240000000000000213e+00 1.683738335740323985e-02
4.250000000000000000e+00 1.683738335740323985e-02
4.259999999999999787e+00 1.683738335740323985e-02
4.269999999999999574e+00 1.683738335740323985e-02
4.280000000000000249e+00 1.683738335740323985e-02
4.290000000000000036e+00 1.683738335740323985e-02
4.299999999999999822e+00 1.683738335740323985e-02
4.309999999999999609e+00 1.683738335740323985e-02
4.320000000000000284e+00 1.683738335740323985e-02
4.330000000000000071e+00 1.683738335740323985e-02
4.339999999999999858e+00 1.683738335740323985e-02
4.349999999999999645e+00 1.683738335740323985e-02
4.360000000000000320e+00 1.683738335740323985e-02
4.370000000000000107e+00 1.683738335740323985e-02
4.379999999999999893e+00 1.683738335740323985e-02
4.389999999999999680e+00 1.683738335740323985e-02
4.400000000000000355e+00 1.683738335740323985e-02
4.410000000000000142e+00 1.683738335740323985e-02
4.419999999999999929e+00 1.683738335740323985e-02
4.429999999999999716e+00 1.683738335740323985e-02
4.440000000000000391e+00 1.683738335740323985e-02
4.450000000000000178e+00 1.683738335740323985e-02
4.459999999999999964e+00 1.683738335740323985e-02
4.469999999999999751e+00 1.683738335740323985e-02
4.480000000000000426e+00 1.683738335740323985e-02
4.490000000000000213e+00 1.683738335740323985e-02
4.500000000000000000e+00 1.683738335740323985e-02
4.509999999999999787e+00 1.683738335740323985e-02
4.519999999999999574e+00 1.683738335740323985e-02
4.530000000000000249e+00 1.683738335740323985e-02
4.540000000000000036e+00 1.683738335740323985e-02
4.549999999999999822e+00 1.683738335740323985e-02
4.559999999999999609e+00 1.683738335740323985e-02
4.570000000000000284e+00 1.683738335740323985e-02
4.580000000000000071e+00 1.683738335740323985e-02
4.589999999999999858e+00 1.683738335740323985e-02
4.599999999999999645e+00 1.683738335740323985e-02
4.610000000000000320e+00 1.683738335740323985e-02
4.620000000000000107e+00 1.683738335740323985e-02
4.629999999999999893e+00 1.683738335740323985e-02
4.639999999999999680e+00 1.683738335740323985e-02
4.650000000000000355e+00 1.683738335740323985e-02
4.660000000000000142e+00 1.683738335740323985e-02
4.669999999999999929e+00 1.683738335740323985e-02
4.679999999999999716e+00 1.683738335740323985e-02
4.690000000000000391e+00 1.683738335740323985e-02
4.700000000000000178e+00 1.683738335740323985e-02
4.709999999999999964e+00 1.683738335740323985e-02
4.719999999999999751e+00 1.683738335740323985e-02
4.730000000000000426e+00 1.683738335740323985e-02
4.740000000000000213e+00 1.683738335740323985e-02
4.750000000000000000e+00 1.683738335740323985e-02
4.759999999999999787e+00 1.683738335740323985e-02
4.769999999999999574e+00 1.683738335740323985e-02
4.780000000000000249e+00 1.683738335740323985e-02
4.790000000000000036e+00 1.683738335740323985e-02
4.799999999999999822e+00 1.683738335740323985e-02
4.809999999999999609e+00 1.683738335740323985e-02
4.820000000000000284e+00 1.683738335740323985e-02
4.830000000000000071e+00 1.683738335740323985e-02
4.839999999999999858e+00 1.683738335740323985e-02
4.849999999999999645e+00 1.683738335740323985e-02
4.860000000000000320e+00 1.683738335740323985e-02
4.870000000000000107e+00 1.683738335740323985e-02
4.879999999999999893e+00 1.683738335740323985e-02
4.889999999999999680e+00 1.683738335740323985e-02
4.900000000000000355e+00 1.683738335740323985e-02
4.910000000000000142e+00 1.683738335740323985e-02
4.919999999999999929e+00 1.683738335740323985e-02
4.929999999999999716e+00 1.683738335740323985e-02
4.940000000000000391e+00 1.683738335740323985e-02
4.950000000000000178e+00 1.683738335740323985e-02
4.959999999999999964e+00 1.683738335740323985e-02
4.969999999999999751e+00 1.683738335740323985e-02
4.980000000000000426e+00 1.683738335740323985e-02
4.990000000000000213e+00 1.683738335740323985e-02
5.000000000000000000e+00 1.683738335740323985e-02
5.009999999999999787e+00 1.683738335740323985e-02
5.019999999999999574e+00 1.683738335740323985e-02
5.030000000000000249e+00 1.683738335740323985e-02
5.040000000000000036e+00 1.683738335740323985e-02
5.049999999999999822e+00 1.683738335740323985e-02
5.059999999999999609e+00 1.683738335740323985e-02
5.070000000000000284e+00 1.683738335740323985e-02
5.080000000000000071e+00 1.683738335740323985e-02
5.089999999999999858e+00 1.683738335740323985e-02
5.099999999999999645e+00 1.683738335740323985e-02
5.110000000000000320e+00 1.683738335740323985e-02
5.120000000000000107e+00 1.683738335740323985e-02
5.129999999999999893e+00 1.683738335740323985e-02
5.139999999999999680e+00 1.683738335740323985e-02
5.150000000000000355e+00 1.683738335740323985e-02
5.160000000000000142e+00 1.683738335740323985e-02
5.169999999999999929e+00 1.683738335740323985e-02
5.179999999999999716e+00 1.683738335740323985e-02
5.190000000000000391e+00 1.683738335740323985e-02
5.200000000000000178e+00 1.683738335740323985e-02
5.209999999999999964e+00 1.683738335740323985e-02
5.219999999999999751e+00 1.683738335740323985e-02
5.230000000000000426e+00 1.683738335740323985e-02
5.240000000000000213e+00 1.683738335740323985e-02
5.250000000000000000e+00 1.683738335740323985e-02
5.259999999999999787e+00 1.683738335740323985e-02
5.269999999999999574e+00 1.683738335740323985e-02
5.280000000000000249e+00 1.683738335740323985e-02
5.290000000000000036e+00 1.683738335740323985e-02
5.299999999999999822e+00 1.683738335740323985e-02
5.309999999999999609e+00 1.683738335740323985e-02
5.320000000000000284e+00 1.683738335740323985e-02
5.330000000000000071e+00 1.683738335740323985e-02
5.339999999999999858e+00 1.683738335740323985e-02
5.349999999999999645e+00 1.683738335740323985e-02
5.360000000000000320e+00 1.683738335740323985e-02
5.370000000000000107e+00 1.683738335740323985e-02
5.379999999999999893e+00 1.683738335740323985e-02
5.389999999999999680e+00 1.683738335740323985e-02
5.400000000000000355e+00 1.683738335740323985e-02
5.410000000000000142e+00 1.683738335740323985e-02
5.419999999999999929e+00 1.683738335740323985e-02
5.429999999999999716e+00 1.683738335740323985e-02
5.440000000000000391e+00 1.683738335740323985e-02
5.450000000000000178e+00 1.683738335740323985e-02
5.459999999999999964e+00 1.683738335740323985e-02
5.469999999999999751e+00 1.683738335740323985e-02
5.480000000000000426e+00 1.683738335740323985e-02
5.490000000000000213e+00 1.683738335740323985e-02
5.500000000000000000e+00 1.683738335740323985e-02
5.509999999999999787e+00 1.683738335740323985e-02
5.519999999999999574e+00 1.683738335740323985e-02
5.530000000000000249e+00 1.683738335740323985e-02
5.540000000000000036e+00 1.683738335740323985e-02
5.549999999999999822e+00 1.683738335740323985e-02
5.559999999999999609e+00 1.683738335740323985e-02
5.570000000000000284e+00 1.683738335740323985e-02
5.580000000000000071e+00 1.683738335740323985e-02
5.589999999999999858e+00 1.683738335740323985e-02
5.599999999999999645e+00 1.683738335740323985e-02
5.610000000000000320e+00 1.683738335740323985e-02
5.620000000000000107e+00 1.683738335740323985e-02
5.629999999999999893e+00 1.683738335740323985e-02
5.639999999999999680e+00 1.683738335740323985e-02
5.650000000000000355e+00 1.683738335740323985e-02
5.660000000000000142e+00 1.683738335740323985e-02
5.669999999999999929e+00 1.683738335740323985e-02
5.679999999999999716e+00 1.683738335740323985e-02
5.690000000000000391e+00 1.683738335740323985e-02
5.700000000000000178e+00 1.683738335740323985e-02
5.709999999999999964e+00 1.683738335740323985e-02
5.719999999999999751e+00 1.683738335740323985e-02
5.730000000000000426e+00 1.683738335740323985e-02
5.740000000000000213e+00 1.683738335740323985e-02
5.750000000000000000e+00 1.683738335740323985e-02
5.759999999999999787e+00 1.683738335740323985e-02
5.769999999999999574e+00 1.683738335740323985e-02
5.780000000000000249e+00 1.683738335740323985e-02
5.790000000000000036e+00 1.683738335740323985e-02
5.799999999999999822e+00 1.683738335740323985e-02
5.809999999999999609e+00 1.683738335740323985e-02
5.820000000000000284e+00 1.683738335740323985e-02
5.830000000000000071e+00 1.683738335740323985e-02
5.839999999999999858e+00 1.683738335740323985e-02
5.849999999999999645e+00 1.683738335740323985e-02
5.860000000000000320e+00 1.683738335740323985e-02
5.870000000000000107e+00 1.683738335740323985e-02
5.879999999999999893e+00 1.683738335740323985e-02
5.889999999999999680e+00 1.683738335740323985e-02
5.900000000000000355e+00 1.683738335740323985e-02
5.910000000000000142e+00 1.683738335740323985e-02
5.919999999999999929e+00 1.683738335740323985e-02
5.929999999999999716e+00 1.683738335740323985e-02
5.940000000000000391e+00 1.683738335740323985e-02
5.950000000000000178e+00 1.683738335740323985e-02
5.959999999999999964e+00 1.683738335740323985e-02
5.969999999999999751e+00 1.683738335740323985e-02
5.980000000000000426e+00 1.683738335740323985e-02
5.990000000000000213e+00 1.683738335740323985e-02
6.000000000000000000e+00 1.683738335740323985e-02
6.200000000000000178e+00 1.683738335740323985e-02
6.400000000000000355e+00 1.683738335740323985e-02
6.599999999999999645e+00 1.683738335740323985e-02
6.799999999999999822e+00 1.683738335740323985e-02
7.000000000000000000e+00 0.000000000000000000e+00
