0.000000000000000000e+00 0.000000000000000000e+00
1.000000000000000021e-02 1.415698124849088142e-02
2.000000000000000042e-02 1.415698135672796912e-02
2.999999999999999889e-02 1.415698152911281336e-02
4.000000000000000083e-02 1.415698181294263586e-02
5.000000000000000278e-02 1.415698231321843754e-02
5.999999999999999778e-02 1.415698325306706876e-02
7.000000000000000666e-02 1.415698508885531934e-02
8.000000000000000167e-02 1.415698876019727201e-02
8.999999999999999667e-02 1.415699627866149127e-02
1.000000000000000056e-01 1.415701211954898189e-02
1.100000000000000006e-01 1.415704653861272339e-02
1.199999999999999956e-01 1.415712370601863654e-02
1.300000000000000044e-01 1.415730136419368450e-02
1.400000000000000133e-01 1.415771404083087694e-02
1.499999999999999944e-01 1.415865357795776693e-02
1.600000000000000033e-01 1.416068626105752154e-02
1.700000000000000122e-01 1.416475731415277849e-02
1.799999999999999933e-01 1.417215157471805875e-02
1.900000000000000022e-01 1.418413978367433735e-02
2.000000000000000111e-01 1.420130901360693379e-02
2.099999999999999922e-01 1.422300735521673382e-02
2.200000000000000011e-01 1.424763019120881859e-02
2.300000000000000100e-01 1.427395911889708414e-02
2.399999999999999911e-01 1.430250169248772733e-02
2.500000000000000000e-01 1.433518146024607282e-02
2.600000000000000089e-01 1.437306252903122923e-02
2.700000000000000178e-01 1.441399452110038622e-02
2.800000000000000266e-01 1.445244860203611162e-02
2.899999999999999800e-01 1.448166006471223941e-02
2.999999999999999889e-01 1.449608426210557272e-02
3.099999999999999978e-01 1.449258204181240635e-02
3.200000000000000067e-01 1.447065920420817151e-02
3.300000000000000155e-01 1.443271576339030630e-02
3.400000000000000244e-01 1.438413544704446149e-02
3.499999999999999778e-01 1.433226954588683044e-02
3.599999999999999867e-01 1.428424658759132153e-02
3.699999999999999956e-01 1.424484923368719326e-02
3.800000000000000044e-01 1.421572577331671992e-02
3.900000000000000133e-01 1.419604477712104254e-02
4.000000000000000222e-01 1.418375338473202782e-02
4.099999999999999756e-01 1.417661136672548026e-02
4.199999999999999845e-01 1.417271434529519987e-02
4.299999999999999933e-01 1.417063028019538429e-02
4.400000000000000022e-01 1.416936473503876276e-02
4.500000000000000111e-01 1.416829079153106817e-02
4.600000000000000200e-01 1.416708529013998956e-02
4.699999999999999734e-01 1.416566440705124656e-02
4.799999999999999822e-01 1.416410589257375077e-02
4.899999999999999911e-01 1.416256049432453035e-02
5.000000000000000000e-01 1.416117122542772354e-02
5.100000000000000089e-01 1.416002307143109616e-02
5.200000000000000178e-01 1.415913326230372297e-02
5.300000000000000266e-01 1.415847209977835232e-02
5.400000000000000355e-01 1.415799244182333605e-02
5.500000000000000444e-01 1.415765011940056835e-02
5.600000000000000533e-01 1.415741074583036496e-02
5.699999999999999512e-01 1.415724826322311593e-02
5.799999999999999600e-01 1.415714195470188508e-02
5.899999999999999689e-01 1.415707499286738592e-02
5.999999999999999778e-01 1.415703425551183975e-02
6.099999999999999867e-01 1.415701023909780518e-02
6.199999999999999956e-01 1.415699652961374157e-02
6.300000000000000044e-01 1.415698899240617169e-02
6.400000000000000133e-01 1.415698502186450020e-02
6.500000000000000222e-01 1.415698301334871421e-02
6.600000000000000311e-01 1.415698202506862451e-02
6.700000000000000400e-01 1.415698154405251562e-02
6.800000000000000488e-01 1.415698131146114758e-02
6.899999999999999467e-01 1.415698120167396996e-02
6.999999999999999556e-01 1.415698115246025873e-02
7.099999999999999645e-01 1.415698113177385128e-02
7.199999999999999734e-01 1.415698112337329152e-02
7.299999999999999822e-01 1.415698111973876135e-02
7.399999999999999911e-01 1.415698111783389793e-02
7.500000000000000000e-01 1.415698111660369102e-02
7.600000000000000089e-01 1.415698111572788118e-02
7.700000000000000178e-01 1.415698111511534858e-02
7.800000000000000266e-01 1.415698111473055743e-02
7.900000000000000355e-01 1.415698111453826680e-02
8.000000000000000444e-01 1.415698111448992526e-02
8.100000000000000533e-01 1.415698111453005288e-02
8.199999999999999512e-01 1.415698111461039660e-02
8.299999999999999600e-01 1.415698111469949026e-02
8.399999999999999689e-01 1.415698111478102053e-02
8.499999999999999778e-01 1.415698111484379497e-02
8.599999999999999867e-01 1.415698111487173616e-02
8.699999999999999956e-01 1.415698111484105064e-02
8.800000000000000044e-01 1.415698111472608184e-02
8.900000000000000133e-01 1.415698111450952937e-02
9.000000000000000222e-01 1.415698111419042698e-02
9.100000000000000311e-01 1.415698111378560498e-02
9.200000000000000400e-01 1.415698111332497691e-02
9.300000000000000488e-01 1.415698111284409248e-02
9.399999999999999467e-01 1.415698111237700604e-02
9.499999999999999556e-01 1.415698111195118521e-02
9.599999999999999645e-01 1.415698111158481855e-02
9.699999999999999734e-01 1.415698111128635590e-02
9.799999999999999822e-01 1.415698111105555441e-02
9.899999999999999911e-01 1.415698111088561917e-02
1.000000000000000000e+00 1.415698111076591631e-02
1.010000000000000009e+00 1.415698111068466533e-02
1.020000000000000018e+00 1.415698111063098605e-02
1.030000000000000027e+00 1.415698111059602964e-02
1.040000000000000036e+00 1.415698111057325966e-02
1.050000000000000044e+00 1.415698111055821440e-02
1.060000000000000053e+00 1.415698111054804718e-02
1.070000000000000062e+00 1.415698111054103023e-02
1.080000000000000071e+00 1.415698111053611749e-02
1.090000000000000080e+00 1.415698111053266713e-02
1.100000000000000089e+00 1.415698111053024372e-02
1.110000000000000098e+00 1.415698111052854369e-02
1.120000000000000107e+00 1.415698111052735887e-02
1.129999999999999893e+00 1.415698111052654008e-02
1.139999999999999902e+00 1.415698111052597630e-02
1.149999999999999911e+00 1.415698111052559813e-02
1.159999999999999920e+00 1.415698111052534833e-02
1.169999999999999929e+00 1.415698111052518700e-02
1.179999999999999938e+00 1.415698111052507945e-02
1.189999999999999947e+00 1.415698111052501179e-02
1.199999999999999956e+00 1.415698111052496495e-02
1.209999999999999964e+00 1.415698111052493373e-02
1.219999999999999973e+00 1.415698111052491465e-02
1.229999999999999982e+00 1.415698111052489903e-02
1.239999999999999991e+00 1.415698111052488863e-02
1.250000000000000000e+00 1.415698111052488342e-02
1.260000000000000009e+00 1.415698111052487648e-02
1.270000000000000018e+00 1.415698111052487301e-02
1.280000000000000027e+00 1.415698111052487128e-02
1.290000000000000036e+00 1.415698111052487128e-02
1.300000000000000044e+00 1.415698111052487128e-02
1.310000000000000053e+00 1.415698111052486781e-02
1.320000000000000062e+00 1.415698111052486781e-02
1.330000000000000071e+00 1.415698111052486781e-02
1.340000000000000080e+00 1.415698111052486781e-02
1.350000000000000089e+00 1.415698111052486781e-02
1.360000000000000098e+00 1.415698111052486781e-02
1.370000000000000107e+00 1.415698111052486781e-02
1.379999999999999893e+00 1.415698111052486781e-02
1.389999999999999902e+00 1.415698111052486781e-02
1.399999999999999911e+00 1.415698111052486781e-02
1.409999999999999920e+00 1.415698111052486781e-02
1.419999999999999929e+00 1.415698111052486781e-02
1.429999999999999938e+00 1.415698111052486781e-02
1.439999999999999947e+00 1.415698111052486781e-02
1.449999999999999956e+00 1.415698111052486781e-02
1.459999999999999964e+00 1.415698111052486781e-02
1.469999999999999973e+00 1.415698111052486781e-02
1.479999999999999982e+00 1.415698111052486781e-02
1.489999999999999991e+00 1.415698111052486781e-02
1.500000000000000000e+00 1.415698111052486781e-02
1.510000000000000009e+00 1.415698111052486781e-02
1.520000000000000018e+00 1.415698111052486781e-02
1.530000000000000027e+00 1.415698111052486781e-02
1.540000000000000036e+00 1.415698111052486781e-02
1.550000000000000044e+00 1.415698111052486781e-02
1.560000000000000053e+00 1.415698111052486781e-02
1.570000000000000062e+00 1.415698111052486781e-02
1.580000000000000071e+00 1.415698111052486781e-02
1.590000000000000080e+00 1.415698111052486781e-02
1.600000000000000089e+00 1.415698111052486781e-02
1.610000000000000098e+00 1.415698111052486781e-02
1.620000000000000107e+00 1.415698111052486781e-02
1.629999999999999893e+00 1.415698111052486781e-02
1.639999999999999902e+00 1.415698111052486781e-02
1.649999999999999911e+00 1.415698111052486781e-02
1.659999999999999920e+00 1.415698111052486781e-02
1.669999999999999929e+00 1.415698111052486781e-02
1.679999999999999938e+00 1.415698111052486781e-02
1.689999999999999947e+00 1.415698111052486781e-02
1.699999999999999956e+00 1.415698111052486781e-02
1.709999999999999964e+00 1.415698111052486781e-02
1.719999999999999973e+00 1.415698111052486781e-02
1.729999999999999982e+00 1.415698111052486781e-02
1.739999999999999991e+00 1.415698111052486781e-02
1.750000000000000000e+00 1.415698111052486781e-02
1.760000000000000009e+00 1.415698111052486781e-02
1.770000000000000018e+00 1.415698111052486781e-02
1.780000000000000027e+00 1.415698111052486781e-02
1.790000000000000036e+00 1.415698111052486781e-02
1.800000000000000044e+00 1.415698111052486781e-02
1.810000000000000053e+00 1.415698111052486781e-02
1.820000000000000062e+00 1.415698111052486781e-02
1.830000000000000071e+00 1.415698111052486781e-02
1.840000000000000080e+00 1.415698111052486781e-02
1.850000000000000089e+00 1.415698111052486781e-02
1.860000000000000098e+00 1.415698111052486781e-02
1.870000000000000107e+00 1.415698111052486781e-02
1.879999999999999893e+00 1.415698111052486781e-02
1.889999999999999902e+00 1.415698111052486781e-02
1.899999999999999911e+00 1.415698111052486781e-02
1.909999999999999920e+00 1.415698111052486781e-02
1.919999999999999929e+00 1.415698111052486781e-02
1.929999999999999938e+00 1.415698111052486781e-02
1.939999999999999947e+00 1.415698111052486781e-02
1.949999999999999956e+00 1.415698111052486781e-02
1.959999999999999964e+00 1.415698111052486781e-02
1.969999999999999973e+00 1.415698111052486781e-02
1.979999999999999982e+00 1.415698111052486781e-02
1.989999999999999991e+00 1.415698111052486781e-02
2.000000000000000000e+00 1.415698111052486781e-02
2.009999999999999787e+00 1.415698111052486781e-02
2.020000000000000018e+00 1.415698111052486781e-02
2.029999999999999805e+00 1.415698111052486781e-02
2.040000000000000036e+00 1.415698111052486781e-02
2.049999999999999822e+00 1.415698111052486781e-02
2.060000000000000053e+00 1.415698111052486781e-02
2.069999999999999840e+00 1.415698111052486781e-02
2.080000000000000071e+00 1.415698111052486781e-02
2.089999999999999858e+00 1.415698111052486781e-02
2.100000000000000089e+00 1.415698111052486781e-02
2.109999999999999876e+00 1.415698111052486781e-02
2.120000000000000107e+00 1.415698111052487128e-02
2.129999999999999893e+00 1.415698111052487128e-02
2.140000000000000124e+00 1.415698111052487128e-02
2.149999999999999911e+00 1.415698111052487128e-02
2.160000000000000142e+00 1.415698111052487301e-02
2.169999999999999929e+00 1.415698111052487648e-02
2.180000000000000160e+00 1.415698111052487995e-02
2.189999999999999947e+00 1.415698111052488342e-02
2.200000000000000178e+00 1.415698111052488863e-02
2.209999999999999964e+00 1.415698111052489903e-02
2.220000000000000195e+00 1.415698111052490771e-02
2.229999999999999982e+00 1.415698111052492332e-02
2.240000000000000213e+00 1.415698111052494240e-02
2.250000000000000000e+00 1.415698111052496669e-02
2.259999999999999787e+00 1.415698111052500138e-02
2.270000000000000018e+00 1.415698111052504822e-02
2.279999999999999805e+00 1.415698111052511067e-02
2.290000000000000036e+00 1.415698111052519220e-02
2.299999999999999822e+00 1.415698111052531710e-02
2.310000000000000053e+00 1.415698111052553394e-02
2.319999999999999840e+00 1.415698111052599885e-02
2.330000000000000071e+00 1.415698111052717152e-02
2.339999999999999858e+00 1.415698111053022290e-02
2.350000000000000089e+00 1.415698111053781579e-02
2.359999999999999876e+00 1.415698111055517169e-02
2.370000000000000107e+00 1.415698111059116894e-02
2.379999999999999893e+00 1.415698111065895673e-02
2.390000000000000124e+00 1.415698111077593607e-02
2.399999999999999911e+00 1.415698111096444674e-02
2.410000000000000142e+00 1.415698111125644754e-02
2.419999999999999929e+00 1.415698111170593347e-02
2.430000000000000160e+00 1.415698111240831780e-02
2.439999999999999947e+00 1.415698111351582252e-02
2.450000000000000178e+00 1.415698111522805530e-02
2.459999999999999964e+00 1.415698111773839446e-02
2.470000000000000195e+00 1.415698112113974831e-02
2.479999999999999982e+00 1.415698112533193137e-02
2.490000000000000213e+00 1.415698113000160747e-02
2.500000000000000000e+00 1.415698113473022254e-02
2.509999999999999787e+00 1.415698113921730859e-02
2.520000000000000018e+00 1.415698114352378911e-02
2.529999999999999805e+00 1.415698114820671677e-02
2.540000000000000036e+00 1.415698115427141586e-02
2.549999999999999822e+00 1.415698116298843602e-02
2.560000000000000053e+00 1.415698117573125324e-02
2.569999999999999840e+00 1.415698119399898605e-02
2.580000000000000071e+00 1.415698121969054431e-02
2.589999999999999858e+00 1.415698125561259783e-02
2.600000000000000089e+00 1.415698130625000009e-02
2.609999999999999876e+00 1.415698137890993545e-02
2.620000000000000107e+00 1.415698148517712668e-02
2.629999999999999893e+00 1.415698164207802000e-02
2.640000000000000124e+00 1.415698187193336482e-02
2.649999999999999911e+00 1.415698220036160949e-02
2.660000000000000142e+00 1.415698265315381080e-02
2.669999999999999929e+00 1.415698325333943769e-02
2.680000000000000160e+00 1.415698401918623339e-02
2.689999999999999947e+00 1.415698496493090174e-02
2.700000000000000178e+00 1.415698611194448481e-02
2.709999999999999964e+00 1.415698752492855483e-02
2.720000000000000195e+00 1.415698938306488193e-02
2.729999999999999982e+00 1.415699207225242992e-02
2.740000000000000213e+00 1.415699625892655363e-02
2.750000000000000000e+00 1.415700291571222839e-02
2.759999999999999787e+00 1.415701332743440725e-02
2.770000000000000018e+00 1.415702917019795101e-02
2.779999999999999805e+00 1.415705277785309774e-02
2.790000000000000036e+00 1.415708771508538376e-02
2.799999999999999822e+00 1.415713982600312788e-02
2.810000000000000053e+00 1.415721895119976398e-02
2.819999999999999840e+00 1.415734125380547354e-02
2.830000000000000071e+00 1.415753146186179631e-02
2.839999999999999858e+00 1.415782386804623726e-02
2.850000000000000089e+00 1.415826163365732984e-02
2.859999999999999876e+00 1.415889589578737603e-02
2.870000000000000107e+00 1.415978759305780259e-02
2.879999999999999893e+00 1.416101407067533145e-02
2.890000000000000124e+00 1.416268062810717952e-02
2.899999999999999911e+00 1.416493701830827921e-02
2.910000000000000142e+00 1.416799909126695636e-02
2.919999999999999929e+00 1.417216941673309603e-02
2.930000000000000160e+00 1.417783616327208430e-02
2.939999999999999947e+00 1.418542417387664949e-02
2.950000000000000178e+00 1.419530225239124324e-02
2.959999999999999964e+00 1.420770762023027857e-02
2.970000000000000195e+00 1.422277022413981178e-02
2.979999999999999982e+00 1.424066095900206573e-02
2.990000000000000213e+00 1.426180652745353064e-02
3.000000000000000000e+00 1.428711622686285390e-02
3.009999999999999787e+00 1.431825236929603999e-02
3.020000000000000018e+00 1.435801113933739097e-02
3.029999999999999805e+00 1.441076689966755593e-02
3.040000000000000036e+00 1.448277854658443047e-02
3.049999999999999822e+00 1.458220212651468138e-02
3.060000000000000053e+00 1.471896129482234451e-02
3.069999999999999840e+00 1.490490684036231521e-02
3.080000000000000071e+00 1.515466756496971872e-02
3.089999999999999858e+00 1.548748711462663401e-02
3.100000000000000089e+00 1.593060641132730895e-02
3.109999999999999876e+00 1.652511912802051217e-02
3.120000000000000107e+00 1.733462172306964727e-02
3.129999999999999893e+00 1.845511271231433867e-02
3.140000000000000124e+00 2.002365480693411512e-02
3.149999999999999911e+00 2.222653904285424101e-02
3.160000000000000142e+00 2.531428294532939161e-02
3.169999999999999929e+00 2.963364896439520460e-02
3.180000000000000160e+00 3.568008167927985697e-02
3.189999999999999947e+00 4.416226365908806212e-02
3.200000000000000178e+00 5.606379088607385541e-02
3.209999999999999964e+00 7.268349961343888166e-02
3.220000000000000195e+00 9.562076772583336104e-02
3.229999999999999982e+00 1.266442394509269820e-01
3.240000000000000213e+00 1.673830805057378579e-01
3.250000000000000000e+00 2.188646137431178862e-01
3.259999999999999787e+00 2.810670051102358014e-01
3.270000000000000018e+00 3.527202049964560104e-01
3.279999999999999805e+00 4.314679155961738677e-01
3.290000000000000036e+00 5.143132750952744692e-01
3.299999999999999822e+00 5.982390612717711775e-01
3.310000000000000053e+00 6.810339038560315750e-01
3.319999999999999840e+00 7.623945573036879919e-01
3.330000000000000071e+00 8.450768605178113901e-01
3.339999999999999858e+00 9.354057747931195932e-01
3.350000000000000089e+00 1.042379887866849764e+00
3.359999999999999876e+00 1.175306231333718809e+00
3.370000000000000107e+00 1.340959321134628679e+00
3.379999999999999893e+00 1.541641101779121614e+00
3.390000000000000124e+00 1.774767719290189394e+00
3.399999999999999911e+00 2.033544008796028812e+00
3.410000000000000142e+00 2.308023455289881731e+00
3.419999999999999929e+00 2.586376807660346611e+00
3.430000000000000160e+00 2.856484428017006749e+00
3.439999999999999947e+00 3.107464649731652706e+00
3.450000000000000178e+00 3.330196930500039620e+00
3.459999999999999964e+00 3.516418520001119319e+00
3.470000000000000195e+00 3.657403656397467007e+00
3.479999999999999982e+00 3.743958790201245446e+00
3.490000000000000213e+00 3.768398995895045012e+00
3.500000000000000000e+00 3.727354167870598811e+00
3.509999999999999787e+00 3.623616443430687006e+00
3.520000000000000018e+00 3.466136863073657537e+00
3.529999999999999805e+00 3.268349459096179022e+00
3.540000000000000036e+00 3.045337498880735350e+00
3.549999999999999822e+00 2.810570358095281218e+00
3.560000000000000053e+00 2.573566625724025059e+00
3.569999999999999840e+00 2.339867749044834078e+00
3.580000000000000071e+00 2.113131838117804140e+00
3.589999999999999858e+00 1.897305475046950018e+00
3.600000000000000089e+00 1.697023666173099077e+00
3.609999999999999876e+00 1.516459577291960015e+00
3.620000000000000107e+00 1.358238751634250008e+00
3.629999999999999893e+00 1.223379272576867294e+00
3.640000000000000124e+00 1.111795695595385824e+00
3.649999999999999911e+00 1.022456304536617067e+00
3.660000000000000142e+00 9.530004437657968452e-01
3.669999999999999929e+00 8.994448608678633494e-01
3.680000000000000160e+00 8.566164187892871817e-01
3.689999999999999947e+00 8.192344028588034455e-01
3.700000000000000178e+00 7.829685214553142591e-01
3.709999999999999964e+00 7.448999136824941969e-01
3.720000000000000195e+00 7.033635484361011603e-01
3.729999999999999982e+00 6.575456688527574478e-01
3.740000000000000213e+00 6.071977147697800170e-01
3.750000000000000000e+00 5.525812063894568471e-01
3.759999999999999787e+00 4.945281536264319877e-01
3.770000000000000018e+00 4.344274049503257240e-01
3.779999999999999805e+00 3.740445737527759995e-01
3.790000000000000036e+00 3.152442149546138550e-01
3.799999999999999822e+00 2.597501383946749787e-01
3.810000000000000053e+00 2.090086576263691098e-01
3.819999999999999840e+00 1.641200948022911443e-01
3.830000000000000071e+00 1.257864748722419268e-01
3.839999999999999858e+00 9.427303684177763821e-02
3.850000000000000089e+00 6.941334557192731236e-02
3.859999999999999876e+00 5.066856763103236988e-02
3.870000000000000107e+00 3.722120270532669473e-02
3.879999999999999893e+00 2.808338027263207123e-02
3.890000000000000124e+00 2.221588263382255624e-02
3.899999999999999911e+00 1.865038914275492232e-02
3.910000000000000142e+00 1.658730280475424410e-02
3.919999999999999929e+00 1.543966409109759005e-02
3.930000000000000160e+00 1.481979332565284448e-02
3.939999999999999947e+00 1.449239594478745306e-02
3.950000000000000178e+00 1.432283189808649000e-02
3.959999999999999964e+00 1.423678696610423088e-02
3.970000000000000195e+00 1.419414521543523912e-02
3.979999999999999982e+00 1.417362053217411516e-02
3.990000000000000213e+00 1.416410031831810690e-02
4.000000000000000000e+00 1.415988290366903407e-02
4.009999999999999787e+00 1.415811105503564198e-02
4.019999999999999574e+00 1.415740583264553550e-02
4.030000000000000249e+00 1.415713779348357418e-02
4.040000000000000036e+00 1.415703884394049240e-02
4.049999999999999822e+00 1.415700260541389623e-02
4.059999999999999609e+00 1.415698921354985318e-02
4.070000000000000284e+00 1.415698418680112758e-02
4.080000000000000071e+00 1.415698227673690968e-02
4.089999999999999858e+00 1.415698154882866037e-02
4.099999999999999645e+00 1.415698127388112341e-02
4.110000000000000320e+00 1.415698117191371494e-02
4.120000000000000107e+00 1.415698113468142130e-02
4.129999999999999893e+00 1.415698112091045256e-02
4.139999999999999680e+00 1.415698111545154840e-02
4.150000000000000355e+00 1.415698111301365650e-02
4.160000000000000142e+00 1.415698111179670461e-02
4.169999999999999929e+00 1.415698111115589082e-02
4.179999999999999716e+00 1.415698111082066765e-02
4.190000000000000391e+00 1.415698111065356000e-02
4.200000000000000178e+00 1.415698111057626940e-02
4.209999999999999964e+00 1.415698111054365833e-02
4.219999999999999751e+00 1.415698111053120128e-02
4.230000000000000426e+00 1.415698111052688009e-02
4.240000000000000213e+00 1.415698111052549231e-02
4.250000000000000000e+00 1.415698111052506383e-02
4.259999999999999787e+00 1.415698111052493373e-02
4.269999999999999574e+00 1.415698111052488863e-02
4.280000000000000249e+00 1.415698111052487301e-02
4.290000000000000036e+00 1.415698111052487128e-02
4.299999999999999822e+00 1.415698111052486781e-02
4.309999999999999609e+00 1.415698111052486781e-02
4.320000000000000284e+00 1.415698111052486781e-02
4.330000000000000071e+00 1.415698111052486781e-02
4.339999999999999858e+00 1.415698111052486781e-02
4.349999999999999645e+00 1.415698111052486781e-02
4.360000000000000320e+00 1.415698111052486781e-02
4.370000000000000107e+00 1.415698111052486781e-02
4.379999999999999893e+00 1.415698111052486781e-02
4.389999999999999680e+00 1.415698111052486781e-02
4.400000000000000355e+00 1.415698111052486781e-02
4.410000000000000142e+00 1.415698111052486781e-02
4.419999999999999929e+00 1.415698111052486781e-02
4.429999999999999716e+00 1.415698111052486781e-02
4.440000000000000391e+00 1.415698111052486781e-02
4.450000000000000178e+00 1.415698111052486781e-02
4.459999999999999964e+00 1.415698111052486781e-02
4.469999999999999751e+00 1.415698111052486781e-02
4.480000000000000426e+00 1.415698111052486781e-02
4.490000000000000213e+00 1.415698111052486781e-02
4.500000000000000000e+00 1.415698111052486781e-02
4.509999999999999787e+00 1.415698111052486781e-02
4.519999999999999574e+00 1.415698111052486781e-02
4.530000000000000249e+00 1.415698111052486781e-02
4.540000000000000036e+00 1.415698111052486781e-02
4.549999999999999822e+00 1.415698111052486781e-02
4.559999999999999609e+00 1.415698111052486781e-02
4.570000000000000284e+00 1.415698111052486781e-02
4.580000000000000071e+00 1.415698111052486781e-02
4.589999999999999858e+00 1.415698111052486781e-02
4.599999999999999645e+00 1.415698111052486781e-02
4.610000000000000320e+00 1.415698111052486781e-02
4.620000000000000107e+00 1.415698111052486781e-02
4.629999999999999893e+00 1.415698111052486781e-02
4.639999999999999680e+00 1.415698111052486781e-02
4.650000000000000355e+00 1.415698111052486781e-02
4.660000000000000142e+00 1.415698111052486781e-02
4.669999999999999929e+00 1.415698111052486781e-02
4.679999999999999716e+00 1.415698111052486781e-02
4.690000000000000391e+00 1.415698111052486781e-02
4.700000000000000178e+00 1.415698111052486781e-02
4.709999999999999964e+00 1.415698111052486781e-02
4.719999999999999751e+00 1.415698111052486781e-02
4.730000000000000426e+00 1.415698111052486781e-02
4.740000000000000213e+00 1.415698111052486781e-02
4.750000000000000000e+00 1.415698111052486781e-02
4.759999999999999787e+00 1.415698111052486781e-02
4.769999999999999574e+00 1.415698111052486781e-02
4.780000000000000249e+00 1.415698111052486781e-02
4.790000000000000036e+00 1.415698111052486781e-02
4.799999999999999822e+00 1.415698111052486781e-02
4.809999999999999609e+00 1.415698111052486781e-02
4.820000000000000284e+00 1.415698111052486781e-02
4.830000000000000071e+00 1.415698111052486781e-02
4.839999999999999858e+00 1.415698111052486781e-02
4.849999999999999645e+00 1.415698111052486781e-02
4.860000000000000320e+00 1.415698111052486781e-02
4.870000000000000107e+00 1.415698111052486781e-02
4.879999999999999893e+00 1.415698111052486781e-02
4.889999999999999680e+00 1.415698111052486781e-02
4.900000000000000355e+00 1.415698111052486781e-02
4.910000000000000142e+00 1.415698111052486781e-02
4.919999999999999929e+00 1.415698111052486781e-02
4.929999999999999716e+00 1.415698111052486781e-02
4.940000000000000391e+00 1.415698111052486781e-02
4.950000000000000178e+00 1.415698111052486781e-02
4.959999999999999964e+00 1.415698111052486781e-02
4.969999999999999751e+00 1.415698111052486781e-02
4.980000000000000426e+00 1.415698111052486781e-02
4.990000000000000213e+00 1.415698111052486781e-02
5.000000000000000000e+00 1.415698111052486781e-02
5.009999999999999787e+00 1.415698111052486781e-02
5.019999999999999574e+00 1.415698111052486781e-02
5.030000000000000249e+00 1.415698111052486781e-02
5.040000000000000036e+00 1.415698111052486781e-02
5.049999999999999822e+00 1.415698111052486781e-02
5.059999999999999609e+00 1.415698111052486781e-02
5.070000000000000284e+00 1.415698111052486781e-02
5.080000000000000071e+00 1.415698111052486781e-02
5.089999999999999858e+00 1.415698111052486781e-02
5.099999999999999645e+00 1.415698111052486781e-02
5.110000000000000320e+00 1.415698111052486781e-02
5.120000000000000107e+00 1.415698111052486781e-02
5.129999999999999893e+00 1.415698111052486781e-02
5.139999999999999680e+00 1.415698111052486781e-02
5.150000000000000355e+00 1.415698111052486781e-02
5.160000000000000142e+00 1.415698111052486781e-02
5.169999999999999929e+00 1.415698111052486781e-02
5.179999999999999716e+00 1.415698111052486781e-02
5.190000000000000391e+00 1.415698111052486781e-02
5.200000000000000178e+00 1.415698111052486781e-02
5.209999999999999964e+00 1.415698111052486781e-02
5.219999999999999751e+00 1.415698111052486781e-02
5.230000000000000426e+00 1.415698111052486781e-02
5.240000000000000213e+00 1.415698111052486781e-02
5.250000000000000000e+00 1.415698111052486781e-02
5.259999999999999787e+00 1.415698111052486781e-02
5.269999999999999574e+00 1.415698111052486781e-02
5.280000000000000249e+00 1.415698111052486781e-02
5.290000000000000036e+00 1.415698111052486781e-02
5.299999999999999822e+00 1.415698111052486781e-02
5.309999999999999609e+00 1.415698111052486781e-02
5.320000000000000284e+00 1.415698111052486781e-02
5.330000000000000071e+00 1.415698111052486781e-02
5.339999999999999858e+00 1.415698111052486781e-02
5.349999999999999645e+00 1.415698111052486781e-02
5.360000000000000320e+00 1.415698111052486781e-02
5.370000000000000107e+00 1.415698111052486781e-02
5.379999999999999893e+00 1.415698111052486781e-02
5.389999999999999680e+00 1.415698111052486781e-02
5.400000000000000355e+00 1.415698111052486781e-02
5.410000000000000142e+00 1.415698111052486781e-02
5.419999999999999929e+00 1.415698111052486781e-02
5.429999999999999716e+00 1.415698111052486781e-02
5.440000000000000391e+00 1.415698111052486781e-02
5.450000000000000178e+00 1.415698111052486781e-02
5.459999999999999964e+00 1.415698111052486781e-02
5.469999999999999751e+00 1.415698111052486781e-02
5.480000000000000426e+00 1.415698111052486781e-02
5.490000000000000213e+00 1.415698111052486781e-02
5.500000000000000000e+00 1.415698111052486781e-02
5.509999999999999787e+00 1.415698111052486781e-02
5.519999999999999574e+00 1.415698111052486781e-02
5.530000000000000249e+00 1.415698111052486781e-02
5.540000000000000036e+00 1.415698111052486781e-02
5.549999999999999822e+00 1.415698111052486781e-02
5.559999999999999609e+00 1.415698111052486781e-02
5.570000000000000284e+00 1.415698111052486781e-02
5.580000000000000071e+00 1.415698111052486781e-02
5.589999999999999858e+00 1.415698111052486781e-02
5.599999999999999645e+00 1.415698111052486781e-02
5.610000000000000320e+00 1.415698111052486781e-02
5.620000000000000107e+00 1.415698111052486781e-02
5.629999999999999893e+00 1.415698111052486781e-02
5.639999999999999680e+00 1.415698111052486781e-02
5.650000000000000355e+00 1.415698111052486781e-02
5.660000000000000142e+00 1.415698111052486781e-02
5.669999999999999929e+00 1.415698111052486781e-02
5.679999999999999716e+00 1.415698111052486781e-02
5.690000000000000391e+00 1.415698111052486781e-02
5.700000000000000178e+00 1.415698111052486781e-02
5.709999999999999964e+00 1.415698111052486781e-02
5.719999999999999751e+00 1.415698111052486781e-02
5.730000000000000426e+00 1.415698111052486781e-02
5.740000000000000213e+00 1.415698111052486781e-02
5.750000000000000000e+00 1.415698111052486781e-02
5.759999999999999787e+00 1.415698111052486781e-02
5.769999999999999574e+00 1.415698111052486781e-02
5.780000000000000249e+00 1.415698111052486781e-02
5.790000000000000036e+00 1.415698111052486781e-02
5.799999999999999822e+00 1.415698111052486781e-02
5.809999999999999609e+00 1.415698111052486781e-02
5.820000000000000284e+00 1.415698111052486781e-02
5.830000000000000071e+00 1.415698111052486781e-02
5.839999999999999858e+00 1.415698111052486781e-02
5.849999999999999645e+00 1.415698111052486781e-02
5.860000000000000320e+00 1.415698111052486781e-02
5.870000000000000107e+00 1.415698111052486781e-02
5.879999999999999893e+00 1.415698111052486781e-02
5.889999999999999680e+00 1.415698111052486781e-02
5.900000000000000355e+00 1.415698111052486781e-02
5.910000000000000142e+00 1.415698111052486781e-02
5.919999999999999929e+00 1.415698111052486781e-02
5.929999999999999716e+00 1.415698111052486781e-02
5.940000000000000391e+00 1.415698111052486781e-02
5.950000000000000178e+00 1.415698111052486781e-02
5.959999999999999964e+00 1.415698111052486781e-02
5.969999999999999751e+00 1.415698111052486781e-02
5.980000000000000426e+00 1.415698111052486781e-02
5.990000000000000213e+00 1.415698111052486781e-02
6.000000000000000000e+00 1.415698111052486781e-02
6.200000000000000178e+00 1.415698111052486781e-02
6.400000000000000355e+00 1.415698111052486781e-02
6.599999999999999645e+00 1.415698111052486781e-02
6.799999999999999822e+00 1.415698111052486781e-02
7.000000000000000000e+00 0.000000000000000000e+00
