0.000000000000000000e+00 0.000000000000000000e+00
1.000000000000000021e-02 1.683738335740330924e-02
2.000000000000000042e-02 1.683738335740339251e-02
2.999999999999999889e-02 1.683738335740354169e-02
4.000000000000000083e-02 1.683738335740377762e-02
5.000000000000000278e-02 1.683738335740408640e-02
5.999999999999999778e-02 1.683738335740443334e-02
7.000000000000000666e-02 1.683738335740475600e-02
8.000000000000000167e-02 1.683738335740499886e-02
8.999999999999999667e-02 1.683738335740520009e-02
1.000000000000000056e-01 1.683738335740558867e-02
1.100000000000000006e-01 1.683738335740669542e-02
1.199999999999999956e-01 1.683738335740955078e-02
1.300000000000000044e-01 1.683738335741595538e-02
1.400000000000000133e-01 1.683738335742896233e-02
1.499999999999999944e-01 1.683738335745358153e-02
1.600000000000000033e-01 1.683738335749759493e-02
1.700000000000000122e-01 1.683738335757170926e-02
1.799999999999999933e-01 1.683738335768796696e-02
1.900000000000000022e-01 1.683738335785533655e-02
2.000000000000000111e-01 1.683738335807337047e-02
2.099999999999999922e-01 1.683738335832738256e-02
2.200000000000000011e-01 1.683738335858985316e-02
2.300000000000000100e-01 1.683738335883040380e-02
2.399999999999999911e-01 1.683738335903109049e-02
2.500000000000000000e-01 1.683738335919939683e-02
2.600000000000000089e-01 1.683738335937189079e-02
2.700000000000000178e-01 1.683738335960678623e-02
2.800000000000000266e-01 1.683738335996861138e-02
2.899999999999999800e-01 1.683738336050945653e-02
2.999999999999999889e-01 1.683738336125067958e-02
3.099999999999999978e-01 1.683738336216957995e-02
3.200000000000000067e-01 1.683738336319735851e-02
3.300000000000000155e-01 1.683738336423165616e-02
3.400000000000000244e-01 1.683738336516013914e-02
3.499999999999999778e-01 1.683738336588659970e-02
3.599999999999999867e-01 1.683738336635329236e-02
3.699999999999999956e-01 1.683738336655517601e-02
3.800000000000000044e-01 1.683738336653894940e-02
3.900000000000000133e-01 1.683738336638119365e-02
4.000000000000000222e-01 1.683738336615542286e-02
4.099999999999999756e-01 1.683738336591295362e-02
4.199999999999999845e-01 1.683738336569238353e-02
4.299999999999999933e-01 1.683738336554181300e-02
4.400000000000000022e-01 1.683738336552280043e-02
4.500000000000000111e-01 1.683738336568537872e-02
4.600000000000000200e-01 1.683738336603828739e-02
4.699999999999999734e-01 1.683738336654874365e-02
4.799999999999999822e-01 1.683738336717672743e-02
4.899999999999999911e-01 1.683738336790911380e-02
5.000000000000000000e-01 1.683738336875720970e-02
5.100000000000000089e-01 1.683738336972559133e-02
5.200000000000000178e-01 1.683738337079889250e-02
5.300000000000000266e-01 1.683738337197532992e-02
5.400000000000000355e-01 1.683738337332206514e-02
5.500000000000000444e-01 1.683738337500226279e-02
5.600000000000000533e-01 1.683738337725048870e-02
5.699999999999999512e-01 1.683738338031232074e-02
5.799999999999999600e-01 1.683738338437565027e-02
5.899999999999999689e-01 1.683738338950628577e-02
5.999999999999999778e-01 1.683738339558855240e-02
6.099999999999999867e-01 1.683738340228108435e-02
6.199999999999999956e-01 1.683738340902383654e-02
6.300000000000000044e-01 1.683738341514224440e-02
6.400000000000000133e-01 1.683738342005895033e-02
6.500000000000000222e-01 1.683738342354953316e-02
6.600000000000000311e-01 1.683738342592063647e-02
6.700000000000000400e-01 1.683738342799680210e-02
6.800000000000000488e-01 1.683738343088395789e-02
6.899999999999999467e-01 1.683738343559636197e-02
6.999999999999999556e-01 1.683738344272850060e-02
7.099999999999999645e-01 1.683738345235139336e-02
7.199999999999999734e-01 1.683738346418403586e-02
7.299999999999999822e-01 1.683738347793300658e-02
7.399999999999999911e-01 1.683738349370006090e-02
7.500000000000000000e-01 1.683738351266365549e-02
7.600000000000000089e-01 1.683738353883596633e-02
7.700000000000000178e-01 1.683738358350590769e-02
7.800000000000000266e-01 1.683738367459566843e-02
7.900000000000000355e-01 1.683738387194974248e-02
8.000000000000000444e-01 1.683738428380543439e-02
8.100000000000000533e-01 1.683738506972737997e-02
8.199999999999999512e-01 1.683738641072939773e-02
8.299999999999999600e-01 1.683738844304905752e-02
8.399999999999999689e-01 1.683739118739596002e-02
8.499999999999999778e-01 1.683739452925240437e-02
8.599999999999999867e-01 1.683739828171416583e-02
8.699999999999999956e-01 1.683740229869488958e-02
8.800000000000000044e-01 1.683740656107064401e-02
8.900000000000000133e-01 1.683741117911834173e-02
9.000000000000000222e-01 1.683741632582117301e-02
9.100000000000000311e-01 1.683742217649877512e-02
9.200000000000000400e-01 1.683742893221709669e-02
9.300000000000000488e-01 1.683743694437414215e-02
9.399999999999999467e-01 1.683744687318189034e-02
9.499999999999999556e-01 1.683745975847880660e-02
9.599999999999999645e-01 1.683747690183190829e-02
9.699999999999999734e-01 1.683749956214808385e-02
9.799999999999999822e-01 1.683752860615078326e-02
9.899999999999999911e-01 1.683756433332782992e-02
1.000000000000000000e+00 1.683760663044532244e-02
1.010000000000000009e+00 1.683765543882384530e-02
1.020000000000000018e+00 1.683771139544895309e-02
1.030000000000000027e+00 1.683777657521769514e-02
1.040000000000000036e+00 1.683785555695664626e-02
1.050000000000000044e+00 1.683795764403066969e-02
1.060000000000000053e+00 1.683810225742909950e-02
1.070000000000000062e+00 1.683833140361133338e-02
1.080000000000000071e+00 1.683873441170923718e-02
1.090000000000000080e+00 1.683948641217442033e-02
1.100000000000000089e+00 1.684088721301732136e-02
1.110000000000000098e+00 1.684336338393779484e-02
1.120000000000000107e+00 1.684738572785752370e-02
1.129999999999999893e+00 1.685328899851694720e-02
1.139999999999999902e+00 1.686105933050775774e-02
1.149999999999999911e+00 1.687021552615417322e-02
1.159999999999999920e+00 1.687988317149847692e-02
1.169999999999999929e+00 1.688905441611148264e-02
1.179999999999999938e+00 1.689692503554401579e-02
1.189999999999999947e+00 1.690316757388075908e-02
1.199999999999999956e+00 1.690803305758522765e-02
1.209999999999999964e+00 1.691225103556836390e-02
1.219999999999999973e+00 1.691679431676941861e-02
1.229999999999999982e+00 1.692263712755340266e-02
1.239999999999999991e+00 1.693060701616228361e-02
1.250000000000000000e+00 1.694132998541816176e-02
1.260000000000000009e+00 1.695518926331025106e-02
1.270000000000000018e+00 1.697223231687986292e-02
1.280000000000000027e+00 1.699204597899090646e-02
1.290000000000000036e+00 1.701369672729190902e-02
1.300000000000000044e+00 1.703584024873128905e-02
1.310000000000000053e+00 1.705702420040905096e-02
1.320000000000000062e+00 1.707607535513065017e-02
1.330000000000000071e+00 1.709238008735772946e-02
1.340000000000000080e+00 1.710594837794016804e-02
1.350000000000000089e+00 1.711735860291733677e-02
1.360000000000000098e+00 1.712776967400259434e-02
1.370000000000000107e+00 1.713896599784387950e-02
1.379999999999999893e+00 1.715308539681729971e-02
1.389999999999999902e+00 1.717179422815376735e-02
1.399999999999999911e+00 1.719534663540718544e-02
1.409999999999999920e+00 1.722248053751033667e-02
1.419999999999999929e+00 1.725162376518845492e-02
1.429999999999999938e+00 1.728265471085770055e-02
1.439999999999999947e+00 1.731773574934883375e-02
1.449999999999999956e+00 1.736031740770137277e-02
1.459999999999999964e+00 1.741276601788463441e-02
1.469999999999999973e+00 1.747405011535348510e-02
1.479999999999999982e+00 1.753887991800912038e-02
1.489999999999999991e+00 1.759877768544697643e-02
1.500000000000000000e+00 1.764442320172161793e-02
1.510000000000000009e+00 1.766802748964830388e-02
1.520000000000000018e+00 1.766479568192327182e-02
1.530000000000000027e+00 1.763338054211284131e-02
1.540000000000000036e+00 1.757582800982160701e-02
1.550000000000000044e+00 1.749742158742976714e-02
1.560000000000000053e+00 1.740630170121140741e-02
1.570000000000000062e+00 1.731243552082928003e-02
1.580000000000000071e+00 1.722583613396059740e-02
1.590000000000000080e+00 1.715458625537814863e-02
1.600000000000000089e+00 1.710352580961159441e-02
1.610000000000000098e+00 1.707408083969389270e-02
1.620000000000000107e+00 1.706502593933261619e-02
1.629999999999999893e+00 1.707361018893124860e-02
1.639999999999999902e+00 1.709659760980512810e-02
1.649999999999999911e+00 1.713103274279170057e-02
1.659999999999999920e+00 1.717465646905205756e-02
1.669999999999999929e+00 1.722594114824485892e-02
1.679999999999999938e+00 1.728383822678898618e-02
1.689999999999999947e+00 1.734747536015100733e-02
1.699999999999999956e+00 1.741604246144956222e-02
1.709999999999999964e+00 1.748894929532860548e-02
1.719999999999999973e+00 1.756620748049255235e-02
1.729999999999999982e+00 1.764917811051028296e-02
1.739999999999999991e+00 1.774257953861458487e-02
1.750000000000000000e+00 1.785990493970836951e-02
1.760000000000000009e+00 1.803523692184301475e-02
1.770000000000000018e+00 1.834255180937312615e-02
1.780000000000000027e+00 1.891636127620858684e-02
1.790000000000000036e+00 1.995663195252837113e-02
1.800000000000000044e+00 2.169725903167295245e-02
1.810000000000000053e+00 2.433559521319735020e-02
1.820000000000000062e+00 2.795873754985633841e-02
1.830000000000000071e+00 3.252750027540870364e-02
1.840000000000000080e+00 3.795002195322794841e-02
1.850000000000000089e+00 4.419715586007765679e-02
1.860000000000000098e+00 5.135112009839008090e-02
1.870000000000000107e+00 5.951541819804868211e-02
1.879999999999999893e+00 6.863797590242326496e-02
1.889999999999999902e+00 7.839521495372317461e-02
1.899999999999999911e+00 8.824524745577742857e-02
1.909999999999999920e+00 9.761740751990105602e-02
1.919999999999999929e+00 1.061117502454766437e-01
1.929999999999999938e+00 1.136220738268803737e-01
1.939999999999999947e+00 1.203918728990136661e-01
1.949999999999999956e+00 1.270381261466012879e-01
1.959999999999999964e+00 1.345231098650276902e-01
1.969999999999999973e+00 1.440149878147570783e-01
1.979999999999999982e+00 1.566139027405949458e-01
1.989999999999999991e+00 1.730004076250025724e-01
2.000000000000000000e+00 1.931331707416842625e-01
2.009999999999999787e+00 2.161502531031243013e-01
2.020000000000000018e+00 2.405741364114474534e-01
2.029999999999999805e+00 2.647635668871310965e-01
2.040000000000000036e+00 2.873847698135844064e-01
2.049999999999999822e+00 3.076687946160794884e-01
2.060000000000000053e+00 3.254369024733340110e-01
2.069999999999999840e+00 3.411102643270021439e-01
2.080000000000000071e+00 3.559017232323696822e-01
2.089999999999999858e+00 3.720995246494648856e-01
2.100000000000000089e+00 3.930868256005418671e-01
2.109999999999999876e+00 4.227998198426461407e-01
2.120000000000000107e+00 4.647200780392413133e-01
2.129999999999999893e+00 5.209058806400604924e-01
2.140000000000000124e+00 5.916062254047415037e-01
2.149999999999999911e+00 6.755887617675014889e-01
2.160000000000000142e+00 7.708146090196733580e-01
2.169999999999999929e+00 8.749614943567816105e-01
2.180000000000000160e+00 9.855809011008075382e-01
2.189999999999999947e+00 1.100035775668284144e+00
2.200000000000000178e+00 1.215507294150677486e+00
2.209999999999999964e+00 1.329255376765220875e+00
2.220000000000000195e+00 1.439089561907602288e+00
2.229999999999999982e+00 1.543800480731202240e+00
2.240000000000000213e+00 1.643261499554655058e+00
2.250000000000000000e+00 1.738090685074231034e+00
2.259999999999999787e+00 1.829033265523611229e+00
2.270000000000000018e+00 1.916361306013877330e+00
2.279999999999999805e+00 1.999512834534590278e+00
2.290000000000000036e+00 2.077038360549099849e+00
2.299999999999999822e+00 2.146829222719226049e+00
2.310000000000000053e+00 2.206558255497586440e+00
2.319999999999999840e+00 2.254205857659907331e+00
2.330000000000000071e+00 2.288515396040398109e+00
2.339999999999999858e+00 2.309300842060239667e+00
2.350000000000000089e+00 2.317646315496574960e+00
2.359999999999999876e+00 2.315993140269103190e+00
2.370000000000000107e+00 2.307883255244477017e+00
2.379999999999999893e+00 2.297066281872539584e+00
2.390000000000000124e+00 2.286120367793768704e+00
2.399999999999999911e+00 2.275374190498471005e+00
2.410000000000000142e+00 2.262937880486211473e+00
2.419999999999999929e+00 2.245821842468049390e+00
2.430000000000000160e+00 2.221276832914797605e+00
2.439999999999999947e+00 2.187496322933573989e+00
2.450000000000000178e+00 2.143514863523621194e+00
2.459999999999999964e+00 2.088712641836538708e+00
2.470000000000000195e+00 2.022415971775609833e+00
2.479999999999999982e+00 1.943877748766157154e+00
2.490000000000000213e+00 1.852680037371260191e+00
2.500000000000000000e+00 1.749368470794481656e+00
2.509999999999999787e+00 1.635954671835542884e+00
2.520000000000000018e+00 1.515944046563866499e+00
2.529999999999999805e+00 1.393797623744889247e+00
2.540000000000000036e+00 1.274051119679570743e+00
2.549999999999999822e+00 1.160466719714819739e+00
2.560000000000000053e+00 1.055504333871842615e+00
2.569999999999999840e+00 9.601893736154896164e-01
2.580000000000000071e+00 8.743011767156858571e-01
2.589999999999999858e+00 7.967661207005800605e-01
2.600000000000000089e+00 7.261399805268817786e-01
2.609999999999999876e+00 6.610519498210268852e-01
2.620000000000000107e+00 6.004923663826953195e-01
2.629999999999999893e+00 5.438954047981200413e-01
2.640000000000000124e+00 4.910622235169599392e-01
2.649999999999999911e+00 4.420173993960614389e-01
2.660000000000000142e+00 3.968665789380141917e-01
2.669999999999999929e+00 3.556778272764614668e-01
2.680000000000000160e+00 3.184031893474762454e-01
2.689999999999999947e+00 2.848707633485605406e-01
2.700000000000000178e+00 2.548467975163841714e-01
2.709999999999999964e+00 2.281034558129217682e-01
2.720000000000000195e+00 2.044200817618707644e-01
2.729999999999999982e+00 1.835238637658649641e-01
2.740000000000000213e+00 1.650513758860334412e-01
2.750000000000000000e+00 1.485925530244258663e-01
2.759999999999999787e+00 1.337872822728486955e-01
2.770000000000000018e+00 1.203902713936415708e-01
2.779999999999999805e+00 1.082594095181298732e-01
2.790000000000000036e+00 9.730005631983845715e-02
2.799999999999999822e+00 8.742401932814002075e-02
2.810000000000000053e+00 7.854431483560540828e-02
2.819999999999999840e+00 7.058400455405805518e-02
2.830000000000000071e+00 6.347470791215271968e-02
2.839999999999999858e+00 5.714561137420884340e-02
2.850000000000000089e+00 5.151952648222338227e-02
2.859999999999999876e+00 4.652287491020503513e-02
2.870000000000000107e+00 4.209820917930556100e-02
2.879999999999999893e+00 3.820519498732318636e-02
2.890000000000000124e+00 3.481017515809140678e-02
2.899999999999999911e+00 3.187568352343986278e-02
2.910000000000000142e+00 2.935770384975341582e-02
2.919999999999999929e+00 2.720890071242083874e-02
2.930000000000000160e+00 2.538270778653082399e-02
2.939999999999999947e+00 2.383613041489352630e-02
2.950000000000000178e+00 2.253169395437369660e-02
2.959999999999999964e+00 2.143850375928661040e-02
2.970000000000000195e+00 2.053146113605728088e-02
2.979999999999999982e+00 1.978865055509914858e-02
2.990000000000000213e+00 1.918864524715369405e-02
3.000000000000000000e+00 1.870952560571044129e-02
3.009999999999999787e+00 1.832969583284781850e-02
3.020000000000000018e+00 1.802926900368118784e-02
3.029999999999999805e+00 1.779104143404055746e-02
3.040000000000000036e+00 1.760094935836967536e-02
3.049999999999999822e+00 1.744820896872275803e-02
3.060000000000000053e+00 1.732510514268249119e-02
3.069999999999999840e+00 1.722629264253112968e-02
3.080000000000000071e+00 1.714777051629992610e-02
3.089999999999999858e+00 1.708600562663912040e-02
3.100000000000000089e+00 1.703758189295441483e-02
3.109999999999999876e+00 1.699933000594502919e-02
3.120000000000000107e+00 1.696860333923692551e-02
3.129999999999999893e+00 1.694342752485188466e-02
3.140000000000000124e+00 1.692247108351270860e-02
3.149999999999999911e+00 1.690491217624548112e-02
3.160000000000000142e+00 1.689027263784243296e-02
3.169999999999999929e+00 1.687825268154363040e-02
3.180000000000000160e+00 1.686859311686626783e-02
3.189999999999999947e+00 1.686099804072067887e-02
3.200000000000000178e+00 1.685513011995689106e-02
3.209999999999999964e+00 1.685065062680018641e-02
3.220000000000000195e+00 1.684725953067041718e-02
3.229999999999999982e+00 1.684471111867854795e-02
3.240000000000000213e+00 1.684280953963185334e-02
3.250000000000000000e+00 1.684139907791591326e-02
3.259999999999999787e+00 1.684035714591030491e-02
3.270000000000000018e+00 1.683958942800610828e-02
3.279999999999999805e+00 1.683902472289259059e-02
3.290000000000000036e+00 1.683860944293828418e-02
3.299999999999999822e+00 1.683830319555838784e-02
3.310000000000000053e+00 1.683807592962210248e-02
3.319999999999999840e+00 1.683790588459323917e-02
3.330000000000000071e+00 1.683777763757212526e-02
3.339999999999999858e+00 1.683768028197325795e-02
3.350000000000000089e+00 1.683760605277993122e-02
3.359999999999999876e+00 1.683754943317917335e-02
3.370000000000000107e+00 1.683750650695266943e-02
3.379999999999999893e+00 1.683747438200773258e-02
3.390000000000000124e+00 1.683745072696650469e-02
3.399999999999999911e+00 1.683743353091239278e-02
3.410000000000000142e+00 1.683742107397149732e-02
3.419999999999999929e+00 1.683741197822264876e-02
3.430000000000000160e+00 1.683740522435317813e-02
3.439999999999999947e+00 1.683740010871559792e-02
3.450000000000000178e+00 1.683739617058570975e-02
3.459999999999999964e+00 1.683739311818764281e-02
3.470000000000000195e+00 1.683739076391304462e-02
3.479999999999999982e+00 1.683738897289016254e-02
3.490000000000000213e+00 1.683738763084408757e-02
3.500000000000000000e+00 1.683738663341845243e-02
3.509999999999999787e+00 1.683738588962481811e-02
3.520000000000000018e+00 1.683738532756765341e-02
3.529999999999999805e+00 1.683738489539806510e-02
3.540000000000000036e+00 1.683738455783884841e-02
3.549999999999999822e+00 1.683738429156169877e-02
3.560000000000000053e+00 1.683738408129556788e-02
3.569999999999999840e+00 1.683738391669419715e-02
3.580000000000000071e+00 1.683738378976483777e-02
3.589999999999999858e+00 1.683738369323138986e-02
3.600000000000000089e+00 1.683738362015296808e-02
3.609999999999999876e+00 1.683738356439962516e-02
3.620000000000000107e+00 1.683738352117175249e-02
3.629999999999999893e+00 1.683738348707898916e-02
3.640000000000000124e+00 1.683738345985536303e-02
3.649999999999999911e+00 1.683738343800274956e-02
3.660000000000000142e+00 1.683738342051857920e-02
3.669999999999999929e+00 1.683738340669345412e-02
3.680000000000000160e+00 1.683738339594295641e-02
3.689999999999999947e+00 1.683738338769883575e-02
3.700000000000000178e+00 1.683738338139362592e-02
3.709999999999999964e+00 1.683738337651371000e-02
3.720000000000000195e+00 1.683738337265449497e-02
3.729999999999999982e+00 1.683738336953475787e-02
3.740000000000000213e+00 1.683738336697555502e-02
3.750000000000000000e+00 1.683738336486956949e-02
3.759999999999999787e+00 1.683738336315593678e-02
3.770000000000000018e+00 1.683738336180005957e-02
3.779999999999999805e+00 1.683738336077482065e-02
3.790000000000000036e+00 1.683738336004511268e-02
3.799999999999999822e+00 1.683738335956056972e-02
3.810000000000000053e+00 1.683738335925839477e-02
3.819999999999999840e+00 1.683738335907313324e-02
3.830000000000000071e+00 1.683738335894786886e-02
3.839999999999999858e+00 1.683738335884213053e-02
3.850000000000000089e+00 1.683738335873440767e-02
3.859999999999999876e+00 1.683738335861952387e-02
3.870000000000000107e+00 1.683738335850239187e-02
3.879999999999999893e+00 1.683738335839061670e-02
3.890000000000000124e+00 1.683738335828904170e-02
3.899999999999999911e+00 1.683738335819807627e-02
3.910000000000000142e+00 1.683738335811514608e-02
3.919999999999999929e+00 1.683738335803689964e-02
3.930000000000000160e+00 1.683738335796067589e-02
3.939999999999999947e+00 1.683738335788510787e-02
3.950000000000000178e+00 1.683738335781046272e-02
3.959999999999999964e+00 1.683738335773864170e-02
3.970000000000000195e+00 1.683738335767254873e-02
3.979999999999999982e+00 1.683738335761485183e-02
3.990000000000000213e+00 1.683738335756687285e-02
4.000000000000000000e+00 1.683738335752834117e-02
4.009999999999999787e+00 1.683738335749798698e-02
4.019999999999999574e+00 1.683738335747426290e-02
4.030000000000000249e+00 1.683738335745580544e-02
4.040000000000000036e+00 1.683738335744154949e-02
4.049999999999999822e+00 1.683738335743065542e-02
4.059999999999999609e+00 1.683738335742244324e-02
4.070000000000000284e+00 1.683738335741634395e-02
4.080000000000000071e+00 1.683738335741189959e-02
4.089999999999999858e+00 1.683738335740874240e-02
4.099999999999999645e+00 1.683738335740657399e-02
4.110000000000000320e+00 1.683738335740517580e-02
4.120000000000000107e+00 1.683738335740433967e-02
4.129999999999999893e+00 1.683738335740388170e-02
4.139999999999999680e+00 1.683738335740364578e-02
4.150000000000000355e+00 1.683738335740352088e-02
4.160000000000000142e+00 1.683738335740344802e-02
4.169999999999999929e+00 1.683738335740339598e-02
4.179999999999999716e+00 1.683738335740335781e-02
4.190000000000000391e+00 1.683738335740332659e-02
4.200000000000000178e+00 1.683738335740330924e-02
4.209999999999999964e+00 1.683738335740328843e-02
4.219999999999999751e+00 1.683738335740327802e-02
4.230000000000000426e+00 1.683738335740326761e-02
4.240000000000000213e+00 1.683738335740326067e-02
4.250000000000000000e+00 1.683738335740325720e-02
4.259999999999999787e+00 1.683738335740325373e-02
4.269999999999999574e+00 1.683738335740325026e-02
4.280000000000000249e+00 1.683738335740324679e-02
4.290000000000000036e+00 1.683738335740324332e-02
4.299999999999999822e+00 1.683738335740324332e-02
4.309999999999999609e+00 1.683738335740324332e-02
4.320000000000000284e+00 1.683738335740324332e-02
4.330000000000000071e+00 1.683738335740323985e-02
4.339999999999999858e+00 1.683738335740323985e-02
4.349999999999999645e+00 1.683738335740323985e-02
4.360000000000000320e+00 1.683738335740323985e-02
4.370000000000000107e+00 1.683738335740323985e-02
4.379999999999999893e+00 1.683738335740323985e-02
4.389999999999999680e+00 1.683738335740323985e-02
4.400000000000000355e+00 1.683738335740323985e-02
4.410000000000000142e+00 1.683738335740323985e-02
4.419999999999999929e+00 1.683738335740323985e-02
4.429999999999999716e+00 1.683738335740323985e-02
4.440000000000000391e+00 1.683738335740323985e-02
4.450000000000000178e+00 1.683738335740323985e-02
4.459999999999999964e+00 1.683738335740323985e-02
4.469999999999999751e+00 1.683738335740323985e-02
4.480000000000000426e+00 1.683738335740323985e-02
4.490000000000000213e+00 1.683738335740323985e-02
4.500000000000000000e+00 1.683738335740323985e-02
4.509999999999999787e+00 1.683738335740323985e-02
4.519999999999999574e+00 1.683738335740323985e-02
4.530000000000000249e+00 1.683738335740323985e-02
4.540000000000000036e+00 1.683738335740323985e-02
4.549999999999999822e+00 1.683738335740323985e-02
4.559999999999999609e+00 1.683738335740323985e-02
4.570000000000000284e+00 1.683738335740323985e-02
4.580000000000000071e+00 1.683738335740323985e-02
4.589999999999999858e+00 1.683738335740323985e-02
4.599999999999999645e+00 1.683738335740323985e-02
4.610000000000000320e+00 1.683738335740323985e-02
4.620000000000000107e+00 1.683738335740323985e-02
4.629999999999999893e+00 1.683738335740323985e-02
4.639999999999999680e+00 1.683738335740323985e-02
4.650000000000000355e+00 1.683738335740323985e-02
4.660000000000000142e+00 1.683738335740323985e-02
4.669999999999999929e+00 1.683738335740323985e-02
4.679999999999999716e+00 1.683738335740323985e-02
4.690000000000000391e+00 1.683738335740323985e-02
4.700000000000000178e+00 1.683738335740323985e-02
4.709999999999999964e+00 1.683738335740323985e-02
4.719999999999999751e+00 1.683738335740323985e-02
4.730000000000000426e+00 1.683738335740323985e-02
4.740000000000000213e+00 1.683738335740323985e-02
4.750000000000000000e+00 1.683738335740323985e-02
4.759999999999999787e+00 1.683738335740323985e-02
4.769999999999999574e+00 1.683738335740323985e-02
4.780000000000000249e+00 1.683738335740323985e-02
4.790000000000000036e+00 1.683738335740323985e-02
4.799999999999999822e+00 1.683738335740323985e-02
4.809999999999999609e+00 1.683738335740323985e-02
4.820000000000000284e+00 1.683738335740323985e-02
4.830000000000000071e+00 1.683738335740323985e-02
4.839999999999999858e+00 1.683738335740323985e-02
4.849999999999999645e+00 1.683738335740323985e-02
4.860000000000000320e+00 1.683738335740323985e-02
4.870000000000000107e+00 1.683738335740323985e-02
4.879999999999999893e+00 1.683738335740323985e-02
4.889999999999999680e+00 1.683738335740323985e-02
4.900000000000000355e+00 1.683738335740323985e-02
4.910000000000000142e+00 1.683738335740323985e-02
4.919999999999999929e+00 1.683738335740323985e-02
4.929999999999999716e+00 1.683738335740323985e-02
4.940000000000000391e+00 1.683738335740323985e-02
4.950000000000000178e+00 1.683738335740323985e-02
4.959999999999999964e+00 1.683738335740323985e-02
4.969999999999999751e+00 1.683738335740323985e-02
4.980000000000000426e+00 1.683738335740323985e-02
4.990000000000000213e+00 1.683738335740323985e-02
5.000000000000000000e+00 1.683738335740323985e-02
5.009999999999999787e+00 1.683738335740323985e-02
5.019999999999999574e+00 1.683738335740323985e-02
5.030000000000000249e+00 1.683738335740323985e-02
5.040000000000000036e+00 1.683738335740323985e-02
5.049999999999999822e+00 1.683738335740323985e-02
5.059999999999999609e+00 1.683738335740323985e-02
5.070000000000000284e+00 1.683738335740323985e-02
5.080000000000000071e+00 1.683738335740323985e-02
5.089999999999999858e+00 1.683738335740323985e-02
5.099999999999999645e+00 1.683738335740323985e-02
5.110000000000000320e+00 1.683738335740323985e-02
5.120000000000000107e+00 1.683738335740323985e-02
5.129999999999999893e+00 1.683738335740323985e-02
5.139999999999999680e+00 1.683738335740323985e-02
5.150000000000000355e+00 1.683738335740323985e-02
5.160000000000000142e+00 1.683738335740323985e-02
5.169999999999999929e+00 1.683738335740323985e-02
5.179999999999999716e+00 1.683738335740323985e-02
5.190000000000000391e+00 1.683738335740323985e-02
5.200000000000000178e+00 1.683738335740323985e-02
5.209999999999999964e+00 1.683738335740323985e-02
5.219999999999999751e+00 1.683738335740323985e-02
5.230000000000000426e+00 1.683738335740323985e-02
5.240000000000000213e+00 1.683738335740323985e-02
5.250000000000000000e+00 1.683738335740323985e-02
5.259999999999999787e+00 1.683738335740323985e-02
5.269999999999999574e+00 1.683738335740323985e-02
5.280000000000000249e+00 1.683738335740323985e-02
5.290000000000000036e+00 1.683738335740323985e-02
5.299999999999999822e+00 1.683738335740323985e-02
5.309999999999999609e+00 1.683738335740323985e-02
5.320000000000000284e+00 1.683738335740323985e-02
5.330000000000000071e+00 1.683738335740323985e-02
5.339999999999999858e+00 1.683738335740323985e-02
5.349999999999999645e+00 1.683738335740323985e-02
5.360000000000000320e+00 1.683738335740323985e-02
5.370000000000000107e+00 1.683738335740323985e-02
5.379999999999999893e+00 1.683738335740323985e-02
5.389999999999999680e+00 1.683738335740323985e-02
5.400000000000000355e+00 1.683738335740323985e-02
5.410000000000000142e+00 1.683738335740323985e-02
5.419999999999999929e+00 1.683738335740323985e-02
5.429999999999999716e+00 1.683738335740323985e-02
5.440000000000000391e+00 1.683738335740323985e-02
5.450000000000000178e+00 1.683738335740323985e-02
5.459999999999999964e+00 1.683738335740323985e-02
5.469999999999999751e+00 1.683738335740323985e-02
5.480000000000000426e+00 1.683738335740323985e-02
5.490000000000000213e+00 1.683738335740323985e-02
5.500000000000000000e+00 1.683738335740323985e-02
5.509999999999999787e+00 1.683738335740323985e-02
5.519999999999999574e+00 1.683738335740323985e-02
5.530000000000000249e+00 1.683738335740323985e-02
5.540000000000000036e+00 1.683738335740323985e-02
5.549999999999999822e+00 1.683738335740323985e-02
5.559999999999999609e+00 1.683738335740323985e-02
5.570000000000000284e+00 1.683738335740323985e-02
5.580000000000000071e+00 1.683738335740323985e-02
5.589999999999999858e+00 1.683738335740323985e-02
5.599999999999999645e+00 1.683738335740323985e-02
5.610000000000000320e+00 1.683738335740323985e-02
5.620000000000000107e+00 1.683738335740323985e-02
5.629999999999999893e+00 1.683738335740323985e-02
5.639999999999999680e+00 1.683738335740323985e-02
5.650000000000000355e+00 1.683738335740323985e-02
5.660000000000000142e+00 1.683738335740323985e-02
5.669999999999999929e+00 1.683738335740323985e-02
5.679999999999999716e+00 1.683738335740323985e-02
5.690000000000000391e+00 1.683738335740323985e-02
5.700000000000000178e+00 1.683738335740323985e-02
5.709999999999999964e+00 1.683738335740323985e-02
5.719999999999999751e+00 1.683738335740323985e-02
5.730000000000000426e+00 1.683738335740323985e-02
5.740000000000000213e+00 1.683738335740323985e-02
5.750000000000000000e+00 1.683738335740323985e-02
5.759999999999999787e+00 1.683738335740323985e-02
5.769999999999999574e+00 1.683738335740323985e-02
5.780000000000000249e+00 1.683738335740323985e-02
5.790000000000000036e+00 1.683738335740323985e-02
5.799999999999999822e+00 1.683738335740323985e-02
5.809999999999999609e+00 1.683738335740323985e-02
5.820000000000000284e+00 1.683738335740323985e-02
5.830000000000000071e+00 1.683738335740323985e-02
5.839999999999999858e+00 1.683738335740323985e-02
5.849999999999999645e+00 1.683738335740323985e-02
5.860000000000000320e+00 1.683738335740323985e-02
5.870000000000000107e+00 1.683738335740323985e-02
5.879999999999999893e+00 1.683738335740323985e-02
5.889999999999999680e+00 1.683738335740323985e-02
5.900000000000000355e+00 1.683738335740323985e-02
5.910000000000000142e+00 1.683738335740323985e-02
5.919999999999999929e+00 1.683738335740323985e-02
5.929999999999999716e+00 1.683738335740323985e-02
5.940000000000000391e+00 1.683738335740323985e-02
5.950000000000000178e+00 1.683738335740323985e-02
5.959999999999999964e+00 1.683738335740323985e-02
5.969999999999999751e+00 1.683738335740323985e-02
5.980000000000000426e+00 1.683738335740323985e-02
5.990000000000000213e+00 1.683738335740323985e-02
6.000000000000000000e+00 1.683738335740323985e-02
6.200000000000000178e+00 1.683738335740323985e-02
6.400000000000000355e+00 1.683738335740323985e-02
6.599999999999999645e+00 1.683738335740323985e-02
6.799999999999999822e+00 1.683738335740323985e-02
7.000000000000000000e+00 0.000000000000000000e+00
