0.000000000000000000e+00 0.000000000000000000e+00
1.000000000000000021e-02 1.415698111051474743e-02
2.000000000000000042e-02 1.415698111051474743e-02
2.999999999999999889e-02 1.415698111051474743e-02
4.000000000000000083e-02 1.415698111051474743e-02
5.000000000000000278e-02 1.415698111051474743e-02
5.999999999999999778e-02 1.415698111051474743e-02
7.000000000000000666e-02 1.415698111051474743e-02
8.000000000000000167e-02 1.415698111051474743e-02
8.999999999999999667e-02 1.415698111051474743e-02
1.000000000000000056e-01 1.415698111051474743e-02
1.100000000000000006e-01 1.415698111051474743e-02
1.199999999999999956e-01 1.415698111051474743e-02
1.300000000000000044e-01 1.415698111051475090e-02
1.400000000000000133e-01 1.415698111051475264e-02
1.499999999999999944e-01 1.415698111051476304e-02
1.600000000000000033e-01 1.415698111051478213e-02
1.700000000000000122e-01 1.415698111051482549e-02
1.799999999999999933e-01 1.415698111051491917e-02
1.900000000000000022e-01 1.415698111051511519e-02
2.000000000000000111e-01 1.415698111051551245e-02
2.099999999999999922e-01 1.415698111051629134e-02
2.200000000000000011e-01 1.415698111051779534e-02
2.300000000000000100e-01 1.415698111052068713e-02
2.399999999999999911e-01 1.415698111052621916e-02
2.500000000000000000e-01 1.415698111053676454e-02
2.600000000000000089e-01 1.415698111055667396e-02
2.700000000000000178e-01 1.415698111059372939e-02
2.800000000000000266e-01 1.415698111066142698e-02
2.899999999999999800e-01 1.415698111078289578e-02
2.999999999999999889e-01 1.415698111099788874e-02
3.099999999999999978e-01 1.415698111137617121e-02
3.200000000000000067e-01 1.415698111204417679e-02
3.300000000000000155e-01 1.415698111323891902e-02
3.400000000000000244e-01 1.415698111541533952e-02
3.499999999999999778e-01 1.415698111945330913e-02
3.599999999999999867e-01 1.415698112704437232e-02
3.699999999999999956e-01 1.415698114140530317e-02
3.800000000000000044e-01 1.415698116860444715e-02
3.900000000000000133e-01 1.415698122005869773e-02
4.000000000000000222e-01 1.415698131721878673e-02
4.099999999999999756e-01 1.415698150009510499e-02
4.199999999999999845e-01 1.415698184191140768e-02
4.299999999999999933e-01 1.415698247249347688e-02
4.400000000000000022e-01 1.415698361293558395e-02
4.500000000000000111e-01 1.415698562467605955e-02
4.600000000000000200e-01 1.415698908017100008e-02
4.699999999999999734e-01 1.415699487373004231e-02
4.799999999999999822e-01 1.415700441233560050e-02
4.899999999999999911e-01 1.415701995766617538e-02
5.000000000000000000e-01 1.415704523494184207e-02
5.100000000000000089e-01 1.415708649819432362e-02
5.200000000000000178e-01 1.415715438095649197e-02
5.300000000000000266e-01 1.415726709966798683e-02
5.400000000000000355e-01 1.415745589785178012e-02
5.500000000000000444e-01 1.415777394789050764e-02
5.600000000000000533e-01 1.415831025756134585e-02
5.699999999999999512e-01 1.415921075121402348e-02
5.799999999999999600e-01 1.416071023868936338e-02
5.899999999999999689e-01 1.416318178641152829e-02
5.999999999999999778e-01 1.416721268232110260e-02
6.099999999999999867e-01 1.417371465779176075e-02
6.199999999999999956e-01 1.418406573116828481e-02
6.300000000000000044e-01 1.420026339648931650e-02
6.400000000000000133e-01 1.422505698450401285e-02
6.500000000000000222e-01 1.426204065981311921e-02
6.600000000000000311e-01 1.431573367587507528e-02
6.700000000000000400e-01 1.439172058815644042e-02
6.800000000000000488e-01 1.449691489992178429e-02
6.899999999999999467e-01 1.463993036849306484e-02
6.999999999999999556e-01 1.483148027113305976e-02
7.099999999999999645e-01 1.508478726772327465e-02
7.199999999999999734e-01 1.541613344558517666e-02
7.299999999999999822e-01 1.584570725323660237e-02
7.399999999999999911e-01 1.639874534561884187e-02
7.500000000000000000e-01 1.710694078889546388e-02
7.600000000000000089e-01 1.801057595089765317e-02
7.700000000000000178e-01 1.916250634141056230e-02
7.800000000000000266e-01 2.063452326626261796e-02
7.900000000000000355e-01 2.252319992666395460e-02
8.000000000000000444e-01 2.494713032847803436e-02
8.100000000000000533e-01 2.802625606172844466e-02
8.199999999999999512e-01 3.184347191619028156e-02
8.299999999999999600e-01 3.640646675773974439e-02
8.399999999999999689e-01 4.163754365894561937e-02
8.499999999999999778e-01 4.740490253630542244e-02
8.599999999999999867e-01 5.357677710936974147e-02
8.699999999999999956e-01 6.005866813097075763e-02
8.800000000000000044e-01 6.678595475679378890e-02
8.900000000000000133e-01 7.367990060184340106e-02
9.000000000000000222e-01 8.060311625392695134e-02
9.100000000000000311e-01 8.734958034352290068e-02
9.200000000000000400e-01 9.368106819817174913e-02
9.300000000000000488e-01 9.940075631895792241e-02
9.399999999999999467e-01 1.044526882264698309e-01
9.499999999999999556e-01 1.090428462349232047e-01
9.599999999999999645e-01 1.137652584658599142e-01
9.699999999999999734e-01 1.196761787861347348e-01
9.799999999999999822e-01 1.282328430810489028e-01
9.899999999999999911e-01 1.410616076994720691e-01
1.000000000000000000e+00 1.596398024994238607e-01
1.010000000000000009e+00 1.850662582632479902e-01
1.020000000000000018e+00 2.180565109411228275e-01
1.030000000000000027e+00 2.591598648992504694e-01
1.040000000000000036e+00 3.091058112340970276e-01
1.050000000000000044e+00 3.692407454414249890e-01
1.060000000000000053e+00 4.420861009266859321e-01
1.070000000000000062e+00 5.318213498949253548e-01
1.080000000000000071e+00 6.438306270092634120e-01
1.090000000000000080e+00 7.819967211917219219e-01
1.100000000000000089e+00 9.436136987956751376e-01
1.110000000000000098e+00 1.115015692341424725e+00
1.120000000000000107e+00 1.273276889183857286e+00
1.129999999999999893e+00 1.396055211382249306e+00
1.139999999999999902e+00 1.473645405282834497e+00
1.149999999999999911e+00 1.513201909923242772e+00
1.159999999999999920e+00 1.531389075748194495e+00
1.169999999999999929e+00 1.542379237021941352e+00
1.179999999999999938e+00 1.551149091598553742e+00
1.189999999999999947e+00 1.555188766533095901e+00
1.199999999999999956e+00 1.550171122285414871e+00
1.209999999999999964e+00 1.534165613192472133e+00
1.219999999999999973e+00 1.508731055556087775e+00
1.229999999999999982e+00 1.478191162214893772e+00
1.239999999999999991e+00 1.448497759071645019e+00
1.250000000000000000e+00 1.425904301302441057e+00
1.260000000000000009e+00 1.415211287315170541e+00
1.270000000000000018e+00 1.417987247960610597e+00
1.280000000000000027e+00 1.431830036384989180e+00
1.290000000000000036e+00 1.451362848427095065e+00
1.300000000000000044e+00 1.470517063227242405e+00
1.310000000000000053e+00 1.484904089440288733e+00
1.320000000000000062e+00 1.493292730644447008e+00
1.330000000000000071e+00 1.497853518458289068e+00
1.340000000000000080e+00 1.503234593601665114e+00
1.350000000000000089e+00 1.514712296730506669e+00
1.360000000000000098e+00 1.535952622652100530e+00
1.370000000000000107e+00 1.567247468510612807e+00
1.379999999999999893e+00 1.605007532268537984e+00
1.389999999999999902e+00 1.642690950762797364e+00
1.399999999999999911e+00 1.672686608632409033e+00
1.409999999999999920e+00 1.688407075145648140e+00
1.419999999999999929e+00 1.685931642084506521e+00
1.429999999999999938e+00 1.664717421021221888e+00
1.439999999999999947e+00 1.627156615261075689e+00
1.449999999999999956e+00 1.577207418596000554e+00
1.459999999999999964e+00 1.518787203893978921e+00
1.469999999999999973e+00 1.454699749235546458e+00
1.479999999999999982e+00 1.386453635912123117e+00
1.489999999999999991e+00 1.314763366059330085e+00
1.500000000000000000e+00 1.240256626415859653e+00
1.510000000000000009e+00 1.164047121245261440e+00
1.520000000000000018e+00 1.088109201884717825e+00
1.530000000000000027e+00 1.015483071471916521e+00
1.540000000000000036e+00 9.501590335567000611e-01
1.550000000000000044e+00 8.962986660958773832e-01
1.560000000000000053e+00 8.566888855199413788e-01
1.570000000000000062e+00 8.310738418324424837e-01
1.580000000000000071e+00 8.155857901659891995e-01
1.590000000000000080e+00 8.040190001637104178e-01
1.600000000000000089e+00 7.903151400714744090e-01
1.610000000000000098e+00 7.706771056635254302e-01
1.620000000000000107e+00 7.441634876158732537e-01
1.629999999999999893e+00 7.118791142228295676e-01
1.639999999999999902e+00 6.756983640286983173e-01
1.649999999999999911e+00 6.373355792567141354e-01
1.659999999999999920e+00 5.979963338992806410e-01
1.669999999999999929e+00 5.584258747525798761e-01
1.679999999999999938e+00 5.190934985266424384e-01
1.689999999999999947e+00 4.803598078277924732e-01
1.699999999999999956e+00 4.425926779535776512e-01
1.709999999999999964e+00 4.062534641679058089e-01
1.719999999999999973e+00 3.719641501476475542e-01
1.729999999999999982e+00 3.405195743297840250e-01
1.739999999999999991e+00 3.127870230062886336e-01
1.750000000000000000e+00 2.894980966916256837e-01
1.760000000000000009e+00 2.710601602329300586e-01
1.770000000000000018e+00 2.575555014478599913e-01
1.780000000000000027e+00 2.489414079756532283e-01
1.790000000000000036e+00 2.452282524830646515e-01
1.800000000000000044e+00 2.463814352507734950e-01
1.810000000000000053e+00 2.519710174108886203e-01
1.820000000000000062e+00 2.608982294040282368e-01
1.830000000000000071e+00 2.714955215903028796e-01
1.840000000000000080e+00 2.819490460809436216e-01
1.850000000000000089e+00 2.907258653026647544e-01
1.860000000000000098e+00 2.967691886402462620e-01
1.870000000000000107e+00 2.994897014255433199e-01
1.879999999999999893e+00 2.987080791763648269e-01
1.889999999999999902e+00 2.946177107256511829e-01
1.899999999999999911e+00 2.877210829054221430e-01
1.909999999999999920e+00 2.786996344499398370e-01
1.919999999999999929e+00 2.682581554040791572e-01
1.929999999999999938e+00 2.570149045836231383e-01
1.939999999999999947e+00 2.454608160257580884e-01
1.949999999999999956e+00 2.339591022194303649e-01
1.959999999999999964e+00 2.227526035358363965e-01
1.969999999999999973e+00 2.119714454601636933e-01
1.979999999999999982e+00 2.016505290687883312e-01
1.989999999999999991e+00 1.917626869474336748e-01
2.000000000000000000e+00 1.822565229448124269e-01
2.009999999999999787e+00 1.730767145575838606e-01
2.020000000000000018e+00 1.641581304114682616e-01
2.029999999999999805e+00 1.554151146091617142e-01
2.040000000000000036e+00 1.467563581581563803e-01
2.049999999999999822e+00 1.381267179488722130e-01
2.060000000000000053e+00 1.295428237283093309e-01
2.069999999999999840e+00 1.210909682621045536e-01
2.080000000000000071e+00 1.128910869117800836e-01
2.089999999999999858e+00 1.050589456720547599e-01
2.100000000000000089e+00 9.769065843603887134e-02
2.109999999999999876e+00 9.086284745187810097e-02
2.120000000000000107e+00 8.462653929978548872e-02
2.129999999999999893e+00 7.898997866607398999e-02
2.140000000000000124e+00 7.390955347106273332e-02
2.149999999999999911e+00 6.930595163687286453e-02
2.160000000000000142e+00 6.509781754136374776e-02
2.169999999999999929e+00 6.122917142263702844e-02
2.180000000000000160e+00 5.767570384312936671e-02
2.189999999999999947e+00 5.443358499792071842e-02
2.200000000000000178e+00 5.150236558320112762e-02
2.209999999999999964e+00 4.886944457383732288e-02
2.220000000000000195e+00 4.649900740631776608e-02
2.229999999999999982e+00 4.432909931463112352e-02
2.240000000000000213e+00 4.228107708494180383e-02
2.250000000000000000e+00 4.028014674763611552e-02
2.259999999999999787e+00 3.827756337201577985e-02
2.270000000000000018e+00 3.626283533954914595e-02
2.279999999999999805e+00 3.426038108267345783e-02
2.290000000000000036e+00 3.231394130931547481e-02
2.299999999999999822e+00 3.046743415100863772e-02
2.310000000000000053e+00 2.875099048354300829e-02
2.319999999999999840e+00 2.717681447813571557e-02
2.330000000000000071e+00 2.574376159647410317e-02
2.339999999999999858e+00 2.444547780591079314e-02
2.350000000000000089e+00 2.327682053939672535e-02
2.359999999999999876e+00 2.223603004655034729e-02
2.370000000000000107e+00 2.132297116963662031e-02
2.379999999999999893e+00 2.053535305376706296e-02
2.390000000000000124e+00 1.986536852257324293e-02
2.399999999999999911e+00 1.929874690364401929e-02
2.410000000000000142e+00 1.881671692057370476e-02
2.419999999999999929e+00 1.839969513095292969e-02
2.430000000000000160e+00 1.803087401076512719e-02
2.439999999999999947e+00 1.769842970918777264e-02
2.450000000000000178e+00 1.739599651868150437e-02
2.459999999999999964e+00 1.712177277936542327e-02
2.470000000000000195e+00 1.687703555174581427e-02
2.479999999999999982e+00 1.666486561230652585e-02
2.490000000000000213e+00 1.648939543473680602e-02
2.500000000000000000e+00 1.635509966863153697e-02
2.509999999999999787e+00 1.626521823231208419e-02
2.520000000000000018e+00 1.621902929489458384e-02
2.529999999999999805e+00 1.620921033247053542e-02
2.540000000000000036e+00 1.622150130584638569e-02
2.549999999999999822e+00 1.623784645627454615e-02
2.560000000000000053e+00 1.624166576391110686e-02
2.569999999999999840e+00 1.622229006335046408e-02
2.580000000000000071e+00 1.617643755061171779e-02
2.589999999999999858e+00 1.610687005365642188e-02
2.600000000000000089e+00 1.601987552085966729e-02
2.609999999999999876e+00 1.592306828142563829e-02
2.620000000000000107e+00 1.582394893498673821e-02
2.629999999999999893e+00 1.572890951774860366e-02
2.640000000000000124e+00 1.564239619268192188e-02
2.649999999999999911e+00 1.556638245876584142e-02
2.660000000000000142e+00 1.550049523369602562e-02
2.669999999999999929e+00 1.544280265729585343e-02
2.680000000000000160e+00 1.539075928987808893e-02
2.689999999999999947e+00 1.534165824459419493e-02
2.700000000000000178e+00 1.529235975051380925e-02
2.709999999999999964e+00 1.523876857212673637e-02
2.720000000000000195e+00 1.517599931319428379e-02
2.729999999999999982e+00 1.509992084899140601e-02
2.740000000000000213e+00 1.500968538083247671e-02
2.750000000000000000e+00 1.490957277800979142e-02
2.759999999999999787e+00 1.480831822136152720e-02
2.770000000000000018e+00 1.471572198230491554e-02
2.779999999999999805e+00 1.463856811960454786e-02
2.790000000000000036e+00 1.457849822715422648e-02
2.799999999999999822e+00 1.453281919777442768e-02
2.810000000000000053e+00 1.449701187024887011e-02
2.819999999999999840e+00 1.446699713834071616e-02
2.830000000000000071e+00 1.444014265726906339e-02
2.839999999999999858e+00 1.441519491246444698e-02
2.850000000000000089e+00 1.439178640055377260e-02
2.859999999999999876e+00 1.436997245881243765e-02
2.870000000000000107e+00 1.434992435993768384e-02
2.879999999999999893e+00 1.433174331058964523e-02
2.890000000000000124e+00 1.431535569354381275e-02
2.899999999999999911e+00 1.430049098982550879e-02
2.910000000000000142e+00 1.428675127793747023e-02
2.919999999999999929e+00 1.427374546627989058e-02
2.930000000000000160e+00 1.426122346555213846e-02
2.939999999999999947e+00 1.424914485281668364e-02
2.950000000000000178e+00 1.423765384964371591e-02
2.959999999999999964e+00 1.422698129688118943e-02
2.970000000000000195e+00 1.421732898843145777e-02
2.979999999999999982e+00 1.420879484071938849e-02
2.990000000000000213e+00 1.420136554697406031e-02
3.000000000000000000e+00 1.419495863674547463e-02
3.009999999999999787e+00 1.418947275825626318e-02
3.020000000000000018e+00 1.418481588922832284e-02
3.029999999999999805e+00 1.418090698577913894e-02
3.040000000000000036e+00 1.417766380858598296e-02
3.049999999999999822e+00 1.417499234733384829e-02
3.060000000000000053e+00 1.417278729294455322e-02
3.069999999999999840e+00 1.417094398754242292e-02
3.080000000000000071e+00 1.416937444240978783e-02
3.089999999999999858e+00 1.416801774352033187e-02
3.100000000000000089e+00 1.416683949527704732e-02
3.109999999999999876e+00 1.416582190384454119e-02
3.120000000000000107e+00 1.416495086658775548e-02
3.129999999999999893e+00 1.416420701194408445e-02
3.140000000000000124e+00 1.416356441676951475e-02
3.149999999999999911e+00 1.416299567050360170e-02
3.160000000000000142e+00 1.416247835680252420e-02
3.169999999999999929e+00 1.416199839039793650e-02
3.180000000000000160e+00 1.416154908874373008e-02
3.189999999999999947e+00 1.416112800215911689e-02
3.200000000000000178e+00 1.416073409035762537e-02
3.209999999999999964e+00 1.416036636237198026e-02
3.220000000000000195e+00 1.416002353300556231e-02
3.229999999999999982e+00 1.415970384777399428e-02
3.240000000000000213e+00 1.415940486557645817e-02
3.250000000000000000e+00 1.415912370451122282e-02
3.259999999999999787e+00 1.415885818533266748e-02
3.270000000000000018e+00 1.415860842839857664e-02
3.279999999999999805e+00 1.415837766995251337e-02
3.290000000000000036e+00 1.415817132033118583e-02
3.299999999999999822e+00 1.415799453832428632e-02
3.310000000000000053e+00 1.415784973246457003e-02
3.319999999999999840e+00 1.415773540835812104e-02
3.330000000000000071e+00 1.415764677330755457e-02
3.339999999999999858e+00 1.415757745499233479e-02
3.350000000000000089e+00 1.415752133415951880e-02
3.359999999999999876e+00 1.415747378562612867e-02
3.370000000000000107e+00 1.415743209991394622e-02
3.379999999999999893e+00 1.415739520460799691e-02
3.390000000000000124e+00 1.415736298176336651e-02
3.399999999999999911e+00 1.415733552871029956e-02
3.410000000000000142e+00 1.415731264654396769e-02
3.419999999999999929e+00 1.415729368544311334e-02
3.430000000000000160e+00 1.415727769637773435e-02
3.439999999999999947e+00 1.415726371446501472e-02
3.450000000000000178e+00 1.415725097558071313e-02
3.459999999999999964e+00 1.415723894166334706e-02
3.470000000000000195e+00 1.415722714192033278e-02
3.479999999999999982e+00 1.415721496570084351e-02
3.490000000000000213e+00 1.415720159869767077e-02
3.500000000000000000e+00 1.415718622914430985e-02
3.509999999999999787e+00 1.415716847947075772e-02
3.520000000000000018e+00 1.415714883540634961e-02
3.529999999999999805e+00 1.415712878278003670e-02
3.540000000000000036e+00 1.415711050263566972e-02
3.549999999999999822e+00 1.415709624856031218e-02
3.560000000000000053e+00 1.415708773252789474e-02
3.569999999999999840e+00 1.415708581126845327e-02
3.580000000000000071e+00 1.415709053551796569e-02
3.589999999999999858e+00 1.415710140470676642e-02
3.600000000000000089e+00 1.415711761770868486e-02
3.609999999999999876e+00 1.415713820870101100e-02
3.620000000000000107e+00 1.415716208344506254e-02
3.629999999999999893e+00 1.415718803546851291e-02
3.640000000000000124e+00 1.415721481436424227e-02
3.649999999999999911e+00 1.415724126956455740e-02
3.660000000000000142e+00 1.415726653320333039e-02
3.669999999999999929e+00 1.415729016570466299e-02
3.680000000000000160e+00 1.415731219235784842e-02
3.689999999999999947e+00 1.415733300242451656e-02
3.700000000000000178e+00 1.415735313096492219e-02
3.709999999999999964e+00 1.415737297773973780e-02
3.720000000000000195e+00 1.415739254554545905e-02
3.729999999999999982e+00 1.415741130195158695e-02
3.740000000000000213e+00 1.415742825027245522e-02
3.750000000000000000e+00 1.415744220923956416e-02
3.759999999999999787e+00 1.415745218203437808e-02
3.770000000000000018e+00 1.415745763835226517e-02
3.779999999999999805e+00 1.415745859764082869e-02
3.790000000000000036e+00 1.415745553380395524e-02
3.799999999999999822e+00 1.415744920413676555e-02
3.810000000000000053e+00 1.415744048484432298e-02
3.819999999999999840e+00 1.415743022797229939e-02
3.830000000000000071e+00 1.415741912698269094e-02
3.839999999999999858e+00 1.415740761379988277e-02
3.850000000000000089e+00 1.415739584740395053e-02
3.859999999999999876e+00 1.415738381962274375e-02
3.870000000000000107e+00 1.415737151542468403e-02
3.879999999999999893e+00 1.415735902427166411e-02
3.890000000000000124e+00 1.415734655456960152e-02
3.899999999999999911e+00 1.415733438362020216e-02
3.910000000000000142e+00 1.415732279772332139e-02
3.919999999999999929e+00 1.415731205043421412e-02
3.930000000000000160e+00 1.415730234571567318e-02
3.939999999999999947e+00 1.415729384852530345e-02
3.950000000000000178e+00 1.415728671285854633e-02
3.959999999999999964e+00 1.415728109406596928e-02
3.970000000000000195e+00 1.415727711307010993e-02
3.979999999999999982e+00 1.415727478367220273e-02
3.990000000000000213e+00 1.415727395922231936e-02
4.000000000000000000e+00 1.415727434409432516e-02
4.009999999999999787e+00 1.415727555783090688e-02
4.019999999999999574e+00 1.415727720548587074e-02
4.030000000000000249e+00 1.415727893296848082e-02
4.040000000000000036e+00 1.415728048624636040e-02
4.049999999999999822e+00 1.415728178402532803e-02
4.059999999999999609e+00 1.415728296020167705e-02
4.070000000000000284e+00 1.415728431278239288e-02
4.080000000000000071e+00 1.415728616060117281e-02
4.089999999999999858e+00 1.415728869768645946e-02
4.099999999999999645e+00 1.415729194159329012e-02
4.110000000000000320e+00 1.415729578691333514e-02
4.120000000000000107e+00 1.415730009822368553e-02
4.129999999999999893e+00 1.415730478283828107e-02
4.139999999999999680e+00 1.415730983708213438e-02
4.150000000000000355e+00 1.415731537787624263e-02
4.160000000000000142e+00 1.415732163780796318e-02
4.169999999999999929e+00 1.415732888593043866e-02
4.179999999999999716e+00 1.415733729071734850e-02
4.190000000000000391e+00 1.415734680918668241e-02
4.200000000000000178e+00 1.415735717035599729e-02
4.209999999999999964e+00 1.415736793189429320e-02
4.219999999999999751e+00 1.415737853742842292e-02
4.230000000000000426e+00 1.415738834494099409e-02
4.240000000000000213e+00 1.415739666371042781e-02
4.250000000000000000e+00 1.415740283389495605e-02
4.259999999999999787e+00 1.415740631735535465e-02
4.269999999999999574e+00 1.415740674224770512e-02
4.280000000000000249e+00 1.415740390993542284e-02
4.290000000000000036e+00 1.415739783919956266e-02
4.299999999999999822e+00 1.415738887080822406e-02
4.309999999999999609e+00 1.415737773036293383e-02
4.320000000000000284e+00 1.415736542079398808e-02
4.330000000000000071e+00 1.415735295023975993e-02
4.339999999999999858e+00 1.415734105580493396e-02
4.349999999999999645e+00 1.415733008794729797e-02
4.360000000000000320e+00 1.415732007350951026e-02
4.370000000000000107e+00 1.415731084041015227e-02
4.379999999999999893e+00 1.415730209531550730e-02
4.389999999999999680e+00 1.415729344697415695e-02
4.400000000000000355e+00 1.415728441271160883e-02
4.410000000000000142e+00 1.415727439243479567e-02
4.419999999999999929e+00 1.415726256392891257e-02
4.429999999999999716e+00 1.415724776890634959e-02
4.440000000000000391e+00 1.415722865979298327e-02
4.450000000000000178e+00 1.415720437620018521e-02
4.459999999999999964e+00 1.415717556705933799e-02
4.469999999999999751e+00 1.415714494639664506e-02
4.480000000000000426e+00 1.415711658227933496e-02
4.490000000000000213e+00 1.415709412066766711e-02
4.500000000000000000e+00 1.415707919934598019e-02
4.509999999999999787e+00 1.415707116290250249e-02
4.519999999999999574e+00 1.415706800063544490e-02
4.530000000000000249e+00 1.415706755458478149e-02
4.540000000000000036e+00 1.415706822925973628e-02
4.549999999999999822e+00 1.415706911554721198e-02
4.559999999999999609e+00 1.415706981825899831e-02
4.570000000000000284e+00 1.415707022675665762e-02
4.580000000000000071e+00 1.415707030705442779e-02
4.589999999999999858e+00 1.415706991928388468e-02
4.599999999999999645e+00 1.415706866256013358e-02
4.610000000000000320e+00 1.415706578967990993e-02
4.620000000000000107e+00 1.415706031209777553e-02
4.629999999999999893e+00 1.415705142533276589e-02
4.639999999999999680e+00 1.415703916041572037e-02
4.650000000000000355e+00 1.415702480353717152e-02
4.660000000000000142e+00 1.415701058536893500e-02
4.669999999999999929e+00 1.415699869148784318e-02
4.679999999999999716e+00 1.415699029381802844e-02
4.690000000000000391e+00 1.415698528995682458e-02
4.700000000000000178e+00 1.415698277231891046e-02
4.709999999999999964e+00 1.415698170156199330e-02
4.719999999999999751e+00 1.415698131626770030e-02
4.730000000000000426e+00 1.415698119940144752e-02
4.740000000000000213e+00 1.415698117055888723e-02
4.750000000000000000e+00 1.415698116632489907e-02
4.759999999999999787e+00 1.415698116827535102e-02
4.769999999999999574e+00 1.415698117196158984e-02
4.780000000000000249e+00 1.415698117642747063e-02
4.790000000000000036e+00 1.415698118120399529e-02
4.799999999999999822e+00 1.415698118551051224e-02
4.809999999999999609e+00 1.415698118817690886e-02
4.820000000000000284e+00 1.415698118803207159e-02
4.830000000000000071e+00 1.415698118459706063e-02
4.839999999999999858e+00 1.415698117861217270e-02
4.849999999999999645e+00 1.415698117183808100e-02
4.860000000000000320e+00 1.415698116606712784e-02
4.870000000000000107e+00 1.415698116199913710e-02
4.879999999999999893e+00 1.415698115883311584e-02
4.889999999999999680e+00 1.415698115489365770e-02
4.900000000000000355e+00 1.415698114884831639e-02
4.910000000000000142e+00 1.415698114065905462e-02
4.919999999999999929e+00 1.415698113160970655e-02
4.929999999999999716e+00 1.415698112345479751e-02
4.940000000000000391e+00 1.415698111740524429e-02
4.950000000000000178e+00 1.415698111368386691e-02
4.959999999999999964e+00 1.415698111177705887e-02
4.969999999999999751e+00 1.415698111096131730e-02
4.980000000000000426e+00 1.415698111066932517e-02
4.990000000000000213e+00 1.415698111058052641e-02
5.000000000000000000e+00 1.415698111055486118e-02
5.009999999999999787e+00 1.415698111054414232e-02
5.019999999999999574e+00 1.415698111053608627e-02
5.030000000000000249e+00 1.415698111052930176e-02
5.040000000000000036e+00 1.415698111052444107e-02
5.049999999999999822e+00 1.415698111052172796e-02
5.059999999999999609e+00 1.415698111052074264e-02
5.070000000000000284e+00 1.415698111052084845e-02
5.080000000000000071e+00 1.415698111052154061e-02
5.089999999999999858e+00 1.415698111052252767e-02
5.099999999999999645e+00 1.415698111052366044e-02
5.110000000000000320e+00 1.415698111052484699e-02
5.120000000000000107e+00 1.415698111052596762e-02
5.129999999999999893e+00 1.415698111052683845e-02
5.139999999999999680e+00 1.415698111052723050e-02
5.150000000000000355e+00 1.415698111052693040e-02
5.160000000000000142e+00 1.415698111052589823e-02
5.169999999999999929e+00 1.415698111052433872e-02
5.179999999999999716e+00 1.415698111052265604e-02
5.190000000000000391e+00 1.415698111052126826e-02
5.200000000000000178e+00 1.415698111052040783e-02
5.209999999999999964e+00 1.415698111052007130e-02
5.219999999999999751e+00 1.415698111052004528e-02
5.230000000000000426e+00 1.415698111052004528e-02
5.240000000000000213e+00 1.415698111051981456e-02
5.250000000000000000e+00 1.415698111051921781e-02
5.259999999999999787e+00 1.415698111051830188e-02
5.269999999999999574e+00 1.415698111051724717e-02
5.280000000000000249e+00 1.415698111051628787e-02
5.290000000000000036e+00 1.415698111051557316e-02
5.299999999999999822e+00 1.415698111051513428e-02
5.309999999999999609e+00 1.415698111051491050e-02
5.320000000000000284e+00 1.415698111051481335e-02
5.330000000000000071e+00 1.415698111051478213e-02
5.339999999999999858e+00 1.415698111051477172e-02
5.349999999999999645e+00 1.415698111051477172e-02
5.360000000000000320e+00 1.415698111051476825e-02
5.370000000000000107e+00 1.415698111051476651e-02
5.379999999999999893e+00 1.415698111051476304e-02
5.389999999999999680e+00 1.415698111051475958e-02
5.400000000000000355e+00 1.415698111051475611e-02
5.410000000000000142e+00 1.415698111051475264e-02
5.419999999999999929e+00 1.415698111051475264e-02
5.429999999999999716e+00 1.415698111051475264e-02
5.440000000000000391e+00 1.415698111051475264e-02
5.450000000000000178e+00 1.415698111051475264e-02
5.459999999999999964e+00 1.415698111051475611e-02
5.469999999999999751e+00 1.415698111051475611e-02
5.480000000000000426e+00 1.415698111051475611e-02
5.490000000000000213e+00 1.415698111051475611e-02
5.500000000000000000e+00 1.415698111051475958e-02
5.509999999999999787e+00 1.415698111051475958e-02
5.519999999999999574e+00 1.415698111051475958e-02
5.530000000000000249e+00 1.415698111051475958e-02
5.540000000000000036e+00 1.415698111051476304e-02
5.549999999999999822e+00 1.415698111051476304e-02
5.559999999999999609e+00 1.415698111051476304e-02
5.570000000000000284e+00 1.415698111051476304e-02
5.580000000000000071e+00 1.415698111051476651e-02
5.589999999999999858e+00 1.415698111051476651e-02
5.599999999999999645e+00 1.415698111051476651e-02
5.610000000000000320e+00 1.415698111051476651e-02
5.620000000000000107e+00 1.415698111051476651e-02
5.629999999999999893e+00 1.415698111051476651e-02
5.639999999999999680e+00 1.415698111051476304e-02
5.650000000000000355e+00 1.415698111051475958e-02
5.660000000000000142e+00 1.415698111051475611e-02
5.669999999999999929e+00 1.415698111051475264e-02
5.679999999999999716e+00 1.415698111051475090e-02
5.690000000000000391e+00 1.415698111051474743e-02
5.700000000000000178e+00 1.415698111051474743e-02
5.709999999999999964e+00 1.415698111051474743e-02
5.719999999999999751e+00 1.415698111051474743e-02
5.730000000000000426e+00 1.415698111051474743e-02
5.740000000000000213e+00 1.415698111051474743e-02
5.750000000000000000e+00 1.415698111051474743e-02
5.759999999999999787e+00 1.415698111051474743e-02
5.769999999999999574e+00 1.415698111051474743e-02
5.780000000000000249e+00 1.415698111051474743e-02
5.790000000000000036e+00 1.415698111051474743e-02
5.799999999999999822e+00 1.415698111051474743e-02
5.809999999999999609e+00 1.415698111051474743e-02
5.820000000000000284e+00 1.415698111051474743e-02
5.830000000000000071e+00 1.415698111051474743e-02
5.839999999999999858e+00 1.415698111051474743e-02
5.849999999999999645e+00 1.415698111051474743e-02
5.860000000000000320e+00 1.415698111051474743e-02
5.870000000000000107e+00 1.415698111051474743e-02
5.879999999999999893e+00 1.415698111051474743e-02
5.889999999999999680e+00 1.415698111051474743e-02
5.900000000000000355e+00 1.415698111051474743e-02
5.910000000000000142e+00 1.415698111051475090e-02
5.919999999999999929e+00 1.415698111051475090e-02
5.929999999999999716e+00 1.415698111051475090e-02
5.940000000000000391e+00 1.415698111051475090e-02
5.950000000000000178e+00 1.415698111051475090e-02
5.959999999999999964e+00 1.415698111051475090e-02
5.969999999999999751e+00 1.415698111051474743e-02
5.980000000000000426e+00 1.415698111051474743e-02
5.990000000000000213e+00 1.415698111051474743e-02
6.000000000000000000e+00 1.415698111051474743e-02
6.200000000000000178e+00 1.415698111051474743e-02
6.400000000000000355e+00 1.415698111051474743e-02
6.599999999999999645e+00 1.415698111051474743e-02
6.799999999999999822e+00 1.415698111051474743e-02
7.000000000000000000e+00 0.000000000000000000e+00
