0.000000000000000000e+00 0.000000000000000000e+00
1.000000000000000021e-02 1.683738335740370129e-02
2.000000000000000042e-02 1.683738335740401354e-02
2.999999999999999889e-02 1.683738335740436742e-02
4.000000000000000083e-02 1.683738335740469008e-02
5.000000000000000278e-02 1.683738335740489478e-02
5.999999999999999778e-02 1.683738335740493641e-02
7.000000000000000666e-02 1.683738335740480804e-02
8.000000000000000167e-02 1.683738335740455824e-02
8.999999999999999667e-02 1.683738335740425640e-02
1.000000000000000056e-01 1.683738335740396497e-02
1.100000000000000006e-01 1.683738335740372905e-02
1.199999999999999956e-01 1.683738335740357639e-02
1.300000000000000044e-01 1.683738335740349312e-02
1.400000000000000133e-01 1.683738335740346190e-02
1.499999999999999944e-01 1.683738335740345496e-02
1.600000000000000033e-01 1.683738335740346190e-02
1.700000000000000122e-01 1.683738335740346190e-02
1.799999999999999933e-01 1.683738335740345843e-02
1.900000000000000022e-01 1.683738335740345149e-02
2.000000000000000111e-01 1.683738335740346190e-02
2.099999999999999922e-01 1.683738335740349659e-02
2.200000000000000011e-01 1.683738335740356945e-02
2.300000000000000100e-01 1.683738335740368394e-02
2.399999999999999911e-01 1.683738335740384354e-02
2.500000000000000000e-01 1.683738335740403089e-02
2.600000000000000089e-01 1.683738335740423905e-02
2.700000000000000178e-01 1.683738335740446804e-02
2.800000000000000266e-01 1.683738335740477335e-02
2.899999999999999800e-01 1.683738335740526254e-02
2.999999999999999889e-01 1.683738335740612990e-02
3.099999999999999978e-01 1.683738335740761830e-02
3.200000000000000067e-01 1.683738335740998446e-02
3.300000000000000155e-01 1.683738335741349901e-02
3.400000000000000244e-01 1.683738335741851583e-02
3.499999999999999778e-01 1.683738335742575309e-02
3.599999999999999867e-01 1.683738335743656736e-02
3.699999999999999956e-01 1.683738335745295703e-02
3.800000000000000044e-01 1.683738335747696213e-02
3.900000000000000133e-01 1.683738335750967902e-02
4.000000000000000222e-01 1.683738335755055951e-02
4.099999999999999756e-01 1.683738335759744215e-02
4.199999999999999845e-01 1.683738335764744035e-02
4.299999999999999933e-01 1.683738335769882632e-02
4.400000000000000022e-01 1.683738335775483014e-02
4.500000000000000111e-01 1.683738335783183451e-02
4.600000000000000200e-01 1.683738335797674984e-02
4.699999999999999734e-01 1.683738335830093844e-02
4.799999999999999822e-01 1.683738335903857061e-02
4.899999999999999911e-01 1.683738336063434968e-02
5.000000000000000000e-01 1.683738336386177842e-02
5.100000000000000089e-01 1.683738336996799465e-02
5.200000000000000178e-01 1.683738338082545541e-02
5.300000000000000266e-01 1.683738339904257073e-02
5.400000000000000355e-01 1.683738342796182313e-02
5.500000000000000444e-01 1.683738347148146589e-02
5.600000000000000533e-01 1.683738353373679872e-02
5.699999999999999512e-01 1.683738361901408742e-02
5.799999999999999600e-01 1.683738373290832521e-02
5.899999999999999689e-01 1.683738388629755015e-02
5.999999999999999778e-01 1.683738410365826638e-02
6.099999999999999867e-01 1.683738443725656467e-02
6.199999999999999956e-01 1.683738499102419017e-02
6.300000000000000044e-01 1.683738596255996561e-02
6.400000000000000133e-01 1.683738771171101878e-02
6.500000000000000222e-01 1.683739084924023091e-02
6.600000000000000311e-01 1.683739631163553435e-02
6.700000000000000400e-01 1.683740537535081613e-02
6.800000000000000488e-01 1.683741960267470805e-02
6.899999999999999467e-01 1.683744080915658067e-02
6.999999999999999556e-01 1.683747123392094480e-02
7.099999999999999645e-01 1.683751403289799470e-02
7.199999999999999734e-01 1.683757389213079436e-02
7.299999999999999822e-01 1.683765717974785442e-02
7.399999999999999911e-01 1.683777121885665640e-02
7.500000000000000000e-01 1.683792334626902851e-02
7.600000000000000089e-01 1.683812171047309805e-02
7.700000000000000178e-01 1.683837965868350064e-02
7.800000000000000266e-01 1.683872307691003378e-02
7.900000000000000355e-01 1.683919596243186809e-02
8.000000000000000444e-01 1.683985636683181172e-02
8.100000000000000533e-01 1.684075657945996105e-02
8.199999999999999512e-01 1.684191133836242249e-02
8.299999999999999600e-01 1.684327243558770421e-02
8.399999999999999689e-01 1.684473306567818227e-02
8.499999999999999778e-01 1.684616781376628222e-02
8.599999999999999867e-01 1.684748439261299011e-02
8.699999999999999956e-01 1.684865138545040691e-02
8.800000000000000044e-01 1.684968704852382246e-02
8.900000000000000133e-01 1.685062525788977306e-02
9.000000000000000222e-01 1.685148456087484301e-02
9.100000000000000311e-01 1.685225311553658484e-02
9.200000000000000400e-01 1.685288821520139133e-02
9.300000000000000488e-01 1.685332675798650523e-02
9.399999999999999467e-01 1.685350531060527193e-02
9.499999999999999556e-01 1.685338622170377831e-02
9.599999999999999645e-01 1.685298116690685938e-02
9.699999999999999734e-01 1.685236338903585429e-02
9.799999999999999822e-01 1.685166947720734276e-02
9.899999999999999911e-01 1.685110532526073318e-02
1.000000000000000000e+00 1.685097306476959766e-02
1.010000000000000009e+00 1.685171627222101925e-02
1.020000000000000018e+00 1.685395628805615859e-02
1.030000000000000027e+00 1.685849613077384720e-02
1.040000000000000036e+00 1.686630587039417151e-02
1.050000000000000044e+00 1.687853398998269069e-02
1.060000000000000053e+00 1.689657011583093824e-02
1.070000000000000062e+00 1.692211912127409082e-02
1.080000000000000071e+00 1.695718050910657512e-02
1.090000000000000080e+00 1.700382137472875727e-02
1.100000000000000089e+00 1.706374552088909050e-02
1.110000000000000098e+00 1.713788685265908024e-02
1.120000000000000107e+00 1.722641688098439094e-02
1.129999999999999893e+00 1.732938662514045894e-02
1.139999999999999902e+00 1.744769954164819906e-02
1.149999999999999911e+00 1.758367264461758658e-02
1.159999999999999920e+00 1.774062112130776400e-02
1.169999999999999929e+00 1.792167325597807809e-02
1.179999999999999938e+00 1.812873118382346549e-02
1.189999999999999947e+00 1.836251567360088280e-02
1.199999999999999956e+00 1.862394997474748140e-02
1.209999999999999964e+00 1.891622995915931763e-02
1.219999999999999973e+00 1.924634086559043680e-02
1.229999999999999982e+00 1.962483459007284201e-02
1.239999999999999991e+00 2.006336639571025884e-02
1.250000000000000000e+00 2.057049014534399756e-02
1.260000000000000009e+00 2.114714397001755952e-02
1.270000000000000018e+00 2.178407183464817209e-02
1.280000000000000027e+00 2.246442480524682081e-02
1.290000000000000036e+00 2.317563810659968582e-02
1.300000000000000044e+00 2.393304339589721538e-02
1.310000000000000053e+00 2.481042456365771184e-02
1.320000000000000062e+00 2.596181944440364292e-02
1.330000000000000071e+00 2.761541744050025407e-02
1.340000000000000080e+00 3.003506685749305141e-02
1.350000000000000089e+00 3.346961887111850331e-02
1.360000000000000098e+00 3.811953542298218700e-02
1.370000000000000107e+00 4.413099781367894187e-02
1.379999999999999893e+00 5.160032577836074635e-02
1.389999999999999902e+00 6.056650761912744235e-02
1.399999999999999911e+00 7.099193131102206344e-02
1.409999999999999920e+00 8.275637726146661821e-02
1.419999999999999929e+00 9.568971720607157005e-02
1.429999999999999938e+00 1.096406394836196285e-01
1.439999999999999947e+00 1.245465997411194514e-01
1.449999999999999956e+00 1.404648450260106429e-01
1.459999999999999964e+00 1.575497138770903804e-01
1.469999999999999973e+00 1.759929128676699372e-01
1.479999999999999982e+00 1.959668183789302076e-01
1.489999999999999991e+00 2.176389258059124865e-01
1.500000000000000000e+00 2.413522386582460932e-01
1.510000000000000009e+00 2.680302070336822440e-01
1.520000000000000018e+00 2.997136469019811011e-01
1.530000000000000027e+00 3.399411141509952050e-01
1.540000000000000036e+00 3.936349988293433300e-01
1.550000000000000044e+00 4.663870115768851132e-01
1.560000000000000053e+00 5.634314517703392644e-01
1.570000000000000062e+00 6.888241275171200773e-01
1.580000000000000071e+00 8.451630841922584958e-01
1.590000000000000080e+00 1.033699193202311850e+00
1.600000000000000089e+00 1.254317962693402455e+00
1.610000000000000098e+00 1.505033964180253481e+00
1.620000000000000107e+00 1.781256406068865150e+00
1.629999999999999893e+00 2.075520218455966681e+00
1.639999999999999902e+00 2.378076230597351515e+00
1.649999999999999911e+00 2.678027223956349623e+00
1.659999999999999920e+00 2.964479043046191808e+00
1.669999999999999929e+00 3.227626195904877537e+00
1.679999999999999938e+00 3.459961402841213118e+00
1.689999999999999947e+00 3.657321331104607331e+00
1.699999999999999956e+00 3.818902724029832108e+00
1.709999999999999964e+00 3.945667329529094047e+00
1.719999999999999973e+00 4.037658355093586060e+00
1.729999999999999982e+00 4.091719921329157295e+00
1.739999999999999991e+00 4.101141742634266230e+00
1.750000000000000000e+00 4.057770872996630196e+00
1.760000000000000009e+00 3.955672894334824274e+00
1.770000000000000018e+00 3.794383250101196925e+00
1.780000000000000027e+00 3.579990508493906987e+00
1.790000000000000036e+00 3.323705331519065442e+00
1.800000000000000044e+00 3.039065306568324853e+00
1.810000000000000053e+00 2.739328123775493395e+00
1.820000000000000062e+00 2.435897464377819510e+00
1.830000000000000071e+00 2.137756055277657996e+00
1.840000000000000080e+00 1.851551082480764165e+00
1.850000000000000089e+00 1.582065866255186304e+00
1.860000000000000098e+00 1.332867663122205393e+00
1.870000000000000107e+00 1.106821812765533819e+00
1.879999999999999893e+00 9.061717758651177679e-01
1.889999999999999902e+00 7.321916593771785609e-01
1.899999999999999911e+00 5.847857912603693364e-01
1.909999999999999920e+00 4.624422220425432051e-01
1.919999999999999929e+00 3.626165980950058487e-01
1.929999999999999938e+00 2.822969052528361833e-01
1.939999999999999947e+00 2.184620784517505854e-01
1.949999999999999956e+00 1.683245568875120224e-01
1.959999999999999964e+00 1.294091470067826599e-01
1.969999999999999973e+00 9.956066231000663957e-02
1.979999999999999982e+00 7.693446116484170538e-02
1.989999999999999991e+00 5.998196324293857823e-02
2.000000000000000000e+00 4.742806542493901295e-02
2.009999999999999787e+00 3.824063947715795886e-02
2.020000000000000018e+00 3.159709493349139448e-02
2.029999999999999805e+00 2.685229724439740923e-02
2.040000000000000036e+00 2.350885330924044891e-02
2.049999999999999822e+00 2.118926318312871343e-02
2.060000000000000053e+00 1.961017004733359506e-02
2.069999999999999840e+00 1.855991485985536080e-02
2.080000000000000071e+00 1.788055019050624472e-02
2.089999999999999858e+00 1.745461730680248832e-02
2.100000000000000089e+00 1.719599749377546602e-02
2.109999999999999876e+00 1.704346172224993280e-02
2.120000000000000107e+00 1.695547208129449812e-02
2.129999999999999893e+00 1.690538113562473424e-02
2.140000000000000124e+00 1.687698855215392924e-02
2.149999999999999911e+00 1.686084495736330999e-02
2.160000000000000142e+00 1.685157656649268615e-02
2.169999999999999929e+00 1.684616855103202027e-02
2.180000000000000160e+00 1.684294355083084879e-02
2.189999999999999947e+00 1.684097215543518128e-02
2.200000000000000178e+00 1.683973725855430689e-02
2.209999999999999964e+00 1.683894688289995847e-02
2.220000000000000195e+00 1.683843218656229726e-02
2.229999999999999982e+00 1.683809248930791952e-02
2.240000000000000213e+00 1.683786572679475679e-02
2.250000000000000000e+00 1.683771263508561378e-02
2.259999999999999787e+00 1.683760812416441530e-02
2.270000000000000018e+00 1.683753617791111309e-02
2.279999999999999805e+00 1.683748651488623307e-02
2.290000000000000036e+00 1.683745235696693446e-02
2.299999999999999822e+00 1.683742905161407510e-02
2.310000000000000053e+00 1.683741330721757329e-02
2.319999999999999840e+00 1.683740277906847077e-02
2.330000000000000071e+00 1.683739581268715174e-02
2.339999999999999858e+00 1.683739125504694900e-02
2.350000000000000089e+00 1.683738830983711951e-02
2.359999999999999876e+00 1.683738643118237732e-02
2.370000000000000107e+00 1.683738524844472645e-02
2.379999999999999893e+00 1.683738451315259718e-02
2.390000000000000124e+00 1.683738406116862263e-02
2.399999999999999911e+00 1.683738378578892442e-02
2.410000000000000142e+00 1.683738361887003251e-02
2.419999999999999929e+00 1.683738351773965414e-02
2.430000000000000160e+00 1.683738345620313520e-02
2.439999999999999947e+00 1.683738341846434741e-02
2.450000000000000178e+00 1.683738339512049279e-02
2.459999999999999964e+00 1.683738338059957360e-02
2.470000000000000195e+00 1.683738337157226345e-02
2.479999999999999982e+00 1.683738336600542132e-02
2.490000000000000213e+00 1.683738336262293259e-02
2.500000000000000000e+00 1.683738336060805127e-02
2.509999999999999787e+00 1.683738335943570433e-02
2.520000000000000018e+00 1.683738335876993134e-02
2.529999999999999805e+00 1.683738335839674721e-02
2.540000000000000036e+00 1.683738335818107598e-02
2.549999999999999822e+00 1.683738335804102135e-02
2.560000000000000053e+00 1.683738335793203908e-02
2.569999999999999840e+00 1.683738335783489456e-02
2.580000000000000071e+00 1.683738335774513997e-02
2.589999999999999858e+00 1.683738335766466962e-02
2.600000000000000089e+00 1.683738335759634927e-02
2.609999999999999876e+00 1.683738335754162221e-02
2.620000000000000107e+00 1.683738335750008253e-02
2.629999999999999893e+00 1.683738335746996773e-02
2.640000000000000124e+00 1.683738335744889777e-02
2.649999999999999911e+00 1.683738335743447528e-02
2.660000000000000142e+00 1.683738335742468797e-02
2.669999999999999929e+00 1.683738335741803357e-02
2.680000000000000160e+00 1.683738335741348860e-02
2.689999999999999947e+00 1.683738335741037651e-02
2.700000000000000178e+00 1.683738335740823933e-02
2.709999999999999964e+00 1.683738335740677869e-02
2.720000000000000195e+00 1.683738335740576214e-02
2.729999999999999982e+00 1.683738335740504397e-02
2.740000000000000213e+00 1.683738335740452008e-02
2.750000000000000000e+00 1.683738335740413150e-02
2.759999999999999787e+00 1.683738335740384354e-02
2.770000000000000018e+00 1.683738335740363537e-02
2.779999999999999805e+00 1.683738335740349659e-02
2.790000000000000036e+00 1.683738335740340639e-02
2.799999999999999822e+00 1.683738335740335434e-02
2.810000000000000053e+00 1.683738335740332312e-02
2.819999999999999840e+00 1.683738335740330230e-02
2.830000000000000071e+00 1.683738335740328843e-02
2.839999999999999858e+00 1.683738335740327802e-02
2.850000000000000089e+00 1.683738335740327108e-02
2.859999999999999876e+00 1.683738335740326414e-02
2.870000000000000107e+00 1.683738335740326067e-02
2.879999999999999893e+00 1.683738335740325720e-02
2.890000000000000124e+00 1.683738335740325720e-02
2.899999999999999911e+00 1.683738335740325373e-02
2.910000000000000142e+00 1.683738335740325373e-02
2.919999999999999929e+00 1.683738335740325026e-02
2.930000000000000160e+00 1.683738335740325026e-02
2.939999999999999947e+00 1.683738335740325026e-02
2.950000000000000178e+00 1.683738335740325026e-02
2.959999999999999964e+00 1.683738335740325026e-02
2.970000000000000195e+00 1.683738335740325026e-02
2.979999999999999982e+00 1.683738335740325026e-02
2.990000000000000213e+00 1.683738335740325026e-02
3.000000000000000000e+00 1.683738335740325026e-02
3.009999999999999787e+00 1.683738335740325026e-02
3.020000000000000018e+00 1.683738335740325026e-02
3.029999999999999805e+00 1.683738335740325026e-02
3.040000000000000036e+00 1.683738335740325026e-02
3.049999999999999822e+00 1.683738335740325026e-02
3.060000000000000053e+00 1.683738335740325026e-02
3.069999999999999840e+00 1.683738335740325026e-02
3.080000000000000071e+00 1.683738335740325026e-02
3.089999999999999858e+00 1.683738335740325026e-02
3.100000000000000089e+00 1.683738335740325026e-02
3.109999999999999876e+00 1.683738335740325026e-02
3.120000000000000107e+00 1.683738335740325026e-02
3.129999999999999893e+00 1.683738335740325026e-02
3.140000000000000124e+00 1.683738335740325026e-02
3.149999999999999911e+00 1.683738335740325026e-02
3.160000000000000142e+00 1.683738335740325026e-02
3.169999999999999929e+00 1.683738335740325026e-02
3.180000000000000160e+00 1.683738335740325026e-02
3.189999999999999947e+00 1.683738335740325026e-02
3.200000000000000178e+00 1.683738335740325026e-02
3.209999999999999964e+00 1.683738335740325026e-02
3.220000000000000195e+00 1.683738335740325026e-02
3.229999999999999982e+00 1.683738335740325026e-02
3.240000000000000213e+00 1.683738335740325026e-02
3.250000000000000000e+00 1.683738335740325026e-02
3.259999999999999787e+00 1.683738335740325026e-02
3.270000000000000018e+00 1.683738335740325026e-02
3.279999999999999805e+00 1.683738335740325026e-02
3.290000000000000036e+00 1.683738335740325026e-02
3.299999999999999822e+00 1.683738335740325026e-02
3.310000000000000053e+00 1.683738335740325026e-02
3.319999999999999840e+00 1.683738335740325026e-02
3.330000000000000071e+00 1.683738335740325026e-02
3.339999999999999858e+00 1.683738335740325026e-02
3.350000000000000089e+00 1.683738335740325026e-02
3.359999999999999876e+00 1.683738335740325026e-02
3.370000000000000107e+00 1.683738335740325026e-02
3.379999999999999893e+00 1.683738335740325026e-02
3.390000000000000124e+00 1.683738335740325026e-02
3.399999999999999911e+00 1.683738335740325026e-02
3.410000000000000142e+00 1.683738335740325026e-02
3.419999999999999929e+00 1.683738335740325026e-02
3.430000000000000160e+00 1.683738335740325026e-02
3.439999999999999947e+00 1.683738335740325026e-02
3.450000000000000178e+00 1.683738335740325026e-02
3.459999999999999964e+00 1.683738335740325026e-02
3.470000000000000195e+00 1.683738335740325026e-02
3.479999999999999982e+00 1.683738335740325026e-02
3.490000000000000213e+00 1.683738335740325026e-02
3.500000000000000000e+00 1.683738335740325026e-02
3.509999999999999787e+00 1.683738335740325026e-02
3.520000000000000018e+00 1.683738335740325026e-02
3.529999999999999805e+00 1.683738335740325026e-02
3.540000000000000036e+00 1.683738335740325026e-02
3.549999999999999822e+00 1.683738335740325026e-02
3.560000000000000053e+00 1.683738335740325026e-02
3.569999999999999840e+00 1.683738335740325026e-02
3.580000000000000071e+00 1.683738335740325026e-02
3.589999999999999858e+00 1.683738335740325026e-02
3.600000000000000089e+00 1.683738335740325026e-02
3.609999999999999876e+00 1.683738335740325026e-02
3.620000000000000107e+00 1.683738335740325026e-02
3.629999999999999893e+00 1.683738335740325026e-02
3.640000000000000124e+00 1.683738335740325026e-02
3.649999999999999911e+00 1.683738335740325026e-02
3.660000000000000142e+00 1.683738335740325026e-02
3.669999999999999929e+00 1.683738335740325026e-02
3.680000000000000160e+00 1.683738335740325026e-02
3.689999999999999947e+00 1.683738335740325026e-02
3.700000000000000178e+00 1.683738335740325026e-02
3.709999999999999964e+00 1.683738335740325026e-02
3.720000000000000195e+00 1.683738335740325026e-02
3.729999999999999982e+00 1.683738335740325026e-02
3.740000000000000213e+00 1.683738335740325026e-02
3.750000000000000000e+00 1.683738335740325026e-02
3.759999999999999787e+00 1.683738335740325026e-02
3.770000000000000018e+00 1.683738335740325026e-02
3.779999999999999805e+00 1.683738335740325026e-02
3.790000000000000036e+00 1.683738335740325026e-02
3.799999999999999822e+00 1.683738335740325026e-02
3.810000000000000053e+00 1.683738335740325026e-02
3.819999999999999840e+00 1.683738335740325026e-02
3.830000000000000071e+00 1.683738335740325026e-02
3.839999999999999858e+00 1.683738335740325026e-02
3.850000000000000089e+00 1.683738335740325026e-02
3.859999999999999876e+00 1.683738335740325026e-02
3.870000000000000107e+00 1.683738335740325026e-02
3.879999999999999893e+00 1.683738335740325026e-02
3.890000000000000124e+00 1.683738335740325026e-02
3.899999999999999911e+00 1.683738335740325026e-02
3.910000000000000142e+00 1.683738335740325026e-02
3.919999999999999929e+00 1.683738335740325026e-02
3.930000000000000160e+00 1.683738335740325026e-02
3.939999999999999947e+00 1.683738335740325026e-02
3.950000000000000178e+00 1.683738335740325026e-02
3.959999999999999964e+00 1.683738335740325026e-02
3.970000000000000195e+00 1.683738335740325026e-02
3.979999999999999982e+00 1.683738335740325026e-02
3.990000000000000213e+00 1.683738335740325026e-02
4.000000000000000000e+00 1.683738335740325026e-02
4.009999999999999787e+00 1.683738335740325026e-02
4.019999999999999574e+00 1.683738335740325026e-02
4.030000000000000249e+00 1.683738335740325026e-02
4.040000000000000036e+00 1.683738335740325026e-02
4.049999999999999822e+00 1.683738335740325026e-02
4.059999999999999609e+00 1.683738335740325026e-02
4.070000000000000284e+00 1.683738335740325026e-02
4.080000000000000071e+00 1.683738335740325026e-02
4.089999999999999858e+00 1.683738335740325026e-02
4.099999999999999645e+00 1.683738335740325026e-02
4.110000000000000320e+00 1.683738335740325026e-02
4.120000000000000107e+00 1.683738335740325026e-02
4.129999999999999893e+00 1.683738335740325026e-02
4.139999999999999680e+00 1.683738335740325026e-02
4.150000000000000355e+00 1.683738335740325026e-02
4.160000000000000142e+00 1.683738335740325026e-02
4.169999999999999929e+00 1.683738335740325026e-02
4.179999999999999716e+00 1.683738335740325026e-02
4.190000000000000391e+00 1.683738335740325026e-02
4.200000000000000178e+00 1.683738335740325026e-02
4.209999999999999964e+00 1.683738335740325026e-02
4.219999999999999751e+00 1.683738335740325026e-02
4.230000000000000426e+00 1.683738335740325026e-02
4.240000000000000213e+00 1.683738335740325026e-02
4.250000000000000000e+00 1.683738335740325026e-02
4.259999999999999787e+00 1.683738335740325026e-02
4.269999999999999574e+00 1.683738335740325026e-02
4.280000000000000249e+00 1.683738335740325026e-02
4.290000000000000036e+00 1.683738335740325026e-02
4.299999999999999822e+00 1.683738335740325026e-02
4.309999999999999609e+00 1.683738335740325026e-02
4.320000000000000284e+00 1.683738335740325026e-02
4.330000000000000071e+00 1.683738335740325026e-02
4.339999999999999858e+00 1.683738335740325026e-02
4.349999999999999645e+00 1.683738335740325026e-02
4.360000000000000320e+00 1.683738335740325026e-02
4.370000000000000107e+00 1.683738335740325026e-02
4.379999999999999893e+00 1.683738335740325026e-02
4.389999999999999680e+00 1.683738335740325026e-02
4.400000000000000355e+00 1.683738335740325026e-02
4.410000000000000142e+00 1.683738335740325026e-02
4.419999999999999929e+00 1.683738335740325026e-02
4.429999999999999716e+00 1.683738335740325026e-02
4.440000000000000391e+00 1.683738335740325026e-02
4.450000000000000178e+00 1.683738335740325026e-02
4.459999999999999964e+00 1.683738335740325026e-02
4.469999999999999751e+00 1.683738335740325026e-02
4.480000000000000426e+00 1.683738335740325026e-02
4.490000000000000213e+00 1.683738335740325026e-02
4.500000000000000000e+00 1.683738335740325026e-02
4.509999999999999787e+00 1.683738335740325026e-02
4.519999999999999574e+00 1.683738335740325026e-02
4.530000000000000249e+00 1.683738335740325026e-02
4.540000000000000036e+00 1.683738335740325026e-02
4.549999999999999822e+00 1.683738335740325026e-02
4.559999999999999609e+00 1.683738335740325026e-02
4.570000000000000284e+00 1.683738335740325026e-02
4.580000000000000071e+00 1.683738335740325026e-02
4.589999999999999858e+00 1.683738335740325026e-02
4.599999999999999645e+00 1.683738335740325026e-02
4.610000000000000320e+00 1.683738335740325026e-02
4.620000000000000107e+00 1.683738335740325026e-02
4.629999999999999893e+00 1.683738335740325026e-02
4.639999999999999680e+00 1.683738335740325026e-02
4.650000000000000355e+00 1.683738335740325026e-02
4.660000000000000142e+00 1.683738335740325026e-02
4.669999999999999929e+00 1.683738335740325026e-02
4.679999999999999716e+00 1.683738335740325026e-02
4.690000000000000391e+00 1.683738335740325026e-02
4.700000000000000178e+00 1.683738335740325026e-02
4.709999999999999964e+00 1.683738335740325026e-02
4.719999999999999751e+00 1.683738335740325026e-02
4.730000000000000426e+00 1.683738335740325026e-02
4.740000000000000213e+00 1.683738335740325026e-02
4.750000000000000000e+00 1.683738335740325026e-02
4.759999999999999787e+00 1.683738335740325026e-02
4.769999999999999574e+00 1.683738335740325026e-02
4.780000000000000249e+00 1.683738335740325026e-02
4.790000000000000036e+00 1.683738335740325026e-02
4.799999999999999822e+00 1.683738335740325026e-02
4.809999999999999609e+00 1.683738335740325026e-02
4.820000000000000284e+00 1.683738335740325026e-02
4.830000000000000071e+00 1.683738335740325026e-02
4.839999999999999858e+00 1.683738335740325026e-02
4.849999999999999645e+00 1.683738335740325026e-02
4.860000000000000320e+00 1.683738335740325026e-02
4.870000000000000107e+00 1.683738335740325026e-02
4.879999999999999893e+00 1.683738335740325026e-02
4.889999999999999680e+00 1.683738335740325026e-02
4.900000000000000355e+00 1.683738335740325026e-02
4.910000000000000142e+00 1.683738335740325026e-02
4.919999999999999929e+00 1.683738335740325026e-02
4.929999999999999716e+00 1.683738335740325026e-02
4.940000000000000391e+00 1.683738335740325026e-02
4.950000000000000178e+00 1.683738335740325026e-02
4.959999999999999964e+00 1.683738335740325026e-02
4.969999999999999751e+00 1.683738335740325026e-02
4.980000000000000426e+00 1.683738335740325026e-02
4.990000000000000213e+00 1.683738335740325026e-02
5.000000000000000000e+00 1.683738335740325026e-02
5.009999999999999787e+00 1.683738335740325026e-02
5.019999999999999574e+00 1.683738335740325026e-02
5.030000000000000249e+00 1.683738335740325026e-02
5.040000000000000036e+00 1.683738335740325026e-02
5.049999999999999822e+00 1.683738335740325026e-02
5.059999999999999609e+00 1.683738335740325026e-02
5.070000000000000284e+00 1.683738335740325026e-02
5.080000000000000071e+00 1.683738335740325026e-02
5.089999999999999858e+00 1.683738335740325026e-02
5.099999999999999645e+00 1.683738335740325026e-02
5.110000000000000320e+00 1.683738335740325026e-02
5.120000000000000107e+00 1.683738335740325026e-02
5.129999999999999893e+00 1.683738335740325026e-02
5.139999999999999680e+00 1.683738335740325026e-02
5.150000000000000355e+00 1.683738335740325026e-02
5.160000000000000142e+00 1.683738335740325026e-02
5.169999999999999929e+00 1.683738335740325026e-02
5.179999999999999716e+00 1.683738335740325026e-02
5.190000000000000391e+00 1.683738335740325026e-02
5.200000000000000178e+00 1.683738335740325026e-02
5.209999999999999964e+00 1.683738335740325026e-02
5.219999999999999751e+00 1.683738335740325026e-02
5.230000000000000426e+00 1.683738335740325026e-02
5.240000000000000213e+00 1.683738335740325026e-02
5.250000000000000000e+00 1.683738335740325026e-02
5.259999999999999787e+00 1.683738335740325026e-02
5.269999999999999574e+00 1.683738335740325026e-02
5.280000000000000249e+00 1.683738335740325026e-02
5.290000000000000036e+00 1.683738335740325026e-02
5.299999999999999822e+00 1.683738335740325026e-02
5.309999999999999609e+00 1.683738335740325026e-02
5.320000000000000284e+00 1.683738335740325026e-02
5.330000000000000071e+00 1.683738335740325026e-02
5.339999999999999858e+00 1.683738335740325026e-02
5.349999999999999645e+00 1.683738335740325026e-02
5.360000000000000320e+00 1.683738335740325026e-02
5.370000000000000107e+00 1.683738335740325026e-02
5.379999999999999893e+00 1.683738335740325026e-02
5.389999999999999680e+00 1.683738335740325026e-02
5.400000000000000355e+00 1.683738335740325026e-02
5.410000000000000142e+00 1.683738335740325026e-02
5.419999999999999929e+00 1.683738335740325026e-02
5.429999999999999716e+00 1.683738335740325026e-02
5.440000000000000391e+00 1.683738335740325026e-02
5.450000000000000178e+00 1.683738335740325026e-02
5.459999999999999964e+00 1.683738335740325026e-02
5.469999999999999751e+00 1.683738335740325026e-02
5.480000000000000426e+00 1.683738335740325026e-02
5.490000000000000213e+00 1.683738335740325026e-02
5.500000000000000000e+00 1.683738335740325026e-02
5.509999999999999787e+00 1.683738335740325026e-02
5.519999999999999574e+00 1.683738335740325026e-02
5.530000000000000249e+00 1.683738335740325026e-02
5.540000000000000036e+00 1.683738335740325026e-02
5.549999999999999822e+00 1.683738335740325026e-02
5.559999999999999609e+00 1.683738335740325026e-02
5.570000000000000284e+00 1.683738335740325026e-02
5.580000000000000071e+00 1.683738335740325026e-02
5.589999999999999858e+00 1.683738335740325026e-02
5.599999999999999645e+00 1.683738335740325026e-02
5.610000000000000320e+00 1.683738335740325026e-02
5.620000000000000107e+00 1.683738335740325026e-02
5.629999999999999893e+00 1.683738335740325026e-02
5.639999999999999680e+00 1.683738335740325026e-02
5.650000000000000355e+00 1.683738335740325026e-02
5.660000000000000142e+00 1.683738335740325026e-02
5.669999999999999929e+00 1.683738335740325026e-02
5.679999999999999716e+00 1.683738335740325026e-02
5.690000000000000391e+00 1.683738335740325026e-02
5.700000000000000178e+00 1.683738335740325026e-02
5.709999999999999964e+00 1.683738335740325026e-02
5.719999999999999751e+00 1.683738335740325026e-02
5.730000000000000426e+00 1.683738335740325026e-02
5.740000000000000213e+00 1.683738335740325026e-02
5.750000000000000000e+00 1.683738335740325026e-02
5.759999999999999787e+00 1.683738335740325026e-02
5.769999999999999574e+00 1.683738335740325026e-02
5.780000000000000249e+00 1.683738335740325026e-02
5.790000000000000036e+00 1.683738335740325026e-02
5.799999999999999822e+00 1.683738335740325026e-02
5.809999999999999609e+00 1.683738335740325026e-02
5.820000000000000284e+00 1.683738335740325026e-02
5.830000000000000071e+00 1.683738335740325026e-02
5.839999999999999858e+00 1.683738335740325026e-02
5.849999999999999645e+00 1.683738335740325026e-02
5.860000000000000320e+00 1.683738335740325026e-02
5.870000000000000107e+00 1.683738335740325026e-02
5.879999999999999893e+00 1.683738335740325026e-02
5.889999999999999680e+00 1.683738335740325026e-02
5.900000000000000355e+00 1.683738335740325026e-02
5.910000000000000142e+00 1.683738335740325026e-02
5.919999999999999929e+00 1.683738335740325026e-02
5.929999999999999716e+00 1.683738335740325026e-02
5.940000000000000391e+00 1.683738335740325026e-02
5.950000000000000178e+00 1.683738335740325026e-02
5.959999999999999964e+00 1.683738335740325026e-02
5.969999999999999751e+00 1.683738335740325026e-02
5.980000000000000426e+00 1.683738335740325026e-02
5.990000000000000213e+00 1.683738335740325026e-02
6.000000000000000000e+00 1.683738335740325026e-02
6.200000000000000178e+00 1.683738335740325026e-02
6.400000000000000355e+00 1.683738335740325026e-02
6.599999999999999645e+00 1.683738335740325026e-02
6.799999999999999822e+00 1.683738335740325026e-02
7.000000000000000000e+00 0.000000000000000000e+00
