0.000000000000000000e+00 0.000000000000000000e+00
1.000000000000000021e-02 1.683738335740324332e-02
2.000000000000000042e-02 1.683738335740325026e-02
2.999999999999999889e-02 1.683738335740331271e-02
4.000000000000000083e-02 1.683738335740396150e-02
5.000000000000000278e-02 1.683738335740940853e-02
5.999999999999999778e-02 1.683738335744789164e-02
7.000000000000000666e-02 1.683738335767505714e-02
8.000000000000000167e-02 1.683738335879508483e-02
8.999999999999999667e-02 1.683738336340138975e-02
1.000000000000000056e-01 1.683738337917412009e-02
1.100000000000000006e-01 1.683738342401272861e-02
1.199999999999999956e-01 1.683738352935909566e-02
1.300000000000000044e-01 1.683738373235967728e-02
1.400000000000000133e-01 1.683738404879339678e-02
1.499999999999999944e-01 1.683738443674553248e-02
1.600000000000000033e-01 1.683738478565675878e-02
1.700000000000000122e-01 1.683738496122990508e-02
1.799999999999999933e-01 1.683738488731521474e-02
1.900000000000000022e-01 1.683738459823633238e-02
2.000000000000000111e-01 1.683738421362672086e-02
2.099999999999999922e-01 1.683738386028742554e-02
2.200000000000000011e-01 1.683738360883444557e-02
2.300000000000000100e-01 1.683738346440446718e-02
2.399999999999999911e-01 1.683738339614877094e-02
2.500000000000000000e-01 1.683738336933436955e-02
2.600000000000000089e-01 1.683738336052560333e-02
2.700000000000000178e-01 1.683738335809721598e-02
2.800000000000000266e-01 1.683738335753418025e-02
2.899999999999999800e-01 1.683738335742422307e-02
2.999999999999999889e-01 1.683738335740610562e-02
3.099999999999999978e-01 1.683738335740357986e-02
3.200000000000000067e-01 1.683738335740327802e-02
3.300000000000000155e-01 1.683738335740324679e-02
3.400000000000000244e-01 1.683738335740324332e-02
3.499999999999999778e-01 1.683738335740324332e-02
3.599999999999999867e-01 1.683738335740324332e-02
3.699999999999999956e-01 1.683738335740324332e-02
3.800000000000000044e-01 1.683738335740324332e-02
3.900000000000000133e-01 1.683738335740324332e-02
4.000000000000000222e-01 1.683738335740324332e-02
4.099999999999999756e-01 1.683738335740324332e-02
4.199999999999999845e-01 1.683738335740324332e-02
4.299999999999999933e-01 1.683738335740324332e-02
4.400000000000000022e-01 1.683738335740324332e-02
4.500000000000000111e-01 1.683738335740324332e-02
4.600000000000000200e-01 1.683738335740324332e-02
4.699999999999999734e-01 1.683738335740324332e-02
4.799999999999999822e-01 1.683738335740324332e-02
4.899999999999999911e-01 1.683738335740324332e-02
5.000000000000000000e-01 1.683738335740324332e-02
5.100000000000000089e-01 1.683738335740324332e-02
5.200000000000000178e-01 1.683738335740324332e-02
5.300000000000000266e-01 1.683738335740324332e-02
5.400000000000000355e-01 1.683738335740324332e-02
5.500000000000000444e-01 1.683738335740324332e-02
5.600000000000000533e-01 1.683738335740324332e-02
5.699999999999999512e-01 1.683738335740324332e-02
5.799999999999999600e-01 1.683738335740324332e-02
5.899999999999999689e-01 1.683738335740324332e-02
5.999999999999999778e-01 1.683738335740324332e-02
6.099999999999999867e-01 1.683738335740324332e-02
6.199999999999999956e-01 1.683738335740324332e-02
6.300000000000000044e-01 1.683738335740324332e-02
6.400000000000000133e-01 1.683738335740324332e-02
6.500000000000000222e-01 1.683738335740324332e-02
6.600000000000000311e-01 1.683738335740324332e-02
6.700000000000000400e-01 1.683738335740325720e-02
6.800000000000000488e-01 1.683738335740340639e-02
6.899999999999999467e-01 1.683738335740546377e-02
6.999999999999999556e-01 1.683738335743314996e-02
7.099999999999999645e-01 1.683738335777210798e-02
7.199999999999999734e-01 1.683738336141292133e-02
7.299999999999999822e-01 1.683738339535472556e-02
7.399999999999999911e-01 1.683738367008879785e-02
7.500000000000000000e-01 1.683738561634494368e-02
7.600000000000000089e-01 1.683739788700585466e-02
7.700000000000000178e-01 1.683746869922844377e-02
7.800000000000000266e-01 1.683785707521577232e-02
7.900000000000000355e-01 1.683994913990415065e-02
8.000000000000000444e-01 1.685108310024239359e-02
8.100000000000000533e-01 1.690809916026021417e-02
8.199999999999999512e-01 1.717800951989145036e-02
8.299999999999999600e-01 1.831885400791561508e-02
8.399999999999999689e-01 2.252219927070829922e-02
8.499999999999999778e-01 3.581053617869261324e-02
8.599999999999999867e-01 7.144702932032055698e-02
8.699999999999999956e-01 1.516961769139004157e-01
8.800000000000000044e-01 3.016576097470239914e-01
8.900000000000000133e-01 5.301946610768446533e-01
9.000000000000000222e-01 8.053045274394623476e-01
9.100000000000000311e-01 1.047692630693841664e+00
9.200000000000000400e-01 1.163190450037904444e+00
9.300000000000000488e-01 1.100500501913316054e+00
9.399999999999999467e-01 8.873067401675563959e-01
9.499999999999999556e-01 6.108582134101290251e-01
9.599999999999999645e-01 3.612094648478426651e-01
9.699999999999999734e-01 1.864735158979460017e-01
9.799999999999999822e-01 8.787401978794387447e-02
9.899999999999999911e-01 4.214836851781016136e-02
1.000000000000000000e+00 2.452351554186602348e-02
1.010000000000000009e+00 1.883316081796081176e-02
1.020000000000000018e+00 1.728399505532488695e-02
1.030000000000000027e+00 1.692537646232808446e-02
1.040000000000000036e+00 1.685357815125728201e-02
1.050000000000000044e+00 1.684055694458212737e-02
1.060000000000000053e+00 1.683814643360207960e-02
1.070000000000000062e+00 1.683760124920926499e-02
1.080000000000000071e+00 1.683744656597978284e-02
1.090000000000000080e+00 1.683740011025717728e-02
1.100000000000000089e+00 1.683738724509891219e-02
1.110000000000000098e+00 1.683738413605193052e-02
1.120000000000000107e+00 1.683738349142498147e-02
1.129999999999999893e+00 1.683738337723032774e-02
1.139999999999999902e+00 1.683738335993529081e-02
1.149999999999999911e+00 1.683738335768588182e-02
1.159999999999999920e+00 1.683738335743170667e-02
1.169999999999999929e+00 1.683738335740601888e-02
1.179999999999999938e+00 1.683738335740353823e-02
1.189999999999999947e+00 1.683738335740328496e-02
1.199999999999999956e+00 1.683738335740326414e-02
1.209999999999999964e+00 1.683738335740335781e-02
1.219999999999999973e+00 1.683738335740440559e-02
1.229999999999999982e+00 1.683738335741487638e-02
1.239999999999999991e+00 1.683738335750671611e-02
1.250000000000000000e+00 1.683738335820320065e-02
1.260000000000000009e+00 1.683738336276592584e-02
1.270000000000000018e+00 1.683738338865070280e-02
1.280000000000000027e+00 1.683738351630026039e-02
1.290000000000000036e+00 1.683738406592857895e-02
1.300000000000000044e+00 1.683738614130075514e-02
1.310000000000000053e+00 1.683739303843008808e-02
1.320000000000000062e+00 1.683741325634167257e-02
1.330000000000000071e+00 1.683746555346170987e-02
1.340000000000000080e+00 1.683758477332194040e-02
1.350000000000000089e+00 1.683782373979581665e-02
1.360000000000000098e+00 1.683824385873667825e-02
1.370000000000000107e+00 1.683889079449878839e-02
1.379999999999999893e+00 1.683976463173814456e-02
1.389999999999999902e+00 1.684080724055760092e-02
1.399999999999999911e+00 1.684192527564190925e-02
1.409999999999999920e+00 1.684304175824683295e-02
1.419999999999999929e+00 1.684414950431728855e-02
1.429999999999999938e+00 1.684536032535336597e-02
1.439999999999999947e+00 1.684700945797349900e-02
1.449999999999999956e+00 1.684997219383238543e-02
1.459999999999999964e+00 1.685650273154241235e-02
1.469999999999999973e+00 1.687213049635936934e-02
1.479999999999999982e+00 1.690917963155170664e-02
1.489999999999999991e+00 1.699146046066920060e-02
1.500000000000000000e+00 1.715675296871730163e-02
1.510000000000000009e+00 1.745027676134528957e-02
1.520000000000000018e+00 1.790395134121564383e-02
1.530000000000000027e+00 1.850782434041718313e-02
1.540000000000000036e+00 1.919455548916814899e-02
1.550000000000000044e+00 1.985579186803126256e-02
1.560000000000000053e+00 2.038353867505008493e-02
1.570000000000000062e+00 2.070691211602561366e-02
1.580000000000000071e+00 2.080854442801685633e-02
1.590000000000000080e+00 2.074848690258921172e-02
1.600000000000000089e+00 2.076247022015918764e-02
1.610000000000000098e+00 2.153980228162179905e-02
1.620000000000000107e+00 2.487789006532782968e-02
1.629999999999999893e+00 3.507438955442505890e-02
1.639999999999999902e+00 6.151404088873807519e-02
1.649999999999999911e+00 1.225357185967489437e-01
1.659999999999999920e+00 2.492851816151498145e-01
1.669999999999999929e+00 4.859473149927111546e-01
1.679999999999999938e+00 8.814267959914152684e-01
1.689999999999999947e+00 1.470633196041530866e+00
1.699999999999999956e+00 2.251927008536743546e+00
1.709999999999999964e+00 3.174918371633768110e+00
1.719999999999999973e+00 4.150151543080045968e+00
1.729999999999999982e+00 5.077922263145749682e+00
1.739999999999999991e+00 5.879021622428839855e+00
1.750000000000000000e+00 6.508247697895582995e+00
1.760000000000000009e+00 6.943453239018066547e+00
1.770000000000000018e+00 7.160547943464065312e+00
1.780000000000000027e+00 7.117369273825401521e+00
1.790000000000000036e+00 6.766009249979788365e+00
1.800000000000000044e+00 6.091341985104648415e+00
1.810000000000000053e+00 5.148070816891993751e+00
1.820000000000000062e+00 4.063665614711182705e+00
1.830000000000000071e+00 2.998353630121664892e+00
1.840000000000000080e+00 2.086317964267751623e+00
1.850000000000000089e+00 1.394984208095757738e+00
1.860000000000000098e+00 9.220795255768475807e-01
1.870000000000000107e+00 6.217617358684564000e-01
1.879999999999999893e+00 4.367482385292045244e-01
1.889999999999999902e+00 3.194187627987908340e-01
1.899999999999999911e+00 2.387006185740706277e-01
1.909999999999999920e+00 1.779967132511318384e-01
1.919999999999999929e+00 1.301170620982970427e-01
1.929999999999999938e+00 9.258425301900206905e-02
1.939999999999999947e+00 6.446376582201882033e-02
1.949999999999999956e+00 4.476593540806868970e-02
1.959999999999999964e+00 3.201326167095700642e-02
1.969999999999999973e+00 2.443335986052318221e-02
1.979999999999999982e+00 2.031867847698410820e-02
1.989999999999999991e+00 1.828946845460427406e-02
2.000000000000000000e+00 1.738543528894809231e-02
2.009999999999999787e+00 1.702362538312732904e-02
2.020000000000000018e+00 1.689416634722109775e-02
2.029999999999999805e+00 1.685288890966180758e-02
2.040000000000000036e+00 1.684117633594531607e-02
2.049999999999999822e+00 1.683821636758504187e-02
2.060000000000000053e+00 1.683754841130497698e-02
2.069999999999999840e+00 1.683741325815117998e-02
2.080000000000000071e+00 1.683738856197238357e-02
2.089999999999999858e+00 1.683738438899735901e-02
2.100000000000000089e+00 1.683738366372588419e-02
2.109999999999999876e+00 1.683738348740211263e-02
2.120000000000000107e+00 1.683738341638329680e-02
2.129999999999999893e+00 1.683738338210033839e-02
2.140000000000000124e+00 1.683738336659107090e-02
2.149999999999999911e+00 1.683738336042538142e-02
2.160000000000000142e+00 1.683738335828762617e-02
2.169999999999999929e+00 1.683738335763710833e-02
2.180000000000000160e+00 1.683738335746099921e-02
2.189999999999999947e+00 1.683738335741749581e-02
2.200000000000000178e+00 1.683738335740719502e-02
2.209999999999999964e+00 1.683738335740464498e-02
2.220000000000000195e+00 1.683738335740389905e-02
2.229999999999999982e+00 1.683738335740360414e-02
2.240000000000000213e+00 1.683738335740344802e-02
2.250000000000000000e+00 1.683738335740335781e-02
2.259999999999999787e+00 1.683738335740330230e-02
2.270000000000000018e+00 1.683738335740327108e-02
2.279999999999999805e+00 1.683738335740325720e-02
2.290000000000000036e+00 1.683738335740324679e-02
2.299999999999999822e+00 1.683738335740324332e-02
2.310000000000000053e+00 1.683738335740324332e-02
2.319999999999999840e+00 1.683738335740324332e-02
2.330000000000000071e+00 1.683738335740324332e-02
2.339999999999999858e+00 1.683738335740324332e-02
2.350000000000000089e+00 1.683738335740324332e-02
2.359999999999999876e+00 1.683738335740324332e-02
2.370000000000000107e+00 1.683738335740324332e-02
2.379999999999999893e+00 1.683738335740324332e-02
2.390000000000000124e+00 1.683738335740324332e-02
2.399999999999999911e+00 1.683738335740324332e-02
2.410000000000000142e+00 1.683738335740324332e-02
2.419999999999999929e+00 1.683738335740324332e-02
2.430000000000000160e+00 1.683738335740324332e-02
2.439999999999999947e+00 1.683738335740324332e-02
2.450000000000000178e+00 1.683738335740324332e-02
2.459999999999999964e+00 1.683738335740324332e-02
2.470000000000000195e+00 1.683738335740324332e-02
2.479999999999999982e+00 1.683738335740324332e-02
2.490000000000000213e+00 1.683738335740324332e-02
2.500000000000000000e+00 1.683738335740324332e-02
2.509999999999999787e+00 1.683738335740324332e-02
2.520000000000000018e+00 1.683738335740324332e-02
2.529999999999999805e+00 1.683738335740324332e-02
2.540000000000000036e+00 1.683738335740324332e-02
2.549999999999999822e+00 1.683738335740324332e-02
2.560000000000000053e+00 1.683738335740324332e-02
2.569999999999999840e+00 1.683738335740324332e-02
2.580000000000000071e+00 1.683738335740324332e-02
2.589999999999999858e+00 1.683738335740324332e-02
2.600000000000000089e+00 1.683738335740324332e-02
2.609999999999999876e+00 1.683738335740324332e-02
2.620000000000000107e+00 1.683738335740324332e-02
2.629999999999999893e+00 1.683738335740324332e-02
2.640000000000000124e+00 1.683738335740324332e-02
2.649999999999999911e+00 1.683738335740324332e-02
2.660000000000000142e+00 1.683738335740324332e-02
2.669999999999999929e+00 1.683738335740324332e-02
2.680000000000000160e+00 1.683738335740324332e-02
2.689999999999999947e+00 1.683738335740324332e-02
2.700000000000000178e+00 1.683738335740324332e-02
2.709999999999999964e+00 1.683738335740324332e-02
2.720000000000000195e+00 1.683738335740324332e-02
2.729999999999999982e+00 1.683738335740324332e-02
2.740000000000000213e+00 1.683738335740324332e-02
2.750000000000000000e+00 1.683738335740324332e-02
2.759999999999999787e+00 1.683738335740324332e-02
2.770000000000000018e+00 1.683738335740324332e-02
2.779999999999999805e+00 1.683738335740324332e-02
2.790000000000000036e+00 1.683738335740324332e-02
2.799999999999999822e+00 1.683738335740324332e-02
2.810000000000000053e+00 1.683738335740324332e-02
2.819999999999999840e+00 1.683738335740324332e-02
2.830000000000000071e+00 1.683738335740324332e-02
2.839999999999999858e+00 1.683738335740324332e-02
2.850000000000000089e+00 1.683738335740324332e-02
2.859999999999999876e+00 1.683738335740324332e-02
2.870000000000000107e+00 1.683738335740324332e-02
2.879999999999999893e+00 1.683738335740324332e-02
2.890000000000000124e+00 1.683738335740324332e-02
2.899999999999999911e+00 1.683738335740324332e-02
2.910000000000000142e+00 1.683738335740324332e-02
2.919999999999999929e+00 1.683738335740324332e-02
2.930000000000000160e+00 1.683738335740324332e-02
2.939999999999999947e+00 1.683738335740324332e-02
2.950000000000000178e+00 1.683738335740324332e-02
2.959999999999999964e+00 1.683738335740324332e-02
2.970000000000000195e+00 1.683738335740324332e-02
2.979999999999999982e+00 1.683738335740324332e-02
2.990000000000000213e+00 1.683738335740324332e-02
3.000000000000000000e+00 1.683738335740324332e-02
3.009999999999999787e+00 1.683738335740324332e-02
3.020000000000000018e+00 1.683738335740324332e-02
3.029999999999999805e+00 1.683738335740324332e-02
3.040000000000000036e+00 1.683738335740324332e-02
3.049999999999999822e+00 1.683738335740324332e-02
3.060000000000000053e+00 1.683738335740324332e-02
3.069999999999999840e+00 1.683738335740324332e-02
3.080000000000000071e+00 1.683738335740324332e-02
3.089999999999999858e+00 1.683738335740324332e-02
3.100000000000000089e+00 1.683738335740324332e-02
3.109999999999999876e+00 1.683738335740324332e-02
3.120000000000000107e+00 1.683738335740324332e-02
3.129999999999999893e+00 1.683738335740324332e-02
3.140000000000000124e+00 1.683738335740324332e-02
3.149999999999999911e+00 1.683738335740324332e-02
3.160000000000000142e+00 1.683738335740324332e-02
3.169999999999999929e+00 1.683738335740324332e-02
3.180000000000000160e+00 1.683738335740324332e-02
3.189999999999999947e+00 1.683738335740324332e-02
3.200000000000000178e+00 1.683738335740324332e-02
3.209999999999999964e+00 1.683738335740324332e-02
3.220000000000000195e+00 1.683738335740324332e-02
3.229999999999999982e+00 1.683738335740324332e-02
3.240000000000000213e+00 1.683738335740324332e-02
3.250000000000000000e+00 1.683738335740324332e-02
3.259999999999999787e+00 1.683738335740324332e-02
3.270000000000000018e+00 1.683738335740324332e-02
3.279999999999999805e+00 1.683738335740324332e-02
3.290000000000000036e+00 1.683738335740324332e-02
3.299999999999999822e+00 1.683738335740324332e-02
3.310000000000000053e+00 1.683738335740324332e-02
3.319999999999999840e+00 1.683738335740324332e-02
3.330000000000000071e+00 1.683738335740324332e-02
3.339999999999999858e+00 1.683738335740324332e-02
3.350000000000000089e+00 1.683738335740324332e-02
3.359999999999999876e+00 1.683738335740324332e-02
3.370000000000000107e+00 1.683738335740324332e-02
3.379999999999999893e+00 1.683738335740324332e-02
3.390000000000000124e+00 1.683738335740324332e-02
3.399999999999999911e+00 1.683738335740324332e-02
3.410000000000000142e+00 1.683738335740324332e-02
3.419999999999999929e+00 1.683738335740324332e-02
3.430000000000000160e+00 1.683738335740324332e-02
3.439999999999999947e+00 1.683738335740324332e-02
3.450000000000000178e+00 1.683738335740324332e-02
3.459999999999999964e+00 1.683738335740324332e-02
3.470000000000000195e+00 1.683738335740324332e-02
3.479999999999999982e+00 1.683738335740324332e-02
3.490000000000000213e+00 1.683738335740324332e-02
3.500000000000000000e+00 1.683738335740324332e-02
3.509999999999999787e+00 1.683738335740324332e-02
3.520000000000000018e+00 1.683738335740324332e-02
3.529999999999999805e+00 1.683738335740324332e-02
3.540000000000000036e+00 1.683738335740324332e-02
3.549999999999999822e+00 1.683738335740324332e-02
3.560000000000000053e+00 1.683738335740324332e-02
3.569999999999999840e+00 1.683738335740324332e-02
3.580000000000000071e+00 1.683738335740324332e-02
3.589999999999999858e+00 1.683738335740324332e-02
3.600000000000000089e+00 1.683738335740324332e-02
3.609999999999999876e+00 1.683738335740324332e-02
3.620000000000000107e+00 1.683738335740324332e-02
3.629999999999999893e+00 1.683738335740324332e-02
3.640000000000000124e+00 1.683738335740324332e-02
3.649999999999999911e+00 1.683738335740324332e-02
3.660000000000000142e+00 1.683738335740324332e-02
3.669999999999999929e+00 1.683738335740324332e-02
3.680000000000000160e+00 1.683738335740324332e-02
3.689999999999999947e+00 1.683738335740324332e-02
3.700000000000000178e+00 1.683738335740324332e-02
3.709999999999999964e+00 1.683738335740324332e-02
3.720000000000000195e+00 1.683738335740324332e-02
3.729999999999999982e+00 1.683738335740324332e-02
3.740000000000000213e+00 1.683738335740324332e-02
3.750000000000000000e+00 1.683738335740324332e-02
3.759999999999999787e+00 1.683738335740324332e-02
3.770000000000000018e+00 1.683738335740324332e-02
3.779999999999999805e+00 1.683738335740324332e-02
3.790000000000000036e+00 1.683738335740324332e-02
3.799999999999999822e+00 1.683738335740324332e-02
3.810000000000000053e+00 1.683738335740324332e-02
3.819999999999999840e+00 1.683738335740324332e-02
3.830000000000000071e+00 1.683738335740324332e-02
3.839999999999999858e+00 1.683738335740324332e-02
3.850000000000000089e+00 1.683738335740324332e-02
3.859999999999999876e+00 1.683738335740324332e-02
3.870000000000000107e+00 1.683738335740324332e-02
3.879999999999999893e+00 1.683738335740324332e-02
3.890000000000000124e+00 1.683738335740324332e-02
3.899999999999999911e+00 1.683738335740324332e-02
3.910000000000000142e+00 1.683738335740324332e-02
3.919999999999999929e+00 1.683738335740324332e-02
3.930000000000000160e+00 1.683738335740324332e-02
3.939999999999999947e+00 1.683738335740324332e-02
3.950000000000000178e+00 1.683738335740324332e-02
3.959999999999999964e+00 1.683738335740324332e-02
3.970000000000000195e+00 1.683738335740324332e-02
3.979999999999999982e+00 1.683738335740324332e-02
3.990000000000000213e+00 1.683738335740324332e-02
4.000000000000000000e+00 1.683738335740324332e-02
4.009999999999999787e+00 1.683738335740324332e-02
4.019999999999999574e+00 1.683738335740324332e-02
4.030000000000000249e+00 1.683738335740324332e-02
4.040000000000000036e+00 1.683738335740324332e-02
4.049999999999999822e+00 1.683738335740324332e-02
4.059999999999999609e+00 1.683738335740324332e-02
4.070000000000000284e+00 1.683738335740324332e-02
4.080000000000000071e+00 1.683738335740324332e-02
4.089999999999999858e+00 1.683738335740324332e-02
4.099999999999999645e+00 1.683738335740324332e-02
4.110000000000000320e+00 1.683738335740324332e-02
4.120000000000000107e+00 1.683738335740324332e-02
4.129999999999999893e+00 1.683738335740324332e-02
4.139999999999999680e+00 1.683738335740324332e-02
4.150000000000000355e+00 1.683738335740324332e-02
4.160000000000000142e+00 1.683738335740324332e-02
4.169999999999999929e+00 1.683738335740324332e-02
4.179999999999999716e+00 1.683738335740324332e-02
4.190000000000000391e+00 1.683738335740324332e-02
4.200000000000000178e+00 1.683738335740324332e-02
4.209999999999999964e+00 1.683738335740324332e-02
4.219999999999999751e+00 1.683738335740324332e-02
4.230000000000000426e+00 1.683738335740324332e-02
4.240000000000000213e+00 1.683738335740324332e-02
4.250000000000000000e+00 1.683738335740324332e-02
4.259999999999999787e+00 1.683738335740324332e-02
4.269999999999999574e+00 1.683738335740324332e-02
4.280000000000000249e+00 1.683738335740324332e-02
4.290000000000000036e+00 1.683738335740324332e-02
4.299999999999999822e+00 1.683738335740324332e-02
4.309999999999999609e+00 1.683738335740324332e-02
4.320000000000000284e+00 1.683738335740324332e-02
4.330000000000000071e+00 1.683738335740324332e-02
4.339999999999999858e+00 1.683738335740324332e-02
4.349999999999999645e+00 1.683738335740324332e-02
4.360000000000000320e+00 1.683738335740324332e-02
4.370000000000000107e+00 1.683738335740324332e-02
4.379999999999999893e+00 1.683738335740324332e-02
4.389999999999999680e+00 1.683738335740324332e-02
4.400000000000000355e+00 1.683738335740324332e-02
4.410000000000000142e+00 1.683738335740324332e-02
4.419999999999999929e+00 1.683738335740324332e-02
4.429999999999999716e+00 1.683738335740324332e-02
4.440000000000000391e+00 1.683738335740324332e-02
4.450000000000000178e+00 1.683738335740324332e-02
4.459999999999999964e+00 1.683738335740324332e-02
4.469999999999999751e+00 1.683738335740324332e-02
4.480000000000000426e+00 1.683738335740324332e-02
4.490000000000000213e+00 1.683738335740324332e-02
4.500000000000000000e+00 1.683738335740324332e-02
4.509999999999999787e+00 1.683738335740324332e-02
4.519999999999999574e+00 1.683738335740324332e-02
4.530000000000000249e+00 1.683738335740324332e-02
4.540000000000000036e+00 1.683738335740324332e-02
4.549999999999999822e+00 1.683738335740324332e-02
4.559999999999999609e+00 1.683738335740324332e-02
4.570000000000000284e+00 1.683738335740324332e-02
4.580000000000000071e+00 1.683738335740324332e-02
4.589999999999999858e+00 1.683738335740324332e-02
4.599999999999999645e+00 1.683738335740324332e-02
4.610000000000000320e+00 1.683738335740324332e-02
4.620000000000000107e+00 1.683738335740324332e-02
4.629999999999999893e+00 1.683738335740324332e-02
4.639999999999999680e+00 1.683738335740324332e-02
4.650000000000000355e+00 1.683738335740324332e-02
4.660000000000000142e+00 1.683738335740324332e-02
4.669999999999999929e+00 1.683738335740324332e-02
4.679999999999999716e+00 1.683738335740324332e-02
4.690000000000000391e+00 1.683738335740324332e-02
4.700000000000000178e+00 1.683738335740324332e-02
4.709999999999999964e+00 1.683738335740324332e-02
4.719999999999999751e+00 1.683738335740324332e-02
4.730000000000000426e+00 1.683738335740324332e-02
4.740000000000000213e+00 1.683738335740324332e-02
4.750000000000000000e+00 1.683738335740324332e-02
4.759999999999999787e+00 1.683738335740324332e-02
4.769999999999999574e+00 1.683738335740324332e-02
4.780000000000000249e+00 1.683738335740324332e-02
4.790000000000000036e+00 1.683738335740324332e-02
4.799999999999999822e+00 1.683738335740324332e-02
4.809999999999999609e+00 1.683738335740324332e-02
4.820000000000000284e+00 1.683738335740324332e-02
4.830000000000000071e+00 1.683738335740324332e-02
4.839999999999999858e+00 1.683738335740324332e-02
4.849999999999999645e+00 1.683738335740324332e-02
4.860000000000000320e+00 1.683738335740324332e-02
4.870000000000000107e+00 1.683738335740324332e-02
4.879999999999999893e+00 1.683738335740324332e-02
4.889999999999999680e+00 1.683738335740324332e-02
4.900000000000000355e+00 1.683738335740324332e-02
4.910000000000000142e+00 1.683738335740324332e-02
4.919999999999999929e+00 1.683738335740324332e-02
4.929999999999999716e+00 1.683738335740324332e-02
4.940000000000000391e+00 1.683738335740324332e-02
4.950000000000000178e+00 1.683738335740324332e-02
4.959999999999999964e+00 1.683738335740324332e-02
4.969999999999999751e+00 1.683738335740324332e-02
4.980000000000000426e+00 1.683738335740324332e-02
4.990000000000000213e+00 1.683738335740324332e-02
5.000000000000000000e+00 1.683738335740324332e-02
5.009999999999999787e+00 1.683738335740324332e-02
5.019999999999999574e+00 1.683738335740324332e-02
5.030000000000000249e+00 1.683738335740324332e-02
5.040000000000000036e+00 1.683738335740324332e-02
5.049999999999999822e+00 1.683738335740324332e-02
5.059999999999999609e+00 1.683738335740324332e-02
5.070000000000000284e+00 1.683738335740324332e-02
5.080000000000000071e+00 1.683738335740324332e-02
5.089999999999999858e+00 1.683738335740324332e-02
5.099999999999999645e+00 1.683738335740324332e-02
5.110000000000000320e+00 1.683738335740324332e-02
5.120000000000000107e+00 1.683738335740324332e-02
5.129999999999999893e+00 1.683738335740324332e-02
5.139999999999999680e+00 1.683738335740324332e-02
5.150000000000000355e+00 1.683738335740324332e-02
5.160000000000000142e+00 1.683738335740324332e-02
5.169999999999999929e+00 1.683738335740324332e-02
5.179999999999999716e+00 1.683738335740324332e-02
5.190000000000000391e+00 1.683738335740324332e-02
5.200000000000000178e+00 1.683738335740324332e-02
5.209999999999999964e+00 1.683738335740324332e-02
5.219999999999999751e+00 1.683738335740324332e-02
5.230000000000000426e+00 1.683738335740324332e-02
5.240000000000000213e+00 1.683738335740324332e-02
5.250000000000000000e+00 1.683738335740324332e-02
5.259999999999999787e+00 1.683738335740324332e-02
5.269999999999999574e+00 1.683738335740324332e-02
5.280000000000000249e+00 1.683738335740324332e-02
5.290000000000000036e+00 1.683738335740324332e-02
5.299999999999999822e+00 1.683738335740324332e-02
5.309999999999999609e+00 1.683738335740324332e-02
5.320000000000000284e+00 1.683738335740324332e-02
5.330000000000000071e+00 1.683738335740324332e-02
5.339999999999999858e+00 1.683738335740324332e-02
5.349999999999999645e+00 1.683738335740324332e-02
5.360000000000000320e+00 1.683738335740324332e-02
5.370000000000000107e+00 1.683738335740324332e-02
5.379999999999999893e+00 1.683738335740324332e-02
5.389999999999999680e+00 1.683738335740324332e-02
5.400000000000000355e+00 1.683738335740324332e-02
5.410000000000000142e+00 1.683738335740324332e-02
5.419999999999999929e+00 1.683738335740324332e-02
5.429999999999999716e+00 1.683738335740324332e-02
5.440000000000000391e+00 1.683738335740324332e-02
5.450000000000000178e+00 1.683738335740324332e-02
5.459999999999999964e+00 1.683738335740324332e-02
5.469999999999999751e+00 1.683738335740324332e-02
5.480000000000000426e+00 1.683738335740324332e-02
5.490000000000000213e+00 1.683738335740324332e-02
5.500000000000000000e+00 1.683738335740324332e-02
5.509999999999999787e+00 1.683738335740324332e-02
5.519999999999999574e+00 1.683738335740324332e-02
5.530000000000000249e+00 1.683738335740324332e-02
5.540000000000000036e+00 1.683738335740324332e-02
5.549999999999999822e+00 1.683738335740324332e-02
5.559999999999999609e+00 1.683738335740324332e-02
5.570000000000000284e+00 1.683738335740324332e-02
5.580000000000000071e+00 1.683738335740324332e-02
5.589999999999999858e+00 1.683738335740324332e-02
5.599999999999999645e+00 1.683738335740324332e-02
5.610000000000000320e+00 1.683738335740324332e-02
5.620000000000000107e+00 1.683738335740324332e-02
5.629999999999999893e+00 1.683738335740324332e-02
5.639999999999999680e+00 1.683738335740324332e-02
5.650000000000000355e+00 1.683738335740324332e-02
5.660000000000000142e+00 1.683738335740324332e-02
5.669999999999999929e+00 1.683738335740324332e-02
5.679999999999999716e+00 1.683738335740324332e-02
5.690000000000000391e+00 1.683738335740324332e-02
5.700000000000000178e+00 1.683738335740324332e-02
5.709999999999999964e+00 1.683738335740324332e-02
5.719999999999999751e+00 1.683738335740324332e-02
5.730000000000000426e+00 1.683738335740324332e-02
5.740000000000000213e+00 1.683738335740324332e-02
5.750000000000000000e+00 1.683738335740324332e-02
5.759999999999999787e+00 1.683738335740324332e-02
5.769999999999999574e+00 1.683738335740324332e-02
5.780000000000000249e+00 1.683738335740324332e-02
5.790000000000000036e+00 1.683738335740324332e-02
5.799999999999999822e+00 1.683738335740324332e-02
5.809999999999999609e+00 1.683738335740324332e-02
5.820000000000000284e+00 1.683738335740324332e-02
5.830000000000000071e+00 1.683738335740324332e-02
5.839999999999999858e+00 1.683738335740324332e-02
5.849999999999999645e+00 1.683738335740324332e-02
5.860000000000000320e+00 1.683738335740324332e-02
5.870000000000000107e+00 1.683738335740324332e-02
5.879999999999999893e+00 1.683738335740324332e-02
5.889999999999999680e+00 1.683738335740324332e-02
5.900000000000000355e+00 1.683738335740324332e-02
5.910000000000000142e+00 1.683738335740324332e-02
5.919999999999999929e+00 1.683738335740324332e-02
5.929999999999999716e+00 1.683738335740324332e-02
5.940000000000000391e+00 1.683738335740324332e-02
5.950000000000000178e+00 1.683738335740324332e-02
5.959999999999999964e+00 1.683738335740324332e-02
5.969999999999999751e+00 1.683738335740324332e-02
5.980000000000000426e+00 1.683738335740324332e-02
5.990000000000000213e+00 1.683738335740324332e-02
6.000000000000000000e+00 1.683738335740324332e-02
6.200000000000000178e+00 1.683738335740324332e-02
6.400000000000000355e+00 1.683738335740324332e-02
6.599999999999999645e+00 1.683738335740324332e-02
6.799999999999999822e+00 1.683738335740324332e-02
7.000000000000000000e+00 0.000000000000000000e+00
