0.000000000000000000e+00 0.000000000000000000e+00
1.000000000000000021e-02 1.415698111051474396e-02
2.000000000000000042e-02 1.415698111051474396e-02
2.999999999999999889e-02 1.415698111051474396e-02
4.000000000000000083e-02 1.415698111051474396e-02
5.000000000000000278e-02 1.415698111051474396e-02
5.999999999999999778e-02 1.415698111051474396e-02
7.000000000000000666e-02 1.415698111051474396e-02
8.000000000000000167e-02 1.415698111051474396e-02
8.999999999999999667e-02 1.415698111051474396e-02
1.000000000000000056e-01 1.415698111051474396e-02
1.100000000000000006e-01 1.415698111051474396e-02
1.199999999999999956e-01 1.415698111051474396e-02
1.300000000000000044e-01 1.415698111051474396e-02
1.400000000000000133e-01 1.415698111051474396e-02
1.499999999999999944e-01 1.415698111051474396e-02
1.600000000000000033e-01 1.415698111051474396e-02
1.700000000000000122e-01 1.415698111051474396e-02
1.799999999999999933e-01 1.415698111051474396e-02
1.900000000000000022e-01 1.415698111051474396e-02
2.000000000000000111e-01 1.415698111051474396e-02
2.099999999999999922e-01 1.415698111051474396e-02
2.200000000000000011e-01 1.415698111051474396e-02
2.300000000000000100e-01 1.415698111051474396e-02
2.399999999999999911e-01 1.415698111051474396e-02
2.500000000000000000e-01 1.415698111051474396e-02
2.600000000000000089e-01 1.415698111051474396e-02
2.700000000000000178e-01 1.415698111051474396e-02
2.800000000000000266e-01 1.415698111051474396e-02
2.899999999999999800e-01 1.415698111051474396e-02
2.999999999999999889e-01 1.415698111051474396e-02
3.099999999999999978e-01 1.415698111051474396e-02
3.200000000000000067e-01 1.415698111051474396e-02
3.300000000000000155e-01 1.415698111051474396e-02
3.400000000000000244e-01 1.415698111051474396e-02
3.499999999999999778e-01 1.415698111051474396e-02
3.599999999999999867e-01 1.415698111051474396e-02
3.699999999999999956e-01 1.415698111051474396e-02
3.800000000000000044e-01 1.415698111051474396e-02
3.900000000000000133e-01 1.415698111051474396e-02
4.000000000000000222e-01 1.415698111051474396e-02
4.099999999999999756e-01 1.415698111051474396e-02
4.199999999999999845e-01 1.415698111051474396e-02
4.299999999999999933e-01 1.415698111051474396e-02
4.400000000000000022e-01 1.415698111051474396e-02
4.500000000000000111e-01 1.415698111051474396e-02
4.600000000000000200e-01 1.415698111051474396e-02
4.699999999999999734e-01 1.415698111051474396e-02
4.799999999999999822e-01 1.415698111051474396e-02
4.899999999999999911e-01 1.415698111051474396e-02
5.000000000000000000e-01 1.415698111051474396e-02
5.100000000000000089e-01 1.415698111051474396e-02
5.200000000000000178e-01 1.415698111051474396e-02
5.300000000000000266e-01 1.415698111051474396e-02
5.400000000000000355e-01 1.415698111051474396e-02
5.500000000000000444e-01 1.415698111051474396e-02
5.600000000000000533e-01 1.415698111051474396e-02
5.699999999999999512e-01 1.415698111051474396e-02
5.799999999999999600e-01 1.415698111051474396e-02
5.899999999999999689e-01 1.415698111051474396e-02
5.999999999999999778e-01 1.415698111051474396e-02
6.099999999999999867e-01 1.415698111051474396e-02
6.199999999999999956e-01 1.415698111051474396e-02
6.300000000000000044e-01 1.415698111051474396e-02
6.400000000000000133e-01 1.415698111051474396e-02
6.500000000000000222e-01 1.415698111051475090e-02
6.600000000000000311e-01 1.415698111051476651e-02
6.700000000000000400e-01 1.415698111051484978e-02
6.800000000000000488e-01 1.415698111051523836e-02
6.899999999999999467e-01 1.415698111051684471e-02
6.999999999999999556e-01 1.415698111052263175e-02
7.099999999999999645e-01 1.415698111054075094e-02
7.199999999999999734e-01 1.415698111058997372e-02
7.299999999999999822e-01 1.415698111070643438e-02
7.399999999999999911e-01 1.415698111094763380e-02
7.500000000000000000e-01 1.415698111138766375e-02
7.600000000000000089e-01 1.415698111209939304e-02
7.700000000000000178e-01 1.415698111312468921e-02
7.800000000000000266e-01 1.415698111443968420e-02
7.900000000000000355e-01 1.415698111592601956e-02
8.000000000000000444e-01 1.415698111736295346e-02
8.100000000000000533e-01 1.415698111845751540e-02
8.199999999999999512e-01 1.415698111892274395e-02
8.299999999999999600e-01 1.415698111858921734e-02
8.399999999999999689e-01 1.415698111749934263e-02
8.499999999999999778e-01 1.415698111591746737e-02
8.599999999999999867e-01 1.415698111422750843e-02
8.699999999999999956e-01 1.415698111277054368e-02
8.800000000000000044e-01 1.415698111172443950e-02
8.900000000000000133e-01 1.415698111109007194e-02
9.000000000000000222e-01 1.415698111076248850e-02
9.100000000000000311e-01 1.415698111061707704e-02
9.200000000000000400e-01 1.415698111056015035e-02
9.300000000000000488e-01 1.415698111053872478e-02
9.399999999999999467e-01 1.415698111052926880e-02
9.499999999999999556e-01 1.415698111052366391e-02
9.599999999999999645e-01 1.415698111051984925e-02
9.699999999999999734e-01 1.415698111051738595e-02
9.799999999999999822e-01 1.415698111051598602e-02
9.899999999999999911e-01 1.415698111051528867e-02
1.000000000000000000e+00 1.415698111051498509e-02
1.010000000000000009e+00 1.415698111051486366e-02
1.020000000000000018e+00 1.415698111051481856e-02
1.030000000000000027e+00 1.415698111051480121e-02
1.040000000000000036e+00 1.415698111051479427e-02
1.050000000000000044e+00 1.415698111051479774e-02
1.060000000000000053e+00 1.415698111051480294e-02
1.070000000000000062e+00 1.415698111051481682e-02
1.080000000000000071e+00 1.415698111051482896e-02
1.090000000000000080e+00 1.415698111051483417e-02
1.100000000000000089e+00 1.415698111051483243e-02
1.110000000000000098e+00 1.415698111051482203e-02
1.120000000000000107e+00 1.415698111051480294e-02
1.129999999999999893e+00 1.415698111051478560e-02
1.139999999999999902e+00 1.415698111051476998e-02
1.149999999999999911e+00 1.415698111051475611e-02
1.159999999999999920e+00 1.415698111051475090e-02
1.169999999999999929e+00 1.415698111051474743e-02
1.179999999999999938e+00 1.415698111051474396e-02
1.189999999999999947e+00 1.415698111051474396e-02
1.199999999999999956e+00 1.415698111051474396e-02
1.209999999999999964e+00 1.415698111051474743e-02
1.219999999999999973e+00 1.415698111051475437e-02
1.229999999999999982e+00 1.415698111051478213e-02
1.239999999999999991e+00 1.415698111051489662e-02
1.250000000000000000e+00 1.415698111051541010e-02
1.260000000000000009e+00 1.415698111051761666e-02
1.270000000000000018e+00 1.415698111052638569e-02
1.280000000000000027e+00 1.415698111055792470e-02
1.290000000000000036e+00 1.415698111066041910e-02
1.300000000000000044e+00 1.415698111096468613e-02
1.310000000000000053e+00 1.415698111180788317e-02
1.320000000000000062e+00 1.415698111403837847e-02
1.330000000000000071e+00 1.415698111971801232e-02
1.340000000000000080e+00 1.415698113345525283e-02
1.350000000000000089e+00 1.415698116415073544e-02
1.360000000000000098e+00 1.415698122570148605e-02
1.370000000000000107e+00 1.415698133394479794e-02
1.379999999999999893e+00 1.415698149819298243e-02
1.389999999999999902e+00 1.415698171080026317e-02
1.399999999999999911e+00 1.415698194400433728e-02
1.409999999999999920e+00 1.415698216211150329e-02
1.419999999999999929e+00 1.415698234624589678e-02
1.429999999999999938e+00 1.415698251752296397e-02
1.439999999999999947e+00 1.415698274455375570e-02
1.449999999999999956e+00 1.415698313219984454e-02
1.459999999999999964e+00 1.415698379893328557e-02
1.469999999999999973e+00 1.415698485212243431e-02
1.479999999999999982e+00 1.415698636526452683e-02
1.489999999999999991e+00 1.415698835325764245e-02
1.500000000000000000e+00 1.415699073887976243e-02
1.510000000000000009e+00 1.415699331618885080e-02
1.520000000000000018e+00 1.415699574168771506e-02
1.530000000000000027e+00 1.415699759239257872e-02
1.540000000000000036e+00 1.415699849279079478e-02
1.550000000000000044e+00 1.415699825100285268e-02
1.560000000000000053e+00 1.415699692312226941e-02
1.570000000000000062e+00 1.415699477490920885e-02
1.580000000000000071e+00 1.415699218082449966e-02
1.590000000000000080e+00 1.415698952119085093e-02
1.600000000000000089e+00 1.415698710796842869e-02
1.610000000000000098e+00 1.415698514157661195e-02
1.620000000000000107e+00 1.415698369987645512e-02
1.629999999999999893e+00 1.415698276300199517e-02
1.639999999999999902e+00 1.415698226672791778e-02
1.649999999999999911e+00 1.415698216538017334e-02
1.659999999999999920e+00 1.415698248846023084e-02
1.669999999999999929e+00 1.415698338827619390e-02
1.679999999999999938e+00 1.415698518234124494e-02
1.689999999999999947e+00 1.415698838514560347e-02
1.699999999999999956e+00 1.415699371054121580e-02
1.709999999999999964e+00 1.415700204259959932e-02
1.719999999999999973e+00 1.415701446073729108e-02
1.729999999999999982e+00 1.415703257308010936e-02
1.739999999999999991e+00 1.415705960215696280e-02
1.750000000000000000e+00 1.415710281421939283e-02
1.760000000000000009e+00 1.415717819124171807e-02
1.770000000000000018e+00 1.415731972818146805e-02
1.780000000000000027e+00 1.415760112151298426e-02
1.790000000000000036e+00 1.415819308568350837e-02
1.800000000000000044e+00 1.415951811891634493e-02
1.810000000000000053e+00 1.416265114209538586e-02
1.820000000000000062e+00 1.417029384507280387e-02
1.830000000000000071e+00 1.418901237250282804e-02
1.840000000000000080e+00 1.423420386490203103e-02
1.850000000000000089e+00 1.434116542425622337e-02
1.860000000000000098e+00 1.459090521090829207e-02
1.870000000000000107e+00 1.517393614047653563e-02
1.879999999999999893e+00 1.655159321565449759e-02
1.889999999999999902e+00 1.984865981628570683e-02
1.899999999999999911e+00 2.772442142595131845e-02
1.909999999999999920e+00 4.606581426106933636e-02
1.919999999999999929e+00 8.676960071365284743e-02
1.929999999999999938e+00 1.713900894810420350e-01
1.939999999999999947e+00 3.343598848660759293e-01
1.949999999999999956e+00 6.230910742648227973e-01
1.959999999999999964e+00 1.091538605465146139e+00
1.969999999999999973e+00 1.785325061680513414e+00
1.979999999999999982e+00 2.721077594439759828e+00
1.989999999999999991e+00 3.868265972312253886e+00
2.000000000000000000e+00 5.143698331544187319e+00
2.009999999999999787e+00 6.423031662712981316e+00
2.020000000000000018e+00 7.563057888133940310e+00
2.029999999999999805e+00 8.423137747295490030e+00
2.040000000000000036e+00 8.881065857325392443e+00
2.049999999999999822e+00 8.850388269747892167e+00
2.060000000000000053e+00 8.305891438704787078e+00
2.069999999999999840e+00 7.307859080600308310e+00
2.080000000000000071e+00 6.002912843488165784e+00
2.089999999999999858e+00 4.589158253132234577e+00
2.100000000000000089e+00 3.258915535699340005e+00
2.109999999999999876e+00 2.148209696998893303e+00
2.120000000000000107e+00 1.315165401250899313e+00
2.129999999999999893e+00 7.494917117751832558e-01
2.140000000000000124e+00 3.997489484786436731e-01
2.149999999999999911e+00 2.019748686848861219e-01
2.160000000000000142e+00 9.927750049749409222e-02
2.169999999999999929e+00 5.012138166596202121e-02
2.180000000000000160e+00 2.835210257959517449e-02
2.189999999999999947e+00 1.940086412324492499e-02
2.200000000000000178e+00 1.597294712473364131e-02
2.209999999999999964e+00 1.474728523432282216e-02
2.220000000000000195e+00 1.433730755130782630e-02
2.229999999999999982e+00 1.420880383120090747e-02
2.240000000000000213e+00 1.417100405009654417e-02
2.250000000000000000e+00 1.416055588509837655e-02
2.259999999999999787e+00 1.415783992859516449e-02
2.270000000000000018e+00 1.415717576552025757e-02
2.279999999999999805e+00 1.415702288620303805e-02
2.290000000000000036e+00 1.415698967194998874e-02
2.299999999999999822e+00 1.415698281029478985e-02
2.310000000000000053e+00 1.415698144337541702e-02
2.319999999999999840e+00 1.415698117574039697e-02
2.330000000000000071e+00 1.415698112334717179e-02
2.339999999999999858e+00 1.415698111302882319e-02
2.350000000000000089e+00 1.415698111099924356e-02
2.359999999999999876e+00 1.415698111060580827e-02
2.370000000000000107e+00 1.415698111053140598e-02
2.379999999999999893e+00 1.415698111051772422e-02
2.390000000000000124e+00 1.415698111051526958e-02
2.399999999999999911e+00 1.415698111051483417e-02
2.410000000000000142e+00 1.415698111051475958e-02
2.419999999999999929e+00 1.415698111051474743e-02
2.430000000000000160e+00 1.415698111051474396e-02
2.439999999999999947e+00 1.415698111051474396e-02
2.450000000000000178e+00 1.415698111051474396e-02
2.459999999999999964e+00 1.415698111051474396e-02
2.470000000000000195e+00 1.415698111051474396e-02
2.479999999999999982e+00 1.415698111051474396e-02
2.490000000000000213e+00 1.415698111051474396e-02
2.500000000000000000e+00 1.415698111051474396e-02
2.509999999999999787e+00 1.415698111051474396e-02
2.520000000000000018e+00 1.415698111051474396e-02
2.529999999999999805e+00 1.415698111051474396e-02
2.540000000000000036e+00 1.415698111051474396e-02
2.549999999999999822e+00 1.415698111051474396e-02
2.560000000000000053e+00 1.415698111051474396e-02
2.569999999999999840e+00 1.415698111051474396e-02
2.580000000000000071e+00 1.415698111051474396e-02
2.589999999999999858e+00 1.415698111051474396e-02
2.600000000000000089e+00 1.415698111051474396e-02
2.609999999999999876e+00 1.415698111051474396e-02
2.620000000000000107e+00 1.415698111051474396e-02
2.629999999999999893e+00 1.415698111051474396e-02
2.640000000000000124e+00 1.415698111051474396e-02
2.649999999999999911e+00 1.415698111051474396e-02
2.660000000000000142e+00 1.415698111051474396e-02
2.669999999999999929e+00 1.415698111051474396e-02
2.680000000000000160e+00 1.415698111051474396e-02
2.689999999999999947e+00 1.415698111051474396e-02
2.700000000000000178e+00 1.415698111051474396e-02
2.709999999999999964e+00 1.415698111051474396e-02
2.720000000000000195e+00 1.415698111051474396e-02
2.729999999999999982e+00 1.415698111051474396e-02
2.740000000000000213e+00 1.415698111051474396e-02
2.750000000000000000e+00 1.415698111051474396e-02
2.759999999999999787e+00 1.415698111051474396e-02
2.770000000000000018e+00 1.415698111051474396e-02
2.779999999999999805e+00 1.415698111051474396e-02
2.790000000000000036e+00 1.415698111051474396e-02
2.799999999999999822e+00 1.415698111051474396e-02
2.810000000000000053e+00 1.415698111051474396e-02
2.819999999999999840e+00 1.415698111051474396e-02
2.830000000000000071e+00 1.415698111051474396e-02
2.839999999999999858e+00 1.415698111051474396e-02
2.850000000000000089e+00 1.415698111051474396e-02
2.859999999999999876e+00 1.415698111051474396e-02
2.870000000000000107e+00 1.415698111051474396e-02
2.879999999999999893e+00 1.415698111051474396e-02
2.890000000000000124e+00 1.415698111051474396e-02
2.899999999999999911e+00 1.415698111051474396e-02
2.910000000000000142e+00 1.415698111051474396e-02
2.919999999999999929e+00 1.415698111051474396e-02
2.930000000000000160e+00 1.415698111051474396e-02
2.939999999999999947e+00 1.415698111051474396e-02
2.950000000000000178e+00 1.415698111051474396e-02
2.959999999999999964e+00 1.415698111051474396e-02
2.970000000000000195e+00 1.415698111051474396e-02
2.979999999999999982e+00 1.415698111051474396e-02
2.990000000000000213e+00 1.415698111051474396e-02
3.000000000000000000e+00 1.415698111051474396e-02
3.009999999999999787e+00 1.415698111051474396e-02
3.020000000000000018e+00 1.415698111051474396e-02
3.029999999999999805e+00 1.415698111051474396e-02
3.040000000000000036e+00 1.415698111051474396e-02
3.049999999999999822e+00 1.415698111051474396e-02
3.060000000000000053e+00 1.415698111051474396e-02
3.069999999999999840e+00 1.415698111051474396e-02
3.080000000000000071e+00 1.415698111051474396e-02
3.089999999999999858e+00 1.415698111051474396e-02
3.100000000000000089e+00 1.415698111051474396e-02
3.109999999999999876e+00 1.415698111051474396e-02
3.120000000000000107e+00 1.415698111051474396e-02
3.129999999999999893e+00 1.415698111051474396e-02
3.140000000000000124e+00 1.415698111051474396e-02
3.149999999999999911e+00 1.415698111051474396e-02
3.160000000000000142e+00 1.415698111051474396e-02
3.169999999999999929e+00 1.415698111051474396e-02
3.180000000000000160e+00 1.415698111051474396e-02
3.189999999999999947e+00 1.415698111051474396e-02
3.200000000000000178e+00 1.415698111051474396e-02
3.209999999999999964e+00 1.415698111051474396e-02
3.220000000000000195e+00 1.415698111051474396e-02
3.229999999999999982e+00 1.415698111051474396e-02
3.240000000000000213e+00 1.415698111051474396e-02
3.250000000000000000e+00 1.415698111051474396e-02
3.259999999999999787e+00 1.415698111051474396e-02
3.270000000000000018e+00 1.415698111051474396e-02
3.279999999999999805e+00 1.415698111051474396e-02
3.290000000000000036e+00 1.415698111051474396e-02
3.299999999999999822e+00 1.415698111051474396e-02
3.310000000000000053e+00 1.415698111051474396e-02
3.319999999999999840e+00 1.415698111051474396e-02
3.330000000000000071e+00 1.415698111051474396e-02
3.339999999999999858e+00 1.415698111051474396e-02
3.350000000000000089e+00 1.415698111051474396e-02
3.359999999999999876e+00 1.415698111051474396e-02
3.370000000000000107e+00 1.415698111051474396e-02
3.379999999999999893e+00 1.415698111051474396e-02
3.390000000000000124e+00 1.415698111051474396e-02
3.399999999999999911e+00 1.415698111051474396e-02
3.410000000000000142e+00 1.415698111051474396e-02
3.419999999999999929e+00 1.415698111051474396e-02
3.430000000000000160e+00 1.415698111051474396e-02
3.439999999999999947e+00 1.415698111051474396e-02
3.450000000000000178e+00 1.415698111051474396e-02
3.459999999999999964e+00 1.415698111051474396e-02
3.470000000000000195e+00 1.415698111051474396e-02
3.479999999999999982e+00 1.415698111051474396e-02
3.490000000000000213e+00 1.415698111051474396e-02
3.500000000000000000e+00 1.415698111051474396e-02
3.509999999999999787e+00 1.415698111051474396e-02
3.520000000000000018e+00 1.415698111051474396e-02
3.529999999999999805e+00 1.415698111051474396e-02
3.540000000000000036e+00 1.415698111051474396e-02
3.549999999999999822e+00 1.415698111051474396e-02
3.560000000000000053e+00 1.415698111051474396e-02
3.569999999999999840e+00 1.415698111051474396e-02
3.580000000000000071e+00 1.415698111051474396e-02
3.589999999999999858e+00 1.415698111051474396e-02
3.600000000000000089e+00 1.415698111051474396e-02
3.609999999999999876e+00 1.415698111051474396e-02
3.620000000000000107e+00 1.415698111051474396e-02
3.629999999999999893e+00 1.415698111051474396e-02
3.640000000000000124e+00 1.415698111051474396e-02
3.649999999999999911e+00 1.415698111051474396e-02
3.660000000000000142e+00 1.415698111051474396e-02
3.669999999999999929e+00 1.415698111051474396e-02
3.680000000000000160e+00 1.415698111051474396e-02
3.689999999999999947e+00 1.415698111051474396e-02
3.700000000000000178e+00 1.415698111051474396e-02
3.709999999999999964e+00 1.415698111051474396e-02
3.720000000000000195e+00 1.415698111051474396e-02
3.729999999999999982e+00 1.415698111051474396e-02
3.740000000000000213e+00 1.415698111051474396e-02
3.750000000000000000e+00 1.415698111051474396e-02
3.759999999999999787e+00 1.415698111051474396e-02
3.770000000000000018e+00 1.415698111051474396e-02
3.779999999999999805e+00 1.415698111051474396e-02
3.790000000000000036e+00 1.415698111051474396e-02
3.799999999999999822e+00 1.415698111051474396e-02
3.810000000000000053e+00 1.415698111051474396e-02
3.819999999999999840e+00 1.415698111051474396e-02
3.830000000000000071e+00 1.415698111051474396e-02
3.839999999999999858e+00 1.415698111051474396e-02
3.850000000000000089e+00 1.415698111051474396e-02
3.859999999999999876e+00 1.415698111051474396e-02
3.870000000000000107e+00 1.415698111051474396e-02
3.879999999999999893e+00 1.415698111051474396e-02
3.890000000000000124e+00 1.415698111051474396e-02
3.899999999999999911e+00 1.415698111051474396e-02
3.910000000000000142e+00 1.415698111051474396e-02
3.919999999999999929e+00 1.415698111051474396e-02
3.930000000000000160e+00 1.415698111051474396e-02
3.939999999999999947e+00 1.415698111051474396e-02
3.950000000000000178e+00 1.415698111051474396e-02
3.959999999999999964e+00 1.415698111051474396e-02
3.970000000000000195e+00 1.415698111051474396e-02
3.979999999999999982e+00 1.415698111051474396e-02
3.990000000000000213e+00 1.415698111051474396e-02
4.000000000000000000e+00 1.415698111051474396e-02
4.009999999999999787e+00 1.415698111051474396e-02
4.019999999999999574e+00 1.415698111051474396e-02
4.030000000000000249e+00 1.415698111051474396e-02
4.040000000000000036e+00 1.415698111051474396e-02
4.049999999999999822e+00 1.415698111051474396e-02
4.059999999999999609e+00 1.415698111051474396e-02
4.070000000000000284e+00 1.415698111051474396e-02
4.080000000000000071e+00 1.415698111051474396e-02
4.089999999999999858e+00 1.415698111051474396e-02
4.099999999999999645e+00 1.415698111051474396e-02
4.110000000000000320e+00 1.415698111051474396e-02
4.120000000000000107e+00 1.415698111051474396e-02
4.129999999999999893e+00 1.415698111051474396e-02
4.139999999999999680e+00 1.415698111051474396e-02
4.150000000000000355e+00 1.415698111051474396e-02
4.160000000000000142e+00 1.415698111051474396e-02
4.169999999999999929e+00 1.415698111051474396e-02
4.179999999999999716e+00 1.415698111051474396e-02
4.190000000000000391e+00 1.415698111051474396e-02
4.200000000000000178e+00 1.415698111051474396e-02
4.209999999999999964e+00 1.415698111051474396e-02
4.219999999999999751e+00 1.415698111051474396e-02
4.230000000000000426e+00 1.415698111051474396e-02
4.240000000000000213e+00 1.415698111051474396e-02
4.250000000000000000e+00 1.415698111051474396e-02
4.259999999999999787e+00 1.415698111051474396e-02
4.269999999999999574e+00 1.415698111051474396e-02
4.280000000000000249e+00 1.415698111051474396e-02
4.290000000000000036e+00 1.415698111051474396e-02
4.299999999999999822e+00 1.415698111051474396e-02
4.309999999999999609e+00 1.415698111051474396e-02
4.320000000000000284e+00 1.415698111051474396e-02
4.330000000000000071e+00 1.415698111051474396e-02
4.339999999999999858e+00 1.415698111051474396e-02
4.349999999999999645e+00 1.415698111051474396e-02
4.360000000000000320e+00 1.415698111051474396e-02
4.370000000000000107e+00 1.415698111051474396e-02
4.379999999999999893e+00 1.415698111051474396e-02
4.389999999999999680e+00 1.415698111051474396e-02
4.400000000000000355e+00 1.415698111051474396e-02
4.410000000000000142e+00 1.415698111051474396e-02
4.419999999999999929e+00 1.415698111051474396e-02
4.429999999999999716e+00 1.415698111051474396e-02
4.440000000000000391e+00 1.415698111051474396e-02
4.450000000000000178e+00 1.415698111051474396e-02
4.459999999999999964e+00 1.415698111051474396e-02
4.469999999999999751e+00 1.415698111051474396e-02
4.480000000000000426e+00 1.415698111051474396e-02
4.490000000000000213e+00 1.415698111051474396e-02
4.500000000000000000e+00 1.415698111051474396e-02
4.509999999999999787e+00 1.415698111051474396e-02
4.519999999999999574e+00 1.415698111051474396e-02
4.530000000000000249e+00 1.415698111051474396e-02
4.540000000000000036e+00 1.415698111051474396e-02
4.549999999999999822e+00 1.415698111051474396e-02
4.559999999999999609e+00 1.415698111051474396e-02
4.570000000000000284e+00 1.415698111051474396e-02
4.580000000000000071e+00 1.415698111051474396e-02
4.589999999999999858e+00 1.415698111051474396e-02
4.599999999999999645e+00 1.415698111051474396e-02
4.610000000000000320e+00 1.415698111051474396e-02
4.620000000000000107e+00 1.415698111051474396e-02
4.629999999999999893e+00 1.415698111051474396e-02
4.639999999999999680e+00 1.415698111051474396e-02
4.650000000000000355e+00 1.415698111051474396e-02
4.660000000000000142e+00 1.415698111051474396e-02
4.669999999999999929e+00 1.415698111051474396e-02
4.679999999999999716e+00 1.415698111051474396e-02
4.690000000000000391e+00 1.415698111051474396e-02
4.700000000000000178e+00 1.415698111051474396e-02
4.709999999999999964e+00 1.415698111051474396e-02
4.719999999999999751e+00 1.415698111051474396e-02
4.730000000000000426e+00 1.415698111051474396e-02
4.740000000000000213e+00 1.415698111051474396e-02
4.750000000000000000e+00 1.415698111051474396e-02
4.759999999999999787e+00 1.415698111051474396e-02
4.769999999999999574e+00 1.415698111051474396e-02
4.780000000000000249e+00 1.415698111051474396e-02
4.790000000000000036e+00 1.415698111051474396e-02
4.799999999999999822e+00 1.415698111051474396e-02
4.809999999999999609e+00 1.415698111051474396e-02
4.820000000000000284e+00 1.415698111051474396e-02
4.830000000000000071e+00 1.415698111051474396e-02
4.839999999999999858e+00 1.415698111051474396e-02
4.849999999999999645e+00 1.415698111051474396e-02
4.860000000000000320e+00 1.415698111051474396e-02
4.870000000000000107e+00 1.415698111051474396e-02
4.879999999999999893e+00 1.415698111051474396e-02
4.889999999999999680e+00 1.415698111051474396e-02
4.900000000000000355e+00 1.415698111051474396e-02
4.910000000000000142e+00 1.415698111051474396e-02
4.919999999999999929e+00 1.415698111051474396e-02
4.929999999999999716e+00 1.415698111051474396e-02
4.940000000000000391e+00 1.415698111051474396e-02
4.950000000000000178e+00 1.415698111051474396e-02
4.959999999999999964e+00 1.415698111051474396e-02
4.969999999999999751e+00 1.415698111051474396e-02
4.980000000000000426e+00 1.415698111051474396e-02
4.990000000000000213e+00 1.415698111051474396e-02
5.000000000000000000e+00 1.415698111051474396e-02
5.009999999999999787e+00 1.415698111051474396e-02
5.019999999999999574e+00 1.415698111051474396e-02
5.030000000000000249e+00 1.415698111051474396e-02
5.040000000000000036e+00 1.415698111051474396e-02
5.049999999999999822e+00 1.415698111051474396e-02
5.059999999999999609e+00 1.415698111051474396e-02
5.070000000000000284e+00 1.415698111051474396e-02
5.080000000000000071e+00 1.415698111051474396e-02
5.089999999999999858e+00 1.415698111051474396e-02
5.099999999999999645e+00 1.415698111051474396e-02
5.110000000000000320e+00 1.415698111051474396e-02
5.120000000000000107e+00 1.415698111051474396e-02
5.129999999999999893e+00 1.415698111051474396e-02
5.139999999999999680e+00 1.415698111051474396e-02
5.150000000000000355e+00 1.415698111051474396e-02
5.160000000000000142e+00 1.415698111051474396e-02
5.169999999999999929e+00 1.415698111051474396e-02
5.179999999999999716e+00 1.415698111051474396e-02
5.190000000000000391e+00 1.415698111051474396e-02
5.200000000000000178e+00 1.415698111051474396e-02
5.209999999999999964e+00 1.415698111051474396e-02
5.219999999999999751e+00 1.415698111051474396e-02
5.230000000000000426e+00 1.415698111051474396e-02
5.240000000000000213e+00 1.415698111051474396e-02
5.250000000000000000e+00 1.415698111051474396e-02
5.259999999999999787e+00 1.415698111051474396e-02
5.269999999999999574e+00 1.415698111051474396e-02
5.280000000000000249e+00 1.415698111051474396e-02
5.290000000000000036e+00 1.415698111051474396e-02
5.299999999999999822e+00 1.415698111051474396e-02
5.309999999999999609e+00 1.415698111051474396e-02
5.320000000000000284e+00 1.415698111051474396e-02
5.330000000000000071e+00 1.415698111051474396e-02
5.339999999999999858e+00 1.415698111051474396e-02
5.349999999999999645e+00 1.415698111051474396e-02
5.360000000000000320e+00 1.415698111051474396e-02
5.370000000000000107e+00 1.415698111051474396e-02
5.379999999999999893e+00 1.415698111051474396e-02
5.389999999999999680e+00 1.415698111051474396e-02
5.400000000000000355e+00 1.415698111051474396e-02
5.410000000000000142e+00 1.415698111051474396e-02
5.419999999999999929e+00 1.415698111051474396e-02
5.429999999999999716e+00 1.415698111051474396e-02
5.440000000000000391e+00 1.415698111051474396e-02
5.450000000000000178e+00 1.415698111051474396e-02
5.459999999999999964e+00 1.415698111051474396e-02
5.469999999999999751e+00 1.415698111051474396e-02
5.480000000000000426e+00 1.415698111051474396e-02
5.490000000000000213e+00 1.415698111051474396e-02
5.500000000000000000e+00 1.415698111051474396e-02
5.509999999999999787e+00 1.415698111051474396e-02
5.519999999999999574e+00 1.415698111051474396e-02
5.530000000000000249e+00 1.415698111051474396e-02
5.540000000000000036e+00 1.415698111051474396e-02
5.549999999999999822e+00 1.415698111051474396e-02
5.559999999999999609e+00 1.415698111051474396e-02
5.570000000000000284e+00 1.415698111051474396e-02
5.580000000000000071e+00 1.415698111051474396e-02
5.589999999999999858e+00 1.415698111051474396e-02
5.599999999999999645e+00 1.415698111051474396e-02
5.610000000000000320e+00 1.415698111051474396e-02
5.620000000000000107e+00 1.415698111051474396e-02
5.629999999999999893e+00 1.415698111051474396e-02
5.639999999999999680e+00 1.415698111051474396e-02
5.650000000000000355e+00 1.415698111051474396e-02
5.660000000000000142e+00 1.415698111051474396e-02
5.669999999999999929e+00 1.415698111051474396e-02
5.679999999999999716e+00 1.415698111051474396e-02
5.690000000000000391e+00 1.415698111051474396e-02
5.700000000000000178e+00 1.415698111051474396e-02
5.709999999999999964e+00 1.415698111051474396e-02
5.719999999999999751e+00 1.415698111051474396e-02
5.730000000000000426e+00 1.415698111051474396e-02
5.740000000000000213e+00 1.415698111051474396e-02
5.750000000000000000e+00 1.415698111051474396e-02
5.759999999999999787e+00 1.415698111051474396e-02
5.769999999999999574e+00 1.415698111051474396e-02
5.780000000000000249e+00 1.415698111051474396e-02
5.790000000000000036e+00 1.415698111051474396e-02
5.799999999999999822e+00 1.415698111051474396e-02
5.809999999999999609e+00 1.415698111051474396e-02
5.820000000000000284e+00 1.415698111051474396e-02
5.830000000000000071e+00 1.415698111051474396e-02
5.839999999999999858e+00 1.415698111051474396e-02
5.849999999999999645e+00 1.415698111051474396e-02
5.860000000000000320e+00 1.415698111051474396e-02
5.870000000000000107e+00 1.415698111051474396e-02
5.879999999999999893e+00 1.415698111051474396e-02
5.889999999999999680e+00 1.415698111051474396e-02
5.900000000000000355e+00 1.415698111051474396e-02
5.910000000000000142e+00 1.415698111051474396e-02
5.919999999999999929e+00 1.415698111051474396e-02
5.929999999999999716e+00 1.415698111051474396e-02
5.940000000000000391e+00 1.415698111051474396e-02
5.950000000000000178e+00 1.415698111051474396e-02
5.959999999999999964e+00 1.415698111051474396e-02
5.969999999999999751e+00 1.415698111051474396e-02
5.980000000000000426e+00 1.415698111051474396e-02
5.990000000000000213e+00 1.415698111051474396e-02
6.000000000000000000e+00 1.415698111051474396e-02
6.200000000000000178e+00 1.415698111051474396e-02
6.400000000000000355e+00 1.415698111051474396e-02
6.599999999999999645e+00 1.415698111051474396e-02
6.799999999999999822e+00 1.415698111051474396e-02
7.000000000000000000e+00 0.000000000000000000e+00
