0.000000000000000000e+00 0.000000000000000000e+00
1.000000000000000021e-02 1.415698111051474396e-02
2.000000000000000042e-02 1.415698111051474396e-02
2.999999999999999889e-02 1.415698111051474396e-02
4.000000000000000083e-02 1.415698111051474396e-02
5.000000000000000278e-02 1.415698111051474396e-02
5.999999999999999778e-02 1.415698111051474396e-02
7.000000000000000666e-02 1.415698111051474396e-02
8.000000000000000167e-02 1.415698111051474396e-02
8.999999999999999667e-02 1.415698111051474396e-02
1.000000000000000056e-01 1.415698111051474396e-02
1.100000000000000006e-01 1.415698111051474396e-02
1.199999999999999956e-01 1.415698111051474396e-02
1.300000000000000044e-01 1.415698111051474396e-02
1.400000000000000133e-01 1.415698111051474396e-02
1.499999999999999944e-01 1.415698111051474396e-02
1.600000000000000033e-01 1.415698111051474396e-02
1.700000000000000122e-01 1.415698111051474396e-02
1.799999999999999933e-01 1.415698111051474396e-02
1.900000000000000022e-01 1.415698111051474396e-02
2.000000000000000111e-01 1.415698111051474396e-02
2.099999999999999922e-01 1.415698111051474396e-02
2.200000000000000011e-01 1.415698111051474396e-02
2.300000000000000100e-01 1.415698111051474396e-02
2.399999999999999911e-01 1.415698111051474396e-02
2.500000000000000000e-01 1.415698111051474396e-02
2.600000000000000089e-01 1.415698111051474396e-02
2.700000000000000178e-01 1.415698111051474396e-02
2.800000000000000266e-01 1.415698111051474396e-02
2.899999999999999800e-01 1.415698111051474396e-02
2.999999999999999889e-01 1.415698111051474396e-02
3.099999999999999978e-01 1.415698111051474396e-02
3.200000000000000067e-01 1.415698111051474396e-02
3.300000000000000155e-01 1.415698111051474396e-02
3.400000000000000244e-01 1.415698111051474396e-02
3.499999999999999778e-01 1.415698111051474396e-02
3.599999999999999867e-01 1.415698111051474396e-02
3.699999999999999956e-01 1.415698111051474396e-02
3.800000000000000044e-01 1.415698111051474396e-02
3.900000000000000133e-01 1.415698111051474396e-02
4.000000000000000222e-01 1.415698111051474396e-02
4.099999999999999756e-01 1.415698111051474396e-02
4.199999999999999845e-01 1.415698111051474396e-02
4.299999999999999933e-01 1.415698111051474396e-02
4.400000000000000022e-01 1.415698111051474396e-02
4.500000000000000111e-01 1.415698111051474396e-02
4.600000000000000200e-01 1.415698111051474396e-02
4.699999999999999734e-01 1.415698111051474396e-02
4.799999999999999822e-01 1.415698111051474396e-02
4.899999999999999911e-01 1.415698111051474396e-02
5.000000000000000000e-01 1.415698111051474396e-02
5.100000000000000089e-01 1.415698111051474396e-02
5.200000000000000178e-01 1.415698111051474396e-02
5.300000000000000266e-01 1.415698111051474396e-02
5.400000000000000355e-01 1.415698111051474396e-02
5.500000000000000444e-01 1.415698111051474396e-02
5.600000000000000533e-01 1.415698111051474396e-02
5.699999999999999512e-01 1.415698111051474396e-02
5.799999999999999600e-01 1.415698111051474396e-02
5.899999999999999689e-01 1.415698111051474396e-02
5.999999999999999778e-01 1.415698111051474396e-02
6.099999999999999867e-01 1.415698111051474396e-02
6.199999999999999956e-01 1.415698111051474396e-02
6.300000000000000044e-01 1.415698111051474396e-02
6.400000000000000133e-01 1.415698111051474396e-02
6.500000000000000222e-01 1.415698111051474396e-02
6.600000000000000311e-01 1.415698111051474396e-02
6.700000000000000400e-01 1.415698111051474396e-02
6.800000000000000488e-01 1.415698111051474396e-02
6.899999999999999467e-01 1.415698111051474396e-02
6.999999999999999556e-01 1.415698111051474396e-02
7.099999999999999645e-01 1.415698111051474396e-02
7.199999999999999734e-01 1.415698111051474396e-02
7.299999999999999822e-01 1.415698111051474396e-02
7.399999999999999911e-01 1.415698111051474396e-02
7.500000000000000000e-01 1.415698111051474396e-02
7.600000000000000089e-01 1.415698111051474396e-02
7.700000000000000178e-01 1.415698111051474396e-02
7.800000000000000266e-01 1.415698111051474396e-02
7.900000000000000355e-01 1.415698111051474396e-02
8.000000000000000444e-01 1.415698111051474396e-02
8.100000000000000533e-01 1.415698111051474396e-02
8.199999999999999512e-01 1.415698111051474396e-02
8.299999999999999600e-01 1.415698111051474396e-02
8.399999999999999689e-01 1.415698111051474396e-02
8.499999999999999778e-01 1.415698111051474396e-02
8.599999999999999867e-01 1.415698111051474396e-02
8.699999999999999956e-01 1.415698111051474396e-02
8.800000000000000044e-01 1.415698111051474396e-02
8.900000000000000133e-01 1.415698111051474396e-02
9.000000000000000222e-01 1.415698111051474396e-02
9.100000000000000311e-01 1.415698111051474396e-02
9.200000000000000400e-01 1.415698111051474396e-02
9.300000000000000488e-01 1.415698111051474396e-02
9.399999999999999467e-01 1.415698111051474396e-02
9.499999999999999556e-01 1.415698111051474396e-02
9.599999999999999645e-01 1.415698111051474396e-02
9.699999999999999734e-01 1.415698111051474396e-02
9.799999999999999822e-01 1.415698111051474396e-02
9.899999999999999911e-01 1.415698111051474396e-02
1.000000000000000000e+00 1.415698111051474396e-02
1.010000000000000009e+00 1.415698111051474396e-02
1.020000000000000018e+00 1.415698111051474396e-02
1.030000000000000027e+00 1.415698111051474396e-02
1.040000000000000036e+00 1.415698111051474396e-02
1.050000000000000044e+00 1.415698111051474396e-02
1.060000000000000053e+00 1.415698111051474396e-02
1.070000000000000062e+00 1.415698111051474396e-02
1.080000000000000071e+00 1.415698111051474396e-02
1.090000000000000080e+00 1.415698111051474396e-02
1.100000000000000089e+00 1.415698111051474396e-02
1.110000000000000098e+00 1.415698111051474396e-02
1.120000000000000107e+00 1.415698111051474396e-02
1.129999999999999893e+00 1.415698111051474396e-02
1.139999999999999902e+00 1.415698111051474396e-02
1.149999999999999911e+00 1.415698111051474396e-02
1.159999999999999920e+00 1.415698111051474396e-02
1.169999999999999929e+00 1.415698111051474396e-02
1.179999999999999938e+00 1.415698111051474396e-02
1.189999999999999947e+00 1.415698111051474396e-02
1.199999999999999956e+00 1.415698111051474396e-02
1.209999999999999964e+00 1.415698111051474396e-02
1.219999999999999973e+00 1.415698111051474396e-02
1.229999999999999982e+00 1.415698111051474396e-02
1.239999999999999991e+00 1.415698111051474396e-02
1.250000000000000000e+00 1.415698111051474396e-02
1.260000000000000009e+00 1.415698111051474396e-02
1.270000000000000018e+00 1.415698111051474396e-02
1.280000000000000027e+00 1.415698111051474396e-02
1.290000000000000036e+00 1.415698111051474396e-02
1.300000000000000044e+00 1.415698111051474396e-02
1.310000000000000053e+00 1.415698111051474396e-02
1.320000000000000062e+00 1.415698111051474396e-02
1.330000000000000071e+00 1.415698111051474396e-02
1.340000000000000080e+00 1.415698111051474396e-02
1.350000000000000089e+00 1.415698111051474396e-02
1.360000000000000098e+00 1.415698111051474396e-02
1.370000000000000107e+00 1.415698111051474396e-02
1.379999999999999893e+00 1.415698111051474396e-02
1.389999999999999902e+00 1.415698111051474396e-02
1.399999999999999911e+00 1.415698111051474396e-02
1.409999999999999920e+00 1.415698111051474396e-02
1.419999999999999929e+00 1.415698111051474396e-02
1.429999999999999938e+00 1.415698111051474396e-02
1.439999999999999947e+00 1.415698111051474396e-02
1.449999999999999956e+00 1.415698111051474396e-02
1.459999999999999964e+00 1.415698111051474396e-02
1.469999999999999973e+00 1.415698111051474396e-02
1.479999999999999982e+00 1.415698111051474396e-02
1.489999999999999991e+00 1.415698111051474396e-02
1.500000000000000000e+00 1.415698111051474396e-02
1.510000000000000009e+00 1.415698111051474396e-02
1.520000000000000018e+00 1.415698111051474396e-02
1.530000000000000027e+00 1.415698111051474396e-02
1.540000000000000036e+00 1.415698111051474396e-02
1.550000000000000044e+00 1.415698111051474396e-02
1.560000000000000053e+00 1.415698111051474396e-02
1.570000000000000062e+00 1.415698111051474396e-02
1.580000000000000071e+00 1.415698111051474396e-02
1.590000000000000080e+00 1.415698111051474396e-02
1.600000000000000089e+00 1.415698111051474396e-02
1.610000000000000098e+00 1.415698111051474396e-02
1.620000000000000107e+00 1.415698111051474396e-02
1.629999999999999893e+00 1.415698111051474396e-02
1.639999999999999902e+00 1.415698111051474396e-02
1.649999999999999911e+00 1.415698111051474396e-02
1.659999999999999920e+00 1.415698111051474396e-02
1.669999999999999929e+00 1.415698111051474396e-02
1.679999999999999938e+00 1.415698111051474396e-02
1.689999999999999947e+00 1.415698111051474396e-02
1.699999999999999956e+00 1.415698111051474396e-02
1.709999999999999964e+00 1.415698111051474396e-02
1.719999999999999973e+00 1.415698111051474396e-02
1.729999999999999982e+00 1.415698111051474396e-02
1.739999999999999991e+00 1.415698111051474396e-02
1.750000000000000000e+00 1.415698111051474396e-02
1.760000000000000009e+00 1.415698111051474396e-02
1.770000000000000018e+00 1.415698111051474396e-02
1.780000000000000027e+00 1.415698111051474396e-02
1.790000000000000036e+00 1.415698111051474396e-02
1.800000000000000044e+00 1.415698111051474396e-02
1.810000000000000053e+00 1.415698111051474396e-02
1.820000000000000062e+00 1.415698111051474396e-02
1.830000000000000071e+00 1.415698111051474396e-02
1.840000000000000080e+00 1.415698111051474396e-02
1.850000000000000089e+00 1.415698111051474396e-02
1.860000000000000098e+00 1.415698111051474396e-02
1.870000000000000107e+00 1.415698111051474396e-02
1.879999999999999893e+00 1.415698111051474396e-02
1.889999999999999902e+00 1.415698111051474396e-02
1.899999999999999911e+00 1.415698111051474396e-02
1.909999999999999920e+00 1.415698111051474396e-02
1.919999999999999929e+00 1.415698111051474396e-02
1.929999999999999938e+00 1.415698111051474396e-02
1.939999999999999947e+00 1.415698111051474396e-02
1.949999999999999956e+00 1.415698111051474396e-02
1.959999999999999964e+00 1.415698111051475437e-02
1.969999999999999973e+00 1.415698111051497295e-02
1.979999999999999982e+00 1.415698111052010946e-02
1.989999999999999991e+00 1.415698111062251019e-02
2.000000000000000000e+00 1.415698111235472179e-02
2.009999999999999787e+00 1.415698113725915620e-02
2.020000000000000018e+00 1.415698144199302629e-02
2.029999999999999805e+00 1.415698462014703708e-02
2.040000000000000036e+00 1.415701291631320767e-02
2.049999999999999822e+00 1.415722834853800835e-02
2.060000000000000053e+00 1.415863341582029346e-02
2.069999999999999840e+00 1.416649841440925130e-02
2.080000000000000071e+00 1.420435698168621801e-02
2.089999999999999858e+00 1.436138575149807119e-02
2.100000000000000089e+00 1.492381191371729143e-02
2.109999999999999876e+00 1.666713906370166989e-02
2.120000000000000107e+00 2.135421924757313628e-02
2.129999999999999893e+00 3.230963124493192729e-02
2.140000000000000124e+00 5.462093465380573470e-02
2.149999999999999911e+00 9.429167610780671283e-02
2.160000000000000142e+00 1.559737480517255914e-01
2.169999999999999929e+00 2.399120090714674802e-01
2.180000000000000160e+00 3.398486443629026299e-01
2.189999999999999947e+00 4.437232752248040368e-01
2.200000000000000178e+00 5.375033846575364427e-01
2.209999999999999964e+00 6.102992884220453940e-01
2.220000000000000195e+00 6.578840063696987928e-01
2.229999999999999982e+00 6.828410334131821413e-01
2.240000000000000213e+00 6.918610283531815286e-01
2.250000000000000000e+00 6.922528826405204283e-01
2.259999999999999787e+00 6.895302068786961502e-01
2.270000000000000018e+00 6.866643187364411816e-01
2.279999999999999805e+00 6.845242292009492413e-01
2.290000000000000036e+00 6.827292537525297966e-01
2.299999999999999822e+00 6.803885977229908733e-01
2.310000000000000053e+00 6.765557559437626045e-01
2.319999999999999840e+00 6.704482708914177858e-01
2.330000000000000071e+00 6.615542490745841553e-01
2.339999999999999858e+00 6.497222560488938869e-01
2.350000000000000089e+00 6.352570859198284348e-01
2.359999999999999876e+00 6.189666959225291754e-01
2.370000000000000107e+00 6.021036200556878493e-01
2.379999999999999893e+00 5.862628660841647799e-01
2.390000000000000124e+00 5.734198747997956147e-01
2.399999999999999911e+00 5.661842506431431499e-01
2.410000000000000142e+00 5.679890811204104661e-01
2.419999999999999929e+00 5.827268301089476576e-01
2.430000000000000160e+00 6.136883058371819244e-01
2.439999999999999947e+00 6.623414254743591467e-01
2.450000000000000178e+00 7.277534067022919384e-01
2.459999999999999964e+00 8.069570630224991437e-01
2.470000000000000195e+00 8.958290708868009711e-01
2.479999999999999982e+00 9.898464539319021815e-01
2.490000000000000213e+00 1.084495943503632764e+00
2.500000000000000000e+00 1.175575633678683340e+00
2.509999999999999787e+00 1.259683668239979237e+00
2.520000000000000018e+00 1.334867125871792126e+00
2.529999999999999805e+00 1.401077474056321659e+00
2.540000000000000036e+00 1.460077433178693207e+00
2.549999999999999822e+00 1.514767502515143027e+00
2.560000000000000053e+00 1.568237272369052748e+00
2.569999999999999840e+00 1.622922786512058568e+00
2.580000000000000071e+00 1.680103314462167319e+00
2.589999999999999858e+00 1.739792413384734004e+00
2.600000000000000089e+00 1.800939642708052180e+00
2.609999999999999876e+00 1.861756458712268358e+00
2.620000000000000107e+00 1.919998157266523897e+00
2.629999999999999893e+00 1.973208816759875806e+00
2.640000000000000124e+00 2.019062582838340170e+00
2.649999999999999911e+00 2.055794542037900907e+00
2.660000000000000142e+00 2.082449328085492102e+00
2.669999999999999929e+00 2.098666418843645687e+00
2.680000000000000160e+00 2.104075936498482680e+00
2.689999999999999947e+00 2.097752709110822344e+00
2.700000000000000178e+00 2.078177669927671722e+00
2.709999999999999964e+00 2.043786826369527354e+00
2.720000000000000195e+00 1.993788019499824316e+00
2.729999999999999982e+00 1.928781309576021785e+00
2.740000000000000213e+00 1.850856006838071499e+00
2.750000000000000000e+00 1.763127092950022012e+00
2.759999999999999787e+00 1.668971964088480808e+00
2.770000000000000018e+00 1.571387305031996195e+00
2.779999999999999805e+00 1.472784713155065539e+00
2.790000000000000036e+00 1.375220923016767571e+00
2.799999999999999822e+00 1.280747922779858605e+00
2.810000000000000053e+00 1.191507434803690479e+00
2.819999999999999840e+00 1.109413731228474864e+00
2.830000000000000071e+00 1.035595823870068211e+00
2.839999999999999858e+00 9.699770996055498973e-01
2.850000000000000089e+00 9.113084855370853221e-01
2.859999999999999876e+00 8.576714883346551188e-01
2.870000000000000107e+00 8.071601214166012062e-01
2.879999999999999893e+00 7.583835954349916753e-01
2.890000000000000124e+00 7.106218099189440807e-01
2.899999999999999911e+00 6.637015305358318074e-01
2.910000000000000142e+00 6.177576920919687353e-01
2.919999999999999929e+00 5.730083891437235399e-01
2.930000000000000160e+00 5.296088315938739521e-01
2.939999999999999947e+00 4.876088022609521566e-01
2.950000000000000178e+00 4.470030766276238965e-01
2.959999999999999964e+00 4.078257423714236607e-01
2.970000000000000195e+00 3.702199732606265559e-01
2.979999999999999982e+00 3.344343636033241807e-01
2.990000000000000213e+00 3.007472403581233356e-01
3.000000000000000000e+00 2.693703252672022819e-01
3.009999999999999787e+00 2.403982397547792527e-01
3.020000000000000018e+00 2.138374247048648868e-01
3.029999999999999805e+00 1.896889024231743770e-01
3.040000000000000036e+00 1.680163645330355615e-01
3.049999999999999822e+00 1.489367205345406842e-01
3.060000000000000053e+00 1.325253016027032327e-01
3.069999999999999840e+00 1.186967871909689887e-01
3.080000000000000071e+00 1.071505154121527165e-01
3.089999999999999858e+00 9.742581456390034256e-02
3.100000000000000089e+00 8.903378053369782885e-02
3.109999999999999876e+00 8.158622405838267255e-02
3.120000000000000107e+00 7.486064474383830047e-02
3.129999999999999893e+00 6.878899613164407567e-02
3.140000000000000124e+00 6.339373259302574781e-02
3.149999999999999911e+00 5.870743089703710227e-02
3.160000000000000142e+00 5.471183628394104409e-02
3.169999999999999929e+00 5.132005141973536300e-02
3.180000000000000160e+00 4.840150607300180291e-02
3.189999999999999947e+00 4.582669040961732249e-02
3.200000000000000178e+00 4.350393182787419544e-02
3.209999999999999964e+00 4.139331487941187021e-02
3.220000000000000195e+00 3.949825903002990996e-02
3.229999999999999982e+00 3.784288541366773173e-02
3.240000000000000213e+00 3.644489046057689668e-02
3.250000000000000000e+00 3.529394699333478908e-02
3.259999999999999787e+00 3.434403358386939331e-02
3.270000000000000018e+00 3.352182637604839144e-02
3.279999999999999805e+00 3.274489738597312349e-02
3.290000000000000036e+00 3.193993766332862971e-02
3.299999999999999822e+00 3.105528691283109682e-02
3.310000000000000053e+00 3.006795110456440823e-02
3.319999999999999840e+00 2.898620726945649873e-02
3.330000000000000071e+00 2.784601691905901760e-02
3.339999999999999858e+00 2.669952394307762572e-02
3.350000000000000089e+00 2.559889112534488240e-02
3.359999999999999876e+00 2.458293037639444970e-02
3.370000000000000107e+00 2.367205727684246891e-02
3.379999999999999893e+00 2.287099798706136722e-02
3.390000000000000124e+00 2.217452011307671084e-02
3.399999999999999911e+00 2.157210856955695324e-02
3.410000000000000142e+00 2.105059137185785398e-02
3.419999999999999929e+00 2.059573084796250189e-02
3.430000000000000160e+00 2.019377276704267810e-02
3.439999999999999947e+00 1.983310651455650123e-02
3.450000000000000178e+00 1.950565411832605109e-02
3.459999999999999964e+00 1.920747173245431969e-02
3.470000000000000195e+00 1.893811040973936155e-02
3.479999999999999982e+00 1.869865136450249432e-02
3.490000000000000213e+00 1.848908651183204382e-02
3.500000000000000000e+00 1.830641309901299973e-02
3.509999999999999787e+00 1.814468759048231197e-02
3.520000000000000018e+00 1.799708645997831133e-02
3.529999999999999805e+00 1.785855910315140363e-02
3.540000000000000036e+00 1.772721033897572962e-02
3.549999999999999822e+00 1.760356033852959051e-02
3.560000000000000053e+00 1.748840680070152739e-02
3.569999999999999840e+00 1.738085519374062138e-02
3.580000000000000071e+00 1.727769125558809016e-02
3.589999999999999858e+00 1.717420786257939022e-02
3.600000000000000089e+00 1.706577986259680962e-02
3.609999999999999876e+00 1.694935774385479196e-02
3.620000000000000107e+00 1.682440587023794482e-02
3.629999999999999893e+00 1.669318343270313407e-02
3.640000000000000124e+00 1.656044065347114791e-02
3.649999999999999911e+00 1.643264416829760821e-02
3.660000000000000142e+00 1.631684543581872135e-02
3.669999999999999929e+00 1.621930441711422199e-02
3.680000000000000160e+00 1.614406712470075819e-02
3.689999999999999947e+00 1.609191729698535370e-02
3.700000000000000178e+00 1.606025050329287773e-02
3.709999999999999964e+00 1.604410210637335216e-02
3.720000000000000195e+00 1.603787375356633543e-02
3.729999999999999982e+00 1.603685905020903538e-02
3.740000000000000213e+00 1.603792626964655951e-02
3.750000000000000000e+00 1.603939405424683468e-02
3.759999999999999787e+00 1.604057445096117654e-02
3.770000000000000018e+00 1.604137842306069955e-02
3.779999999999999805e+00 1.604205872393285257e-02
3.790000000000000036e+00 1.604298207512368582e-02
3.799999999999999822e+00 1.604437156202686079e-02
3.810000000000000053e+00 1.604608814423178625e-02
3.819999999999999840e+00 1.604756345534952972e-02
3.830000000000000071e+00 1.604792110082679107e-02
3.839999999999999858e+00 1.604621121728298100e-02
3.850000000000000089e+00 1.604163275360914048e-02
3.859999999999999876e+00 1.603366129822945615e-02
3.870000000000000107e+00 1.602208624774867363e-02
3.879999999999999893e+00 1.600701253782047667e-02
3.890000000000000124e+00 1.598886265827439285e-02
3.899999999999999911e+00 1.596835651037568915e-02
3.910000000000000142e+00 1.594642081867243821e-02
3.919999999999999929e+00 1.592402144584086771e-02
3.930000000000000160e+00 1.590197599249124072e-02
3.939999999999999947e+00 1.588081756726926475e-02
3.950000000000000178e+00 1.586073349424993451e-02
3.959999999999999964e+00 1.584155773075306139e-02
3.970000000000000195e+00 1.582280541076472660e-02
3.979999999999999982e+00 1.580377410441186417e-02
3.990000000000000213e+00 1.578372453260314112e-02
4.000000000000000000e+00 1.576207869560150576e-02
4.009999999999999787e+00 1.573851968122959646e-02
4.019999999999999574e+00 1.571292926366886500e-02
4.030000000000000249e+00 1.568522737138726419e-02
4.040000000000000036e+00 1.565526170114744584e-02
4.049999999999999822e+00 1.562285279332547606e-02
4.059999999999999609e+00 1.558796413702846252e-02
4.070000000000000284e+00 1.555085724967932362e-02
4.080000000000000071e+00 1.551210430374890155e-02
4.089999999999999858e+00 1.547245061891759990e-02
4.099999999999999645e+00 1.543263842163857327e-02
4.110000000000000320e+00 1.539332870679184680e-02
4.120000000000000107e+00 1.535518244397879664e-02
4.129999999999999893e+00 1.531903920202806225e-02
4.139999999999999680e+00 1.528602992730115039e-02
4.150000000000000355e+00 1.525745583376275638e-02
4.160000000000000142e+00 1.523440332219067050e-02
4.169999999999999929e+00 1.521727871240529870e-02
4.179999999999999716e+00 1.520555029944830987e-02
4.190000000000000391e+00 1.519785194186416485e-02
4.200000000000000178e+00 1.519234452822271035e-02
4.209999999999999964e+00 1.518709944282942842e-02
4.219999999999999751e+00 1.518035860981925382e-02
4.230000000000000426e+00 1.517069292054773651e-02
4.240000000000000213e+00 1.515714297116097821e-02
4.250000000000000000e+00 1.513936109425529676e-02
4.259999999999999787e+00 1.511769026299684092e-02
4.269999999999999574e+00 1.509310842329728702e-02
4.280000000000000249e+00 1.506703378803372732e-02
4.290000000000000036e+00 1.504105196240176912e-02
4.299999999999999822e+00 1.501662888741679518e-02
4.309999999999999609e+00 1.499483510078912160e-02
4.320000000000000284e+00 1.497609676896848215e-02
4.330000000000000071e+00 1.496003295719268433e-02
4.339999999999999858e+00 1.494547979412054646e-02
4.349999999999999645e+00 1.493076462991472196e-02
4.360000000000000320e+00 1.491417310614698809e-02
4.370000000000000107e+00 1.489443567910650988e-02
4.379999999999999893e+00 1.487104274557328118e-02
4.389999999999999680e+00 1.484428755213416419e-02
4.400000000000000355e+00 1.481505936953739569e-02
4.410000000000000142e+00 1.478449676966738825e-02
4.419999999999999929e+00 1.475364439592781809e-02
4.429999999999999716e+00 1.472323942354151344e-02
4.440000000000000391e+00 1.469368620732217773e-02
4.450000000000000178e+00 1.466517876783010252e-02
4.459999999999999964e+00 1.463785503992257910e-02
4.469999999999999751e+00 1.461187101998140912e-02
4.480000000000000426e+00 1.458736791404569022e-02
4.490000000000000213e+00 1.456439801093393528e-02
4.500000000000000000e+00 1.454289405592049111e-02
4.509999999999999787e+00 1.452270915903293089e-02
4.519999999999999574e+00 1.450369037020579968e-02
4.530000000000000249e+00 1.448573660927906723e-02
4.540000000000000036e+00 1.446882153774644089e-02
4.549999999999999822e+00 1.445298909891210362e-02
4.559999999999999609e+00 1.443833029488089843e-02
4.570000000000000284e+00 1.442494082941120359e-02
4.580000000000000071e+00 1.441286556827456322e-02
4.589999999999999858e+00 1.440205256104904602e-02
4.599999999999999645e+00 1.439234022196243280e-02
4.610000000000000320e+00 1.438348048491848441e-02
4.620000000000000107e+00 1.437518238585192357e-02
4.629999999999999893e+00 1.436716186592603382e-02
4.639999999999999680e+00 1.435919279207984768e-02
4.650000000000000355e+00 1.435115176517195480e-02
4.660000000000000142e+00 1.434303746884934075e-02
4.669999999999999929e+00 1.433494616297948700e-02
4.679999999999999716e+00 1.432700951952230531e-02
4.690000000000000391e+00 1.431932884557624019e-02
4.700000000000000178e+00 1.431194086536287380e-02
4.709999999999999964e+00 1.430482400435143311e-02
4.719999999999999751e+00 1.429792897257962589e-02
4.730000000000000426e+00 1.429121339452764025e-02
4.740000000000000213e+00 1.428466942389807620e-02
4.750000000000000000e+00 1.427833870027335646e-02
4.759999999999999787e+00 1.427230793701115934e-02
4.769999999999999574e+00 1.426668181622066899e-02
4.780000000000000249e+00 1.426154308104841430e-02
4.790000000000000036e+00 1.425692104295873779e-02
4.799999999999999822e+00 1.425278439977726089e-02
4.809999999999999609e+00 1.424905629103461087e-02
4.820000000000000284e+00 1.424563782934835932e-02
4.830000000000000071e+00 1.424242981554030632e-02
4.839999999999999858e+00 1.423935067006220148e-02
4.849999999999999645e+00 1.423634954096259821e-02
4.860000000000000320e+00 1.423340925226170353e-02
4.870000000000000107e+00 1.423053532669258867e-02
4.879999999999999893e+00 1.422773725873274948e-02
4.889999999999999680e+00 1.422501539125386148e-02
4.900000000000000355e+00 1.422236138026849658e-02
4.910000000000000142e+00 1.421976781480886742e-02
4.919999999999999929e+00 1.421723636869603492e-02
4.929999999999999716e+00 1.421477804499464252e-02
4.940000000000000391e+00 1.421240641524817647e-02
4.950000000000000178e+00 1.421012810547396359e-02
4.959999999999999964e+00 1.420793408529463266e-02
4.969999999999999751e+00 1.420579425410678845e-02
4.980000000000000426e+00 1.420365790639971544e-02
4.990000000000000213e+00 1.420146193809077896e-02
5.000000000000000000e+00 1.419914537248373465e-02
5.009999999999999787e+00 1.419666491368071562e-02
5.019999999999999574e+00 1.419400567936316554e-02
5.030000000000000249e+00 1.419118487393925682e-02
5.040000000000000036e+00 1.418825038812697968e-02
5.049999999999999822e+00 1.418527701475121201e-02
5.059999999999999609e+00 1.418235973257119323e-02
5.070000000000000284e+00 1.417960045517551934e-02
5.080000000000000071e+00 1.417708691261016299e-02
5.089999999999999858e+00 1.417487005371142333e-02
5.099999999999999645e+00 1.417295216515060755e-02
5.110000000000000320e+00 1.417129380245681254e-02
5.120000000000000107e+00 1.416983546515405631e-02
5.129999999999999893e+00 1.416852104174743179e-02
5.139999999999999680e+00 1.416731216888590661e-02
5.150000000000000355e+00 1.416619149705091243e-02
5.160000000000000142e+00 1.416515904735658402e-02
5.169999999999999929e+00 1.416422596244749747e-02
5.179999999999999716e+00 1.416340746286157311e-02
5.190000000000000391e+00 1.416271558646080460e-02
5.200000000000000178e+00 1.416215290809859709e-02
5.209999999999999964e+00 1.416170934295728906e-02
5.219999999999999751e+00 1.416136365206504058e-02
5.230000000000000426e+00 1.416108906329236784e-02
5.240000000000000213e+00 1.416086010596951522e-02
5.250000000000000000e+00 1.416065740539913451e-02
5.259999999999999787e+00 1.416046897692893602e-02
5.269999999999999574e+00 1.416028874749132235e-02
5.280000000000000249e+00 1.416011406128184040e-02
5.290000000000000036e+00 1.415994365056839552e-02
5.299999999999999822e+00 1.415977665761259351e-02
5.309999999999999609e+00 1.415961248367408887e-02
5.320000000000000284e+00 1.415945092862592146e-02
5.330000000000000071e+00 1.415929226206077453e-02
5.339999999999999858e+00 1.415913718249979872e-02
5.349999999999999645e+00 1.415898674541827586e-02
5.360000000000000320e+00 1.415884225741543927e-02
5.370000000000000107e+00 1.415870506334254535e-02
5.379999999999999893e+00 1.415857624089836286e-02
5.389999999999999680e+00 1.415845635452668214e-02
5.400000000000000355e+00 1.415834541103062894e-02
5.410000000000000142e+00 1.415824300200285019e-02
5.419999999999999929e+00 1.415814850002422402e-02
5.429999999999999716e+00 1.415806120692727176e-02
5.440000000000000391e+00 1.415798044904622785e-02
5.450000000000000178e+00 1.415790564976263100e-02
5.459999999999999964e+00 1.415783637508105479e-02
5.469999999999999751e+00 1.415777233006305751e-02
5.480000000000000426e+00 1.415771332944883686e-02
5.490000000000000213e+00 1.415765930806126179e-02
5.500000000000000000e+00 1.415761038333384139e-02
5.509999999999999787e+00 1.415756686649712395e-02
5.519999999999999574e+00 1.415752909713650920e-02
5.530000000000000249e+00 1.415749713140072343e-02
5.540000000000000036e+00 1.415747050468159178e-02
5.549999999999999822e+00 1.415744827848845061e-02
5.559999999999999609e+00 1.415742934163750216e-02
5.570000000000000284e+00 1.415741272234795518e-02
5.580000000000000071e+00 1.415739770827500153e-02
5.589999999999999858e+00 1.415738378515710334e-02
5.599999999999999645e+00 1.415737053821048384e-02
5.610000000000000320e+00 1.415735761563328803e-02
5.620000000000000107e+00 1.415734474818916219e-02
5.629999999999999893e+00 1.415733177871516743e-02
5.639999999999999680e+00 1.415731867894971796e-02
5.650000000000000355e+00 1.415730555169112358e-02
5.660000000000000142e+00 1.415729260872306862e-02
5.669999999999999929e+00 1.415728011052135200e-02
5.679999999999999716e+00 1.415726827899458674e-02
5.690000000000000391e+00 1.415725722538584488e-02
5.700000000000000178e+00 1.415724692969096837e-02
5.709999999999999964e+00 1.415723726843048404e-02
5.719999999999999751e+00 1.415722806008448686e-02
5.730000000000000426e+00 1.415721910699891187e-02
5.740000000000000213e+00 1.415721023521088195e-02
5.750000000000000000e+00 1.415720133590986883e-02
5.759999999999999787e+00 1.415719239461583033e-02
5.769999999999999574e+00 1.415718348618157270e-02
5.780000000000000249e+00 1.415717473326665206e-02
5.790000000000000036e+00 1.415716625368932530e-02
5.799999999999999822e+00 1.415715812605098517e-02
5.809999999999999609e+00 1.415715038143435835e-02
5.820000000000000284e+00 1.415714300994432712e-02
5.830000000000000071e+00 1.415713597222394843e-02
5.839999999999999858e+00 1.415712921612382810e-02
5.849999999999999645e+00 1.415712269873967144e-02
5.860000000000000320e+00 1.415711640419631441e-02
5.870000000000000107e+00 1.415711034411454121e-02
5.879999999999999893e+00 1.415710453978417417e-02
5.889999999999999680e+00 1.415709900074415238e-02
5.900000000000000355e+00 1.415709371541274547e-02
5.910000000000000142e+00 1.415708865552456688e-02
5.919999999999999929e+00 1.415708378447281916e-02
5.929999999999999716e+00 1.415707906011671839e-02
5.940000000000000391e+00 1.415707442696591094e-02
5.950000000000000178e+00 1.415706979052107697e-02
5.959999999999999964e+00 1.415706496581900509e-02
5.969999999999999751e+00 1.415705961697634116e-02
5.980000000000000426e+00 1.415705325860327352e-02
5.990000000000000213e+00 1.415704541392361245e-02
6.000000000000000000e+00 1.415703592917930825e-02
6.200000000000000178e+00 1.415702525249221133e-02
6.400000000000000355e+00 1.415701440459579338e-02
6.599999999999999645e+00 1.415700457414624351e-02
6.799999999999999822e+00 1.415699660653410574e-02
7.000000000000000000e+00 0.000000000000000000e+00
