0.000000000000000000e+00 0.000000000000000000e+00
1.000000000000000021e-02 1.683778812191997001e-02
2.000000000000000042e-02 1.683805983476447179e-02
2.999999999999999889e-02 1.683850720690337546e-02
4.000000000000000083e-02 1.683915649859351812e-02
5.000000000000000278e-02 1.684000265123581502e-02
5.999999999999999778e-02 1.684101348532910172e-02
7.000000000000000666e-02 1.684214397986789555e-02
8.000000000000000167e-02 1.684335391771046506e-02
8.999999999999999667e-02 1.684462836527575447e-02
1.000000000000000056e-01 1.684600041798048689e-02
1.100000000000000006e-01 1.684756536029819590e-02
1.199999999999999956e-01 1.684946943610285408e-02
1.300000000000000044e-01 1.685186668566601709e-02
1.400000000000000133e-01 1.685485852550018537e-02
1.499999999999999944e-01 1.685844784365680277e-02
1.600000000000000033e-01 1.686253729267077339e-02
1.700000000000000122e-01 1.686697519429581835e-02
1.799999999999999933e-01 1.687162036046810018e-02
1.900000000000000022e-01 1.687638969956199719e-02
2.000000000000000111e-01 1.688127372869604320e-02
2.099999999999999922e-01 1.688632552214253124e-02
2.200000000000000011e-01 1.689163088856776920e-02
2.300000000000000100e-01 1.689726979977759780e-02
2.399999999999999911e-01 1.690329291904291847e-02
2.500000000000000000e-01 1.690973836042660924e-02
2.600000000000000089e-01 1.691668471998848677e-02
2.700000000000000178e-01 1.692430397724543553e-02
2.800000000000000266e-01 1.693287654195139297e-02
2.899999999999999800e-01 1.694275417543760973e-02
2.999999999999999889e-01 1.695427821463346002e-02
3.099999999999999978e-01 1.696767568502904541e-02
3.200000000000000067e-01 1.698297215049761333e-02
3.300000000000000155e-01 1.699996893985318558e-02
3.400000000000000244e-01 1.701831681533333418e-02
3.499999999999999778e-01 1.703767658710972702e-02
3.599999999999999867e-01 1.705790591502902645e-02
3.699999999999999956e-01 1.707917665200510068e-02
3.800000000000000044e-01 1.710193753568344313e-02
3.900000000000000133e-01 1.712670670871798556e-02
4.000000000000000222e-01 1.715378236495520431e-02
4.099999999999999756e-01 1.718303507352117801e-02
4.199999999999999845e-01 1.721392835933851020e-02
4.299999999999999933e-01 1.724578873515925787e-02
4.400000000000000022e-01 1.727818165175059456e-02
4.500000000000000111e-01 1.731118447058014806e-02
4.600000000000000200e-01 1.734545933179763508e-02
4.699999999999999734e-01 1.738219272148053968e-02
4.799999999999999822e-01 1.742297358801578322e-02
4.899999999999999911e-01 1.746955132899736390e-02
5.000000000000000000e-01 1.752341957292390812e-02
5.100000000000000089e-01 1.758539440234291665e-02
5.200000000000000178e-01 1.765547973060126175e-02
5.300000000000000266e-01 1.773308141997730070e-02
5.400000000000000355e-01 1.781730826753549768e-02
5.500000000000000444e-01 1.790712387174812903e-02
5.600000000000000533e-01 1.800143867548414239e-02
5.699999999999999512e-01 1.809937355788705446e-02
5.799999999999999600e-01 1.820067419283619842e-02
5.899999999999999689e-01 1.830594289071587819e-02
5.999999999999999778e-01 1.841636566679333634e-02
6.099999999999999867e-01 1.853292166765325641e-02
6.199999999999999956e-01 1.865538996903889218e-02
6.300000000000000044e-01 1.878164184938744055e-02
6.400000000000000133e-01 1.890769117054908258e-02
6.500000000000000222e-01 1.902873244293494873e-02
6.600000000000000311e-01 1.914093187561105927e-02
6.700000000000000400e-01 1.924324923281853228e-02
6.800000000000000488e-01 1.933838583602331615e-02
6.899999999999999467e-01 1.943229243915462964e-02
6.999999999999999556e-01 1.953242243763014460e-02
7.099999999999999645e-01 1.964561599895955218e-02
7.199999999999999734e-01 1.977661801838777322e-02
7.299999999999999822e-01 1.992768175825093691e-02
7.399999999999999911e-01 2.009899508589397740e-02
7.500000000000000000e-01 2.028935622587507009e-02
7.600000000000000089e-01 2.049670218601986477e-02
7.700000000000000178e-01 2.071844276741050678e-02
7.800000000000000266e-01 2.095178977124207906e-02
7.900000000000000355e-01 2.119427170742250663e-02
8.000000000000000444e-01 2.144438528313608039e-02
8.100000000000000533e-01 2.170204703307420172e-02
8.199999999999999512e-01 2.196850255977826627e-02
8.299999999999999600e-01 2.224571564851127864e-02
8.399999999999999689e-01 2.253563785561043739e-02
8.499999999999999778e-01 2.283975103413832600e-02
8.599999999999999867e-01 2.315894403500467352e-02
8.699999999999999956e-01 2.349354275819119653e-02
8.800000000000000044e-01 2.384336671993638260e-02
8.900000000000000133e-01 2.420783418601913164e-02
9.000000000000000222e-01 2.458613895671641486e-02
9.100000000000000311e-01 2.497743078669653269e-02
9.200000000000000400e-01 2.538094966060789118e-02
9.300000000000000488e-01 2.579618802291288107e-02
9.399999999999999467e-01 2.622316986907630501e-02
9.499999999999999556e-01 2.666275503821025419e-02
9.599999999999999645e-01 2.711671276012135937e-02
9.699999999999999734e-01 2.758739934401478050e-02
9.799999999999999822e-01 2.807715617082344114e-02
9.899999999999999911e-01 2.858772222993494552e-02
1.000000000000000000e+00 2.911986786135090793e-02
1.010000000000000009e+00 2.967324841682239880e-02
1.020000000000000018e+00 3.024641562709966952e-02
1.030000000000000027e+00 3.083708817016523468e-02
1.040000000000000036e+00 3.144295162206468819e-02
1.050000000000000044e+00 3.206312431373527921e-02
1.060000000000000053e+00 3.269994204839506841e-02
1.070000000000000062e+00 3.336025460744645316e-02
1.080000000000000071e+00 3.405547503393374642e-02
1.090000000000000080e+00 3.480013091810710973e-02
1.100000000000000089e+00 3.560896331546942878e-02
1.110000000000000098e+00 3.649245788272101332e-02
1.120000000000000107e+00 3.745108368498469703e-02
1.129999999999999893e+00 3.847034470896086578e-02
1.139999999999999902e+00 3.952049197584840690e-02
1.149999999999999911e+00 4.056337799766383811e-02
1.159999999999999920e+00 4.156425132447957860e-02
1.169999999999999929e+00 4.250245435607055006e-02
1.179999999999999938e+00 4.337587451235350167e-02
1.189999999999999947e+00 4.419839588301643918e-02
1.199999999999999956e+00 4.499317789912063437e-02
1.209999999999999964e+00 4.578525967640460076e-02
1.219999999999999973e+00 4.659596617433353627e-02
1.229999999999999982e+00 4.744030280394954252e-02
1.239999999999999991e+00 4.832715226585432289e-02
1.250000000000000000e+00 4.926089973392453608e-02
1.260000000000000009e+00 5.024293744936352696e-02
1.270000000000000018e+00 5.127242443470172301e-02
1.280000000000000027e+00 5.234665535727534014e-02
1.290000000000000036e+00 5.346156889702353282e-02
1.300000000000000044e+00 5.461256711664227298e-02
1.310000000000000053e+00 5.579572162175543831e-02
1.320000000000000062e+00 5.700985986566881741e-02
1.330000000000000071e+00 5.826016589128413942e-02
1.340000000000000080e+00 5.956256514599971713e-02
1.350000000000000089e+00 6.094553415460188944e-02
1.360000000000000098e+00 6.244511595258476350e-02
1.370000000000000107e+00 6.409286411217834933e-02
1.379999999999999893e+00 6.590292837230879441e-02
1.389999999999999902e+00 6.786659106971978939e-02
1.399999999999999911e+00 6.995713947286452683e-02
1.409999999999999920e+00 7.214047170585911883e-02
1.419999999999999929e+00 7.438448616789597456e-02
1.429999999999999938e+00 7.666361758143697136e-02
1.439999999999999947e+00 7.895906741017935659e-02
1.449999999999999956e+00 8.125691782990836221e-02
1.459999999999999964e+00 8.354577081129505034e-02
1.469999999999999973e+00 8.581466556550690350e-02
1.479999999999999982e+00 8.805182016538057321e-02
1.489999999999999991e+00 9.024486088414505891e-02
1.500000000000000000e+00 9.238275753702983317e-02
1.510000000000000009e+00 9.445859941802757509e-02
1.520000000000000018e+00 9.647157634151762307e-02
1.530000000000000027e+00 9.842674032467861600e-02
1.540000000000000036e+00 1.003319590071970746e-01
1.550000000000000044e+00 1.021925155835684690e-01
1.560000000000000053e+00 1.040052024326015567e-01
1.570000000000000062e+00 1.057550824590490629e-01
1.580000000000000071e+00 1.074177189107143604e-01
1.590000000000000080e+00 1.089666053120373068e-01
1.600000000000000089e+00 1.103816839637475761e-01
1.610000000000000098e+00 1.116538867367753429e-01
1.620000000000000107e+00 1.127837821617276165e-01
1.629999999999999893e+00 1.137766536397327721e-01
1.639999999999999902e+00 1.146378813268495445e-01
1.649999999999999911e+00 1.153709192383661625e-01
1.659999999999999920e+00 1.159777977644121938e-01
1.669999999999999929e+00 1.164607133342985129e-01
1.679999999999999938e+00 1.168230536319681961e-01
1.689999999999999947e+00 1.170689863245951007e-01
1.699999999999999956e+00 1.172022231729351049e-01
1.709999999999999964e+00 1.172255839914479320e-01
1.719999999999999973e+00 1.171423138107014900e-01
1.729999999999999982e+00 1.169582424342260896e-01
1.739999999999999991e+00 1.166827529758873855e-01
1.750000000000000000e+00 1.163273543713189001e-01
1.760000000000000009e+00 1.159026008118368284e-01
1.770000000000000018e+00 1.154152758553862596e-01
1.780000000000000027e+00 1.148672753531537472e-01
1.790000000000000036e+00 1.142563702870148801e-01
1.800000000000000044e+00 1.135782217012071132e-01
1.810000000000000053e+00 1.128287414092189744e-01
1.820000000000000062e+00 1.120058039924650695e-01
1.830000000000000071e+00 1.111097079057585812e-01
1.840000000000000080e+00 1.101426905409608609e-01
1.850000000000000089e+00 1.091081797902118816e-01
1.860000000000000098e+00 1.080097711675605532e-01
1.870000000000000107e+00 1.068494926749185836e-01
1.879999999999999893e+00 1.056260346595324917e-01
1.889999999999999902e+00 1.043349980564679397e-01
1.899999999999999911e+00 1.029725789701798483e-01
1.909999999999999920e+00 1.015419406745327879e-01
1.919999999999999929e+00 1.000607545684206873e-01
1.929999999999999938e+00 9.856963165669697935e-02
1.939999999999999947e+00 9.714064044010611854e-02
1.949999999999999956e+00 9.588001157603531777e-02
1.959999999999999964e+00 9.491466816368183956e-02
1.969999999999999973e+00 9.435857206248203510e-02
1.979999999999999982e+00 9.427246161873054087e-02
1.989999999999999991e+00 9.464249084686941760e-02
2.000000000000000000e+00 9.539280250938181327e-02
2.009999999999999787e+00 9.642161916737727878e-02
2.020000000000000018e+00 9.763564314490563723e-02
2.029999999999999805e+00 9.896582387503061184e-02
2.040000000000000036e+00 1.003656059503097442e-01
2.049999999999999822e+00 1.018023195903266509e-01
2.060000000000000053e+00 1.032502760991474283e-01
2.069999999999999840e+00 1.046884288563925958e-01
2.080000000000000071e+00 1.061018655212853795e-01
2.089999999999999858e+00 1.074847484373546436e-01
2.100000000000000089e+00 1.088415044812204580e-01
2.109999999999999876e+00 1.101837916575247184e-01
2.120000000000000107e+00 1.115235706296443252e-01
2.129999999999999893e+00 1.128657948503055813e-01
2.140000000000000124e+00 1.142050925219312146e-01
2.149999999999999911e+00 1.155284420361808867e-01
2.160000000000000142e+00 1.168221506904212059e-01
2.169999999999999929e+00 1.180792719652671990e-01
2.180000000000000160e+00 1.193040802405062883e-01
2.189999999999999947e+00 1.205122481075938251e-01
2.200000000000000178e+00 1.217272703460826749e-01
2.209999999999999964e+00 1.229747499542288708e-01
2.220000000000000195e+00 1.242764567714379487e-01
2.229999999999999982e+00 1.256456845925399690e-01
2.240000000000000213e+00 1.270846480043166526e-01
2.250000000000000000e+00 1.285840609480873309e-01
2.259999999999999787e+00 1.301248793174781260e-01
2.270000000000000018e+00 1.316820887243462801e-01
2.279999999999999805e+00 1.332300027209970261e-01
2.290000000000000036e+00 1.347479878849939250e-01
2.299999999999999822e+00 1.362253436844422516e-01
2.310000000000000053e+00 1.376644666292378416e-01
2.319999999999999840e+00 1.390820150698028057e-01
2.330000000000000071e+00 1.405077367790659448e-01
2.339999999999999858e+00 1.419797066061254665e-01
2.350000000000000089e+00 1.435343496023067933e-01
2.359999999999999876e+00 1.451919848770236721e-01
2.370000000000000107e+00 1.469435602943048313e-01
2.379999999999999893e+00 1.487472402579934905e-01
2.390000000000000124e+00 1.505394597497270448e-01
2.399999999999999911e+00 1.522556334527562505e-01
2.410000000000000142e+00 1.538497295712230595e-01
2.419999999999999929e+00 1.553050811284045485e-01
2.430000000000000160e+00 1.566361566022747842e-01
2.439999999999999947e+00 1.578840210603921212e-01
2.450000000000000178e+00 1.591062285719715141e-01
2.459999999999999964e+00 1.603612230943807782e-01
2.470000000000000195e+00 1.616911174967776421e-01
2.479999999999999982e+00 1.631106503437910471e-01
2.490000000000000213e+00 1.646083379740264085e-01
2.500000000000000000e+00 1.661583653463585553e-01
2.509999999999999787e+00 1.677349745750034149e-01
2.520000000000000018e+00 1.693210853070568067e-01
2.529999999999999805e+00 1.709089506916963153e-01
2.540000000000000036e+00 1.724966135269033196e-01
2.549999999999999822e+00 1.740849827880154022e-01
2.560000000000000053e+00 1.756772396203269138e-01
2.569999999999999840e+00 1.772790017385537376e-01
2.580000000000000071e+00 1.788970880736189262e-01
2.589999999999999858e+00 1.805366177908853120e-01
2.600000000000000089e+00 1.821982699090862468e-01
2.609999999999999876e+00 1.838778006034002543e-01
2.620000000000000107e+00 1.855683220627839247e-01
2.629999999999999893e+00 1.872640390189802828e-01
2.640000000000000124e+00 1.889635880277261981e-01
2.649999999999999911e+00 1.906717652650452566e-01
2.660000000000000142e+00 1.923992156632610973e-01
2.669999999999999929e+00 1.941600217166715991e-01
2.680000000000000160e+00 1.959673296034507572e-01
2.689999999999999947e+00 1.978274325367494202e-01
2.700000000000000178e+00 1.997331558744324664e-01
2.709999999999999964e+00 2.016584732492065490e-01
2.720000000000000195e+00 2.035583609980064490e-01
2.729999999999999982e+00 2.053790778475733658e-01
2.740000000000000213e+00 2.070804482162449944e-01
2.750000000000000000e+00 2.086622159475317317e-01
2.759999999999999787e+00 2.101776595181205354e-01
2.770000000000000018e+00 2.117203221729835050e-01
2.779999999999999805e+00 2.133868872048594045e-01
2.790000000000000036e+00 2.152381123116314798e-01
2.799999999999999822e+00 2.172821977081073885e-01
2.810000000000000053e+00 2.194877356855370887e-01
2.819999999999999840e+00 2.218126692004556699e-01
2.830000000000000071e+00 2.242291338448736959e-01
2.839999999999999858e+00 2.267329972775359859e-01
2.850000000000000089e+00 2.293391401600421708e-01
2.859999999999999876e+00 2.320690424118655171e-01
2.870000000000000107e+00 2.349365659524011440e-01
2.879999999999999893e+00 2.379365599798904107e-01
2.890000000000000124e+00 2.410409550488495090e-01
2.899999999999999911e+00 2.442054259338283240e-01
2.910000000000000142e+00 2.473845970901126234e-01
2.919999999999999929e+00 2.505481891451757370e-01
2.930000000000000160e+00 2.536894560453282210e-01
2.939999999999999947e+00 2.568220627603167161e-01
2.950000000000000178e+00 2.599684130423976502e-01
2.959999999999999964e+00 2.631463582377228660e-01
2.970000000000000195e+00 2.663604065298582069e-01
2.979999999999999982e+00 2.695998482533664697e-01
2.990000000000000213e+00 2.728424885458661242e-01
3.000000000000000000e+00 2.760608644802532430e-01
3.009999999999999787e+00 2.792284019624537428e-01
3.020000000000000018e+00 2.823247172912757841e-01
3.029999999999999805e+00 2.853399864671818942e-01
3.040000000000000036e+00 2.882772511766593659e-01
3.049999999999999822e+00 2.911507345976951378e-01
3.060000000000000053e+00 2.939799006449096419e-01
3.069999999999999840e+00 2.967820059980335601e-01
3.080000000000000071e+00 2.995669528944635007e-01
3.089999999999999858e+00 3.023363404228417428e-01
3.100000000000000089e+00 3.050861452023365117e-01
3.109999999999999876e+00 3.078115033066367023e-01
3.120000000000000107e+00 3.105119325448566503e-01
3.129999999999999893e+00 3.131948674749538974e-01
3.140000000000000124e+00 3.158754055609859779e-01
3.149999999999999911e+00 3.185721192766024501e-01
3.160000000000000142e+00 3.213017279779754043e-01
3.169999999999999929e+00 3.240761219115663727e-01
3.180000000000000160e+00 3.269022897003354133e-01
3.189999999999999947e+00 3.297823753157132498e-01
3.200000000000000178e+00 3.327116772244095300e-01
3.209999999999999964e+00 3.356762716466876184e-01
3.220000000000000195e+00 3.386541102669575198e-01
3.229999999999999982e+00 3.416210906268394853e-01
3.240000000000000213e+00 3.445592794904207001e-01
3.250000000000000000e+00 3.474625818558964019e-01
3.259999999999999787e+00 3.503371034498670156e-01
3.270000000000000018e+00 3.531968119253210414e-01
3.279999999999999805e+00 3.560568229281277919e-01
3.290000000000000036e+00 3.589265039941648139e-01
3.299999999999999822e+00 3.618044566881546964e-01
3.310000000000000053e+00 3.646776216525908776e-01
3.319999999999999840e+00 3.675254276255073838e-01
3.330000000000000071e+00 3.703265290533251930e-01
3.339999999999999858e+00 3.730630044231676989e-01
3.350000000000000089e+00 3.757184166609235376e-01
3.359999999999999876e+00 3.782717580933384061e-01
3.370000000000000107e+00 3.806941385293762248e-01
3.379999999999999893e+00 3.829539247272201186e-01
3.390000000000000124e+00 3.850293343783444122e-01
3.399999999999999911e+00 3.869211800653878375e-01
3.410000000000000142e+00 3.886576084570635969e-01
3.419999999999999929e+00 3.902871062597214613e-01
3.430000000000000160e+00 3.918622421385497545e-01
3.439999999999999947e+00 3.934213471007177443e-01
3.450000000000000178e+00 3.949768495543160562e-01
3.459999999999999964e+00 3.965166794834579789e-01
3.470000000000000195e+00 3.980193449381364545e-01
3.479999999999999982e+00 3.994755356557398995e-01
3.490000000000000213e+00 4.009029613432842920e-01
3.500000000000000000e+00 4.023414673267749486e-01
3.509999999999999787e+00 4.038253736294644125e-01
3.520000000000000018e+00 4.053463996041640760e-01
3.529999999999999805e+00 4.068325392384002370e-01
3.540000000000000036e+00 4.081631678844699906e-01
3.549999999999999822e+00 4.092173664532239297e-01
3.560000000000000053e+00 4.099278695051213339e-01
3.569999999999999840e+00 4.103086078661219438e-01
3.580000000000000071e+00 4.104432986289799357e-01
3.589999999999999858e+00 4.104480304346626585e-01
3.600000000000000089e+00 4.104319670245115126e-01
3.609999999999999876e+00 4.104731508490627734e-01
3.620000000000000107e+00 4.106121471734738848e-01
3.629999999999999893e+00 4.108571120587132253e-01
3.640000000000000124e+00 4.111931588854488284e-01
3.649999999999999911e+00 4.115924586072391422e-01
3.660000000000000142e+00 4.120242091724032885e-01
3.669999999999999929e+00 4.124637671856346000e-01
3.680000000000000160e+00 4.128992907327709849e-01
3.689999999999999947e+00 4.133340399922518227e-01
3.700000000000000178e+00 4.137835746408721205e-01
3.709999999999999964e+00 4.142689592172710822e-01
3.720000000000000195e+00 4.148088186225816765e-01
3.729999999999999982e+00 4.154136588725803603e-01
3.740000000000000213e+00 4.160847541455952037e-01
3.750000000000000000e+00 4.168177499822208754e-01
3.759999999999999787e+00 4.176093266250052727e-01
3.770000000000000018e+00 4.184644700097406300e-01
3.779999999999999805e+00 4.194015541893069687e-01
3.790000000000000036e+00 4.204520408129781561e-01
3.799999999999999822e+00 4.216518841386892036e-01
3.810000000000000053e+00 4.230239659709628119e-01
3.819999999999999840e+00 4.245551770995762420e-01
3.830000000000000071e+00 4.261763913014777194e-01
3.839999999999999858e+00 4.277557819166896147e-01
3.850000000000000089e+00 4.291133026938168671e-01
3.859999999999999876e+00 4.300563607883021722e-01
3.870000000000000107e+00 4.304268152976480910e-01
3.879999999999999893e+00 4.301428911341358408e-01
3.890000000000000124e+00 4.292205480696028586e-01
3.899999999999999911e+00 4.277669725236356579e-01
3.910000000000000142e+00 4.259498431328113122e-01
3.919999999999999929e+00 4.239545794076314822e-01
3.930000000000000160e+00 4.219444584826521072e-01
3.939999999999999947e+00 4.200349103849768673e-01
3.950000000000000178e+00 4.182859398570094034e-01
3.959999999999999964e+00 4.167093070658259291e-01
3.970000000000000195e+00 4.152831741667108445e-01
3.979999999999999982e+00 4.139675708808985277e-01
3.990000000000000213e+00 4.127174347142931743e-01
4.000000000000000000e+00 4.114927237717069253e-01
4.009999999999999787e+00 4.102654167274485952e-01
4.019999999999999574e+00 4.090224994940026559e-01
4.030000000000000249e+00 4.077645310599440909e-01
4.040000000000000036e+00 4.065011011325549983e-01
4.049999999999999822e+00 4.052454544716799778e-01
4.059999999999999609e+00 4.040097662798453615e-01
4.070000000000000284e+00 4.028014664356303065e-01
4.080000000000000071e+00 4.016211563829302778e-01
4.089999999999999858e+00 4.004630152848153157e-01
4.099999999999999645e+00 3.993173029633879656e-01
4.110000000000000320e+00 3.981725400687413652e-01
4.120000000000000107e+00 3.970150399695284715e-01
4.129999999999999893e+00 3.958262307039895900e-01
4.139999999999999680e+00 3.945807203164348187e-01
4.150000000000000355e+00 3.932474414862227041e-01
4.160000000000000142e+00 3.917931070361329593e-01
4.169999999999999929e+00 3.901852424972439559e-01
4.179999999999999716e+00 3.883935815026117178e-01
4.190000000000000391e+00 3.863915041359013425e-01
4.200000000000000178e+00 3.841595068014410086e-01
4.209999999999999964e+00 3.816900022599915565e-01
4.219999999999999751e+00 3.789905945062254089e-01
4.230000000000000426e+00 3.760838772268795260e-01
4.240000000000000213e+00 3.730043385364785191e-01
4.250000000000000000e+00 3.697941053946411927e-01
4.259999999999999787e+00 3.664981733950101739e-01
4.269999999999999574e+00 3.631585172694878905e-01
4.280000000000000249e+00 3.598072228947267193e-01
4.290000000000000036e+00 3.564607021576587376e-01
4.299999999999999822e+00 3.531174483241771855e-01
4.309999999999999609e+00 3.497600447421193026e-01
4.320000000000000284e+00 3.463604480149418130e-01
4.330000000000000071e+00 3.428874635256223269e-01
4.339999999999999858e+00 3.393156162865509917e-01
4.349999999999999645e+00 3.356335208827400662e-01
4.360000000000000320e+00 3.318481491929556881e-01
4.370000000000000107e+00 3.279821309069702595e-01
4.379999999999999893e+00 3.240654895632451016e-01
4.389999999999999680e+00 3.201272514490723364e-01
4.400000000000000355e+00 3.161915080765995700e-01
4.410000000000000142e+00 3.122777054495372018e-01
4.419999999999999929e+00 3.084018401137562648e-01
4.429999999999999716e+00 3.045767831934785286e-01
4.440000000000000391e+00 3.008129625518505823e-01
4.450000000000000178e+00 2.971205690830008850e-01
4.459999999999999964e+00 2.935113622569223146e-01
4.469999999999999751e+00 2.899966684425560048e-01
4.480000000000000426e+00 2.865813432737596145e-01
4.490000000000000213e+00 2.832579876021328324e-01
4.500000000000000000e+00 2.800059246316510264e-01
4.509999999999999787e+00 2.767952860993357911e-01
4.519999999999999574e+00 2.735932955380515619e-01
4.530000000000000249e+00 2.703704669414898065e-01
4.540000000000000036e+00 2.671064019522894073e-01
4.549999999999999822e+00 2.637946405978767728e-01
4.559999999999999609e+00 2.604440344793828577e-01
4.570000000000000284e+00 2.570741553450053840e-01
4.580000000000000071e+00 2.537061756630936693e-01
4.589999999999999858e+00 2.503547574484076277e-01
4.599999999999999645e+00 2.470256187942359016e-01
4.610000000000000320e+00 2.437183075565619583e-01
4.620000000000000107e+00 2.404302046363822332e-01
4.629999999999999893e+00 2.371591108531080627e-01
4.639999999999999680e+00 2.339049405498426493e-01
4.650000000000000355e+00 2.306716298093119677e-01
4.660000000000000142e+00 2.274681461685468531e-01
4.669999999999999929e+00 2.243063094155896275e-01
4.679999999999999716e+00 2.211955855141942984e-01
4.690000000000000391e+00 2.181384147764596215e-01
4.700000000000000178e+00 2.151294120988172520e-01
4.709999999999999964e+00 2.121581030951172064e-01
4.719999999999999751e+00 2.092124017579158890e-01
4.730000000000000426e+00 2.062812593660156568e-01
4.740000000000000213e+00 2.033572103699861633e-01
4.750000000000000000e+00 2.004394163020536690e-01
4.759999999999999787e+00 1.975355172633694867e-01
4.769999999999999574e+00 1.946596867875054482e-01
4.780000000000000249e+00 1.918268940467969252e-01
4.790000000000000036e+00 1.890469466825254741e-01
4.799999999999999822e+00 1.863221381631686713e-01
4.809999999999999609e+00 1.836490180072514466e-01
4.820000000000000284e+00 1.810218742949483428e-01
4.830000000000000071e+00 1.784356426899389725e-01
4.839999999999999858e+00 1.758877673951213250e-01
4.849999999999999645e+00 1.733793624052084037e-01
4.860000000000000320e+00 1.709153266908252089e-01
4.870000000000000107e+00 1.685026223991150374e-01
4.879999999999999893e+00 1.661470775962800017e-01
4.889999999999999680e+00 1.638506034358371555e-01
4.900000000000000355e+00 1.616104197250573249e-01
4.910000000000000142e+00 1.594199315965088848e-01
4.919999999999999929e+00 1.572697320725524317e-01
4.929999999999999716e+00 1.551480875034257079e-01
4.940000000000000391e+00 1.530417713079483544e-01
4.950000000000000178e+00 1.509382468780995634e-01
4.959999999999999964e+00 1.488288063767884972e-01
4.969999999999999751e+00 1.467110376285736539e-01
4.980000000000000426e+00 1.445893589031255755e-01
4.990000000000000213e+00 1.424737710361981824e-01
5.000000000000000000e+00 1.403777546650314956e-01
5.009999999999999787e+00 1.383159374356844606e-01
5.019999999999999574e+00 1.363018009053793000e-01
5.030000000000000249e+00 1.343458694047481861e-01
5.040000000000000036e+00 1.324548726991758296e-01
5.049999999999999822e+00 1.306317250863551771e-01
5.059999999999999609e+00 1.288753728604426774e-01
5.070000000000000284e+00 1.271796828066966978e-01
5.080000000000000071e+00 1.255317381300061763e-01
5.089999999999999858e+00 1.239110415456668723e-01
5.099999999999999645e+00 1.222909949170720295e-01
5.110000000000000320e+00 1.206427465495135964e-01
5.120000000000000107e+00 1.189402195938513707e-01
5.129999999999999893e+00 1.171646768696668200e-01
5.139999999999999680e+00 1.153075063450586524e-01
5.150000000000000355e+00 1.133706307312614125e-01
5.160000000000000142e+00 1.113647161916034162e-01
5.169999999999999929e+00 1.093059753766352921e-01
5.179999999999999716e+00 1.072127042597198210e-01
5.190000000000000391e+00 1.051026149147261807e-01
5.200000000000000178e+00 1.029914697841381732e-01
5.209999999999999964e+00 1.008927898842515852e-01
5.219999999999999751e+00 9.881801616952533285e-02
5.230000000000000426e+00 9.677663988045058507e-02
5.240000000000000213e+00 9.477618808370107117e-02
5.250000000000000000e+00 9.282217080237396833e-02
5.259999999999999787e+00 9.091806776480022834e-02
5.269999999999999574e+00 8.906533726751952873e-02
5.280000000000000249e+00 8.726345214042312282e-02
5.290000000000000036e+00 8.551005892192219127e-02
5.299999999999999822e+00 8.380133363740245589e-02
5.309999999999999609e+00 8.213246608776099411e-02
5.320000000000000284e+00 8.049813949913059430e-02
5.330000000000000071e+00 7.889297320413593551e-02
5.339999999999999858e+00 7.731200914556955739e-02
5.349999999999999645e+00 7.575126931059050772e-02
5.360000000000000320e+00 7.420822861211856525e-02
5.370000000000000107e+00 7.268196364038204127e-02
5.379999999999999893e+00 7.117289826731701408e-02
5.389999999999999680e+00 6.968232744506681897e-02
5.400000000000000355e+00 6.821198358104905990e-02
5.410000000000000142e+00 6.676376273867334898e-02
5.419999999999999929e+00 6.533956526770716422e-02
5.429999999999999716e+00 6.394119436624787212e-02
5.440000000000000391e+00 6.257032472209206331e-02
5.450000000000000178e+00 6.122854403227331183e-02
5.459999999999999964e+00 5.991737133603747961e-02
5.469999999999999751e+00 5.863812403267046336e-02
5.480000000000000426e+00 5.739164718093448664e-02
5.490000000000000213e+00 5.617810006399572009e-02
5.500000000000000000e+00 5.499698481078928863e-02
5.509999999999999787e+00 5.384739822026911316e-02
5.519999999999999574e+00 5.272833128373566325e-02
5.530000000000000249e+00 5.163888532323657188e-02
5.540000000000000036e+00 5.057840889826722974e-02
5.549999999999999822e+00 4.954659302399085086e-02
5.559999999999999609e+00 4.854347175012526522e-02
5.570000000000000284e+00 4.756922946677180630e-02
5.580000000000000071e+00 4.662384243277392648e-02
5.589999999999999858e+00 4.570676086062224613e-02
5.599999999999999645e+00 4.481684033744109952e-02
5.610000000000000320e+00 4.395254007275777725e-02
5.620000000000000107e+00 4.311223833391925053e-02
5.629999999999999893e+00 4.229452312742095627e-02
5.639999999999999680e+00 4.149841590548779963e-02
5.650000000000000355e+00 4.072351881480683333e-02
5.660000000000000142e+00 3.997002107774721980e-02
5.669999999999999929e+00 3.923848813493607812e-02
5.679999999999999716e+00 3.852947842111354576e-02
5.690000000000000391e+00 3.784317858472991541e-02
5.700000000000000178e+00 3.717923644751516821e-02
5.709999999999999964e+00 3.653680835669512184e-02
5.719999999999999751e+00 3.591471368415019572e-02
5.730000000000000426e+00 3.531161248870511721e-02
5.740000000000000213e+00 3.472620134807827968e-02
5.750000000000000000e+00 3.415742438929580266e-02
5.759999999999999787e+00 3.360462398344178647e-02
5.769999999999999574e+00 3.306753167836426477e-02
5.780000000000000249e+00 3.254609810984451096e-02
5.790000000000000036e+00 3.204028497505379686e-02
5.799999999999999822e+00 3.154994341049698059e-02
5.809999999999999609e+00 3.107479069417576345e-02
5.820000000000000284e+00 3.061442217941710842e-02
5.830000000000000071e+00 3.016833075773415335e-02
5.839999999999999858e+00 2.973596503677798306e-02
5.849999999999999645e+00 2.931683769213884461e-02
5.860000000000000320e+00 2.891061785389695965e-02
5.870000000000000107e+00 2.851711760071191926e-02
5.879999999999999893e+00 2.813616742189478312e-02
5.889999999999999680e+00 2.776748026967581356e-02
5.900000000000000355e+00 2.741060137011400513e-02
5.910000000000000142e+00 2.706493305982729525e-02
5.919999999999999929e+00 2.672970970976084465e-02
5.929999999999999716e+00 2.640366532519224096e-02
5.940000000000000391e+00 2.608379709077242661e-02
5.950000000000000178e+00 2.576205908886685866e-02
5.959999999999999964e+00 2.541889280108459645e-02
5.969999999999999751e+00 2.501520021572408922e-02
5.980000000000000426e+00 2.449039888016578403e-02
5.990000000000000213e+00 2.377821598501745487e-02
6.000000000000000000e+00 2.284341074990475784e-02
6.200000000000000178e+00 2.172057244829297268e-02
6.400000000000000355e+00 2.052159551354795775e-02
6.599999999999999645e+00 1.939588692443528634e-02
6.799999999999999822e+00 1.846698051117209860e-02
7.000000000000000000e+00 0.000000000000000000e+00
