0.000000000000000000e+00 0.000000000000000000e+00
1.000000000000000021e-02 1.415698111051474743e-02
2.000000000000000042e-02 1.415698111051474743e-02
2.999999999999999889e-02 1.415698111051474743e-02
4.000000000000000083e-02 1.415698111051474743e-02
5.000000000000000278e-02 1.415698111051474743e-02
5.999999999999999778e-02 1.415698111051474743e-02
7.000000000000000666e-02 1.415698111051474743e-02
8.000000000000000167e-02 1.415698111051474743e-02
8.999999999999999667e-02 1.415698111051474743e-02
1.000000000000000056e-01 1.415698111051474743e-02
1.100000000000000006e-01 1.415698111051474743e-02
1.199999999999999956e-01 1.415698111051474743e-02
1.300000000000000044e-01 1.415698111051474743e-02
1.400000000000000133e-01 1.415698111051474743e-02
1.499999999999999944e-01 1.415698111051474743e-02
1.600000000000000033e-01 1.415698111051474743e-02
1.700000000000000122e-01 1.415698111051474743e-02
1.799999999999999933e-01 1.415698111051474743e-02
1.900000000000000022e-01 1.415698111051474743e-02
2.000000000000000111e-01 1.415698111051474743e-02
2.099999999999999922e-01 1.415698111051474743e-02
2.200000000000000011e-01 1.415698111051474743e-02
2.300000000000000100e-01 1.415698111051474743e-02
2.399999999999999911e-01 1.415698111051474743e-02
2.500000000000000000e-01 1.415698111051474743e-02
2.600000000000000089e-01 1.415698111051474743e-02
2.700000000000000178e-01 1.415698111051474743e-02
2.800000000000000266e-01 1.415698111051474743e-02
2.899999999999999800e-01 1.415698111051474743e-02
2.999999999999999889e-01 1.415698111051474743e-02
3.099999999999999978e-01 1.415698111051474743e-02
3.200000000000000067e-01 1.415698111051474743e-02
3.300000000000000155e-01 1.415698111051474743e-02
3.400000000000000244e-01 1.415698111051474743e-02
3.499999999999999778e-01 1.415698111051474743e-02
3.599999999999999867e-01 1.415698111051474743e-02
3.699999999999999956e-01 1.415698111051474743e-02
3.800000000000000044e-01 1.415698111051474743e-02
3.900000000000000133e-01 1.415698111051474743e-02
4.000000000000000222e-01 1.415698111051474743e-02
4.099999999999999756e-01 1.415698111051474743e-02
4.199999999999999845e-01 1.415698111051474743e-02
4.299999999999999933e-01 1.415698111051474743e-02
4.400000000000000022e-01 1.415698111051474743e-02
4.500000000000000111e-01 1.415698111051474743e-02
4.600000000000000200e-01 1.415698111051474743e-02
4.699999999999999734e-01 1.415698111051474743e-02
4.799999999999999822e-01 1.415698111051474743e-02
4.899999999999999911e-01 1.415698111051474743e-02
5.000000000000000000e-01 1.415698111051474743e-02
5.100000000000000089e-01 1.415698111051474743e-02
5.200000000000000178e-01 1.415698111051474743e-02
5.300000000000000266e-01 1.415698111051474743e-02
5.400000000000000355e-01 1.415698111051474743e-02
5.500000000000000444e-01 1.415698111051474743e-02
5.600000000000000533e-01 1.415698111051474743e-02
5.699999999999999512e-01 1.415698111051474743e-02
5.799999999999999600e-01 1.415698111051474743e-02
5.899999999999999689e-01 1.415698111051474743e-02
5.999999999999999778e-01 1.415698111051474743e-02
6.099999999999999867e-01 1.415698111051474743e-02
6.199999999999999956e-01 1.415698111051474743e-02
6.300000000000000044e-01 1.415698111051474743e-02
6.400000000000000133e-01 1.415698111051474743e-02
6.500000000000000222e-01 1.415698111051474743e-02
6.600000000000000311e-01 1.415698111051474743e-02
6.700000000000000400e-01 1.415698111051474743e-02
6.800000000000000488e-01 1.415698111051474743e-02
6.899999999999999467e-01 1.415698111051474743e-02
6.999999999999999556e-01 1.415698111051474743e-02
7.099999999999999645e-01 1.415698111051474743e-02
7.199999999999999734e-01 1.415698111051474743e-02
7.299999999999999822e-01 1.415698111051474743e-02
7.399999999999999911e-01 1.415698111051474743e-02
7.500000000000000000e-01 1.415698111051474743e-02
7.600000000000000089e-01 1.415698111051474743e-02
7.700000000000000178e-01 1.415698111051474743e-02
7.800000000000000266e-01 1.415698111051474743e-02
7.900000000000000355e-01 1.415698111051474743e-02
8.000000000000000444e-01 1.415698111051474743e-02
8.100000000000000533e-01 1.415698111051474743e-02
8.199999999999999512e-01 1.415698111051474743e-02
8.299999999999999600e-01 1.415698111051474743e-02
8.399999999999999689e-01 1.415698111051474743e-02
8.499999999999999778e-01 1.415698111051474743e-02
8.599999999999999867e-01 1.415698111051474743e-02
8.699999999999999956e-01 1.415698111051474743e-02
8.800000000000000044e-01 1.415698111051474743e-02
8.900000000000000133e-01 1.415698111051474743e-02
9.000000000000000222e-01 1.415698111051474743e-02
9.100000000000000311e-01 1.415698111051474743e-02
9.200000000000000400e-01 1.415698111051474743e-02
9.300000000000000488e-01 1.415698111051474743e-02
9.399999999999999467e-01 1.415698111051474743e-02
9.499999999999999556e-01 1.415698111051474743e-02
9.599999999999999645e-01 1.415698111051474743e-02
9.699999999999999734e-01 1.415698111051474743e-02
9.799999999999999822e-01 1.415698111051474743e-02
9.899999999999999911e-01 1.415698111051474743e-02
1.000000000000000000e+00 1.415698111051474743e-02
1.010000000000000009e+00 1.415698111051474743e-02
1.020000000000000018e+00 1.415698111051474743e-02
1.030000000000000027e+00 1.415698111051474743e-02
1.040000000000000036e+00 1.415698111051474743e-02
1.050000000000000044e+00 1.415698111051474743e-02
1.060000000000000053e+00 1.415698111051474743e-02
1.070000000000000062e+00 1.415698111051474743e-02
1.080000000000000071e+00 1.415698111051474743e-02
1.090000000000000080e+00 1.415698111051474743e-02
1.100000000000000089e+00 1.415698111051474743e-02
1.110000000000000098e+00 1.415698111051474743e-02
1.120000000000000107e+00 1.415698111051478733e-02
1.129999999999999893e+00 1.415698111051566857e-02
1.139999999999999902e+00 1.415698111053309734e-02
1.149999999999999911e+00 1.415698111083167968e-02
1.159999999999999920e+00 1.415698111527471242e-02
1.169999999999999929e+00 1.415698117270525018e-02
1.179999999999999938e+00 1.415698181739440988e-02
1.189999999999999947e+00 1.415698809642182247e-02
1.199999999999999956e+00 1.415704106436636335e-02
1.209999999999999964e+00 1.415742713682298891e-02
1.219999999999999973e+00 1.415985182414876767e-02
1.229999999999999982e+00 1.417293644313469790e-02
1.239999999999999991e+00 1.423345640220143905e-02
1.250000000000000000e+00 1.447290570389486893e-02
1.260000000000000009e+00 1.528230766559506709e-02
1.270000000000000018e+00 1.761903317342500275e-02
1.280000000000000027e+00 2.338583232144736748e-02
1.290000000000000036e+00 3.558495496874961028e-02
1.300000000000000044e+00 5.783163678998874679e-02
1.310000000000000053e+00 9.318535297357366520e-02
1.320000000000000062e+00 1.430997070281314898e-01
1.330000000000000071e+00 2.077255488044907061e-01
1.340000000000000080e+00 2.879056834994884739e-01
1.350000000000000089e+00 3.875210068115738649e-01
1.360000000000000098e+00 5.142039767531247918e-01
1.370000000000000107e+00 6.776216592134012284e-01
1.379999999999999893e+00 8.862119512216939388e-01
1.389999999999999902e+00 1.143861338588784582e+00
1.399999999999999911e+00 1.447653551725162302e+00
1.409999999999999920e+00 1.787441610541678605e+00
1.419999999999999929e+00 2.147642091920725083e+00
1.429999999999999938e+00 2.510735325003896623e+00
1.439999999999999947e+00 2.860772788573915371e+00
1.449999999999999956e+00 3.184977546110802749e+00
1.459999999999999964e+00 3.472817196521515548e+00
1.469999999999999973e+00 3.713626876661439535e+00
1.479999999999999982e+00 3.894445791328128514e+00
1.489999999999999991e+00 3.999138915192427923e+00
1.500000000000000000e+00 4.009373330914901778e+00
1.510000000000000009e+00 3.908163696363214257e+00
1.520000000000000018e+00 3.686300210873278083e+00
1.530000000000000027e+00 3.349863097382112631e+00
1.540000000000000036e+00 2.924504648819575170e+00
1.550000000000000044e+00 2.452354138488289426e+00
1.560000000000000053e+00 1.981478019803169177e+00
1.570000000000000062e+00 1.552878726010827437e+00
1.580000000000000071e+00 1.191612126355521273e+00
1.590000000000000080e+00 9.054820864872924480e-01
1.600000000000000089e+00 6.899318813689671037e-01
1.610000000000000098e+00 5.350431818560439368e-01
1.620000000000000107e+00 4.311149317698196870e-01
1.629999999999999893e+00 3.714748326580129545e-01
1.639999999999999902e+00 3.529131354058805403e-01
1.649999999999999911e+00 3.747048152286109879e-01
1.659999999999999920e+00 4.370362810170286827e-01
1.669999999999999929e+00 5.393229317848626803e-01
1.679999999999999938e+00 6.786307759484132562e-01
1.689999999999999947e+00 8.483515833418046048e-01
1.699999999999999956e+00 1.037496714289565913e+00
1.709999999999999964e+00 1.231174924211653865e+00
1.719999999999999973e+00 1.412525301215855400e+00
1.729999999999999982e+00 1.565578139993168527e+00
1.739999999999999991e+00 1.677872599389950592e+00
1.750000000000000000e+00 1.741834262239926101e+00
1.760000000000000009e+00 1.754804752293131376e+00
1.770000000000000018e+00 1.718403325831969974e+00
1.780000000000000027e+00 1.637913072079610011e+00
1.790000000000000036e+00 1.521782629104201368e+00
1.800000000000000044e+00 1.380859778678112271e+00
1.810000000000000053e+00 1.227090409418339911e+00
1.820000000000000062e+00 1.071888928679074482e+00
1.830000000000000071e+00 9.246914133006737258e-01
1.840000000000000080e+00 7.921207770505288570e-01
1.850000000000000089e+00 6.778839422429233652e-01
1.860000000000000098e+00 5.832238252891273067e-01
1.870000000000000107e+00 5.075907497602616392e-01
1.879999999999999893e+00 4.492140042247723120e-01
1.889999999999999902e+00 4.054305697025001876e-01
1.899999999999999911e+00 3.728736153683661625e-01
1.909999999999999920e+00 3.477607726884971440e-01
1.919999999999999929e+00 3.264123042191115487e-01
1.929999999999999938e+00 3.058565364829076705e-01
1.939999999999999947e+00 2.842202958089815601e-01
1.949999999999999956e+00 2.607231991687078976e-01
1.959999999999999964e+00 2.353667377909167691e-01
1.969999999999999973e+00 2.085753087082729829e-01
1.979999999999999982e+00 1.809922668157867010e-01
1.989999999999999991e+00 1.534459493089781190e-01
2.000000000000000000e+00 1.269474237225746982e-01
2.009999999999999787e+00 1.025796645088955100e-01
2.020000000000000018e+00 8.126858533122513495e-02
2.029999999999999805e+00 6.355733692526437106e-02
2.040000000000000036e+00 4.951741984762131343e-02
2.049999999999999822e+00 3.882969457359312926e-02
2.060000000000000053e+00 3.096058905324298657e-02
2.069999999999999840e+00 2.532937421127460023e-02
2.080000000000000071e+00 2.140784975578959373e-02
2.089999999999999858e+00 1.875438536985050975e-02
2.100000000000000089e+00 1.701336434669274006e-02
2.109999999999999876e+00 1.590588070021325962e-02
2.120000000000000107e+00 1.522090910693313370e-02
2.129999999999999893e+00 1.480631902744104604e-02
2.140000000000000124e+00 1.455826277786648019e-02
2.149999999999999911e+00 1.440963925830265890e-02
2.160000000000000142e+00 1.431928660954741306e-02
2.169999999999999929e+00 1.426306837877173300e-02
2.180000000000000160e+00 1.422724210990639580e-02
2.189999999999999947e+00 1.420399159873544578e-02
2.200000000000000178e+00 1.418872617465256544e-02
2.209999999999999964e+00 1.417861713616445918e-02
2.220000000000000195e+00 1.417185927225198851e-02
2.229999999999999982e+00 1.416728789149363475e-02
2.240000000000000213e+00 1.416415359666619092e-02
2.250000000000000000e+00 1.416197557455689884e-02
2.259999999999999787e+00 1.416044487150235585e-02
2.270000000000000018e+00 1.415936186462750032e-02
2.279999999999999805e+00 1.415859571260292236e-02
2.290000000000000036e+00 1.415805792267318952e-02
2.299999999999999822e+00 1.415768587129244936e-02
2.310000000000000053e+00 1.415743343035858262e-02
2.319999999999999840e+00 1.415726597690934729e-02
2.330000000000000071e+00 1.415715758037678837e-02
2.339999999999999858e+00 1.415708912413386582e-02
2.350000000000000089e+00 1.415704686514091502e-02
2.359999999999999876e+00 1.415702125069442756e-02
2.370000000000000107e+00 1.415700590502572825e-02
2.379999999999999893e+00 1.415699675134890305e-02
2.390000000000000124e+00 1.415699127830704826e-02
2.399999999999999911e+00 1.415698797477368126e-02
2.410000000000000142e+00 1.415698593897817339e-02
2.419999999999999929e+00 1.415698463536063482e-02
2.430000000000000160e+00 1.415698375211546511e-02
2.439999999999999947e+00 1.415698311567307674e-02
2.450000000000000178e+00 1.415698263531832771e-02
2.459999999999999964e+00 1.415698226609450258e-02
2.470000000000000195e+00 1.415698198505484229e-02
2.479999999999999982e+00 1.415698177760443821e-02
2.490000000000000213e+00 1.415698163095977825e-02
2.500000000000000000e+00 1.415698153207467676e-02
2.509999999999999787e+00 1.415698146785096360e-02
2.520000000000000018e+00 1.415698142609348592e-02
2.529999999999999805e+00 1.415698139643659093e-02
2.540000000000000036e+00 1.415698137106845625e-02
2.549999999999999822e+00 1.415698134522973793e-02
2.560000000000000053e+00 1.415698131728561696e-02
2.569999999999999840e+00 1.415698128811639957e-02
2.580000000000000071e+00 1.415698125989323271e-02
2.589999999999999858e+00 1.415698123473828514e-02
2.600000000000000089e+00 1.415698121386015952e-02
2.609999999999999876e+00 1.415698119740494559e-02
2.620000000000000107e+00 1.415698118480781045e-02
2.629999999999999893e+00 1.415698117524395380e-02
2.640000000000000124e+00 1.415698116791627194e-02
2.649999999999999911e+00 1.415698116215573926e-02
2.660000000000000142e+00 1.415698115743307083e-02
2.669999999999999929e+00 1.415698115335868937e-02
2.680000000000000160e+00 1.415698114968249287e-02
2.689999999999999947e+00 1.415698114627770600e-02
2.700000000000000178e+00 1.415698114310834539e-02
2.709999999999999964e+00 1.415698114019878391e-02
2.720000000000000195e+00 1.415698113761870713e-02
2.729999999999999982e+00 1.415698113547314042e-02
2.740000000000000213e+00 1.415698113387373752e-02
2.750000000000000000e+00 1.415698113288581771e-02
2.759999999999999787e+00 1.415698113248096621e-02
2.770000000000000018e+00 1.415698113253422916e-02
2.779999999999999805e+00 1.415698113287175257e-02
2.790000000000000036e+00 1.415698113333372504e-02
2.799999999999999822e+00 1.415698113381263709e-02
2.810000000000000053e+00 1.415698113425587282e-02
2.819999999999999840e+00 1.415698113464871136e-02
2.830000000000000071e+00 1.415698113499756425e-02
2.839999999999999858e+00 1.415698113532175804e-02
2.850000000000000089e+00 1.415698113565158275e-02
2.859999999999999876e+00 1.415698113602730478e-02
2.870000000000000107e+00 1.415698113649591083e-02
2.879999999999999893e+00 1.415698113710530358e-02
2.890000000000000124e+00 1.415698113789650055e-02
2.899999999999999911e+00 1.415698113889241917e-02
2.910000000000000142e+00 1.415698114008182885e-02
2.919999999999999929e+00 1.415698114140163597e-02
2.930000000000000160e+00 1.415698114272807492e-02
2.939999999999999947e+00 1.415698114388858064e-02
2.950000000000000178e+00 1.415698114469614473e-02
2.959999999999999964e+00 1.415698114499258815e-02
2.970000000000000195e+00 1.415698114467995108e-02
2.979999999999999982e+00 1.415698114372808229e-02
2.990000000000000213e+00 1.415698114216323161e-02
3.000000000000000000e+00 1.415698114005158742e-02
3.009999999999999787e+00 1.415698113748744928e-02
3.020000000000000018e+00 1.415698113458691183e-02
3.029999999999999805e+00 1.415698113148334582e-02
3.040000000000000036e+00 1.415698112832141677e-02
3.049999999999999822e+00 1.415698112524758738e-02
3.060000000000000053e+00 1.415698112239612179e-02
3.069999999999999840e+00 1.415698111987233679e-02
3.080000000000000071e+00 1.415698111773883855e-02
3.089999999999999858e+00 1.415698111601159173e-02
3.100000000000000089e+00 1.415698111466820973e-02
3.109999999999999876e+00 1.415698111366369381e-02
3.120000000000000107e+00 1.415698111294499961e-02
3.129999999999999893e+00 1.415698111245889020e-02
3.140000000000000124e+00 1.415698111215374713e-02
3.149999999999999911e+00 1.415698111198005101e-02
3.160000000000000142e+00 1.415698111189291584e-02
3.169999999999999929e+00 1.415698111185588123e-02
3.180000000000000160e+00 1.415698111184315183e-02
3.189999999999999947e+00 1.415698111183884278e-02
3.200000000000000178e+00 1.415698111183440709e-02
3.209999999999999964e+00 1.415698111182616716e-02
3.220000000000000195e+00 1.415698111181386623e-02
3.229999999999999982e+00 1.415698111179993293e-02
3.240000000000000213e+00 1.415698111178876305e-02
3.250000000000000000e+00 1.415698111178559371e-02
3.259999999999999787e+00 1.415698111179497683e-02
3.270000000000000018e+00 1.415698111181919530e-02
3.279999999999999805e+00 1.415698111185706605e-02
3.290000000000000036e+00 1.415698111190359133e-02
3.299999999999999822e+00 1.415698111195057632e-02
3.310000000000000053e+00 1.415698111198804982e-02
3.319999999999999840e+00 1.415698111200609614e-02
3.330000000000000071e+00 1.415698111199671476e-02
3.339999999999999858e+00 1.415698111195549773e-02
3.350000000000000089e+00 1.415698111188275037e-02
3.359999999999999876e+00 1.415698111178359531e-02
3.370000000000000107e+00 1.415698111166669056e-02
3.379999999999999893e+00 1.415698111154194312e-02
3.390000000000000124e+00 1.415698111141819836e-02
3.399999999999999911e+00 1.415698111130188168e-02
3.410000000000000142e+00 1.415698111119676958e-02
3.419999999999999929e+00 1.415698111110445280e-02
3.430000000000000160e+00 1.415698111102494175e-02
3.439999999999999947e+00 1.415698111095725804e-02
3.450000000000000178e+00 1.415698111089988900e-02
3.459999999999999964e+00 1.415698111085119879e-02
3.470000000000000195e+00 1.415698111080962440e-02
3.479999999999999982e+00 1.415698111077371563e-02
3.490000000000000213e+00 1.415698111074212805e-02
3.500000000000000000e+00 1.415698111071371848e-02
3.509999999999999787e+00 1.415698111068769416e-02
3.520000000000000018e+00 1.415698111066369773e-02
3.529999999999999805e+00 1.415698111064176389e-02
3.540000000000000036e+00 1.415698111062214243e-02
3.549999999999999822e+00 1.415698111060510050e-02
3.560000000000000053e+00 1.415698111059078036e-02
3.569999999999999840e+00 1.415698111057911088e-02
3.580000000000000071e+00 1.415698111056978327e-02
3.589999999999999858e+00 1.415698111056232916e-02
3.600000000000000089e+00 1.415698111055621426e-02
3.609999999999999876e+00 1.415698111055094070e-02
3.620000000000000107e+00 1.415698111054615460e-02
3.629999999999999893e+00 1.415698111054166340e-02
3.640000000000000124e+00 1.415698111053741506e-02
3.649999999999999911e+00 1.415698111053347030e-02
3.660000000000000142e+00 1.415698111052992106e-02
3.669999999999999929e+00 1.415698111052685407e-02
3.680000000000000160e+00 1.415698111052430923e-02
3.689999999999999947e+00 1.415698111052227093e-02
3.700000000000000178e+00 1.415698111052068366e-02
3.709999999999999964e+00 1.415698111051947629e-02
3.720000000000000195e+00 1.415698111051857944e-02
3.729999999999999982e+00 1.415698111051793238e-02
3.740000000000000213e+00 1.415698111051749523e-02
3.750000000000000000e+00 1.415698111051722635e-02
3.759999999999999787e+00 1.415698111051709798e-02
3.770000000000000018e+00 1.415698111051707370e-02
3.779999999999999805e+00 1.415698111051712227e-02
3.790000000000000036e+00 1.415698111051722635e-02
3.799999999999999822e+00 1.415698111051735993e-02
3.810000000000000053e+00 1.415698111051751605e-02
3.819999999999999840e+00 1.415698111051768952e-02
3.830000000000000071e+00 1.415698111051788034e-02
3.839999999999999858e+00 1.415698111051808851e-02
3.850000000000000089e+00 1.415698111051833311e-02
3.859999999999999876e+00 1.415698111051861066e-02
3.870000000000000107e+00 1.415698111051892638e-02
3.879999999999999893e+00 1.415698111051926812e-02
3.890000000000000124e+00 1.415698111051960466e-02
3.899999999999999911e+00 1.415698111051991170e-02
3.910000000000000142e+00 1.415698111052014589e-02
3.919999999999999929e+00 1.415698111052027079e-02
3.930000000000000160e+00 1.415698111052026732e-02
3.939999999999999947e+00 1.415698111052012161e-02
3.950000000000000178e+00 1.415698111051983711e-02
3.959999999999999964e+00 1.415698111051943986e-02
3.970000000000000195e+00 1.415698111051896108e-02
3.979999999999999982e+00 1.415698111051844239e-02
3.990000000000000213e+00 1.415698111051792024e-02
4.000000000000000000e+00 1.415698111051741717e-02
4.009999999999999787e+00 1.415698111051695053e-02
4.019999999999999574e+00 1.415698111051653593e-02
4.030000000000000249e+00 1.415698111051616991e-02
4.040000000000000036e+00 1.415698111051585939e-02
4.049999999999999822e+00 1.415698111051560439e-02
4.059999999999999609e+00 1.415698111051539969e-02
4.070000000000000284e+00 1.415698111051524183e-02
4.080000000000000071e+00 1.415698111051512213e-02
4.089999999999999858e+00 1.415698111051503540e-02
4.099999999999999645e+00 1.415698111051496948e-02
4.110000000000000320e+00 1.415698111051491917e-02
4.120000000000000107e+00 1.415698111051488101e-02
4.129999999999999893e+00 1.415698111051485325e-02
4.139999999999999680e+00 1.415698111051482896e-02
4.150000000000000355e+00 1.415698111051480641e-02
4.160000000000000142e+00 1.415698111051479080e-02
4.169999999999999929e+00 1.415698111051477866e-02
4.179999999999999716e+00 1.415698111051476825e-02
4.190000000000000391e+00 1.415698111051475958e-02
4.200000000000000178e+00 1.415698111051475611e-02
4.209999999999999964e+00 1.415698111051475264e-02
4.219999999999999751e+00 1.415698111051475090e-02
4.230000000000000426e+00 1.415698111051475090e-02
4.240000000000000213e+00 1.415698111051474743e-02
4.250000000000000000e+00 1.415698111051474743e-02
4.259999999999999787e+00 1.415698111051474743e-02
4.269999999999999574e+00 1.415698111051474743e-02
4.280000000000000249e+00 1.415698111051474743e-02
4.290000000000000036e+00 1.415698111051474743e-02
4.299999999999999822e+00 1.415698111051474743e-02
4.309999999999999609e+00 1.415698111051474743e-02
4.320000000000000284e+00 1.415698111051474743e-02
4.330000000000000071e+00 1.415698111051474743e-02
4.339999999999999858e+00 1.415698111051474743e-02
4.349999999999999645e+00 1.415698111051474743e-02
4.360000000000000320e+00 1.415698111051474743e-02
4.370000000000000107e+00 1.415698111051474743e-02
4.379999999999999893e+00 1.415698111051474743e-02
4.389999999999999680e+00 1.415698111051474743e-02
4.400000000000000355e+00 1.415698111051474743e-02
4.410000000000000142e+00 1.415698111051474743e-02
4.419999999999999929e+00 1.415698111051474743e-02
4.429999999999999716e+00 1.415698111051474743e-02
4.440000000000000391e+00 1.415698111051474743e-02
4.450000000000000178e+00 1.415698111051474743e-02
4.459999999999999964e+00 1.415698111051474743e-02
4.469999999999999751e+00 1.415698111051474743e-02
4.480000000000000426e+00 1.415698111051474743e-02
4.490000000000000213e+00 1.415698111051474743e-02
4.500000000000000000e+00 1.415698111051474743e-02
4.509999999999999787e+00 1.415698111051474743e-02
4.519999999999999574e+00 1.415698111051474743e-02
4.530000000000000249e+00 1.415698111051474743e-02
4.540000000000000036e+00 1.415698111051474743e-02
4.549999999999999822e+00 1.415698111051474743e-02
4.559999999999999609e+00 1.415698111051474743e-02
4.570000000000000284e+00 1.415698111051474743e-02
4.580000000000000071e+00 1.415698111051474743e-02
4.589999999999999858e+00 1.415698111051474743e-02
4.599999999999999645e+00 1.415698111051474743e-02
4.610000000000000320e+00 1.415698111051474743e-02
4.620000000000000107e+00 1.415698111051474743e-02
4.629999999999999893e+00 1.415698111051474743e-02
4.639999999999999680e+00 1.415698111051474743e-02
4.650000000000000355e+00 1.415698111051474743e-02
4.660000000000000142e+00 1.415698111051474743e-02
4.669999999999999929e+00 1.415698111051474743e-02
4.679999999999999716e+00 1.415698111051474743e-02
4.690000000000000391e+00 1.415698111051474743e-02
4.700000000000000178e+00 1.415698111051474743e-02
4.709999999999999964e+00 1.415698111051474743e-02
4.719999999999999751e+00 1.415698111051474743e-02
4.730000000000000426e+00 1.415698111051474743e-02
4.740000000000000213e+00 1.415698111051474743e-02
4.750000000000000000e+00 1.415698111051474743e-02
4.759999999999999787e+00 1.415698111051474743e-02
4.769999999999999574e+00 1.415698111051474743e-02
4.780000000000000249e+00 1.415698111051474743e-02
4.790000000000000036e+00 1.415698111051474743e-02
4.799999999999999822e+00 1.415698111051474743e-02
4.809999999999999609e+00 1.415698111051474743e-02
4.820000000000000284e+00 1.415698111051474743e-02
4.830000000000000071e+00 1.415698111051474743e-02
4.839999999999999858e+00 1.415698111051474743e-02
4.849999999999999645e+00 1.415698111051474743e-02
4.860000000000000320e+00 1.415698111051474743e-02
4.870000000000000107e+00 1.415698111051474743e-02
4.879999999999999893e+00 1.415698111051474743e-02
4.889999999999999680e+00 1.415698111051474743e-02
4.900000000000000355e+00 1.415698111051474743e-02
4.910000000000000142e+00 1.415698111051474743e-02
4.919999999999999929e+00 1.415698111051474743e-02
4.929999999999999716e+00 1.415698111051474743e-02
4.940000000000000391e+00 1.415698111051474743e-02
4.950000000000000178e+00 1.415698111051474743e-02
4.959999999999999964e+00 1.415698111051474743e-02
4.969999999999999751e+00 1.415698111051474743e-02
4.980000000000000426e+00 1.415698111051474743e-02
4.990000000000000213e+00 1.415698111051474743e-02
5.000000000000000000e+00 1.415698111051474743e-02
5.009999999999999787e+00 1.415698111051474743e-02
5.019999999999999574e+00 1.415698111051474743e-02
5.030000000000000249e+00 1.415698111051474743e-02
5.040000000000000036e+00 1.415698111051474743e-02
5.049999999999999822e+00 1.415698111051474743e-02
5.059999999999999609e+00 1.415698111051474743e-02
5.070000000000000284e+00 1.415698111051474743e-02
5.080000000000000071e+00 1.415698111051474743e-02
5.089999999999999858e+00 1.415698111051474743e-02
5.099999999999999645e+00 1.415698111051474743e-02
5.110000000000000320e+00 1.415698111051474743e-02
5.120000000000000107e+00 1.415698111051474743e-02
5.129999999999999893e+00 1.415698111051474743e-02
5.139999999999999680e+00 1.415698111051474743e-02
5.150000000000000355e+00 1.415698111051474743e-02
5.160000000000000142e+00 1.415698111051474743e-02
5.169999999999999929e+00 1.415698111051474743e-02
5.179999999999999716e+00 1.415698111051474743e-02
5.190000000000000391e+00 1.415698111051474743e-02
5.200000000000000178e+00 1.415698111051474743e-02
5.209999999999999964e+00 1.415698111051474743e-02
5.219999999999999751e+00 1.415698111051474743e-02
5.230000000000000426e+00 1.415698111051474743e-02
5.240000000000000213e+00 1.415698111051474743e-02
5.250000000000000000e+00 1.415698111051474743e-02
5.259999999999999787e+00 1.415698111051474743e-02
5.269999999999999574e+00 1.415698111051474743e-02
5.280000000000000249e+00 1.415698111051474743e-02
5.290000000000000036e+00 1.415698111051474743e-02
5.299999999999999822e+00 1.415698111051474743e-02
5.309999999999999609e+00 1.415698111051474743e-02
5.320000000000000284e+00 1.415698111051474743e-02
5.330000000000000071e+00 1.415698111051474743e-02
5.339999999999999858e+00 1.415698111051474743e-02
5.349999999999999645e+00 1.415698111051474743e-02
5.360000000000000320e+00 1.415698111051474743e-02
5.370000000000000107e+00 1.415698111051474743e-02
5.379999999999999893e+00 1.415698111051474743e-02
5.389999999999999680e+00 1.415698111051474743e-02
5.400000000000000355e+00 1.415698111051474743e-02
5.410000000000000142e+00 1.415698111051474743e-02
5.419999999999999929e+00 1.415698111051474743e-02
5.429999999999999716e+00 1.415698111051474743e-02
5.440000000000000391e+00 1.415698111051474743e-02
5.450000000000000178e+00 1.415698111051474743e-02
5.459999999999999964e+00 1.415698111051474743e-02
5.469999999999999751e+00 1.415698111051474743e-02
5.480000000000000426e+00 1.415698111051474743e-02
5.490000000000000213e+00 1.415698111051474743e-02
5.500000000000000000e+00 1.415698111051474743e-02
5.509999999999999787e+00 1.415698111051474743e-02
5.519999999999999574e+00 1.415698111051474743e-02
5.530000000000000249e+00 1.415698111051474743e-02
5.540000000000000036e+00 1.415698111051474743e-02
5.549999999999999822e+00 1.415698111051474743e-02
5.559999999999999609e+00 1.415698111051474743e-02
5.570000000000000284e+00 1.415698111051474743e-02
5.580000000000000071e+00 1.415698111051474743e-02
5.589999999999999858e+00 1.415698111051474743e-02
5.599999999999999645e+00 1.415698111051474743e-02
5.610000000000000320e+00 1.415698111051474743e-02
5.620000000000000107e+00 1.415698111051474743e-02
5.629999999999999893e+00 1.415698111051474743e-02
5.639999999999999680e+00 1.415698111051474743e-02
5.650000000000000355e+00 1.415698111051474743e-02
5.660000000000000142e+00 1.415698111051474743e-02
5.669999999999999929e+00 1.415698111051474743e-02
5.679999999999999716e+00 1.415698111051474743e-02
5.690000000000000391e+00 1.415698111051474743e-02
5.700000000000000178e+00 1.415698111051474743e-02
5.709999999999999964e+00 1.415698111051474743e-02
5.719999999999999751e+00 1.415698111051474743e-02
5.730000000000000426e+00 1.415698111051474743e-02
5.740000000000000213e+00 1.415698111051474743e-02
5.750000000000000000e+00 1.415698111051474743e-02
5.759999999999999787e+00 1.415698111051474743e-02
5.769999999999999574e+00 1.415698111051474743e-02
5.780000000000000249e+00 1.415698111051474743e-02
5.790000000000000036e+00 1.415698111051474743e-02
5.799999999999999822e+00 1.415698111051474743e-02
5.809999999999999609e+00 1.415698111051474743e-02
5.820000000000000284e+00 1.415698111051474743e-02
5.830000000000000071e+00 1.415698111051474743e-02
5.839999999999999858e+00 1.415698111051474743e-02
5.849999999999999645e+00 1.415698111051474743e-02
5.860000000000000320e+00 1.415698111051474743e-02
5.870000000000000107e+00 1.415698111051474743e-02
5.879999999999999893e+00 1.415698111051474743e-02
5.889999999999999680e+00 1.415698111051474743e-02
5.900000000000000355e+00 1.415698111051474743e-02
5.910000000000000142e+00 1.415698111051474743e-02
5.919999999999999929e+00 1.415698111051474743e-02
5.929999999999999716e+00 1.415698111051474743e-02
5.940000000000000391e+00 1.415698111051474743e-02
5.950000000000000178e+00 1.415698111051474743e-02
5.959999999999999964e+00 1.415698111051474743e-02
5.969999999999999751e+00 1.415698111051474743e-02
5.980000000000000426e+00 1.415698111051474743e-02
5.990000000000000213e+00 1.415698111051474743e-02
6.000000000000000000e+00 1.415698111051474743e-02
6.200000000000000178e+00 1.415698111051474743e-02
6.400000000000000355e+00 1.415698111051474743e-02
6.599999999999999645e+00 1.415698111051474743e-02
6.799999999999999822e+00 1.415698111051474743e-02
7.000000000000000000e+00 0.000000000000000000e+00
