0.000000000000000000e+00 0.000000000000000000e+00
1.000000000000000021e-02 1.415698111051474396e-02
2.000000000000000042e-02 1.415698111051474396e-02
2.999999999999999889e-02 1.415698111051474396e-02
4.000000000000000083e-02 1.415698111051474396e-02
5.000000000000000278e-02 1.415698111051474396e-02
5.999999999999999778e-02 1.415698111051474396e-02
7.000000000000000666e-02 1.415698111051474396e-02
8.000000000000000167e-02 1.415698111051474396e-02
8.999999999999999667e-02 1.415698111051474396e-02
1.000000000000000056e-01 1.415698111051474396e-02
1.100000000000000006e-01 1.415698111051474396e-02
1.199999999999999956e-01 1.415698111051474396e-02
1.300000000000000044e-01 1.415698111051474396e-02
1.400000000000000133e-01 1.415698111051474396e-02
1.499999999999999944e-01 1.415698111051474396e-02
1.600000000000000033e-01 1.415698111051474396e-02
1.700000000000000122e-01 1.415698111051474396e-02
1.799999999999999933e-01 1.415698111051474396e-02
1.900000000000000022e-01 1.415698111051474396e-02
2.000000000000000111e-01 1.415698111051474396e-02
2.099999999999999922e-01 1.415698111051474396e-02
2.200000000000000011e-01 1.415698111051474396e-02
2.300000000000000100e-01 1.415698111051474396e-02
2.399999999999999911e-01 1.415698111051474396e-02
2.500000000000000000e-01 1.415698111051474396e-02
2.600000000000000089e-01 1.415698111051474396e-02
2.700000000000000178e-01 1.415698111051474396e-02
2.800000000000000266e-01 1.415698111051474396e-02
2.899999999999999800e-01 1.415698111051474396e-02
2.999999999999999889e-01 1.415698111051474396e-02
3.099999999999999978e-01 1.415698111051474396e-02
3.200000000000000067e-01 1.415698111051474396e-02
3.300000000000000155e-01 1.415698111051474396e-02
3.400000000000000244e-01 1.415698111051474396e-02
3.499999999999999778e-01 1.415698111051474396e-02
3.599999999999999867e-01 1.415698111051474396e-02
3.699999999999999956e-01 1.415698111051474396e-02
3.800000000000000044e-01 1.415698111051474396e-02
3.900000000000000133e-01 1.415698111051474396e-02
4.000000000000000222e-01 1.415698111051474396e-02
4.099999999999999756e-01 1.415698111051474396e-02
4.199999999999999845e-01 1.415698111051474396e-02
4.299999999999999933e-01 1.415698111051474396e-02
4.400000000000000022e-01 1.415698111051474396e-02
4.500000000000000111e-01 1.415698111051474396e-02
4.600000000000000200e-01 1.415698111051474396e-02
4.699999999999999734e-01 1.415698111051474396e-02
4.799999999999999822e-01 1.415698111051474396e-02
4.899999999999999911e-01 1.415698111051474396e-02
5.000000000000000000e-01 1.415698111051474396e-02
5.100000000000000089e-01 1.415698111051474396e-02
5.200000000000000178e-01 1.415698111051474396e-02
5.300000000000000266e-01 1.415698111051474396e-02
5.400000000000000355e-01 1.415698111051474396e-02
5.500000000000000444e-01 1.415698111051474396e-02
5.600000000000000533e-01 1.415698111051474396e-02
5.699999999999999512e-01 1.415698111051474396e-02
5.799999999999999600e-01 1.415698111051474396e-02
5.899999999999999689e-01 1.415698111051474396e-02
5.999999999999999778e-01 1.415698111051475090e-02
6.099999999999999867e-01 1.415698111051480294e-02
6.199999999999999956e-01 1.415698111051519152e-02
6.300000000000000044e-01 1.415698111051783524e-02
6.400000000000000133e-01 1.415698111053483553e-02
6.500000000000000222e-01 1.415698111063717207e-02
6.600000000000000311e-01 1.415698111121532592e-02
6.700000000000000400e-01 1.415698111429137228e-02
6.800000000000000488e-01 1.415698112980272837e-02
6.899999999999999467e-01 1.415698120465463603e-02
6.999999999999999556e-01 1.415698155475840318e-02
7.099999999999999645e-01 1.415698316333763133e-02
7.199999999999999734e-01 1.415699048516675003e-02
7.299999999999999822e-01 1.415702343707865053e-02
7.399999999999999911e-01 1.415716820771773660e-02
7.500000000000000000e-01 1.415777795854958852e-02
7.600000000000000089e-01 1.416019872550711503e-02
7.700000000000000178e-01 1.416914888835555178e-02
7.800000000000000266e-01 1.419975803870551431e-02
7.900000000000000355e-01 1.429635142850869435e-02
8.000000000000000444e-01 1.457773698989861706e-02
8.100000000000000533e-01 1.533586895568106977e-02
8.199999999999999512e-01 1.722915560765976226e-02
8.299999999999999600e-01 2.161779719646692716e-02
8.399999999999999689e-01 3.106079494030910063e-02
8.499999999999999778e-01 4.989537218254162798e-02
8.599999999999999867e-01 8.463493869604007958e-02
8.699999999999999956e-01 1.437264942826256275e-01
8.800000000000000044e-01 2.361978291363796278e-01
8.900000000000000133e-01 3.690910993959792274e-01
9.000000000000000222e-01 5.442470832144612469e-01
9.100000000000000311e-01 7.555339445764740480e-01
9.200000000000000400e-01 9.875863873192480824e-01
9.300000000000000488e-01 1.216676994015240654e+00
9.399999999999999467e-01 1.414024110340383444e+00
9.499999999999999556e-01 1.551703421868027455e+00
9.599999999999999645e-01 1.610628292270106732e+00
9.699999999999999734e-01 1.588312984997761523e+00
9.799999999999999822e-01 1.502337127924463722e+00
9.899999999999999911e-01 1.385801982563465318e+00
1.000000000000000000e+00 1.274970133051387844e+00
1.010000000000000009e+00 1.194833010085662783e+00
1.020000000000000018e+00 1.150788418735551932e+00
1.030000000000000027e+00 1.130910826864642171e+00
1.040000000000000036e+00 1.116327491931800475e+00
1.050000000000000044e+00 1.092929222516385357e+00
1.060000000000000053e+00 1.058462052568553302e+00
1.070000000000000062e+00 1.022655627013655533e+00
1.080000000000000071e+00 1.001778858658169291e+00
1.090000000000000080e+00 1.011693096187072705e+00
1.100000000000000089e+00 1.063684257884963236e+00
1.110000000000000098e+00 1.164194484412774955e+00
1.120000000000000107e+00 1.315541253413969880e+00
1.129999999999999893e+00 1.514347574541016428e+00
1.139999999999999902e+00 1.748621644743638459e+00
1.149999999999999911e+00 1.998265147204882464e+00
1.159999999999999920e+00 2.241786012509284109e+00
1.169999999999999929e+00 2.465243103494628940e+00
1.179999999999999938e+00 2.665453794900814799e+00
1.189999999999999947e+00 2.843870494942529970e+00
1.199999999999999956e+00 2.996841860637095678e+00
1.209999999999999964e+00 3.112460759138478306e+00
1.219999999999999973e+00 3.178263033691581807e+00
1.229999999999999982e+00 3.192932057764008125e+00
1.239999999999999991e+00 3.170026276511279661e+00
1.250000000000000000e+00 3.128261469337183520e+00
1.260000000000000009e+00 3.075432915166733228e+00
1.270000000000000018e+00 2.999826306304679502e+00
1.280000000000000027e+00 2.877171497543957290e+00
1.290000000000000036e+00 2.688138472634391984e+00
1.300000000000000044e+00 2.433198402317619191e+00
1.310000000000000053e+00 2.134864036879096538e+00
1.320000000000000062e+00 1.827399277961381685e+00
1.330000000000000071e+00 1.542098019435671041e+00
1.340000000000000080e+00 1.297178382896397419e+00
1.350000000000000089e+00 1.096376020340500634e+00
1.360000000000000098e+00 9.341729917434933306e-01
1.370000000000000107e+00 8.025890125463964742e-01
1.379999999999999893e+00 6.954726106185141754e-01
1.389999999999999902e+00 6.090934062051962528e-01
1.399999999999999911e+00 5.402915817593361147e-01
1.409999999999999920e+00 4.845717812233357180e-01
1.419999999999999929e+00 4.360354113096137629e-01
1.429999999999999938e+00 3.892005515305765884e-01
1.439999999999999947e+00 3.410437355874173515e-01
1.449999999999999956e+00 2.916039252124948411e-01
1.459999999999999964e+00 2.429874273722932021e-01
1.469999999999999973e+00 1.978560657836323788e-01
1.479999999999999982e+00 1.583975269469468095e-01
1.489999999999999991e+00 1.259425896951080759e-01
1.500000000000000000e+00 1.008875350163603579e-01
1.510000000000000009e+00 8.269732272586831356e-02
1.520000000000000018e+00 7.004971564951517626e-02
1.530000000000000027e+00 6.120877433781892613e-02
1.540000000000000036e+00 5.452383555402032927e-02
1.550000000000000044e+00 4.881969760779283907e-02
1.560000000000000053e+00 4.351779363004519563e-02
1.570000000000000062e+00 3.850780356661052256e-02
1.580000000000000071e+00 3.391166971954085591e-02
1.590000000000000080e+00 2.988375981568503620e-02
1.600000000000000089e+00 2.651220558982476591e-02
1.610000000000000098e+00 2.380323204248939450e-02
1.620000000000000107e+00 2.169835705790948768e-02
1.629999999999999893e+00 2.009503752437192398e-02
1.639999999999999902e+00 1.887028037379720469e-02
1.649999999999999911e+00 1.790938411751469631e-02
1.659999999999999920e+00 1.712904763565275060e-02
1.669999999999999929e+00 1.648276084246935377e-02
1.679999999999999938e+00 1.594964524729962016e-02
1.689999999999999947e+00 1.551858601023403499e-02
1.699999999999999956e+00 1.517798439675832091e-02
1.709999999999999964e+00 1.491344259358647409e-02
1.719999999999999973e+00 1.470995523074525649e-02
1.729999999999999982e+00 1.455447703323845508e-02
1.739999999999999991e+00 1.443688277460403006e-02
1.750000000000000000e+00 1.434948640950928743e-02
1.760000000000000009e+00 1.428612528985063676e-02
1.770000000000000018e+00 1.424154111846943384e-02
1.780000000000000027e+00 1.421119329493246951e-02
1.790000000000000036e+00 1.419129066226501243e-02
1.800000000000000044e+00 1.417881659236358560e-02
1.810000000000000053e+00 1.417146501788899872e-02
1.820000000000000062e+00 1.416751824456550027e-02
1.830000000000000071e+00 1.416572365436449300e-02
1.840000000000000080e+00 1.416520082640907244e-02
1.850000000000000089e+00 1.416537893077185473e-02
1.860000000000000098e+00 1.416594385157009250e-02
1.870000000000000107e+00 1.416676948369142985e-02
1.879999999999999893e+00 1.416782461121932936e-02
1.889999999999999902e+00 1.416907853744812755e-02
1.899999999999999911e+00 1.417044486646985325e-02
1.909999999999999920e+00 1.417178257428782125e-02
1.919999999999999929e+00 1.417293596929943521e-02
1.929999999999999938e+00 1.417377721497195021e-02
1.939999999999999947e+00 1.417422749475190716e-02
1.949999999999999956e+00 1.417425575665671664e-02
1.959999999999999964e+00 1.417386671616204658e-02
1.969999999999999973e+00 1.417308934321859053e-02
1.979999999999999982e+00 1.417197084867173433e-02
1.989999999999999991e+00 1.417057555811956394e-02
2.000000000000000000e+00 1.416898533910983075e-02
2.009999999999999787e+00 1.416729845664233510e-02
2.020000000000000018e+00 1.416562544384275535e-02
2.029999999999999805e+00 1.416408153146048524e-02
2.040000000000000036e+00 1.416277453764086709e-02
2.049999999999999822e+00 1.416178730896940768e-02
2.060000000000000053e+00 1.416115806793965051e-02
2.069999999999999840e+00 1.416086853213240244e-02
2.080000000000000071e+00 1.416085047279805852e-02
2.089999999999999858e+00 1.416101136594405570e-02
2.100000000000000089e+00 1.416126579845627259e-02
2.109999999999999876e+00 1.416155483113034838e-02
2.120000000000000107e+00 1.416184541529462784e-02
2.129999999999999893e+00 1.416211678656418942e-02
2.140000000000000124e+00 1.416234760648172122e-02
2.149999999999999911e+00 1.416251269893852895e-02
2.160000000000000142e+00 1.416258814736720030e-02
2.169999999999999929e+00 1.416255749277934434e-02
2.180000000000000160e+00 1.416241370692015306e-02
2.189999999999999947e+00 1.416215777679758099e-02
2.200000000000000178e+00 1.416179808178821137e-02
2.209999999999999964e+00 1.416135221359871368e-02
2.220000000000000195e+00 1.416084830295748394e-02
2.229999999999999982e+00 1.416032200277891374e-02
2.240000000000000213e+00 1.415980893757588094e-02
2.250000000000000000e+00 1.415933645661567215e-02
2.259999999999999787e+00 1.415891906744139520e-02
2.270000000000000018e+00 1.415855919283218363e-02
2.279999999999999805e+00 1.415825171229582492e-02
2.290000000000000036e+00 1.415798929033697598e-02
2.299999999999999822e+00 1.415776601541538990e-02
2.310000000000000053e+00 1.415757845430954016e-02
2.319999999999999840e+00 1.415742475223988675e-02
2.330000000000000071e+00 1.415730311307658931e-02
2.339999999999999858e+00 1.415721074444622508e-02
2.350000000000000089e+00 1.415714362736177935e-02
2.359999999999999876e+00 1.415709689590764243e-02
2.370000000000000107e+00 1.415706545901253798e-02
2.379999999999999893e+00 1.415704461012100984e-02
2.390000000000000124e+00 1.415703049317550491e-02
2.399999999999999911e+00 1.415702033938979684e-02
2.410000000000000142e+00 1.415701243608538142e-02
2.419999999999999929e+00 1.415700588704645740e-02
2.430000000000000160e+00 1.415700030509025459e-02
2.439999999999999947e+00 1.415699556139194716e-02
2.450000000000000178e+00 1.415699163000731092e-02
2.459999999999999964e+00 1.415698850164550174e-02
2.470000000000000195e+00 1.415698613638799973e-02
2.479999999999999982e+00 1.415698444585890281e-02
2.490000000000000213e+00 1.415698330233051278e-02
2.500000000000000000e+00 1.415698256422001818e-02
2.509999999999999787e+00 1.415698210206164410e-02
2.520000000000000018e+00 1.415698181398346994e-02
2.529999999999999805e+00 1.415698162904544845e-02
2.540000000000000036e+00 1.415698150276711170e-02
2.549999999999999822e+00 1.415698140989256164e-02
2.560000000000000053e+00 1.415698133749142447e-02
2.569999999999999840e+00 1.415698127958693250e-02
2.580000000000000071e+00 1.415698123350148802e-02
2.589999999999999858e+00 1.415698119771346269e-02
2.600000000000000089e+00 1.415698117085354042e-02
2.609999999999999876e+00 1.415698115141993466e-02
2.620000000000000107e+00 1.415698113784370597e-02
2.629999999999999893e+00 1.415698112865047473e-02
2.640000000000000124e+00 1.415698112258753812e-02
2.649999999999999911e+00 1.415698111867690588e-02
2.660000000000000142e+00 1.415698111620435767e-02
2.669999999999999929e+00 1.415698111467141203e-02
2.680000000000000160e+00 1.415698111373695466e-02
2.689999999999999947e+00 1.415698111316736341e-02
2.700000000000000178e+00 1.415698111280265688e-02
2.709999999999999964e+00 1.415698111253623458e-02
2.720000000000000195e+00 1.415698111230207466e-02
2.729999999999999982e+00 1.415698111206537858e-02
2.740000000000000213e+00 1.415698111181516554e-02
2.750000000000000000e+00 1.415698111155792339e-02
2.759999999999999787e+00 1.415698111131068193e-02
2.770000000000000018e+00 1.415698111109313546e-02
2.779999999999999805e+00 1.415698111092015751e-02
2.790000000000000036e+00 1.415698111079701123e-02
2.799999999999999822e+00 1.415698111071859826e-02
2.810000000000000053e+00 1.415698111067245114e-02
2.819999999999999840e+00 1.415698111064393055e-02
2.830000000000000071e+00 1.415698111062129762e-02
2.839999999999999858e+00 1.415698111059859356e-02
2.850000000000000089e+00 1.415698111057539683e-02
2.859999999999999876e+00 1.415698111055423321e-02
2.870000000000000107e+00 1.415698111053763364e-02
2.879999999999999893e+00 1.415698111052649151e-02
2.890000000000000124e+00 1.415698111052006263e-02
2.899999999999999911e+00 1.415698111051686033e-02
2.910000000000000142e+00 1.415698111051548122e-02
2.919999999999999929e+00 1.415698111051496948e-02
2.930000000000000160e+00 1.415698111051480294e-02
2.939999999999999947e+00 1.415698111051475611e-02
2.950000000000000178e+00 1.415698111051474743e-02
2.959999999999999964e+00 1.415698111051474396e-02
2.970000000000000195e+00 1.415698111051474396e-02
2.979999999999999982e+00 1.415698111051474396e-02
2.990000000000000213e+00 1.415698111051474396e-02
3.000000000000000000e+00 1.415698111051474396e-02
3.009999999999999787e+00 1.415698111051474396e-02
3.020000000000000018e+00 1.415698111051474396e-02
3.029999999999999805e+00 1.415698111051474396e-02
3.040000000000000036e+00 1.415698111051474396e-02
3.049999999999999822e+00 1.415698111051474396e-02
3.060000000000000053e+00 1.415698111051474396e-02
3.069999999999999840e+00 1.415698111051474396e-02
3.080000000000000071e+00 1.415698111051474396e-02
3.089999999999999858e+00 1.415698111051474396e-02
3.100000000000000089e+00 1.415698111051474396e-02
3.109999999999999876e+00 1.415698111051474396e-02
3.120000000000000107e+00 1.415698111051474396e-02
3.129999999999999893e+00 1.415698111051474396e-02
3.140000000000000124e+00 1.415698111051474396e-02
3.149999999999999911e+00 1.415698111051474396e-02
3.160000000000000142e+00 1.415698111051474396e-02
3.169999999999999929e+00 1.415698111051474396e-02
3.180000000000000160e+00 1.415698111051474396e-02
3.189999999999999947e+00 1.415698111051474396e-02
3.200000000000000178e+00 1.415698111051474396e-02
3.209999999999999964e+00 1.415698111051474396e-02
3.220000000000000195e+00 1.415698111051474396e-02
3.229999999999999982e+00 1.415698111051474396e-02
3.240000000000000213e+00 1.415698111051474396e-02
3.250000000000000000e+00 1.415698111051474396e-02
3.259999999999999787e+00 1.415698111051474396e-02
3.270000000000000018e+00 1.415698111051474396e-02
3.279999999999999805e+00 1.415698111051474396e-02
3.290000000000000036e+00 1.415698111051474396e-02
3.299999999999999822e+00 1.415698111051474396e-02
3.310000000000000053e+00 1.415698111051474396e-02
3.319999999999999840e+00 1.415698111051474396e-02
3.330000000000000071e+00 1.415698111051474396e-02
3.339999999999999858e+00 1.415698111051474396e-02
3.350000000000000089e+00 1.415698111051474396e-02
3.359999999999999876e+00 1.415698111051474396e-02
3.370000000000000107e+00 1.415698111051474396e-02
3.379999999999999893e+00 1.415698111051474396e-02
3.390000000000000124e+00 1.415698111051474396e-02
3.399999999999999911e+00 1.415698111051474396e-02
3.410000000000000142e+00 1.415698111051474396e-02
3.419999999999999929e+00 1.415698111051474396e-02
3.430000000000000160e+00 1.415698111051474396e-02
3.439999999999999947e+00 1.415698111051474396e-02
3.450000000000000178e+00 1.415698111051474396e-02
3.459999999999999964e+00 1.415698111051474396e-02
3.470000000000000195e+00 1.415698111051474396e-02
3.479999999999999982e+00 1.415698111051474396e-02
3.490000000000000213e+00 1.415698111051474396e-02
3.500000000000000000e+00 1.415698111051474396e-02
3.509999999999999787e+00 1.415698111051474396e-02
3.520000000000000018e+00 1.415698111051474396e-02
3.529999999999999805e+00 1.415698111051474396e-02
3.540000000000000036e+00 1.415698111051474396e-02
3.549999999999999822e+00 1.415698111051474396e-02
3.560000000000000053e+00 1.415698111051474396e-02
3.569999999999999840e+00 1.415698111051474396e-02
3.580000000000000071e+00 1.415698111051474396e-02
3.589999999999999858e+00 1.415698111051474396e-02
3.600000000000000089e+00 1.415698111051474396e-02
3.609999999999999876e+00 1.415698111051474396e-02
3.620000000000000107e+00 1.415698111051474396e-02
3.629999999999999893e+00 1.415698111051474396e-02
3.640000000000000124e+00 1.415698111051474396e-02
3.649999999999999911e+00 1.415698111051474396e-02
3.660000000000000142e+00 1.415698111051474396e-02
3.669999999999999929e+00 1.415698111051474396e-02
3.680000000000000160e+00 1.415698111051474396e-02
3.689999999999999947e+00 1.415698111051474396e-02
3.700000000000000178e+00 1.415698111051474396e-02
3.709999999999999964e+00 1.415698111051474396e-02
3.720000000000000195e+00 1.415698111051474396e-02
3.729999999999999982e+00 1.415698111051474396e-02
3.740000000000000213e+00 1.415698111051474396e-02
3.750000000000000000e+00 1.415698111051474396e-02
3.759999999999999787e+00 1.415698111051474396e-02
3.770000000000000018e+00 1.415698111051474396e-02
3.779999999999999805e+00 1.415698111051474396e-02
3.790000000000000036e+00 1.415698111051474396e-02
3.799999999999999822e+00 1.415698111051474396e-02
3.810000000000000053e+00 1.415698111051474396e-02
3.819999999999999840e+00 1.415698111051474396e-02
3.830000000000000071e+00 1.415698111051474396e-02
3.839999999999999858e+00 1.415698111051474396e-02
3.850000000000000089e+00 1.415698111051474396e-02
3.859999999999999876e+00 1.415698111051474396e-02
3.870000000000000107e+00 1.415698111051474396e-02
3.879999999999999893e+00 1.415698111051474396e-02
3.890000000000000124e+00 1.415698111051474396e-02
3.899999999999999911e+00 1.415698111051474396e-02
3.910000000000000142e+00 1.415698111051474396e-02
3.919999999999999929e+00 1.415698111051474396e-02
3.930000000000000160e+00 1.415698111051474396e-02
3.939999999999999947e+00 1.415698111051474396e-02
3.950000000000000178e+00 1.415698111051474396e-02
3.959999999999999964e+00 1.415698111051474396e-02
3.970000000000000195e+00 1.415698111051474396e-02
3.979999999999999982e+00 1.415698111051474396e-02
3.990000000000000213e+00 1.415698111051474396e-02
4.000000000000000000e+00 1.415698111051474396e-02
4.009999999999999787e+00 1.415698111051474396e-02
4.019999999999999574e+00 1.415698111051474396e-02
4.030000000000000249e+00 1.415698111051474396e-02
4.040000000000000036e+00 1.415698111051474396e-02
4.049999999999999822e+00 1.415698111051474396e-02
4.059999999999999609e+00 1.415698111051474396e-02
4.070000000000000284e+00 1.415698111051474396e-02
4.080000000000000071e+00 1.415698111051474396e-02
4.089999999999999858e+00 1.415698111051474396e-02
4.099999999999999645e+00 1.415698111051474396e-02
4.110000000000000320e+00 1.415698111051474396e-02
4.120000000000000107e+00 1.415698111051474396e-02
4.129999999999999893e+00 1.415698111051474396e-02
4.139999999999999680e+00 1.415698111051474396e-02
4.150000000000000355e+00 1.415698111051474396e-02
4.160000000000000142e+00 1.415698111051474396e-02
4.169999999999999929e+00 1.415698111051474396e-02
4.179999999999999716e+00 1.415698111051474396e-02
4.190000000000000391e+00 1.415698111051474396e-02
4.200000000000000178e+00 1.415698111051474396e-02
4.209999999999999964e+00 1.415698111051474396e-02
4.219999999999999751e+00 1.415698111051474396e-02
4.230000000000000426e+00 1.415698111051474396e-02
4.240000000000000213e+00 1.415698111051474396e-02
4.250000000000000000e+00 1.415698111051474396e-02
4.259999999999999787e+00 1.415698111051474396e-02
4.269999999999999574e+00 1.415698111051474396e-02
4.280000000000000249e+00 1.415698111051474396e-02
4.290000000000000036e+00 1.415698111051474396e-02
4.299999999999999822e+00 1.415698111051474396e-02
4.309999999999999609e+00 1.415698111051474396e-02
4.320000000000000284e+00 1.415698111051474396e-02
4.330000000000000071e+00 1.415698111051474396e-02
4.339999999999999858e+00 1.415698111051474396e-02
4.349999999999999645e+00 1.415698111051474396e-02
4.360000000000000320e+00 1.415698111051474396e-02
4.370000000000000107e+00 1.415698111051474396e-02
4.379999999999999893e+00 1.415698111051474396e-02
4.389999999999999680e+00 1.415698111051474396e-02
4.400000000000000355e+00 1.415698111051474396e-02
4.410000000000000142e+00 1.415698111051474396e-02
4.419999999999999929e+00 1.415698111051474396e-02
4.429999999999999716e+00 1.415698111051474396e-02
4.440000000000000391e+00 1.415698111051474396e-02
4.450000000000000178e+00 1.415698111051474396e-02
4.459999999999999964e+00 1.415698111051474396e-02
4.469999999999999751e+00 1.415698111051474396e-02
4.480000000000000426e+00 1.415698111051474396e-02
4.490000000000000213e+00 1.415698111051474396e-02
4.500000000000000000e+00 1.415698111051474396e-02
4.509999999999999787e+00 1.415698111051474396e-02
4.519999999999999574e+00 1.415698111051474396e-02
4.530000000000000249e+00 1.415698111051474396e-02
4.540000000000000036e+00 1.415698111051474396e-02
4.549999999999999822e+00 1.415698111051474396e-02
4.559999999999999609e+00 1.415698111051474396e-02
4.570000000000000284e+00 1.415698111051474396e-02
4.580000000000000071e+00 1.415698111051474396e-02
4.589999999999999858e+00 1.415698111051474396e-02
4.599999999999999645e+00 1.415698111051474396e-02
4.610000000000000320e+00 1.415698111051474396e-02
4.620000000000000107e+00 1.415698111051474396e-02
4.629999999999999893e+00 1.415698111051474396e-02
4.639999999999999680e+00 1.415698111051474396e-02
4.650000000000000355e+00 1.415698111051474396e-02
4.660000000000000142e+00 1.415698111051474396e-02
4.669999999999999929e+00 1.415698111051474396e-02
4.679999999999999716e+00 1.415698111051474396e-02
4.690000000000000391e+00 1.415698111051474396e-02
4.700000000000000178e+00 1.415698111051474396e-02
4.709999999999999964e+00 1.415698111051474396e-02
4.719999999999999751e+00 1.415698111051474396e-02
4.730000000000000426e+00 1.415698111051474396e-02
4.740000000000000213e+00 1.415698111051474396e-02
4.750000000000000000e+00 1.415698111051474396e-02
4.759999999999999787e+00 1.415698111051474396e-02
4.769999999999999574e+00 1.415698111051474396e-02
4.780000000000000249e+00 1.415698111051474396e-02
4.790000000000000036e+00 1.415698111051474396e-02
4.799999999999999822e+00 1.415698111051474396e-02
4.809999999999999609e+00 1.415698111051474396e-02
4.820000000000000284e+00 1.415698111051474396e-02
4.830000000000000071e+00 1.415698111051474396e-02
4.839999999999999858e+00 1.415698111051474396e-02
4.849999999999999645e+00 1.415698111051474396e-02
4.860000000000000320e+00 1.415698111051474396e-02
4.870000000000000107e+00 1.415698111051474396e-02
4.879999999999999893e+00 1.415698111051474396e-02
4.889999999999999680e+00 1.415698111051474396e-02
4.900000000000000355e+00 1.415698111051474396e-02
4.910000000000000142e+00 1.415698111051474396e-02
4.919999999999999929e+00 1.415698111051474396e-02
4.929999999999999716e+00 1.415698111051474396e-02
4.940000000000000391e+00 1.415698111051474396e-02
4.950000000000000178e+00 1.415698111051474396e-02
4.959999999999999964e+00 1.415698111051474396e-02
4.969999999999999751e+00 1.415698111051474396e-02
4.980000000000000426e+00 1.415698111051474396e-02
4.990000000000000213e+00 1.415698111051474396e-02
5.000000000000000000e+00 1.415698111051474396e-02
5.009999999999999787e+00 1.415698111051474396e-02
5.019999999999999574e+00 1.415698111051474396e-02
5.030000000000000249e+00 1.415698111051474396e-02
5.040000000000000036e+00 1.415698111051474396e-02
5.049999999999999822e+00 1.415698111051474396e-02
5.059999999999999609e+00 1.415698111051474396e-02
5.070000000000000284e+00 1.415698111051474396e-02
5.080000000000000071e+00 1.415698111051474396e-02
5.089999999999999858e+00 1.415698111051474396e-02
5.099999999999999645e+00 1.415698111051474396e-02
5.110000000000000320e+00 1.415698111051474396e-02
5.120000000000000107e+00 1.415698111051474396e-02
5.129999999999999893e+00 1.415698111051474396e-02
5.139999999999999680e+00 1.415698111051474396e-02
5.150000000000000355e+00 1.415698111051474396e-02
5.160000000000000142e+00 1.415698111051474396e-02
5.169999999999999929e+00 1.415698111051474396e-02
5.179999999999999716e+00 1.415698111051474396e-02
5.190000000000000391e+00 1.415698111051474396e-02
5.200000000000000178e+00 1.415698111051474396e-02
5.209999999999999964e+00 1.415698111051474396e-02
5.219999999999999751e+00 1.415698111051474396e-02
5.230000000000000426e+00 1.415698111051474396e-02
5.240000000000000213e+00 1.415698111051474396e-02
5.250000000000000000e+00 1.415698111051474396e-02
5.259999999999999787e+00 1.415698111051474396e-02
5.269999999999999574e+00 1.415698111051474396e-02
5.280000000000000249e+00 1.415698111051474396e-02
5.290000000000000036e+00 1.415698111051474396e-02
5.299999999999999822e+00 1.415698111051474396e-02
5.309999999999999609e+00 1.415698111051474396e-02
5.320000000000000284e+00 1.415698111051474396e-02
5.330000000000000071e+00 1.415698111051474396e-02
5.339999999999999858e+00 1.415698111051474396e-02
5.349999999999999645e+00 1.415698111051474396e-02
5.360000000000000320e+00 1.415698111051474396e-02
5.370000000000000107e+00 1.415698111051474396e-02
5.379999999999999893e+00 1.415698111051474396e-02
5.389999999999999680e+00 1.415698111051474396e-02
5.400000000000000355e+00 1.415698111051474396e-02
5.410000000000000142e+00 1.415698111051474396e-02
5.419999999999999929e+00 1.415698111051474396e-02
5.429999999999999716e+00 1.415698111051474396e-02
5.440000000000000391e+00 1.415698111051474396e-02
5.450000000000000178e+00 1.415698111051474396e-02
5.459999999999999964e+00 1.415698111051474396e-02
5.469999999999999751e+00 1.415698111051474396e-02
5.480000000000000426e+00 1.415698111051474396e-02
5.490000000000000213e+00 1.415698111051474396e-02
5.500000000000000000e+00 1.415698111051474396e-02
5.509999999999999787e+00 1.415698111051474396e-02
5.519999999999999574e+00 1.415698111051474396e-02
5.530000000000000249e+00 1.415698111051474396e-02
5.540000000000000036e+00 1.415698111051474396e-02
5.549999999999999822e+00 1.415698111051474396e-02
5.559999999999999609e+00 1.415698111051474396e-02
5.570000000000000284e+00 1.415698111051474396e-02
5.580000000000000071e+00 1.415698111051474396e-02
5.589999999999999858e+00 1.415698111051474396e-02
5.599999999999999645e+00 1.415698111051474396e-02
5.610000000000000320e+00 1.415698111051474396e-02
5.620000000000000107e+00 1.415698111051474396e-02
5.629999999999999893e+00 1.415698111051474396e-02
5.639999999999999680e+00 1.415698111051474396e-02
5.650000000000000355e+00 1.415698111051474396e-02
5.660000000000000142e+00 1.415698111051474396e-02
5.669999999999999929e+00 1.415698111051474396e-02
5.679999999999999716e+00 1.415698111051474396e-02
5.690000000000000391e+00 1.415698111051474396e-02
5.700000000000000178e+00 1.415698111051474396e-02
5.709999999999999964e+00 1.415698111051474396e-02
5.719999999999999751e+00 1.415698111051474396e-02
5.730000000000000426e+00 1.415698111051474396e-02
5.740000000000000213e+00 1.415698111051474396e-02
5.750000000000000000e+00 1.415698111051474396e-02
5.759999999999999787e+00 1.415698111051474396e-02
5.769999999999999574e+00 1.415698111051474396e-02
5.780000000000000249e+00 1.415698111051474396e-02
5.790000000000000036e+00 1.415698111051474396e-02
5.799999999999999822e+00 1.415698111051474396e-02
5.809999999999999609e+00 1.415698111051474396e-02
5.820000000000000284e+00 1.415698111051474396e-02
5.830000000000000071e+00 1.415698111051474396e-02
5.839999999999999858e+00 1.415698111051474396e-02
5.849999999999999645e+00 1.415698111051474396e-02
5.860000000000000320e+00 1.415698111051474396e-02
5.870000000000000107e+00 1.415698111051474396e-02
5.879999999999999893e+00 1.415698111051474396e-02
5.889999999999999680e+00 1.415698111051474396e-02
5.900000000000000355e+00 1.415698111051474396e-02
5.910000000000000142e+00 1.415698111051474396e-02
5.919999999999999929e+00 1.415698111051474396e-02
5.929999999999999716e+00 1.415698111051474396e-02
5.940000000000000391e+00 1.415698111051474396e-02
5.950000000000000178e+00 1.415698111051474396e-02
5.959999999999999964e+00 1.415698111051474396e-02
5.969999999999999751e+00 1.415698111051474396e-02
5.980000000000000426e+00 1.415698111051474396e-02
5.990000000000000213e+00 1.415698111051474396e-02
6.000000000000000000e+00 1.415698111051474396e-02
6.200000000000000178e+00 1.415698111051474396e-02
6.400000000000000355e+00 1.415698111051474396e-02
6.599999999999999645e+00 1.415698111051474396e-02
6.799999999999999822e+00 1.415698111051474396e-02
7.000000000000000000e+00 0.000000000000000000e+00
