0.000000000000000000e+00 0.000000000000000000e+00
1.000000000000000021e-02 1.415698111051474743e-02
2.000000000000000042e-02 1.415698111051474743e-02
2.999999999999999889e-02 1.415698111051474743e-02
4.000000000000000083e-02 1.415698111051474743e-02
5.000000000000000278e-02 1.415698111051474743e-02
5.999999999999999778e-02 1.415698111051474743e-02
7.000000000000000666e-02 1.415698111051474743e-02
8.000000000000000167e-02 1.415698111051474743e-02
8.999999999999999667e-02 1.415698111051474743e-02
1.000000000000000056e-01 1.415698111051474743e-02
1.100000000000000006e-01 1.415698111051474743e-02
1.199999999999999956e-01 1.415698111051474743e-02
1.300000000000000044e-01 1.415698111051474743e-02
1.400000000000000133e-01 1.415698111051474743e-02
1.499999999999999944e-01 1.415698111051474743e-02
1.600000000000000033e-01 1.415698111051474743e-02
1.700000000000000122e-01 1.415698111051474743e-02
1.799999999999999933e-01 1.415698111051474743e-02
1.900000000000000022e-01 1.415698111051474743e-02
2.000000000000000111e-01 1.415698111051474743e-02
2.099999999999999922e-01 1.415698111051474743e-02
2.200000000000000011e-01 1.415698111051474743e-02
2.300000000000000100e-01 1.415698111051474743e-02
2.399999999999999911e-01 1.415698111051474743e-02
2.500000000000000000e-01 1.415698111051474743e-02
2.600000000000000089e-01 1.415698111051474743e-02
2.700000000000000178e-01 1.415698111051474743e-02
2.800000000000000266e-01 1.415698111051474743e-02
2.899999999999999800e-01 1.415698111051474743e-02
2.999999999999999889e-01 1.415698111051474743e-02
3.099999999999999978e-01 1.415698111051474743e-02
3.200000000000000067e-01 1.415698111051474743e-02
3.300000000000000155e-01 1.415698111051474743e-02
3.400000000000000244e-01 1.415698111051474743e-02
3.499999999999999778e-01 1.415698111051474743e-02
3.599999999999999867e-01 1.415698111051474743e-02
3.699999999999999956e-01 1.415698111051474743e-02
3.800000000000000044e-01 1.415698111051474743e-02
3.900000000000000133e-01 1.415698111051474743e-02
4.000000000000000222e-01 1.415698111051474743e-02
4.099999999999999756e-01 1.415698111051474743e-02
4.199999999999999845e-01 1.415698111051474743e-02
4.299999999999999933e-01 1.415698111051474743e-02
4.400000000000000022e-01 1.415698111051474743e-02
4.500000000000000111e-01 1.415698111051474743e-02
4.600000000000000200e-01 1.415698111051474743e-02
4.699999999999999734e-01 1.415698111051474743e-02
4.799999999999999822e-01 1.415698111051474743e-02
4.899999999999999911e-01 1.415698111051474743e-02
5.000000000000000000e-01 1.415698111051474743e-02
5.100000000000000089e-01 1.415698111051474743e-02
5.200000000000000178e-01 1.415698111051474743e-02
5.300000000000000266e-01 1.415698111051474743e-02
5.400000000000000355e-01 1.415698111051474743e-02
5.500000000000000444e-01 1.415698111051474743e-02
5.600000000000000533e-01 1.415698111051474743e-02
5.699999999999999512e-01 1.415698111051474743e-02
5.799999999999999600e-01 1.415698111051474743e-02
5.899999999999999689e-01 1.415698111051474743e-02
5.999999999999999778e-01 1.415698111051474743e-02
6.099999999999999867e-01 1.415698111051474743e-02
6.199999999999999956e-01 1.415698111051474743e-02
6.300000000000000044e-01 1.415698111051474743e-02
6.400000000000000133e-01 1.415698111051474743e-02
6.500000000000000222e-01 1.415698111051474743e-02
6.600000000000000311e-01 1.415698111051474743e-02
6.700000000000000400e-01 1.415698111051474743e-02
6.800000000000000488e-01 1.415698111051474743e-02
6.899999999999999467e-01 1.415698111051474743e-02
6.999999999999999556e-01 1.415698111051474743e-02
7.099999999999999645e-01 1.415698111051474743e-02
7.199999999999999734e-01 1.415698111051474743e-02
7.299999999999999822e-01 1.415698111051474743e-02
7.399999999999999911e-01 1.415698111051474743e-02
7.500000000000000000e-01 1.415698111051474743e-02
7.600000000000000089e-01 1.415698111051474743e-02
7.700000000000000178e-01 1.415698111051474743e-02
7.800000000000000266e-01 1.415698111051474743e-02
7.900000000000000355e-01 1.415698111051474743e-02
8.000000000000000444e-01 1.415698111051474743e-02
8.100000000000000533e-01 1.415698111051474743e-02
8.199999999999999512e-01 1.415698111051474743e-02
8.299999999999999600e-01 1.415698111051474743e-02
8.399999999999999689e-01 1.415698111051474743e-02
8.499999999999999778e-01 1.415698111051474743e-02
8.599999999999999867e-01 1.415698111051474743e-02
8.699999999999999956e-01 1.415698111051474743e-02
8.800000000000000044e-01 1.415698111051474743e-02
8.900000000000000133e-01 1.415698111051474743e-02
9.000000000000000222e-01 1.415698111051474743e-02
9.100000000000000311e-01 1.415698111051474743e-02
9.200000000000000400e-01 1.415698111051474743e-02
9.300000000000000488e-01 1.415698111051474743e-02
9.399999999999999467e-01 1.415698111051474743e-02
9.499999999999999556e-01 1.415698111051474743e-02
9.599999999999999645e-01 1.415698111051474743e-02
9.699999999999999734e-01 1.415698111051475264e-02
9.799999999999999822e-01 1.415698111051480988e-02
9.899999999999999911e-01 1.415698111051521234e-02
1.000000000000000000e+00 1.415698111051776932e-02
1.010000000000000009e+00 1.415698111053177895e-02
1.020000000000000018e+00 1.415698111059842008e-02
1.030000000000000027e+00 1.415698111087498878e-02
1.040000000000000036e+00 1.415698111188182749e-02
1.050000000000000044e+00 1.415698111511838088e-02
1.060000000000000053e+00 1.415698112438154230e-02
1.070000000000000062e+00 1.415698114824036520e-02
1.080000000000000071e+00 1.415698120431197263e-02
1.090000000000000080e+00 1.415698132663427596e-02
1.100000000000000089e+00 1.415698157945701786e-02
1.110000000000000098e+00 1.415698208584000549e-02
1.120000000000000107e+00 1.415698309018077923e-02
1.129999999999999893e+00 1.415698509381417038e-02
1.139999999999999902e+00 1.415698913862706992e-02
1.149999999999999911e+00 1.415699738431257584e-02
1.159999999999999920e+00 1.415701428052907641e-02
1.169999999999999929e+00 1.415704896230176625e-02
1.179999999999999938e+00 1.415712007332983746e-02
1.189999999999999947e+00 1.415726502258602207e-02
1.199999999999999956e+00 1.415755653940348711e-02
1.209999999999999964e+00 1.415813016239541276e-02
1.219999999999999973e+00 1.415922702273822095e-02
1.229999999999999982e+00 1.416125667887996320e-02
1.239999999999999991e+00 1.416488278188750109e-02
1.250000000000000000e+00 1.417112650800727951e-02
1.260000000000000009e+00 1.418147129858824372e-02
1.270000000000000018e+00 1.419795934046003474e-02
1.280000000000000027e+00 1.422334240222218778e-02
1.290000000000000036e+00 1.426154335746586746e-02
1.300000000000000044e+00 1.431905697990646861e-02
1.310000000000000053e+00 1.440859671561664848e-02
1.320000000000000062e+00 1.455763480599902432e-02
1.330000000000000071e+00 1.482719223148632956e-02
1.340000000000000080e+00 1.535119618726270112e-02
1.350000000000000089e+00 1.641381207240055415e-02
1.360000000000000098e+00 1.858657376116157681e-02
1.370000000000000107e+00 2.293508770947681741e-02
1.379999999999999893e+00 3.126253349980792628e-02
1.389999999999999902e+00 4.630660116384101299e-02
1.399999999999999911e+00 7.183678908840830657e-02
1.409999999999999920e+00 1.127895141027874248e-01
1.419999999999999929e+00 1.758063011592682634e-01
1.429999999999999938e+00 2.704241202041637315e-01
1.439999999999999947e+00 4.104416256748318337e-01
1.449999999999999956e+00 6.140728250501540364e-01
1.459999999999999964e+00 9.014800915370096979e-01
1.469999999999999973e+00 1.289829877187534057e+00
1.479999999999999982e+00 1.788163156416609612e+00
1.489999999999999991e+00 2.394709204274482417e+00
1.500000000000000000e+00 3.096343877815449286e+00
1.510000000000000009e+00 3.865900798778402869e+00
1.520000000000000018e+00 4.653237411957012348e+00
1.530000000000000027e+00 5.373474570215710955e+00
1.540000000000000036e+00 5.906094559369675423e+00
1.550000000000000044e+00 6.120162232282940096e+00
1.560000000000000053e+00 5.925548565678497859e+00
1.570000000000000062e+00 5.324987089479020774e+00
1.580000000000000071e+00 4.429940106407435074e+00
1.590000000000000080e+00 3.422272631064268378e+00
1.600000000000000089e+00 2.482369953952330288e+00
1.610000000000000098e+00 1.728100030006416876e+00
1.620000000000000107e+00 1.196361902053052706e+00
1.629999999999999893e+00 8.647551172665985941e-01
1.639999999999999902e+00 6.874039871634819443e-01
1.649999999999999911e+00 6.209684393682413095e-01
1.659999999999999920e+00 6.333715865492954844e-01
1.669999999999999929e+00 7.010862913972345511e-01
1.679999999999999938e+00 8.038367703037840872e-01
1.689999999999999947e+00 9.219389407640550260e-01
1.699999999999999956e+00 1.037159407081076790e+00
1.709999999999999964e+00 1.135674210914733750e+00
1.719999999999999973e+00 1.211153616088100682e+00
1.729999999999999982e+00 1.266178195144627816e+00
1.739999999999999991e+00 1.310773768075374379e+00
1.750000000000000000e+00 1.357927065843057557e+00
1.760000000000000009e+00 1.417289283572176650e+00
1.770000000000000018e+00 1.489318849577605519e+00
1.780000000000000027e+00 1.562401829742809056e+00
1.790000000000000036e+00 1.614819010376258968e+00
1.800000000000000044e+00 1.621709456738451571e+00
1.810000000000000053e+00 1.564714213468843429e+00
1.820000000000000062e+00 1.439999065882733298e+00
1.830000000000000071e+00 1.260544592807488096e+00
1.840000000000000080e+00 1.051469264305614937e+00
1.850000000000000089e+00 8.410104501915945940e-01
1.860000000000000098e+00 6.518768337182533346e-01
1.870000000000000107e+00 4.966569946339374209e-01
1.879999999999999893e+00 3.780022908171969398e-01
1.889999999999999902e+00 2.917828230415667745e-01
1.899999999999999911e+00 2.307789258236596086e-01
1.909999999999999920e+00 1.873916753251666234e-01
1.919999999999999929e+00 1.551046282811146260e-01
1.929999999999999938e+00 1.290980368850727089e-01
1.939999999999999947e+00 1.064106444257625211e-01
1.949999999999999956e+00 8.578366468219063290e-02
1.959999999999999964e+00 6.720329042813000253e-02
1.969999999999999973e+00 5.124990559988212846e-02
1.979999999999999982e+00 3.848104400501871358e-02
1.989999999999999991e+00 2.905662559304935874e-02
2.000000000000000000e+00 2.267003145945720166e-02
2.009999999999999787e+00 1.869916128484573614e-02
2.020000000000000018e+00 1.642964783600044457e-02
2.029999999999999805e+00 1.523179264895746683e-02
2.040000000000000036e+00 1.464343296033680797e-02
2.049999999999999822e+00 1.437155015926507365e-02
2.060000000000000053e+00 1.425173364260098711e-02
2.069999999999999840e+00 1.420053568373085690e-02
2.080000000000000071e+00 1.417878344975014894e-02
2.089999999999999858e+00 1.416915866922043195e-02
2.100000000000000089e+00 1.416441126241687991e-02
2.109999999999999876e+00 1.416169254149186527e-02
2.120000000000000107e+00 1.415995317948452042e-02
2.129999999999999893e+00 1.415880261637407489e-02
2.140000000000000124e+00 1.415805718361535202e-02
2.149999999999999911e+00 1.415759383247524629e-02
2.160000000000000142e+00 1.415731786514769046e-02
2.169999999999999929e+00 1.415715960273204732e-02
2.180000000000000160e+00 1.415707196987646584e-02
2.189999999999999947e+00 1.415702525085297050e-02
2.200000000000000178e+00 1.415700144480688642e-02
2.209999999999999964e+00 1.415698994637773489e-02
2.220000000000000195e+00 1.415698471679924242e-02
2.229999999999999982e+00 1.415698248742028667e-02
2.240000000000000213e+00 1.415698160003644665e-02
2.250000000000000000e+00 1.415698127175541408e-02
2.259999999999999787e+00 1.415698115951506512e-02
2.270000000000000018e+00 1.415698112423690279e-02
2.279999999999999805e+00 1.415698111407107454e-02
2.290000000000000036e+00 1.415698111137793369e-02
2.299999999999999822e+00 1.415698111071478707e-02
2.310000000000000053e+00 1.415698111055995780e-02
2.319999999999999840e+00 1.415698111052483485e-02
2.330000000000000071e+00 1.415698111051696267e-02
2.339999999999999858e+00 1.415698111051522275e-02
2.350000000000000089e+00 1.415698111051484631e-02
2.359999999999999876e+00 1.415698111051476825e-02
2.370000000000000107e+00 1.415698111051475264e-02
2.379999999999999893e+00 1.415698111051475090e-02
2.390000000000000124e+00 1.415698111051474743e-02
2.399999999999999911e+00 1.415698111051474743e-02
2.410000000000000142e+00 1.415698111051474743e-02
2.419999999999999929e+00 1.415698111051474743e-02
2.430000000000000160e+00 1.415698111051474743e-02
2.439999999999999947e+00 1.415698111051474743e-02
2.450000000000000178e+00 1.415698111051474743e-02
2.459999999999999964e+00 1.415698111051474743e-02
2.470000000000000195e+00 1.415698111051474743e-02
2.479999999999999982e+00 1.415698111051474743e-02
2.490000000000000213e+00 1.415698111051474743e-02
2.500000000000000000e+00 1.415698111051474743e-02
2.509999999999999787e+00 1.415698111051474743e-02
2.520000000000000018e+00 1.415698111051474743e-02
2.529999999999999805e+00 1.415698111051474743e-02
2.540000000000000036e+00 1.415698111051474743e-02
2.549999999999999822e+00 1.415698111051474743e-02
2.560000000000000053e+00 1.415698111051474743e-02
2.569999999999999840e+00 1.415698111051474743e-02
2.580000000000000071e+00 1.415698111051474743e-02
2.589999999999999858e+00 1.415698111051474743e-02
2.600000000000000089e+00 1.415698111051474743e-02
2.609999999999999876e+00 1.415698111051474743e-02
2.620000000000000107e+00 1.415698111051474743e-02
2.629999999999999893e+00 1.415698111051474743e-02
2.640000000000000124e+00 1.415698111051474743e-02
2.649999999999999911e+00 1.415698111051474743e-02
2.660000000000000142e+00 1.415698111051474743e-02
2.669999999999999929e+00 1.415698111051474743e-02
2.680000000000000160e+00 1.415698111051474743e-02
2.689999999999999947e+00 1.415698111051474743e-02
2.700000000000000178e+00 1.415698111051474743e-02
2.709999999999999964e+00 1.415698111051474743e-02
2.720000000000000195e+00 1.415698111051474743e-02
2.729999999999999982e+00 1.415698111051474743e-02
2.740000000000000213e+00 1.415698111051474743e-02
2.750000000000000000e+00 1.415698111051474743e-02
2.759999999999999787e+00 1.415698111051474743e-02
2.770000000000000018e+00 1.415698111051474743e-02
2.779999999999999805e+00 1.415698111051474743e-02
2.790000000000000036e+00 1.415698111051474743e-02
2.799999999999999822e+00 1.415698111051474743e-02
2.810000000000000053e+00 1.415698111051474743e-02
2.819999999999999840e+00 1.415698111051474743e-02
2.830000000000000071e+00 1.415698111051474743e-02
2.839999999999999858e+00 1.415698111051474743e-02
2.850000000000000089e+00 1.415698111051474743e-02
2.859999999999999876e+00 1.415698111051474743e-02
2.870000000000000107e+00 1.415698111051474743e-02
2.879999999999999893e+00 1.415698111051474743e-02
2.890000000000000124e+00 1.415698111051474743e-02
2.899999999999999911e+00 1.415698111051474743e-02
2.910000000000000142e+00 1.415698111051474743e-02
2.919999999999999929e+00 1.415698111051474743e-02
2.930000000000000160e+00 1.415698111051474743e-02
2.939999999999999947e+00 1.415698111051474743e-02
2.950000000000000178e+00 1.415698111051474743e-02
2.959999999999999964e+00 1.415698111051474743e-02
2.970000000000000195e+00 1.415698111051474743e-02
2.979999999999999982e+00 1.415698111051474743e-02
2.990000000000000213e+00 1.415698111051474743e-02
3.000000000000000000e+00 1.415698111051474743e-02
3.009999999999999787e+00 1.415698111051474743e-02
3.020000000000000018e+00 1.415698111051474743e-02
3.029999999999999805e+00 1.415698111051474743e-02
3.040000000000000036e+00 1.415698111051474743e-02
3.049999999999999822e+00 1.415698111051474743e-02
3.060000000000000053e+00 1.415698111051474743e-02
3.069999999999999840e+00 1.415698111051474743e-02
3.080000000000000071e+00 1.415698111051474743e-02
3.089999999999999858e+00 1.415698111051474743e-02
3.100000000000000089e+00 1.415698111051474743e-02
3.109999999999999876e+00 1.415698111051474743e-02
3.120000000000000107e+00 1.415698111051474743e-02
3.129999999999999893e+00 1.415698111051474743e-02
3.140000000000000124e+00 1.415698111051474743e-02
3.149999999999999911e+00 1.415698111051474743e-02
3.160000000000000142e+00 1.415698111051474743e-02
3.169999999999999929e+00 1.415698111051474743e-02
3.180000000000000160e+00 1.415698111051474743e-02
3.189999999999999947e+00 1.415698111051474743e-02
3.200000000000000178e+00 1.415698111051474743e-02
3.209999999999999964e+00 1.415698111051474743e-02
3.220000000000000195e+00 1.415698111051474743e-02
3.229999999999999982e+00 1.415698111051474743e-02
3.240000000000000213e+00 1.415698111051474743e-02
3.250000000000000000e+00 1.415698111051474743e-02
3.259999999999999787e+00 1.415698111051474743e-02
3.270000000000000018e+00 1.415698111051474743e-02
3.279999999999999805e+00 1.415698111051474743e-02
3.290000000000000036e+00 1.415698111051474743e-02
3.299999999999999822e+00 1.415698111051474743e-02
3.310000000000000053e+00 1.415698111051474743e-02
3.319999999999999840e+00 1.415698111051474743e-02
3.330000000000000071e+00 1.415698111051474743e-02
3.339999999999999858e+00 1.415698111051474743e-02
3.350000000000000089e+00 1.415698111051474743e-02
3.359999999999999876e+00 1.415698111051474743e-02
3.370000000000000107e+00 1.415698111051474743e-02
3.379999999999999893e+00 1.415698111051474743e-02
3.390000000000000124e+00 1.415698111051474743e-02
3.399999999999999911e+00 1.415698111051474743e-02
3.410000000000000142e+00 1.415698111051474743e-02
3.419999999999999929e+00 1.415698111051474743e-02
3.430000000000000160e+00 1.415698111051474743e-02
3.439999999999999947e+00 1.415698111051474743e-02
3.450000000000000178e+00 1.415698111051474743e-02
3.459999999999999964e+00 1.415698111051474743e-02
3.470000000000000195e+00 1.415698111051474743e-02
3.479999999999999982e+00 1.415698111051474743e-02
3.490000000000000213e+00 1.415698111051474743e-02
3.500000000000000000e+00 1.415698111051474743e-02
3.509999999999999787e+00 1.415698111051474743e-02
3.520000000000000018e+00 1.415698111051474743e-02
3.529999999999999805e+00 1.415698111051474743e-02
3.540000000000000036e+00 1.415698111051474743e-02
3.549999999999999822e+00 1.415698111051474743e-02
3.560000000000000053e+00 1.415698111051474743e-02
3.569999999999999840e+00 1.415698111051474743e-02
3.580000000000000071e+00 1.415698111051474743e-02
3.589999999999999858e+00 1.415698111051474743e-02
3.600000000000000089e+00 1.415698111051474743e-02
3.609999999999999876e+00 1.415698111051474743e-02
3.620000000000000107e+00 1.415698111051474743e-02
3.629999999999999893e+00 1.415698111051474743e-02
3.640000000000000124e+00 1.415698111051474743e-02
3.649999999999999911e+00 1.415698111051474743e-02
3.660000000000000142e+00 1.415698111051474743e-02
3.669999999999999929e+00 1.415698111051474743e-02
3.680000000000000160e+00 1.415698111051474743e-02
3.689999999999999947e+00 1.415698111051474743e-02
3.700000000000000178e+00 1.415698111051474743e-02
3.709999999999999964e+00 1.415698111051474743e-02
3.720000000000000195e+00 1.415698111051474743e-02
3.729999999999999982e+00 1.415698111051474743e-02
3.740000000000000213e+00 1.415698111051474743e-02
3.750000000000000000e+00 1.415698111051474743e-02
3.759999999999999787e+00 1.415698111051474743e-02
3.770000000000000018e+00 1.415698111051474743e-02
3.779999999999999805e+00 1.415698111051474743e-02
3.790000000000000036e+00 1.415698111051474743e-02
3.799999999999999822e+00 1.415698111051474743e-02
3.810000000000000053e+00 1.415698111051474743e-02
3.819999999999999840e+00 1.415698111051474743e-02
3.830000000000000071e+00 1.415698111051474743e-02
3.839999999999999858e+00 1.415698111051474743e-02
3.850000000000000089e+00 1.415698111051474743e-02
3.859999999999999876e+00 1.415698111051474743e-02
3.870000000000000107e+00 1.415698111051474743e-02
3.879999999999999893e+00 1.415698111051474743e-02
3.890000000000000124e+00 1.415698111051474743e-02
3.899999999999999911e+00 1.415698111051474743e-02
3.910000000000000142e+00 1.415698111051474743e-02
3.919999999999999929e+00 1.415698111051474743e-02
3.930000000000000160e+00 1.415698111051474743e-02
3.939999999999999947e+00 1.415698111051474743e-02
3.950000000000000178e+00 1.415698111051474743e-02
3.959999999999999964e+00 1.415698111051474743e-02
3.970000000000000195e+00 1.415698111051474743e-02
3.979999999999999982e+00 1.415698111051474743e-02
3.990000000000000213e+00 1.415698111051474743e-02
4.000000000000000000e+00 1.415698111051474743e-02
4.009999999999999787e+00 1.415698111051474743e-02
4.019999999999999574e+00 1.415698111051474743e-02
4.030000000000000249e+00 1.415698111051474743e-02
4.040000000000000036e+00 1.415698111051474743e-02
4.049999999999999822e+00 1.415698111051474743e-02
4.059999999999999609e+00 1.415698111051474743e-02
4.070000000000000284e+00 1.415698111051474743e-02
4.080000000000000071e+00 1.415698111051474743e-02
4.089999999999999858e+00 1.415698111051474743e-02
4.099999999999999645e+00 1.415698111051474743e-02
4.110000000000000320e+00 1.415698111051474743e-02
4.120000000000000107e+00 1.415698111051474743e-02
4.129999999999999893e+00 1.415698111051474743e-02
4.139999999999999680e+00 1.415698111051474743e-02
4.150000000000000355e+00 1.415698111051474743e-02
4.160000000000000142e+00 1.415698111051474743e-02
4.169999999999999929e+00 1.415698111051474743e-02
4.179999999999999716e+00 1.415698111051474743e-02
4.190000000000000391e+00 1.415698111051474743e-02
4.200000000000000178e+00 1.415698111051474743e-02
4.209999999999999964e+00 1.415698111051474743e-02
4.219999999999999751e+00 1.415698111051474743e-02
4.230000000000000426e+00 1.415698111051474743e-02
4.240000000000000213e+00 1.415698111051474743e-02
4.250000000000000000e+00 1.415698111051474743e-02
4.259999999999999787e+00 1.415698111051474743e-02
4.269999999999999574e+00 1.415698111051474743e-02
4.280000000000000249e+00 1.415698111051474743e-02
4.290000000000000036e+00 1.415698111051474743e-02
4.299999999999999822e+00 1.415698111051474743e-02
4.309999999999999609e+00 1.415698111051474743e-02
4.320000000000000284e+00 1.415698111051474743e-02
4.330000000000000071e+00 1.415698111051474743e-02
4.339999999999999858e+00 1.415698111051474743e-02
4.349999999999999645e+00 1.415698111051474743e-02
4.360000000000000320e+00 1.415698111051474743e-02
4.370000000000000107e+00 1.415698111051474743e-02
4.379999999999999893e+00 1.415698111051474743e-02
4.389999999999999680e+00 1.415698111051474743e-02
4.400000000000000355e+00 1.415698111051474743e-02
4.410000000000000142e+00 1.415698111051474743e-02
4.419999999999999929e+00 1.415698111051474743e-02
4.429999999999999716e+00 1.415698111051474743e-02
4.440000000000000391e+00 1.415698111051474743e-02
4.450000000000000178e+00 1.415698111051474743e-02
4.459999999999999964e+00 1.415698111051474743e-02
4.469999999999999751e+00 1.415698111051474743e-02
4.480000000000000426e+00 1.415698111051474743e-02
4.490000000000000213e+00 1.415698111051474743e-02
4.500000000000000000e+00 1.415698111051474743e-02
4.509999999999999787e+00 1.415698111051474743e-02
4.519999999999999574e+00 1.415698111051474743e-02
4.530000000000000249e+00 1.415698111051474743e-02
4.540000000000000036e+00 1.415698111051474743e-02
4.549999999999999822e+00 1.415698111051474743e-02
4.559999999999999609e+00 1.415698111051474743e-02
4.570000000000000284e+00 1.415698111051474743e-02
4.580000000000000071e+00 1.415698111051474743e-02
4.589999999999999858e+00 1.415698111051474743e-02
4.599999999999999645e+00 1.415698111051474743e-02
4.610000000000000320e+00 1.415698111051474743e-02
4.620000000000000107e+00 1.415698111051474743e-02
4.629999999999999893e+00 1.415698111051474743e-02
4.639999999999999680e+00 1.415698111051474743e-02
4.650000000000000355e+00 1.415698111051474743e-02
4.660000000000000142e+00 1.415698111051474743e-02
4.669999999999999929e+00 1.415698111051474743e-02
4.679999999999999716e+00 1.415698111051474743e-02
4.690000000000000391e+00 1.415698111051474743e-02
4.700000000000000178e+00 1.415698111051474743e-02
4.709999999999999964e+00 1.415698111051474743e-02
4.719999999999999751e+00 1.415698111051474743e-02
4.730000000000000426e+00 1.415698111051474743e-02
4.740000000000000213e+00 1.415698111051474743e-02
4.750000000000000000e+00 1.415698111051474743e-02
4.759999999999999787e+00 1.415698111051474743e-02
4.769999999999999574e+00 1.415698111051474743e-02
4.780000000000000249e+00 1.415698111051474743e-02
4.790000000000000036e+00 1.415698111051474743e-02
4.799999999999999822e+00 1.415698111051474743e-02
4.809999999999999609e+00 1.415698111051474743e-02
4.820000000000000284e+00 1.415698111051474743e-02
4.830000000000000071e+00 1.415698111051474743e-02
4.839999999999999858e+00 1.415698111051474743e-02
4.849999999999999645e+00 1.415698111051474743e-02
4.860000000000000320e+00 1.415698111051474743e-02
4.870000000000000107e+00 1.415698111051474743e-02
4.879999999999999893e+00 1.415698111051474743e-02
4.889999999999999680e+00 1.415698111051474743e-02
4.900000000000000355e+00 1.415698111051474743e-02
4.910000000000000142e+00 1.415698111051474743e-02
4.919999999999999929e+00 1.415698111051474743e-02
4.929999999999999716e+00 1.415698111051474743e-02
4.940000000000000391e+00 1.415698111051474743e-02
4.950000000000000178e+00 1.415698111051474743e-02
4.959999999999999964e+00 1.415698111051474743e-02
4.969999999999999751e+00 1.415698111051474743e-02
4.980000000000000426e+00 1.415698111051474743e-02
4.990000000000000213e+00 1.415698111051474743e-02
5.000000000000000000e+00 1.415698111051474743e-02
5.009999999999999787e+00 1.415698111051474743e-02
5.019999999999999574e+00 1.415698111051474743e-02
5.030000000000000249e+00 1.415698111051474743e-02
5.040000000000000036e+00 1.415698111051474743e-02
5.049999999999999822e+00 1.415698111051474743e-02
5.059999999999999609e+00 1.415698111051474743e-02
5.070000000000000284e+00 1.415698111051474743e-02
5.080000000000000071e+00 1.415698111051474743e-02
5.089999999999999858e+00 1.415698111051474743e-02
5.099999999999999645e+00 1.415698111051474743e-02
5.110000000000000320e+00 1.415698111051474743e-02
5.120000000000000107e+00 1.415698111051474743e-02
5.129999999999999893e+00 1.415698111051474743e-02
5.139999999999999680e+00 1.415698111051474743e-02
5.150000000000000355e+00 1.415698111051474743e-02
5.160000000000000142e+00 1.415698111051474743e-02
5.169999999999999929e+00 1.415698111051474743e-02
5.179999999999999716e+00 1.415698111051474743e-02
5.190000000000000391e+00 1.415698111051474743e-02
5.200000000000000178e+00 1.415698111051474743e-02
5.209999999999999964e+00 1.415698111051474743e-02
5.219999999999999751e+00 1.415698111051474743e-02
5.230000000000000426e+00 1.415698111051474743e-02
5.240000000000000213e+00 1.415698111051474743e-02
5.250000000000000000e+00 1.415698111051474743e-02
5.259999999999999787e+00 1.415698111051474743e-02
5.269999999999999574e+00 1.415698111051474743e-02
5.280000000000000249e+00 1.415698111051474743e-02
5.290000000000000036e+00 1.415698111051474743e-02
5.299999999999999822e+00 1.415698111051474743e-02
5.309999999999999609e+00 1.415698111051474743e-02
5.320000000000000284e+00 1.415698111051474743e-02
5.330000000000000071e+00 1.415698111051474743e-02
5.339999999999999858e+00 1.415698111051474743e-02
5.349999999999999645e+00 1.415698111051474743e-02
5.360000000000000320e+00 1.415698111051474743e-02
5.370000000000000107e+00 1.415698111051474743e-02
5.379999999999999893e+00 1.415698111051474743e-02
5.389999999999999680e+00 1.415698111051474743e-02
5.400000000000000355e+00 1.415698111051474743e-02
5.410000000000000142e+00 1.415698111051474743e-02
5.419999999999999929e+00 1.415698111051474743e-02
5.429999999999999716e+00 1.415698111051474743e-02
5.440000000000000391e+00 1.415698111051474743e-02
5.450000000000000178e+00 1.415698111051474743e-02
5.459999999999999964e+00 1.415698111051474743e-02
5.469999999999999751e+00 1.415698111051474743e-02
5.480000000000000426e+00 1.415698111051474743e-02
5.490000000000000213e+00 1.415698111051474743e-02
5.500000000000000000e+00 1.415698111051474743e-02
5.509999999999999787e+00 1.415698111051474743e-02
5.519999999999999574e+00 1.415698111051474743e-02
5.530000000000000249e+00 1.415698111051474743e-02
5.540000000000000036e+00 1.415698111051474743e-02
5.549999999999999822e+00 1.415698111051474743e-02
5.559999999999999609e+00 1.415698111051474743e-02
5.570000000000000284e+00 1.415698111051474743e-02
5.580000000000000071e+00 1.415698111051474743e-02
5.589999999999999858e+00 1.415698111051474743e-02
5.599999999999999645e+00 1.415698111051474743e-02
5.610000000000000320e+00 1.415698111051474743e-02
5.620000000000000107e+00 1.415698111051474743e-02
5.629999999999999893e+00 1.415698111051474743e-02
5.639999999999999680e+00 1.415698111051474743e-02
5.650000000000000355e+00 1.415698111051474743e-02
5.660000000000000142e+00 1.415698111051474743e-02
5.669999999999999929e+00 1.415698111051474743e-02
5.679999999999999716e+00 1.415698111051474743e-02
5.690000000000000391e+00 1.415698111051474743e-02
5.700000000000000178e+00 1.415698111051474743e-02
5.709999999999999964e+00 1.415698111051474743e-02
5.719999999999999751e+00 1.415698111051474743e-02
5.730000000000000426e+00 1.415698111051474743e-02
5.740000000000000213e+00 1.415698111051474743e-02
5.750000000000000000e+00 1.415698111051474743e-02
5.759999999999999787e+00 1.415698111051474743e-02
5.769999999999999574e+00 1.415698111051474743e-02
5.780000000000000249e+00 1.415698111051474743e-02
5.790000000000000036e+00 1.415698111051474743e-02
5.799999999999999822e+00 1.415698111051474743e-02
5.809999999999999609e+00 1.415698111051474743e-02
5.820000000000000284e+00 1.415698111051474743e-02
5.830000000000000071e+00 1.415698111051474743e-02
5.839999999999999858e+00 1.415698111051474743e-02
5.849999999999999645e+00 1.415698111051474743e-02
5.860000000000000320e+00 1.415698111051474743e-02
5.870000000000000107e+00 1.415698111051474743e-02
5.879999999999999893e+00 1.415698111051474743e-02
5.889999999999999680e+00 1.415698111051474743e-02
5.900000000000000355e+00 1.415698111051474743e-02
5.910000000000000142e+00 1.415698111051474743e-02
5.919999999999999929e+00 1.415698111051474743e-02
5.929999999999999716e+00 1.415698111051474743e-02
5.940000000000000391e+00 1.415698111051474743e-02
5.950000000000000178e+00 1.415698111051474743e-02
5.959999999999999964e+00 1.415698111051474743e-02
5.969999999999999751e+00 1.415698111051474743e-02
5.980000000000000426e+00 1.415698111051474743e-02
5.990000000000000213e+00 1.415698111051474743e-02
6.000000000000000000e+00 1.415698111051474743e-02
6.200000000000000178e+00 1.415698111051474743e-02
6.400000000000000355e+00 1.415698111051474743e-02
6.599999999999999645e+00 1.415698111051474743e-02
6.799999999999999822e+00 1.415698111051474743e-02
7.000000000000000000e+00 0.000000000000000000e+00
