0.000000000000000000e+00 0.000000000000000000e+00
1.000000000000000021e-02 1.683738335740324332e-02
2.000000000000000042e-02 1.683738335740324332e-02
2.999999999999999889e-02 1.683738335740324332e-02
4.000000000000000083e-02 1.683738335740324332e-02
5.000000000000000278e-02 1.683738335740324332e-02
5.999999999999999778e-02 1.683738335740324332e-02
7.000000000000000666e-02 1.683738335740324332e-02
8.000000000000000167e-02 1.683738335740324332e-02
8.999999999999999667e-02 1.683738335740324332e-02
1.000000000000000056e-01 1.683738335740324332e-02
1.100000000000000006e-01 1.683738335740324332e-02
1.199999999999999956e-01 1.683738335740324332e-02
1.300000000000000044e-01 1.683738335740324332e-02
1.400000000000000133e-01 1.683738335740324332e-02
1.499999999999999944e-01 1.683738335740324332e-02
1.600000000000000033e-01 1.683738335740324332e-02
1.700000000000000122e-01 1.683738335740324332e-02
1.799999999999999933e-01 1.683738335740324332e-02
1.900000000000000022e-01 1.683738335740324332e-02
2.000000000000000111e-01 1.683738335740324332e-02
2.099999999999999922e-01 1.683738335740324332e-02
2.200000000000000011e-01 1.683738335740324332e-02
2.300000000000000100e-01 1.683738335740324332e-02
2.399999999999999911e-01 1.683738335740324332e-02
2.500000000000000000e-01 1.683738335740324332e-02
2.600000000000000089e-01 1.683738335740324332e-02
2.700000000000000178e-01 1.683738335740324332e-02
2.800000000000000266e-01 1.683738335740324332e-02
2.899999999999999800e-01 1.683738335740324332e-02
2.999999999999999889e-01 1.683738335740324332e-02
3.099999999999999978e-01 1.683738335740324332e-02
3.200000000000000067e-01 1.683738335740324332e-02
3.300000000000000155e-01 1.683738335740324332e-02
3.400000000000000244e-01 1.683738335740324332e-02
3.499999999999999778e-01 1.683738335740324332e-02
3.599999999999999867e-01 1.683738335740324332e-02
3.699999999999999956e-01 1.683738335740324332e-02
3.800000000000000044e-01 1.683738335740324332e-02
3.900000000000000133e-01 1.683738335740324332e-02
4.000000000000000222e-01 1.683738335740324332e-02
4.099999999999999756e-01 1.683738335740324332e-02
4.199999999999999845e-01 1.683738335740324332e-02
4.299999999999999933e-01 1.683738335740324332e-02
4.400000000000000022e-01 1.683738335740324332e-02
4.500000000000000111e-01 1.683738335740324332e-02
4.600000000000000200e-01 1.683738335740324332e-02
4.699999999999999734e-01 1.683738335740324332e-02
4.799999999999999822e-01 1.683738335740324332e-02
4.899999999999999911e-01 1.683738335740324332e-02
5.000000000000000000e-01 1.683738335740324332e-02
5.100000000000000089e-01 1.683738335740324332e-02
5.200000000000000178e-01 1.683738335740324332e-02
5.300000000000000266e-01 1.683738335740324332e-02
5.400000000000000355e-01 1.683738335740324332e-02
5.500000000000000444e-01 1.683738335740324332e-02
5.600000000000000533e-01 1.683738335740324332e-02
5.699999999999999512e-01 1.683738335740324332e-02
5.799999999999999600e-01 1.683738335740324332e-02
5.899999999999999689e-01 1.683738335740324332e-02
5.999999999999999778e-01 1.683738335740324332e-02
6.099999999999999867e-01 1.683738335740324332e-02
6.199999999999999956e-01 1.683738335740324332e-02
6.300000000000000044e-01 1.683738335740324332e-02
6.400000000000000133e-01 1.683738335740324332e-02
6.500000000000000222e-01 1.683738335740324332e-02
6.600000000000000311e-01 1.683738335740324332e-02
6.700000000000000400e-01 1.683738335740324332e-02
6.800000000000000488e-01 1.683738335740324332e-02
6.899999999999999467e-01 1.683738335740324332e-02
6.999999999999999556e-01 1.683738335740324332e-02
7.099999999999999645e-01 1.683738335740324332e-02
7.199999999999999734e-01 1.683738335740324332e-02
7.299999999999999822e-01 1.683738335740324332e-02
7.399999999999999911e-01 1.683738335740324332e-02
7.500000000000000000e-01 1.683738335740324332e-02
7.600000000000000089e-01 1.683738335740324332e-02
7.700000000000000178e-01 1.683738335740324332e-02
7.800000000000000266e-01 1.683738335740324332e-02
7.900000000000000355e-01 1.683738335740324332e-02
8.000000000000000444e-01 1.683738335740324332e-02
8.100000000000000533e-01 1.683738335740324679e-02
8.199999999999999512e-01 1.683738335740324679e-02
8.299999999999999600e-01 1.683738335740325373e-02
8.399999999999999689e-01 1.683738335740326067e-02
8.499999999999999778e-01 1.683738335740327455e-02
8.599999999999999867e-01 1.683738335740330230e-02
8.699999999999999956e-01 1.683738335740334394e-02
8.800000000000000044e-01 1.683738335740340639e-02
8.900000000000000133e-01 1.683738335740349659e-02
9.000000000000000222e-01 1.683738335740360761e-02
9.100000000000000311e-01 1.683738335740374292e-02
9.200000000000000400e-01 1.683738335740388864e-02
9.300000000000000488e-01 1.683738335740404476e-02
9.399999999999999467e-01 1.683738335740421130e-02
9.499999999999999556e-01 1.683738335740441253e-02
9.599999999999999645e-01 1.683738335740470743e-02
9.699999999999999734e-01 1.683738335740520703e-02
9.799999999999999822e-01 1.683738335740607092e-02
9.899999999999999911e-01 1.683738335740752115e-02
1.000000000000000000e+00 1.683738335740981445e-02
1.010000000000000009e+00 1.683738335741315900e-02
1.020000000000000018e+00 1.683738335741762765e-02
1.030000000000000027e+00 1.683738335742305733e-02
1.040000000000000036e+00 1.683738335742897621e-02
1.050000000000000044e+00 1.683738335743470427e-02
1.060000000000000053e+00 1.683738335743949210e-02
1.070000000000000062e+00 1.683738335744273951e-02
1.080000000000000071e+00 1.683738335744411688e-02
1.090000000000000080e+00 1.683738335744358952e-02
1.100000000000000089e+00 1.683738335744139683e-02
1.110000000000000098e+00 1.683738335743803147e-02
1.120000000000000107e+00 1.683738335743406589e-02
1.129999999999999893e+00 1.683738335742996847e-02
1.139999999999999902e+00 1.683738335742595432e-02
1.149999999999999911e+00 1.683738335742201650e-02
1.159999999999999920e+00 1.683738335741814113e-02
1.169999999999999929e+00 1.683738335741442535e-02
1.179999999999999938e+00 1.683738335741111203e-02
1.189999999999999947e+00 1.683738335740842321e-02
1.199999999999999956e+00 1.683738335740645950e-02
1.209999999999999964e+00 1.683738335740519315e-02
1.219999999999999973e+00 1.683738335740452355e-02
1.229999999999999982e+00 1.683738335740444028e-02
1.239999999999999991e+00 1.683738335740520356e-02
1.250000000000000000e+00 1.683738335740773626e-02
1.260000000000000009e+00 1.683738335741469597e-02
1.270000000000000018e+00 1.683738335743344486e-02
1.280000000000000027e+00 1.683738335748457757e-02
1.290000000000000036e+00 1.683738335762452465e-02
1.300000000000000044e+00 1.683738335799991187e-02
1.310000000000000053e+00 1.683738335896590999e-02
1.320000000000000062e+00 1.683738336132209121e-02
1.330000000000000071e+00 1.683738336674342473e-02
1.340000000000000080e+00 1.683738337846463901e-02
1.350000000000000089e+00 1.683738340206452494e-02
1.360000000000000098e+00 1.683738344560889097e-02
1.370000000000000107e+00 1.683738351768500341e-02
1.379999999999999893e+00 1.683738362222947024e-02
1.389999999999999902e+00 1.683738375204990242e-02
1.399999999999999911e+00 1.683738388765653599e-02
1.409999999999999920e+00 1.683738400954869902e-02
1.419999999999999929e+00 1.683738412623662223e-02
1.429999999999999938e+00 1.683738431124967572e-02
1.439999999999999947e+00 1.683738474144057251e-02
1.449999999999999956e+00 1.683738574165858509e-02
1.459999999999999964e+00 1.683738785958326795e-02
1.469999999999999973e+00 1.683739200309227260e-02
1.479999999999999982e+00 1.683739965041354536e-02
1.489999999999999991e+00 1.683741307104585569e-02
1.500000000000000000e+00 1.683743539602146344e-02
1.510000000000000009e+00 1.683747037806126653e-02
1.520000000000000018e+00 1.683752197929916025e-02
1.530000000000000027e+00 1.683759451292879059e-02
1.540000000000000036e+00 1.683769443408807132e-02
1.550000000000000044e+00 1.683783426032940331e-02
1.560000000000000053e+00 1.683803770152692697e-02
1.570000000000000062e+00 1.683834499062203741e-02
1.580000000000000071e+00 1.683882085619876207e-02
1.590000000000000080e+00 1.683957315725060494e-02
1.600000000000000089e+00 1.684079272173376329e-02
1.610000000000000098e+00 1.684282091504105822e-02
1.620000000000000107e+00 1.684624204741011488e-02
1.629999999999999893e+00 1.685198377886701002e-02
1.639999999999999902e+00 1.686139059946467622e-02
1.649999999999999911e+00 1.687622837314635069e-02
1.659999999999999920e+00 1.689861801618133472e-02
1.669999999999999929e+00 1.693099969917415126e-02
1.679999999999999938e+00 1.697632804558618647e-02
1.689999999999999947e+00 1.703866357103663368e-02
1.699999999999999956e+00 1.712411280567361499e-02
1.709999999999999964e+00 1.724184166162796503e-02
1.719999999999999973e+00 1.740489852749981664e-02
1.729999999999999982e+00 1.763091332650163282e-02
1.739999999999999991e+00 1.794315456528185193e-02
1.750000000000000000e+00 1.837248221518631569e-02
1.760000000000000009e+00 1.895995912624620292e-02
1.770000000000000018e+00 1.975812914791015215e-02
1.780000000000000027e+00 2.082704926682060406e-02
1.790000000000000036e+00 2.222111838836342973e-02
1.800000000000000044e+00 2.396656239227435217e-02
1.810000000000000053e+00 2.603667501120253414e-02
1.820000000000000062e+00 2.833880569839810834e-02
1.830000000000000071e+00 3.072825266113255599e-02
1.840000000000000080e+00 3.305567322207138975e-02
1.850000000000000089e+00 3.523741811143270286e-02
1.860000000000000098e+00 3.732141919182481449e-02
1.870000000000000107e+00 3.951817723859576276e-02
1.879999999999999893e+00 4.218173465081481027e-02
1.889999999999999902e+00 4.574755877221857447e-02
1.899999999999999911e+00 5.064641411861871279e-02
1.909999999999999920e+00 5.721475065274728156e-02
1.919999999999999929e+00 6.562904161620305987e-02
1.929999999999999938e+00 7.591076249547820676e-02
1.939999999999999947e+00 8.805697991059183161e-02
1.949999999999999956e+00 1.023199451160130558e-01
1.959999999999999964e+00 1.196104910121832815e-01
1.969999999999999973e+00 1.420218357482206650e-01
1.979999999999999982e+00 1.736273209070813839e-01
1.989999999999999991e+00 2.219078862538981789e-01
2.000000000000000000e+00 3.001224270866671984e-01
2.009999999999999787e+00 4.302859243212062146e-01
2.020000000000000018e+00 6.450727431402147882e-01
2.029999999999999805e+00 9.855942495934828518e-01
2.040000000000000036e+00 1.492318495104762111e+00
2.049999999999999822e+00 2.190107028632324759e+00
2.060000000000000053e+00 3.074296703620060356e+00
2.069999999999999840e+00 4.107032228469259749e+00
2.080000000000000071e+00 5.225501071177380830e+00
2.089999999999999858e+00 6.350549709772276508e+00
2.100000000000000089e+00 7.382114668393514378e+00
2.109999999999999876e+00 8.186952860888800032e+00
2.120000000000000107e+00 8.606027972025527717e+00
2.129999999999999893e+00 8.501865537848178889e+00
2.140000000000000124e+00 7.828369500551792370e+00
2.149999999999999911e+00 6.675347861345453992e+00
2.160000000000000142e+00 5.251210737575594756e+00
2.169999999999999929e+00 3.809929736321918892e+00
2.180000000000000160e+00 2.563919920611891001e+00
2.189999999999999947e+00 1.627438029575550393e+00
2.200000000000000178e+00 1.010121864414829984e+00
2.209999999999999964e+00 6.500069656274266583e-01
2.220000000000000195e+00 4.594544425980335300e-01
2.229999999999999982e+00 3.607067868482339290e-01
2.240000000000000213e+00 3.017377841966704666e-01
2.250000000000000000e+00 2.558360746360432980e-01
2.259999999999999787e+00 2.135368698464697179e-01
2.270000000000000018e+00 1.739792427321107116e-01
2.279999999999999805e+00 1.389148616202769970e-01
2.290000000000000036e+00 1.097275589955848535e-01
2.299999999999999822e+00 8.661233702649165367e-02
2.310000000000000053e+00 6.885610353375616610e-02
2.319999999999999840e+00 5.539479401128371422e-02
2.330000000000000071e+00 4.521740889917742756e-02
2.339999999999999858e+00 3.753274015142757380e-02
2.350000000000000089e+00 3.177764041628215047e-02
2.359999999999999876e+00 2.755647185629961013e-02
2.370000000000000107e+00 2.456568847178594237e-02
2.379999999999999893e+00 2.253573875336635848e-02
2.390000000000000124e+00 2.120955194243626801e-02
2.399999999999999911e+00 2.035552002441769551e-02
2.410000000000000142e+00 1.979191821216440619e-02
2.419999999999999929e+00 1.939875085003368166e-02
2.430000000000000160e+00 1.911078253233469693e-02
2.439999999999999947e+00 1.890144792525113790e-02
2.450000000000000178e+00 1.876827793241575906e-02
2.459999999999999964e+00 1.872200187427183055e-02
2.470000000000000195e+00 1.877571750066447942e-02
2.479999999999999982e+00 1.893239376750387865e-02
2.490000000000000213e+00 1.917427848817410477e-02
2.500000000000000000e+00 1.945989681792278936e-02
2.509999999999999787e+00 1.973110286521255821e-02
2.520000000000000018e+00 1.992734245819544406e-02
2.529999999999999805e+00 2.000119387761355866e-02
2.540000000000000036e+00 1.992974034919993420e-02
2.549999999999999822e+00 1.971869181851247654e-02
2.560000000000000053e+00 1.939843652551232617e-02
2.569999999999999840e+00 1.901342954705948288e-02
2.580000000000000071e+00 1.860910810724615561e-02
2.589999999999999858e+00 1.822197028447852113e-02
2.600000000000000089e+00 1.787603836987887440e-02
2.609999999999999876e+00 1.758428704138810875e-02
2.620000000000000107e+00 1.735137318859444194e-02
2.629999999999999893e+00 1.717558746888726839e-02
2.640000000000000124e+00 1.705034244556403317e-02
2.649999999999999911e+00 1.696603812485825494e-02
2.660000000000000142e+00 1.691225322856384702e-02
2.669999999999999929e+00 1.687957147496148627e-02
2.680000000000000160e+00 1.686055232420530584e-02
2.689999999999999947e+00 1.684988569265774908e-02
2.700000000000000178e+00 1.684407329247112131e-02
2.709999999999999964e+00 1.684096143281228752e-02
2.720000000000000195e+00 1.683930340027953859e-02
2.729999999999999982e+00 1.683841529928155334e-02
2.740000000000000213e+00 1.683793565390837021e-02
2.750000000000000000e+00 1.683767560794974943e-02
2.759999999999999787e+00 1.683753523499379248e-02
2.770000000000000018e+00 1.683746043794371802e-02
2.779999999999999805e+00 1.683742140363144249e-02
2.790000000000000036e+00 1.683740158921370744e-02
2.799999999999999822e+00 1.683739185274247055e-02
2.810000000000000053e+00 1.683738722483461153e-02
2.819999999999999840e+00 1.683738508753465646e-02
2.830000000000000071e+00 1.683738412065370962e-02
2.839999999999999858e+00 1.683738368897600216e-02
2.850000000000000089e+00 1.683738349834869655e-02
2.859999999999999876e+00 1.683738341548221551e-02
2.870000000000000107e+00 1.683738338036919885e-02
2.879999999999999893e+00 1.683738336603530714e-02
2.890000000000000124e+00 1.683738336046160938e-02
2.899999999999999911e+00 1.683738335841766104e-02
2.910000000000000142e+00 1.683738335771662112e-02
2.919999999999999929e+00 1.683738335749314363e-02
2.930000000000000160e+00 1.683738335742718945e-02
2.939999999999999947e+00 1.683738335740917955e-02
2.950000000000000178e+00 1.683738335740462069e-02
2.959999999999999964e+00 1.683738335740354516e-02
2.970000000000000195e+00 1.683738335740330924e-02
2.979999999999999982e+00 1.683738335740326067e-02
2.990000000000000213e+00 1.683738335740324679e-02
3.000000000000000000e+00 1.683738335740324332e-02
3.009999999999999787e+00 1.683738335740324332e-02
3.020000000000000018e+00 1.683738335740324332e-02
3.029999999999999805e+00 1.683738335740324332e-02
3.040000000000000036e+00 1.683738335740324332e-02
3.049999999999999822e+00 1.683738335740324332e-02
3.060000000000000053e+00 1.683738335740324332e-02
3.069999999999999840e+00 1.683738335740324332e-02
3.080000000000000071e+00 1.683738335740324332e-02
3.089999999999999858e+00 1.683738335740324332e-02
3.100000000000000089e+00 1.683738335740324332e-02
3.109999999999999876e+00 1.683738335740324332e-02
3.120000000000000107e+00 1.683738335740324332e-02
3.129999999999999893e+00 1.683738335740324332e-02
3.140000000000000124e+00 1.683738335740324332e-02
3.149999999999999911e+00 1.683738335740324332e-02
3.160000000000000142e+00 1.683738335740324332e-02
3.169999999999999929e+00 1.683738335740324332e-02
3.180000000000000160e+00 1.683738335740324332e-02
3.189999999999999947e+00 1.683738335740324332e-02
3.200000000000000178e+00 1.683738335740324332e-02
3.209999999999999964e+00 1.683738335740324332e-02
3.220000000000000195e+00 1.683738335740324332e-02
3.229999999999999982e+00 1.683738335740324332e-02
3.240000000000000213e+00 1.683738335740324332e-02
3.250000000000000000e+00 1.683738335740324332e-02
3.259999999999999787e+00 1.683738335740324332e-02
3.270000000000000018e+00 1.683738335740324332e-02
3.279999999999999805e+00 1.683738335740324332e-02
3.290000000000000036e+00 1.683738335740324332e-02
3.299999999999999822e+00 1.683738335740324332e-02
3.310000000000000053e+00 1.683738335740324332e-02
3.319999999999999840e+00 1.683738335740324332e-02
3.330000000000000071e+00 1.683738335740324332e-02
3.339999999999999858e+00 1.683738335740324332e-02
3.350000000000000089e+00 1.683738335740324332e-02
3.359999999999999876e+00 1.683738335740324332e-02
3.370000000000000107e+00 1.683738335740324332e-02
3.379999999999999893e+00 1.683738335740324332e-02
3.390000000000000124e+00 1.683738335740324332e-02
3.399999999999999911e+00 1.683738335740324332e-02
3.410000000000000142e+00 1.683738335740324332e-02
3.419999999999999929e+00 1.683738335740324332e-02
3.430000000000000160e+00 1.683738335740324332e-02
3.439999999999999947e+00 1.683738335740324332e-02
3.450000000000000178e+00 1.683738335740324332e-02
3.459999999999999964e+00 1.683738335740324332e-02
3.470000000000000195e+00 1.683738335740324332e-02
3.479999999999999982e+00 1.683738335740324332e-02
3.490000000000000213e+00 1.683738335740324332e-02
3.500000000000000000e+00 1.683738335740324332e-02
3.509999999999999787e+00 1.683738335740324332e-02
3.520000000000000018e+00 1.683738335740324332e-02
3.529999999999999805e+00 1.683738335740324332e-02
3.540000000000000036e+00 1.683738335740324332e-02
3.549999999999999822e+00 1.683738335740324332e-02
3.560000000000000053e+00 1.683738335740324332e-02
3.569999999999999840e+00 1.683738335740324332e-02
3.580000000000000071e+00 1.683738335740324332e-02
3.589999999999999858e+00 1.683738335740324332e-02
3.600000000000000089e+00 1.683738335740324332e-02
3.609999999999999876e+00 1.683738335740324332e-02
3.620000000000000107e+00 1.683738335740324332e-02
3.629999999999999893e+00 1.683738335740324332e-02
3.640000000000000124e+00 1.683738335740324332e-02
3.649999999999999911e+00 1.683738335740324332e-02
3.660000000000000142e+00 1.683738335740324332e-02
3.669999999999999929e+00 1.683738335740324332e-02
3.680000000000000160e+00 1.683738335740324332e-02
3.689999999999999947e+00 1.683738335740324332e-02
3.700000000000000178e+00 1.683738335740324332e-02
3.709999999999999964e+00 1.683738335740324332e-02
3.720000000000000195e+00 1.683738335740324332e-02
3.729999999999999982e+00 1.683738335740324332e-02
3.740000000000000213e+00 1.683738335740324332e-02
3.750000000000000000e+00 1.683738335740324332e-02
3.759999999999999787e+00 1.683738335740324332e-02
3.770000000000000018e+00 1.683738335740324332e-02
3.779999999999999805e+00 1.683738335740324332e-02
3.790000000000000036e+00 1.683738335740324332e-02
3.799999999999999822e+00 1.683738335740324332e-02
3.810000000000000053e+00 1.683738335740324332e-02
3.819999999999999840e+00 1.683738335740324332e-02
3.830000000000000071e+00 1.683738335740324332e-02
3.839999999999999858e+00 1.683738335740324332e-02
3.850000000000000089e+00 1.683738335740324332e-02
3.859999999999999876e+00 1.683738335740324332e-02
3.870000000000000107e+00 1.683738335740324332e-02
3.879999999999999893e+00 1.683738335740324332e-02
3.890000000000000124e+00 1.683738335740324332e-02
3.899999999999999911e+00 1.683738335740324332e-02
3.910000000000000142e+00 1.683738335740324332e-02
3.919999999999999929e+00 1.683738335740324332e-02
3.930000000000000160e+00 1.683738335740324332e-02
3.939999999999999947e+00 1.683738335740324332e-02
3.950000000000000178e+00 1.683738335740324332e-02
3.959999999999999964e+00 1.683738335740324332e-02
3.970000000000000195e+00 1.683738335740324332e-02
3.979999999999999982e+00 1.683738335740324332e-02
3.990000000000000213e+00 1.683738335740324332e-02
4.000000000000000000e+00 1.683738335740324332e-02
4.009999999999999787e+00 1.683738335740324332e-02
4.019999999999999574e+00 1.683738335740324332e-02
4.030000000000000249e+00 1.683738335740324332e-02
4.040000000000000036e+00 1.683738335740324332e-02
4.049999999999999822e+00 1.683738335740324332e-02
4.059999999999999609e+00 1.683738335740324332e-02
4.070000000000000284e+00 1.683738335740324332e-02
4.080000000000000071e+00 1.683738335740324332e-02
4.089999999999999858e+00 1.683738335740324332e-02
4.099999999999999645e+00 1.683738335740324332e-02
4.110000000000000320e+00 1.683738335740324332e-02
4.120000000000000107e+00 1.683738335740324332e-02
4.129999999999999893e+00 1.683738335740324332e-02
4.139999999999999680e+00 1.683738335740324332e-02
4.150000000000000355e+00 1.683738335740324332e-02
4.160000000000000142e+00 1.683738335740324332e-02
4.169999999999999929e+00 1.683738335740324332e-02
4.179999999999999716e+00 1.683738335740324332e-02
4.190000000000000391e+00 1.683738335740324332e-02
4.200000000000000178e+00 1.683738335740324332e-02
4.209999999999999964e+00 1.683738335740324332e-02
4.219999999999999751e+00 1.683738335740324332e-02
4.230000000000000426e+00 1.683738335740324332e-02
4.240000000000000213e+00 1.683738335740324332e-02
4.250000000000000000e+00 1.683738335740324332e-02
4.259999999999999787e+00 1.683738335740324332e-02
4.269999999999999574e+00 1.683738335740324332e-02
4.280000000000000249e+00 1.683738335740324332e-02
4.290000000000000036e+00 1.683738335740324332e-02
4.299999999999999822e+00 1.683738335740324332e-02
4.309999999999999609e+00 1.683738335740324332e-02
4.320000000000000284e+00 1.683738335740324332e-02
4.330000000000000071e+00 1.683738335740324332e-02
4.339999999999999858e+00 1.683738335740324332e-02
4.349999999999999645e+00 1.683738335740324332e-02
4.360000000000000320e+00 1.683738335740324332e-02
4.370000000000000107e+00 1.683738335740324332e-02
4.379999999999999893e+00 1.683738335740324332e-02
4.389999999999999680e+00 1.683738335740324332e-02
4.400000000000000355e+00 1.683738335740324332e-02
4.410000000000000142e+00 1.683738335740324332e-02
4.419999999999999929e+00 1.683738335740324332e-02
4.429999999999999716e+00 1.683738335740324332e-02
4.440000000000000391e+00 1.683738335740324332e-02
4.450000000000000178e+00 1.683738335740324332e-02
4.459999999999999964e+00 1.683738335740324332e-02
4.469999999999999751e+00 1.683738335740324332e-02
4.480000000000000426e+00 1.683738335740324332e-02
4.490000000000000213e+00 1.683738335740324332e-02
4.500000000000000000e+00 1.683738335740324332e-02
4.509999999999999787e+00 1.683738335740324332e-02
4.519999999999999574e+00 1.683738335740324332e-02
4.530000000000000249e+00 1.683738335740324332e-02
4.540000000000000036e+00 1.683738335740324332e-02
4.549999999999999822e+00 1.683738335740324332e-02
4.559999999999999609e+00 1.683738335740324332e-02
4.570000000000000284e+00 1.683738335740324332e-02
4.580000000000000071e+00 1.683738335740324332e-02
4.589999999999999858e+00 1.683738335740324332e-02
4.599999999999999645e+00 1.683738335740324332e-02
4.610000000000000320e+00 1.683738335740324332e-02
4.620000000000000107e+00 1.683738335740324332e-02
4.629999999999999893e+00 1.683738335740324332e-02
4.639999999999999680e+00 1.683738335740324332e-02
4.650000000000000355e+00 1.683738335740324332e-02
4.660000000000000142e+00 1.683738335740324332e-02
4.669999999999999929e+00 1.683738335740324332e-02
4.679999999999999716e+00 1.683738335740324332e-02
4.690000000000000391e+00 1.683738335740324332e-02
4.700000000000000178e+00 1.683738335740324332e-02
4.709999999999999964e+00 1.683738335740324332e-02
4.719999999999999751e+00 1.683738335740324332e-02
4.730000000000000426e+00 1.683738335740324332e-02
4.740000000000000213e+00 1.683738335740324332e-02
4.750000000000000000e+00 1.683738335740324332e-02
4.759999999999999787e+00 1.683738335740324332e-02
4.769999999999999574e+00 1.683738335740324332e-02
4.780000000000000249e+00 1.683738335740324332e-02
4.790000000000000036e+00 1.683738335740324332e-02
4.799999999999999822e+00 1.683738335740324332e-02
4.809999999999999609e+00 1.683738335740324332e-02
4.820000000000000284e+00 1.683738335740324332e-02
4.830000000000000071e+00 1.683738335740324332e-02
4.839999999999999858e+00 1.683738335740324332e-02
4.849999999999999645e+00 1.683738335740324332e-02
4.860000000000000320e+00 1.683738335740324332e-02
4.870000000000000107e+00 1.683738335740324332e-02
4.879999999999999893e+00 1.683738335740324332e-02
4.889999999999999680e+00 1.683738335740324332e-02
4.900000000000000355e+00 1.683738335740324332e-02
4.910000000000000142e+00 1.683738335740324332e-02
4.919999999999999929e+00 1.683738335740324332e-02
4.929999999999999716e+00 1.683738335740324332e-02
4.940000000000000391e+00 1.683738335740324332e-02
4.950000000000000178e+00 1.683738335740324332e-02
4.959999999999999964e+00 1.683738335740324332e-02
4.969999999999999751e+00 1.683738335740324332e-02
4.980000000000000426e+00 1.683738335740324332e-02
4.990000000000000213e+00 1.683738335740324332e-02
5.000000000000000000e+00 1.683738335740324332e-02
5.009999999999999787e+00 1.683738335740324332e-02
5.019999999999999574e+00 1.683738335740324332e-02
5.030000000000000249e+00 1.683738335740324332e-02
5.040000000000000036e+00 1.683738335740324332e-02
5.049999999999999822e+00 1.683738335740324332e-02
5.059999999999999609e+00 1.683738335740324332e-02
5.070000000000000284e+00 1.683738335740324332e-02
5.080000000000000071e+00 1.683738335740324332e-02
5.089999999999999858e+00 1.683738335740324332e-02
5.099999999999999645e+00 1.683738335740324332e-02
5.110000000000000320e+00 1.683738335740324332e-02
5.120000000000000107e+00 1.683738335740324332e-02
5.129999999999999893e+00 1.683738335740324332e-02
5.139999999999999680e+00 1.683738335740324332e-02
5.150000000000000355e+00 1.683738335740324332e-02
5.160000000000000142e+00 1.683738335740324332e-02
5.169999999999999929e+00 1.683738335740324332e-02
5.179999999999999716e+00 1.683738335740324332e-02
5.190000000000000391e+00 1.683738335740324332e-02
5.200000000000000178e+00 1.683738335740324332e-02
5.209999999999999964e+00 1.683738335740324332e-02
5.219999999999999751e+00 1.683738335740324332e-02
5.230000000000000426e+00 1.683738335740324332e-02
5.240000000000000213e+00 1.683738335740324332e-02
5.250000000000000000e+00 1.683738335740324332e-02
5.259999999999999787e+00 1.683738335740324332e-02
5.269999999999999574e+00 1.683738335740324332e-02
5.280000000000000249e+00 1.683738335740324332e-02
5.290000000000000036e+00 1.683738335740324332e-02
5.299999999999999822e+00 1.683738335740324332e-02
5.309999999999999609e+00 1.683738335740324332e-02
5.320000000000000284e+00 1.683738335740324332e-02
5.330000000000000071e+00 1.683738335740324332e-02
5.339999999999999858e+00 1.683738335740324332e-02
5.349999999999999645e+00 1.683738335740324332e-02
5.360000000000000320e+00 1.683738335740324332e-02
5.370000000000000107e+00 1.683738335740324332e-02
5.379999999999999893e+00 1.683738335740324332e-02
5.389999999999999680e+00 1.683738335740324332e-02
5.400000000000000355e+00 1.683738335740324332e-02
5.410000000000000142e+00 1.683738335740324332e-02
5.419999999999999929e+00 1.683738335740324332e-02
5.429999999999999716e+00 1.683738335740324332e-02
5.440000000000000391e+00 1.683738335740324332e-02
5.450000000000000178e+00 1.683738335740324332e-02
5.459999999999999964e+00 1.683738335740324332e-02
5.469999999999999751e+00 1.683738335740324332e-02
5.480000000000000426e+00 1.683738335740324332e-02
5.490000000000000213e+00 1.683738335740324332e-02
5.500000000000000000e+00 1.683738335740324332e-02
5.509999999999999787e+00 1.683738335740324332e-02
5.519999999999999574e+00 1.683738335740324332e-02
5.530000000000000249e+00 1.683738335740324332e-02
5.540000000000000036e+00 1.683738335740324332e-02
5.549999999999999822e+00 1.683738335740324332e-02
5.559999999999999609e+00 1.683738335740324332e-02
5.570000000000000284e+00 1.683738335740324332e-02
5.580000000000000071e+00 1.683738335740324332e-02
5.589999999999999858e+00 1.683738335740324332e-02
5.599999999999999645e+00 1.683738335740324332e-02
5.610000000000000320e+00 1.683738335740324332e-02
5.620000000000000107e+00 1.683738335740324332e-02
5.629999999999999893e+00 1.683738335740324332e-02
5.639999999999999680e+00 1.683738335740324332e-02
5.650000000000000355e+00 1.683738335740324332e-02
5.660000000000000142e+00 1.683738335740324332e-02
5.669999999999999929e+00 1.683738335740324332e-02
5.679999999999999716e+00 1.683738335740324332e-02
5.690000000000000391e+00 1.683738335740324332e-02
5.700000000000000178e+00 1.683738335740324332e-02
5.709999999999999964e+00 1.683738335740324332e-02
5.719999999999999751e+00 1.683738335740324332e-02
5.730000000000000426e+00 1.683738335740324332e-02
5.740000000000000213e+00 1.683738335740324332e-02
5.750000000000000000e+00 1.683738335740324332e-02
5.759999999999999787e+00 1.683738335740324332e-02
5.769999999999999574e+00 1.683738335740324332e-02
5.780000000000000249e+00 1.683738335740324332e-02
5.790000000000000036e+00 1.683738335740324332e-02
5.799999999999999822e+00 1.683738335740324332e-02
5.809999999999999609e+00 1.683738335740324332e-02
5.820000000000000284e+00 1.683738335740324332e-02
5.830000000000000071e+00 1.683738335740324332e-02
5.839999999999999858e+00 1.683738335740324332e-02
5.849999999999999645e+00 1.683738335740324332e-02
5.860000000000000320e+00 1.683738335740324332e-02
5.870000000000000107e+00 1.683738335740324332e-02
5.879999999999999893e+00 1.683738335740324332e-02
5.889999999999999680e+00 1.683738335740324332e-02
5.900000000000000355e+00 1.683738335740324332e-02
5.910000000000000142e+00 1.683738335740324332e-02
5.919999999999999929e+00 1.683738335740324332e-02
5.929999999999999716e+00 1.683738335740324332e-02
5.940000000000000391e+00 1.683738335740324332e-02
5.950000000000000178e+00 1.683738335740324332e-02
5.959999999999999964e+00 1.683738335740324332e-02
5.969999999999999751e+00 1.683738335740324332e-02
5.980000000000000426e+00 1.683738335740324332e-02
5.990000000000000213e+00 1.683738335740324332e-02
6.000000000000000000e+00 1.683738335740324332e-02
6.200000000000000178e+00 1.683738335740324332e-02
6.400000000000000355e+00 1.683738335740324332e-02
6.599999999999999645e+00 1.683738335740324332e-02
6.799999999999999822e+00 1.683738335740324332e-02
7.000000000000000000e+00 0.000000000000000000e+00
