0.000000000000000000e+00 0.000000000000000000e+00
1.000000000000000021e-02 1.683738335780186890e-02
2.000000000000000042e-02 1.683738335828950661e-02
2.999999999999999889e-02 1.683738335923374782e-02
4.000000000000000083e-02 1.683738336094449395e-02
5.000000000000000278e-02 1.683738336384078479e-02
5.999999999999999778e-02 1.683738336840371469e-02
7.000000000000000666e-02 1.683738337510607905e-02
8.000000000000000167e-02 1.683738338446531813e-02
8.999999999999999667e-02 1.683738339745024029e-02
1.000000000000000056e-01 1.683738341630535221e-02
1.100000000000000006e-01 1.683738344537840173e-02
1.199999999999999956e-01 1.683738349116700034e-02
1.300000000000000044e-01 1.683738356125681970e-02
1.400000000000000133e-01 1.683738366314222606e-02
1.499999999999999944e-01 1.683738380470604229e-02
1.600000000000000033e-01 1.683738399688113410e-02
1.700000000000000122e-01 1.683738425695387522e-02
1.799999999999999933e-01 1.683738461176939594e-02
1.900000000000000022e-01 1.683738510404110544e-02
2.000000000000000111e-01 1.683738580532779389e-02
2.099999999999999922e-01 1.683738683052444368e-02
2.200000000000000011e-01 1.683738833897995002e-02
2.300000000000000100e-01 1.683739051260061195e-02
2.399999999999999911e-01 1.683739352170552164e-02
2.500000000000000000e-01 1.683739750665687318e-02
2.600000000000000089e-01 1.683740261771329502e-02
2.700000000000000178e-01 1.683740919495390481e-02
2.800000000000000266e-01 1.683741820760460695e-02
2.899999999999999800e-01 1.683743196786963159e-02
2.999999999999999889e-01 1.683745479449956853e-02
3.099999999999999978e-01 1.683749296890964600e-02
3.200000000000000067e-01 1.683755358029981677e-02
3.300000000000000155e-01 1.683764301065771019e-02
3.400000000000000244e-01 1.683776711549760802e-02
3.499999999999999778e-01 1.683793492621504101e-02
3.599999999999999867e-01 1.683816502560456577e-02
3.699999999999999956e-01 1.683849028141186019e-02
3.800000000000000044e-01 1.683895565917290296e-02
3.900000000000000133e-01 1.683960671043292778e-02
4.000000000000000222e-01 1.684047070466385132e-02
4.099999999999999756e-01 1.684153570202017586e-02
4.199999999999999845e-01 1.684273587899809410e-02
4.299999999999999933e-01 1.684395438089095545e-02
4.400000000000000022e-01 1.684505313714717428e-02
4.500000000000000111e-01 1.684592924804569417e-02
4.600000000000000200e-01 1.684658554048300283e-02
4.699999999999999734e-01 1.684719372044377397e-02
4.799999999999999822e-01 1.684811811099227660e-02
4.899999999999999911e-01 1.684986258626590405e-02
5.000000000000000000e-01 1.685293076893708275e-02
5.100000000000000089e-01 1.685765469910273026e-02
5.200000000000000178e-01 1.686409136693067107e-02
5.300000000000000266e-01 1.687204434206698508e-02
5.400000000000000355e-01 1.688116429585374140e-02
5.500000000000000444e-01 1.689102351012823980e-02
5.600000000000000533e-01 1.690111988697567610e-02
5.699999999999999512e-01 1.691090844979569602e-02
5.799999999999999600e-01 1.692004120237186604e-02
5.899999999999999689e-01 1.692886375505235283e-02
5.999999999999999778e-01 1.693888690992608956e-02
6.099999999999999867e-01 1.695272821283790726e-02
6.199999999999999956e-01 1.697324608510805341e-02
6.300000000000000044e-01 1.700219237343361320e-02
6.400000000000000133e-01 1.703914821871785334e-02
6.500000000000000222e-01 1.708134977414992040e-02
6.600000000000000311e-01 1.712443557924556506e-02
6.700000000000000400e-01 1.716370070267582426e-02
6.800000000000000488e-01 1.719537836165417263e-02
6.899999999999999467e-01 1.721763183630639626e-02
6.999999999999999556e-01 1.723116500199194795e-02
7.099999999999999645e-01 1.723953414042084589e-02
7.199999999999999734e-01 1.724910645810827717e-02
7.299999999999999822e-01 1.726819628193303202e-02
7.399999999999999911e-01 1.730497969377510492e-02
7.500000000000000000e-01 1.736482818984671703e-02
7.600000000000000089e-01 1.744865561253818378e-02
7.700000000000000178e-01 1.755320249185214274e-02
7.800000000000000266e-01 1.767230589307445740e-02
7.900000000000000355e-01 1.779743816483149096e-02
8.000000000000000444e-01 1.791732284618460444e-02
8.100000000000000533e-01 1.801846761516356921e-02
8.199999999999999512e-01 1.808834568394590905e-02
8.299999999999999600e-01 1.812052786282611350e-02
8.399999999999999689e-01 1.811890457317577238e-02
8.499999999999999778e-01 1.809852728333828653e-02
8.599999999999999867e-01 1.808291335650648313e-02
8.699999999999999956e-01 1.809940212452012392e-02
8.800000000000000044e-01 1.817418730491846685e-02
8.900000000000000133e-01 1.832820562461467268e-02
9.000000000000000222e-01 1.857526356664334494e-02
9.100000000000000311e-01 1.892371336890529693e-02
9.200000000000000400e-01 1.938138094657736177e-02
9.300000000000000488e-01 1.996127895408113598e-02
9.399999999999999467e-01 2.068528674477515886e-02
9.499999999999999556e-01 2.158492028286144657e-02
9.599999999999999645e-01 2.270000296001139714e-02
9.699999999999999734e-01 2.407510207235512290e-02
9.799999999999999822e-01 2.575184400791965741e-02
9.899999999999999911e-01 2.775725590974025339e-02
1.000000000000000000e+00 3.009428994436301810e-02
1.010000000000000009e+00 3.274387572668070040e-02
1.020000000000000018e+00 3.568270723934817423e-02
1.030000000000000027e+00 3.891080609629287562e-02
1.040000000000000036e+00 4.247520203923401544e-02
1.050000000000000044e+00 4.647558353090415484e-02
1.060000000000000053e+00 5.104730352722575831e-02
1.070000000000000062e+00 5.633430171614213500e-02
1.080000000000000071e+00 6.247328233222455840e-02
1.090000000000000080e+00 6.959470806340524451e-02
1.100000000000000089e+00 7.782064253896472938e-02
1.110000000000000098e+00 8.724065782685899717e-02
1.120000000000000107e+00 9.787566677874934284e-02
1.129999999999999893e+00 1.096484641450294201e-01
1.139999999999999902e+00 1.223521010658867453e-01
1.149999999999999911e+00 1.356044272766167846e-01
1.159999999999999920e+00 1.488447646775302446e-01
1.169999999999999929e+00 1.614860693431936778e-01
1.179999999999999938e+00 1.732596136824824939e-01
1.189999999999999947e+00 1.846099796585295161e-01
1.199999999999999956e+00 1.969012374800175602e-01
1.209999999999999964e+00 2.122843456437554233e-01
1.219999999999999973e+00 2.332454081134072710e-01
1.229999999999999982e+00 2.619546954200986377e-01
1.239999999999999991e+00 2.995652531910749095e-01
1.250000000000000000e+00 3.456640380774333443e-01
1.260000000000000009e+00 3.981754580330154059e-01
1.270000000000000018e+00 4.540237013000335553e-01
1.280000000000000027e+00 5.105880910958300323e-01
1.290000000000000036e+00 5.674188210100618024e-01
1.300000000000000044e+00 6.271873239878051898e-01
1.310000000000000053e+00 6.950193750999212883e-01
1.320000000000000062e+00 7.763533706815205493e-01
1.330000000000000071e+00 8.745351070283521322e-01
1.340000000000000080e+00 9.894958857390131479e-01
1.350000000000000089e+00 1.117988298774551525e+00
1.360000000000000098e+00 1.254911797564964404e+00
1.370000000000000107e+00 1.394970355998837119e+00
1.379999999999999893e+00 1.534071004738551736e+00
1.389999999999999902e+00 1.670070230899001862e+00
1.399999999999999911e+00 1.802721355342615350e+00
1.409999999999999920e+00 1.933048585653036389e+00
1.419999999999999929e+00 2.062567577366593241e+00
1.429999999999999938e+00 2.192527491079506952e+00
1.439999999999999947e+00 2.322990467771195000e+00
1.449999999999999956e+00 2.451647864832962931e+00
1.459999999999999964e+00 2.572839994720605983e+00
1.469999999999999973e+00 2.677752339076116872e+00
1.479999999999999982e+00 2.756582904806242240e+00
1.489999999999999991e+00 2.802357262290913642e+00
1.500000000000000000e+00 2.814524963559228432e+00
1.510000000000000009e+00 2.799869407523669640e+00
1.520000000000000018e+00 2.769687212294686951e+00
1.530000000000000027e+00 2.734844523820448625e+00
1.540000000000000036e+00 2.701843431641700377e+00
1.550000000000000044e+00 2.671989545951387601e+00
1.560000000000000053e+00 2.643194028606469015e+00
1.570000000000000062e+00 2.612181930046455047e+00
1.580000000000000071e+00 2.575210077453391921e+00
1.590000000000000080e+00 2.527276139376046338e+00
1.600000000000000089e+00 2.461560519540256120e+00
1.610000000000000098e+00 2.370885589577112373e+00
1.620000000000000107e+00 2.251019825890579362e+00
1.629999999999999893e+00 2.103408846793753728e+00
1.639999999999999902e+00 1.934823752754244452e+00
1.649999999999999911e+00 1.753931547387934220e+00
1.659999999999999920e+00 1.567472939461018289e+00
1.669999999999999929e+00 1.378884765737348639e+00
1.679999999999999938e+00 1.189893371959622970e+00
1.689999999999999947e+00 1.003242229170664412e+00
1.699999999999999956e+00 8.242244786310575222e-01
1.709999999999999964e+00 6.599691363830962887e-01
1.719999999999999973e+00 5.171426021158009867e-01
1.729999999999999982e+00 3.996563917994018222e-01
1.739999999999999991e+00 3.076988776389072977e-01
1.750000000000000000e+00 2.383613405486663950e-01
1.760000000000000009e+00 1.871665732869358667e-01
1.770000000000000018e+00 1.495439209125386248e-01
1.780000000000000027e+00 1.216828312002678075e-01
1.790000000000000036e+00 1.007478462526106427e-01
1.800000000000000044e+00 8.473891846077036272e-02
1.810000000000000053e+00 7.227156926239390600e-02
1.820000000000000062e+00 6.240517772078190556e-02
1.830000000000000071e+00 5.452987498724114201e-02
1.840000000000000080e+00 4.828076037821589506e-02
1.850000000000000089e+00 4.345326448990304014e-02
1.860000000000000098e+00 3.991322757721151027e-02
1.870000000000000107e+00 3.751685609880953814e-02
1.879999999999999893e+00 3.606755071030591508e-02
1.889999999999999902e+00 3.532442210145970291e-02
1.899999999999999911e+00 3.504673652749459856e-02
1.909999999999999920e+00 3.503850054150647181e-02
1.919999999999999929e+00 3.516686642849062294e-02
1.929999999999999938e+00 3.535350495446072661e-02
1.939999999999999947e+00 3.555417787649733929e-02
1.949999999999999956e+00 3.574053417497475432e-02
1.959999999999999964e+00 3.588945523168383944e-02
1.969999999999999973e+00 3.597921118546314884e-02
1.979999999999999982e+00 3.599017413112962083e-02
1.989999999999999991e+00 3.590810125930962021e-02
2.000000000000000000e+00 3.572785508170350094e-02
2.009999999999999787e+00 3.545498981152082896e-02
2.020000000000000018e+00 3.510329823608029226e-02
2.029999999999999805e+00 3.468880228848361669e-02
2.040000000000000036e+00 3.422344192751681363e-02
2.049999999999999822e+00 3.371249557366540889e-02
2.060000000000000053e+00 3.315746994091046951e-02
2.069999999999999840e+00 3.256244324022002090e-02
2.080000000000000071e+00 3.193978733465711178e-02
2.089999999999999858e+00 3.131274901986490916e-02
2.100000000000000089e+00 3.071635539774107693e-02
2.109999999999999876e+00 3.020066491618456431e-02
2.120000000000000107e+00 2.983751932825531861e-02
2.129999999999999893e+00 2.972382514589307426e-02
2.140000000000000124e+00 2.996867555987970527e-02
2.149999999999999911e+00 3.065883550399621515e-02
2.160000000000000142e+00 3.181664454185030577e-02
2.169999999999999929e+00 3.337795329599319016e-02
2.180000000000000160e+00 3.520728090548610328e-02
2.189999999999999947e+00 3.714020797952181235e-02
2.200000000000000178e+00 3.902641326197209964e-02
2.209999999999999964e+00 4.075520784995771695e-02
2.220000000000000195e+00 4.226482522160272121e-02
2.229999999999999982e+00 4.354496698357982615e-02
2.240000000000000213e+00 4.463453995628631488e-02
2.250000000000000000e+00 4.560659620453388907e-02
2.259999999999999787e+00 4.653442030291305570e-02
2.270000000000000018e+00 4.744767825595394561e-02
2.279999999999999805e+00 4.830294047688551279e-02
2.290000000000000036e+00 4.899269255618105001e-02
2.299999999999999822e+00 4.939617714903995344e-02
2.310000000000000053e+00 4.944722242427599529e-02
2.319999999999999840e+00 4.918065665623226612e-02
2.330000000000000071e+00 4.873141934129322089e-02
2.339999999999999858e+00 4.828913094168191256e-02
2.350000000000000089e+00 4.803408139561224366e-02
2.359999999999999876e+00 4.808477075677218548e-02
2.370000000000000107e+00 4.847534768937610677e-02
2.379999999999999893e+00 4.916463025491239758e-02
2.390000000000000124e+00 5.006497795684733410e-02
2.399999999999999911e+00 5.107343882461796991e-02
2.410000000000000142e+00 5.209225145403819507e-02
2.419999999999999929e+00 5.303855133958907536e-02
2.430000000000000160e+00 5.385344510529113671e-02
2.439999999999999947e+00 5.451802976499901809e-02
2.450000000000000178e+00 5.506990323920805258e-02
2.459999999999999964e+00 5.560209963453138088e-02
2.470000000000000195e+00 5.623115944377958531e-02
2.479999999999999982e+00 5.704230115629665976e-02
2.490000000000000213e+00 5.804076607703639173e-02
2.500000000000000000e+00 5.913956903125829057e-02
2.509999999999999787e+00 6.019143477899419059e-02
2.520000000000000018e+00 6.104412776271259111e-02
2.529999999999999805e+00 6.158665067573333013e-02
2.540000000000000036e+00 6.176633389584390565e-02
2.549999999999999822e+00 6.157984858384334820e-02
2.560000000000000053e+00 6.105464551933837553e-02
2.569999999999999840e+00 6.023479346703553700e-02
2.580000000000000071e+00 5.917578507073158189e-02
2.589999999999999858e+00 5.794601510110462123e-02
2.600000000000000089e+00 5.662904272232505837e-02
2.609999999999999876e+00 5.531926645387652552e-02
2.620000000000000107e+00 5.410688582732184337e-02
2.629999999999999893e+00 5.305672542713345263e-02
2.640000000000000124e+00 5.219309508667079045e-02
2.649999999999999911e+00 5.150061960383420234e-02
2.660000000000000142e+00 5.093864469531144551e-02
2.669999999999999929e+00 5.045612029253139508e-02
2.680000000000000160e+00 4.999666330575584794e-02
2.689999999999999947e+00 4.949625908327156404e-02
2.700000000000000178e+00 4.888338021687588936e-02
2.709999999999999964e+00 4.808639511149849499e-02
2.720000000000000195e+00 4.704514106969363146e-02
2.729999999999999982e+00 4.572229444815655713e-02
2.740000000000000213e+00 4.411337641996618264e-02
2.750000000000000000e+00 4.225383295422117935e-02
2.759999999999999787e+00 4.021728225845015714e-02
2.770000000000000018e+00 3.809946484478912709e-02
2.779999999999999805e+00 3.599222005993496509e-02
2.790000000000000036e+00 3.396163009065069488e-02
2.799999999999999822e+00 3.204187961147355462e-02
2.810000000000000053e+00 3.024357882792147803e-02
2.819999999999999840e+00 2.856641790298642541e-02
2.830000000000000071e+00 2.700821536129761197e-02
2.839999999999999858e+00 2.556932852973111195e-02
2.850000000000000089e+00 2.425446860163726556e-02
2.859999999999999876e+00 2.307235890607712420e-02
2.870000000000000107e+00 2.203226178913681582e-02
2.879999999999999893e+00 2.113827719331665134e-02
2.890000000000000124e+00 2.038507694017046082e-02
2.899999999999999911e+00 1.975820902469267379e-02
2.910000000000000142e+00 1.923839675074812475e-02
2.919999999999999929e+00 1.880651180372266973e-02
2.930000000000000160e+00 1.844655865689433932e-02
2.939999999999999947e+00 1.814635853768649734e-02
2.950000000000000178e+00 1.789698063283107904e-02
2.959999999999999964e+00 1.769177231741976553e-02
2.970000000000000195e+00 1.752525310939642353e-02
2.979999999999999982e+00 1.739208205328580947e-02
2.990000000000000213e+00 1.728653521644681404e-02
3.000000000000000000e+00 1.720275289840390853e-02
3.009999999999999787e+00 1.713544984485023542e-02
3.020000000000000018e+00 1.708048423982997874e-02
3.029999999999999805e+00 1.703495727189611314e-02
3.040000000000000036e+00 1.699696572245719406e-02
3.049999999999999822e+00 1.696528599349442917e-02
3.060000000000000053e+00 1.693912032488974553e-02
3.069999999999999840e+00 1.691787758394595886e-02
3.080000000000000071e+00 1.690096828489673006e-02
3.089999999999999858e+00 1.688767678042596074e-02
3.100000000000000089e+00 1.687717301249804999e-02
3.109999999999999876e+00 1.686863982543584245e-02
3.120000000000000107e+00 1.686143296445407475e-02
3.129999999999999893e+00 1.685519640737217356e-02
3.140000000000000124e+00 1.684987477413611018e-02
3.149999999999999911e+00 1.684559494127211079e-02
3.160000000000000142e+00 1.684246784811862380e-02
3.169999999999999929e+00 1.684043697042943502e-02
3.180000000000000160e+00 1.683926865238279114e-02
3.189999999999999947e+00 1.683865793749390535e-02
3.200000000000000178e+00 1.683834456213379252e-02
3.209999999999999964e+00 1.683816451774577949e-02
3.220000000000000195e+00 1.683803836049405436e-02
3.229999999999999982e+00 1.683793589708405813e-02
3.240000000000000213e+00 1.683784765149401799e-02
3.250000000000000000e+00 1.683777072868940239e-02
3.259999999999999787e+00 1.683770414719362729e-02
3.270000000000000018e+00 1.683764763123279246e-02
3.279999999999999805e+00 1.683760098566380523e-02
3.290000000000000036e+00 1.683756359087140025e-02
3.299999999999999822e+00 1.683753423961952336e-02
3.310000000000000053e+00 1.683751132971019610e-02
3.319999999999999840e+00 1.683749319878913644e-02
3.330000000000000071e+00 1.683747841223019390e-02
3.339999999999999858e+00 1.683746594557035403e-02
3.350000000000000089e+00 1.683745526844262694e-02
3.359999999999999876e+00 1.683744631790620380e-02
3.370000000000000107e+00 1.683743932862018580e-02
3.379999999999999893e+00 1.683743454000566006e-02
3.390000000000000124e+00 1.683743190481289120e-02
3.399999999999999911e+00 1.683743096651254753e-02
3.410000000000000142e+00 1.683743097717144838e-02
3.419999999999999929e+00 1.683743116290832911e-02
3.430000000000000160e+00 1.683743096309964563e-02
3.439999999999999947e+00 1.683743013120354154e-02
3.450000000000000178e+00 1.683742869722395716e-02
3.459999999999999964e+00 1.683742684306906157e-02
3.470000000000000195e+00 1.683742473505643600e-02
3.479999999999999982e+00 1.683742236823850338e-02
3.490000000000000213e+00 1.683741951714281399e-02
3.500000000000000000e+00 1.683741587359855602e-02
3.509999999999999787e+00 1.683741132336271512e-02
3.520000000000000018e+00 1.683740615407256988e-02
3.529999999999999805e+00 1.683740098787517292e-02
3.540000000000000036e+00 1.683739645950352651e-02
3.549999999999999822e+00 1.683739290144533815e-02
3.560000000000000053e+00 1.683739027751449124e-02
3.569999999999999840e+00 1.683738835388993299e-02
3.580000000000000071e+00 1.683738690790687054e-02
3.589999999999999858e+00 1.683738581786060201e-02
3.600000000000000089e+00 1.683738503353486571e-02
3.609999999999999876e+00 1.683738451457317611e-02
3.620000000000000107e+00 1.683738420153256532e-02
3.629999999999999893e+00 1.683738402457852362e-02
3.640000000000000124e+00 1.683738392346235263e-02
3.649999999999999911e+00 1.683738385833912984e-02
3.660000000000000142e+00 1.683738380859506681e-02
3.669999999999999929e+00 1.683738376597524594e-02
3.680000000000000160e+00 1.683738372774030295e-02
3.689999999999999947e+00 1.683738369228605578e-02
3.700000000000000178e+00 1.683738365752586799e-02
3.709999999999999964e+00 1.683738362136114747e-02
3.720000000000000195e+00 1.683738358303328922e-02
3.729999999999999982e+00 1.683738354397144171e-02
3.740000000000000213e+00 1.683738350724760247e-02
3.750000000000000000e+00 1.683738347592651091e-02
3.759999999999999787e+00 1.683738345156430768e-02
3.770000000000000018e+00 1.683738343387086028e-02
3.779999999999999805e+00 1.683738342142152705e-02
3.790000000000000036e+00 1.683738341257881230e-02
3.799999999999999822e+00 1.683738340601460132e-02
3.810000000000000053e+00 1.683738340079705270e-02
3.819999999999999840e+00 1.683738339627646047e-02
3.830000000000000071e+00 1.683738339196274789e-02
3.839999999999999858e+00 1.683738338748520802e-02
3.850000000000000089e+00 1.683738338265065512e-02
3.859999999999999876e+00 1.683738337753675970e-02
3.870000000000000107e+00 1.683738337249874456e-02
3.879999999999999893e+00 1.683738336801611502e-02
3.890000000000000124e+00 1.683738336445489078e-02
3.899999999999999911e+00 1.683738336191471091e-02
3.910000000000000142e+00 1.683738336025245724e-02
3.919999999999999929e+00 1.683738335921829837e-02
3.930000000000000160e+00 1.683738335858041280e-02
3.939999999999999947e+00 1.683738335817749898e-02
3.950000000000000178e+00 1.683738335791491736e-02
3.959999999999999964e+00 1.683738335774142766e-02
3.970000000000000195e+00 1.683738335762820920e-02
3.979999999999999982e+00 1.683738335755628410e-02
3.990000000000000213e+00 1.683738335751143456e-02
4.000000000000000000e+00 1.683738335748315162e-02
4.009999999999999787e+00 1.683738335746447559e-02
4.019999999999999574e+00 1.683738335745131598e-02
4.030000000000000249e+00 1.683738335744144887e-02
4.040000000000000036e+00 1.683738335743368425e-02
4.049999999999999822e+00 1.683738335742737680e-02
4.059999999999999609e+00 1.683738335742218650e-02
4.070000000000000284e+00 1.683738335741795031e-02
4.080000000000000071e+00 1.683738335741455372e-02
4.089999999999999858e+00 1.683738335741192735e-02
4.099999999999999645e+00 1.683738335740997405e-02
4.110000000000000320e+00 1.683738335740856545e-02
4.120000000000000107e+00 1.683738335740756625e-02
4.129999999999999893e+00 1.683738335740682726e-02
4.139999999999999680e+00 1.683738335740622705e-02
4.150000000000000355e+00 1.683738335740570316e-02
4.160000000000000142e+00 1.683738335740523825e-02
4.169999999999999929e+00 1.683738335740483927e-02
4.179999999999999716e+00 1.683738335740451661e-02
4.190000000000000391e+00 1.683738335740426334e-02
4.200000000000000178e+00 1.683738335740407252e-02
4.209999999999999964e+00 1.683738335740391293e-02
4.219999999999999751e+00 1.683738335740377762e-02
4.230000000000000426e+00 1.683738335740365966e-02
4.240000000000000213e+00 1.683738335740355210e-02
4.250000000000000000e+00 1.683738335740346537e-02
4.259999999999999787e+00 1.683738335740339598e-02
4.269999999999999574e+00 1.683738335740334394e-02
4.280000000000000249e+00 1.683738335740330924e-02
4.290000000000000036e+00 1.683738335740329189e-02
4.299999999999999822e+00 1.683738335740327802e-02
4.309999999999999609e+00 1.683738335740327802e-02
4.320000000000000284e+00 1.683738335740327455e-02
4.330000000000000071e+00 1.683738335740327108e-02
4.339999999999999858e+00 1.683738335740327108e-02
4.349999999999999645e+00 1.683738335740327108e-02
4.360000000000000320e+00 1.683738335740326761e-02
4.370000000000000107e+00 1.683738335740326761e-02
4.379999999999999893e+00 1.683738335740326761e-02
4.389999999999999680e+00 1.683738335740326761e-02
4.400000000000000355e+00 1.683738335740326761e-02
4.410000000000000142e+00 1.683738335740326761e-02
4.419999999999999929e+00 1.683738335740326761e-02
4.429999999999999716e+00 1.683738335740326761e-02
4.440000000000000391e+00 1.683738335740326761e-02
4.450000000000000178e+00 1.683738335740326761e-02
4.459999999999999964e+00 1.683738335740326761e-02
4.469999999999999751e+00 1.683738335740326761e-02
4.480000000000000426e+00 1.683738335740326761e-02
4.490000000000000213e+00 1.683738335740326761e-02
4.500000000000000000e+00 1.683738335740326761e-02
4.509999999999999787e+00 1.683738335740326761e-02
4.519999999999999574e+00 1.683738335740326761e-02
4.530000000000000249e+00 1.683738335740326761e-02
4.540000000000000036e+00 1.683738335740326761e-02
4.549999999999999822e+00 1.683738335740326761e-02
4.559999999999999609e+00 1.683738335740326761e-02
4.570000000000000284e+00 1.683738335740326761e-02
4.580000000000000071e+00 1.683738335740326761e-02
4.589999999999999858e+00 1.683738335740326761e-02
4.599999999999999645e+00 1.683738335740326761e-02
4.610000000000000320e+00 1.683738335740326761e-02
4.620000000000000107e+00 1.683738335740326761e-02
4.629999999999999893e+00 1.683738335740326761e-02
4.639999999999999680e+00 1.683738335740326761e-02
4.650000000000000355e+00 1.683738335740326761e-02
4.660000000000000142e+00 1.683738335740326761e-02
4.669999999999999929e+00 1.683738335740326761e-02
4.679999999999999716e+00 1.683738335740326761e-02
4.690000000000000391e+00 1.683738335740326761e-02
4.700000000000000178e+00 1.683738335740326761e-02
4.709999999999999964e+00 1.683738335740326761e-02
4.719999999999999751e+00 1.683738335740326761e-02
4.730000000000000426e+00 1.683738335740326761e-02
4.740000000000000213e+00 1.683738335740326761e-02
4.750000000000000000e+00 1.683738335740326761e-02
4.759999999999999787e+00 1.683738335740326761e-02
4.769999999999999574e+00 1.683738335740326761e-02
4.780000000000000249e+00 1.683738335740326761e-02
4.790000000000000036e+00 1.683738335740326761e-02
4.799999999999999822e+00 1.683738335740326761e-02
4.809999999999999609e+00 1.683738335740326761e-02
4.820000000000000284e+00 1.683738335740326761e-02
4.830000000000000071e+00 1.683738335740326761e-02
4.839999999999999858e+00 1.683738335740326761e-02
4.849999999999999645e+00 1.683738335740326761e-02
4.860000000000000320e+00 1.683738335740326761e-02
4.870000000000000107e+00 1.683738335740326761e-02
4.879999999999999893e+00 1.683738335740326761e-02
4.889999999999999680e+00 1.683738335740326761e-02
4.900000000000000355e+00 1.683738335740326761e-02
4.910000000000000142e+00 1.683738335740326761e-02
4.919999999999999929e+00 1.683738335740326761e-02
4.929999999999999716e+00 1.683738335740326761e-02
4.940000000000000391e+00 1.683738335740326761e-02
4.950000000000000178e+00 1.683738335740326761e-02
4.959999999999999964e+00 1.683738335740326761e-02
4.969999999999999751e+00 1.683738335740326761e-02
4.980000000000000426e+00 1.683738335740326761e-02
4.990000000000000213e+00 1.683738335740326761e-02
5.000000000000000000e+00 1.683738335740326761e-02
5.009999999999999787e+00 1.683738335740326761e-02
5.019999999999999574e+00 1.683738335740326761e-02
5.030000000000000249e+00 1.683738335740326761e-02
5.040000000000000036e+00 1.683738335740326761e-02
5.049999999999999822e+00 1.683738335740326761e-02
5.059999999999999609e+00 1.683738335740326761e-02
5.070000000000000284e+00 1.683738335740326761e-02
5.080000000000000071e+00 1.683738335740326761e-02
5.089999999999999858e+00 1.683738335740326761e-02
5.099999999999999645e+00 1.683738335740326761e-02
5.110000000000000320e+00 1.683738335740326761e-02
5.120000000000000107e+00 1.683738335740326761e-02
5.129999999999999893e+00 1.683738335740326761e-02
5.139999999999999680e+00 1.683738335740326761e-02
5.150000000000000355e+00 1.683738335740326761e-02
5.160000000000000142e+00 1.683738335740326761e-02
5.169999999999999929e+00 1.683738335740326761e-02
5.179999999999999716e+00 1.683738335740326761e-02
5.190000000000000391e+00 1.683738335740326761e-02
5.200000000000000178e+00 1.683738335740326761e-02
5.209999999999999964e+00 1.683738335740326761e-02
5.219999999999999751e+00 1.683738335740326761e-02
5.230000000000000426e+00 1.683738335740326761e-02
5.240000000000000213e+00 1.683738335740326761e-02
5.250000000000000000e+00 1.683738335740326761e-02
5.259999999999999787e+00 1.683738335740326761e-02
5.269999999999999574e+00 1.683738335740326761e-02
5.280000000000000249e+00 1.683738335740326761e-02
5.290000000000000036e+00 1.683738335740326761e-02
5.299999999999999822e+00 1.683738335740326761e-02
5.309999999999999609e+00 1.683738335740326761e-02
5.320000000000000284e+00 1.683738335740326761e-02
5.330000000000000071e+00 1.683738335740326761e-02
5.339999999999999858e+00 1.683738335740326761e-02
5.349999999999999645e+00 1.683738335740326761e-02
5.360000000000000320e+00 1.683738335740326761e-02
5.370000000000000107e+00 1.683738335740326761e-02
5.379999999999999893e+00 1.683738335740326761e-02
5.389999999999999680e+00 1.683738335740326761e-02
5.400000000000000355e+00 1.683738335740326761e-02
5.410000000000000142e+00 1.683738335740326761e-02
5.419999999999999929e+00 1.683738335740326761e-02
5.429999999999999716e+00 1.683738335740326761e-02
5.440000000000000391e+00 1.683738335740326761e-02
5.450000000000000178e+00 1.683738335740326761e-02
5.459999999999999964e+00 1.683738335740326761e-02
5.469999999999999751e+00 1.683738335740326761e-02
5.480000000000000426e+00 1.683738335740326761e-02
5.490000000000000213e+00 1.683738335740326761e-02
5.500000000000000000e+00 1.683738335740326761e-02
5.509999999999999787e+00 1.683738335740326761e-02
5.519999999999999574e+00 1.683738335740326761e-02
5.530000000000000249e+00 1.683738335740326761e-02
5.540000000000000036e+00 1.683738335740326761e-02
5.549999999999999822e+00 1.683738335740326761e-02
5.559999999999999609e+00 1.683738335740326761e-02
5.570000000000000284e+00 1.683738335740326761e-02
5.580000000000000071e+00 1.683738335740326761e-02
5.589999999999999858e+00 1.683738335740326761e-02
5.599999999999999645e+00 1.683738335740326761e-02
5.610000000000000320e+00 1.683738335740326761e-02
5.620000000000000107e+00 1.683738335740326761e-02
5.629999999999999893e+00 1.683738335740326761e-02
5.639999999999999680e+00 1.683738335740326761e-02
5.650000000000000355e+00 1.683738335740326761e-02
5.660000000000000142e+00 1.683738335740326761e-02
5.669999999999999929e+00 1.683738335740326761e-02
5.679999999999999716e+00 1.683738335740326761e-02
5.690000000000000391e+00 1.683738335740326761e-02
5.700000000000000178e+00 1.683738335740326761e-02
5.709999999999999964e+00 1.683738335740326761e-02
5.719999999999999751e+00 1.683738335740326761e-02
5.730000000000000426e+00 1.683738335740326761e-02
5.740000000000000213e+00 1.683738335740326761e-02
5.750000000000000000e+00 1.683738335740326761e-02
5.759999999999999787e+00 1.683738335740326761e-02
5.769999999999999574e+00 1.683738335740326761e-02
5.780000000000000249e+00 1.683738335740326761e-02
5.790000000000000036e+00 1.683738335740326761e-02
5.799999999999999822e+00 1.683738335740326761e-02
5.809999999999999609e+00 1.683738335740326761e-02
5.820000000000000284e+00 1.683738335740326761e-02
5.830000000000000071e+00 1.683738335740326761e-02
5.839999999999999858e+00 1.683738335740326761e-02
5.849999999999999645e+00 1.683738335740326761e-02
5.860000000000000320e+00 1.683738335740326761e-02
5.870000000000000107e+00 1.683738335740326761e-02
5.879999999999999893e+00 1.683738335740326761e-02
5.889999999999999680e+00 1.683738335740326761e-02
5.900000000000000355e+00 1.683738335740326761e-02
5.910000000000000142e+00 1.683738335740326761e-02
5.919999999999999929e+00 1.683738335740326761e-02
5.929999999999999716e+00 1.683738335740326761e-02
5.940000000000000391e+00 1.683738335740326761e-02
5.950000000000000178e+00 1.683738335740326761e-02
5.959999999999999964e+00 1.683738335740326761e-02
5.969999999999999751e+00 1.683738335740326761e-02
5.980000000000000426e+00 1.683738335740326761e-02
5.990000000000000213e+00 1.683738335740326761e-02
6.000000000000000000e+00 1.683738335740326761e-02
6.200000000000000178e+00 1.683738335740326761e-02
6.400000000000000355e+00 1.683738335740326761e-02
6.599999999999999645e+00 1.683738335740326761e-02
6.799999999999999822e+00 1.683738335740326761e-02
7.000000000000000000e+00 0.000000000000000000e+00
