0.000000000000000000e+00 0.000000000000000000e+00
1.000000000000000021e-02 1.683937419625393048e-02
2.000000000000000042e-02 1.684201777725938265e-02
2.999999999999999889e-02 1.684714079876605333e-02
4.000000000000000083e-02 1.685604941989353803e-02
5.000000000000000278e-02 1.687013907520982722e-02
5.999999999999999778e-02 1.689104538837585961e-02
7.000000000000000666e-02 1.692183123203731474e-02
8.000000000000000167e-02 1.696983346041085541e-02
8.999999999999999667e-02 1.705056218368489196e-02
1.000000000000000056e-01 1.718942052816593846e-02
1.100000000000000006e-01 1.741550110147613642e-02
1.199999999999999956e-01 1.774339346299972850e-02
1.300000000000000044e-01 1.814850116778544270e-02
1.400000000000000133e-01 1.855447557021558044e-02
1.499999999999999944e-01 1.885262881707990001e-02
1.600000000000000033e-01 1.895134864562390484e-02
1.700000000000000122e-01 1.882391893363370011e-02
1.799999999999999933e-01 1.851914733556344478e-02
1.900000000000000022e-01 1.812972990764042183e-02
2.000000000000000111e-01 1.774613402484112243e-02
2.099999999999999922e-01 1.742651086004324071e-02
2.200000000000000011e-01 1.719171030994195645e-02
2.300000000000000100e-01 1.703607915363354250e-02
2.399999999999999911e-01 1.694163550113010272e-02
2.500000000000000000e-01 1.688864345104064760e-02
2.600000000000000089e-01 1.686098593342106114e-02
2.700000000000000178e-01 1.684753377804840829e-02
2.800000000000000266e-01 1.684144692441304561e-02
2.899999999999999800e-01 1.683889343272191100e-02
2.999999999999999889e-01 1.683790320119561354e-02
3.099999999999999978e-01 1.683754883089544699e-02
3.200000000000000067e-01 1.683743196718224047e-02
3.300000000000000155e-01 1.683739654861382204e-02
3.400000000000000244e-01 1.683738672931746339e-02
3.499999999999999778e-01 1.683738425427924387e-02
3.599999999999999867e-01 1.683738369124082590e-02
3.699999999999999956e-01 1.683738357690287360e-02
3.800000000000000044e-01 1.683738355630628319e-02
3.900000000000000133e-01 1.683738355286390487e-02
4.000000000000000222e-01 1.683738355344678930e-02
4.099999999999999756e-01 1.683738355847906251e-02
4.199999999999999845e-01 1.683738357100973693e-02
4.299999999999999933e-01 1.683738359354980049e-02
4.400000000000000022e-01 1.683738362593603655e-02
4.500000000000000111e-01 1.683738366386979685e-02
4.600000000000000200e-01 1.683738369940031288e-02
4.699999999999999734e-01 1.683738372375298553e-02
4.799999999999999822e-01 1.683738373099308641e-02
4.899999999999999911e-01 1.683738372024577018e-02
5.000000000000000000e-01 1.683738369538748461e-02
5.100000000000000089e-01 1.683738366291567465e-02
5.200000000000000178e-01 1.683738362946303468e-02
5.300000000000000266e-01 1.683738360002066600e-02
5.400000000000000355e-01 1.683738357721557138e-02
5.500000000000000444e-01 1.683738356149646481e-02
5.600000000000000533e-01 1.683738355184544871e-02
5.699999999999999512e-01 1.683738354657781516e-02
5.799999999999999600e-01 1.683738354390737491e-02
5.899999999999999689e-01 1.683738354220715855e-02
5.999999999999999778e-01 1.683738354013864305e-02
6.099999999999999867e-01 1.683738353684846242e-02
6.199999999999999956e-01 1.683738353220626607e-02
6.300000000000000044e-01 1.683738352685234738e-02
6.400000000000000133e-01 1.683738352191608070e-02
6.500000000000000222e-01 1.683738351856004303e-02
6.600000000000000311e-01 1.683738351764908422e-02
6.700000000000000400e-01 1.683738351970812119e-02
6.800000000000000488e-01 1.683738352512149233e-02
6.899999999999999467e-01 1.683738353443124322e-02
6.999999999999999556e-01 1.683738354855720404e-02
7.099999999999999645e-01 1.683738356869876260e-02
7.199999999999999734e-01 1.683738359571523846e-02
7.299999999999999822e-01 1.683738362911279401e-02
7.399999999999999911e-01 1.683738366626798613e-02
7.500000000000000000e-01 1.683738370267923862e-02
7.600000000000000089e-01 1.683738373344714073e-02
7.700000000000000178e-01 1.683738375514877775e-02
7.800000000000000266e-01 1.683738376677052992e-02
7.900000000000000355e-01 1.683738376908011994e-02
8.000000000000000444e-01 1.683738376320920854e-02
8.100000000000000533e-01 1.683738374990730730e-02
8.199999999999999512e-01 1.683738373017286752e-02
8.299999999999999600e-01 1.683738370651111441e-02
8.399999999999999689e-01 1.683738368338769456e-02
8.499999999999999778e-01 1.683738366623111632e-02
8.599999999999999867e-01 1.683738365979852922e-02
8.699999999999999956e-01 1.683738366740845926e-02
8.800000000000000044e-01 1.683738369172409211e-02
8.900000000000000133e-01 1.683738373608060016e-02
9.000000000000000222e-01 1.683738380436175866e-02
9.100000000000000311e-01 1.683738389838580068e-02
9.200000000000000400e-01 1.683738401417566796e-02
9.300000000000000488e-01 1.683738414012759740e-02
9.399999999999999467e-01 1.683738425909423256e-02
9.499999999999999556e-01 1.683738435356701979e-02
9.599999999999999645e-01 1.683738441129254207e-02
9.699999999999999734e-01 1.683738442928191248e-02
9.799999999999999822e-01 1.683738441566848612e-02
9.899999999999999911e-01 1.683738438908044185e-02
1.000000000000000000e+00 1.683738437473848021e-02
1.010000000000000009e+00 1.683738439755317479e-02
1.020000000000000018e+00 1.683738447486340939e-02
1.030000000000000027e+00 1.683738461237472075e-02
1.040000000000000036e+00 1.683738480503800886e-02
1.050000000000000044e+00 1.683738504203885142e-02
1.060000000000000053e+00 1.683738531518846546e-02
1.070000000000000062e+00 1.683738563723731138e-02
1.080000000000000071e+00 1.683738609788038715e-02
1.090000000000000080e+00 1.683738702415148170e-02
1.100000000000000089e+00 1.683738933962553030e-02
1.110000000000000098e+00 1.683739512774683200e-02
1.120000000000000107e+00 1.683740807870766701e-02
1.129999999999999893e+00 1.683743313979875825e-02
1.139999999999999902e+00 1.683747509319724958e-02
1.149999999999999911e+00 1.683753748698495895e-02
1.159999999999999920e+00 1.683762486653170992e-02
1.169999999999999929e+00 1.683774983822924898e-02
1.179999999999999938e+00 1.683794288972403908e-02
1.189999999999999947e+00 1.683826353543143445e-02
1.199999999999999956e+00 1.683882170259944425e-02
1.209999999999999964e+00 1.683983362028084949e-02
1.219999999999999973e+00 1.684173879026604898e-02
1.229999999999999982e+00 1.684536562200316528e-02
1.239999999999999991e+00 1.685203744476445470e-02
1.250000000000000000e+00 1.686341307740956558e-02
1.260000000000000009e+00 1.688090865120749767e-02
1.270000000000000018e+00 1.690485993560343625e-02
1.280000000000000027e+00 1.693397932674670092e-02
1.290000000000000036e+00 1.696568601576370697e-02
1.300000000000000044e+00 1.699729451456357190e-02
1.310000000000000053e+00 1.702725752493844738e-02
1.320000000000000062e+00 1.705548277969606494e-02
1.330000000000000071e+00 1.708248034596214840e-02
1.340000000000000080e+00 1.710808704352680121e-02
1.350000000000000089e+00 1.713080370742342193e-02
1.360000000000000098e+00 1.714820522075792206e-02
1.370000000000000107e+00 1.715819728120533683e-02
1.379999999999999893e+00 1.716069582580953892e-02
1.389999999999999902e+00 1.715927147395960098e-02
1.399999999999999911e+00 1.716195423355969599e-02
1.409999999999999920e+00 1.718022063867713847e-02
1.419999999999999929e+00 1.722612955924915715e-02
1.429999999999999938e+00 1.730933513015638428e-02
1.439999999999999947e+00 1.743638529096167705e-02
1.449999999999999956e+00 1.761286458326687468e-02
1.459999999999999964e+00 1.784584293403458991e-02
1.469999999999999973e+00 1.814307698122491486e-02
1.479999999999999982e+00 1.850817975662342671e-02
1.489999999999999991e+00 1.893517115518492458e-02
1.500000000000000000e+00 1.940744178873510251e-02
1.510000000000000009e+00 1.990417599491639544e-02
1.520000000000000018e+00 2.041412412709833063e-02
1.530000000000000027e+00 2.095391117584491369e-02
1.540000000000000036e+00 2.158466550219028182e-02
1.550000000000000044e+00 2.241681000384343828e-02
1.560000000000000053e+00 2.359315739256298561e-02
1.570000000000000062e+00 2.525053172373582788e-02
1.580000000000000071e+00 2.748009303895338623e-02
1.590000000000000080e+00 3.032921298116623629e-02
1.600000000000000089e+00 3.389943430632610943e-02
1.610000000000000098e+00 3.857652465885027387e-02
1.620000000000000107e+00 4.536383375059249018e-02
1.629999999999999893e+00 5.618939750985096210e-02
1.639999999999999902e+00 7.397699892496895080e-02
1.649999999999999911e+00 1.022860359371652872e-01
1.659999999999999920e+00 1.444543986177319606e-01
1.669999999999999929e+00 2.023820214009235119e-01
1.679999999999999938e+00 2.753544918966306376e-01
1.689999999999999947e+00 3.595724584410786573e-01
1.699999999999999956e+00 4.489966779579389611e-01
1.709999999999999964e+00 5.373468891607470210e-01
1.719999999999999973e+00 6.199626300566409842e-01
1.729999999999999982e+00 6.939776472391607776e-01
1.739999999999999991e+00 7.565644355107838948e-01
1.750000000000000000e+00 8.028177528395086249e-01
1.760000000000000009e+00 8.253809015187543174e-01
1.770000000000000018e+00 8.166536607140454374e-01
1.780000000000000027e+00 7.724869390504817135e-01
1.790000000000000036e+00 6.951573798160761708e-01
1.800000000000000044e+00 5.937995298502514174e-01
1.810000000000000053e+00 4.819831403145211079e-01
1.820000000000000062e+00 3.737234818700302386e-01
1.830000000000000071e+00 2.798831937077246867e-01
1.840000000000000080e+00 2.063618308545938640e-01
1.850000000000000089e+00 1.542692374457009241e-01
1.860000000000000098e+00 1.213531942708439837e-01
1.870000000000000107e+00 1.037440996202645543e-01
1.879999999999999893e+00 9.737819426375207699e-02
1.889999999999999902e+00 9.885500379393144521e-02
1.899999999999999911e+00 1.057720053522687026e-01
1.909999999999999920e+00 1.167335208268704128e-01
1.919999999999999929e+00 1.312378906848915561e-01
1.929999999999999938e+00 1.495230808759761276e-01
1.939999999999999947e+00 1.723022680992389311e-01
1.949999999999999956e+00 2.002801005904319975e-01
1.959999999999999964e+00 2.334617445991157558e-01
1.969999999999999973e+00 2.704934885148335133e-01
1.979999999999999982e+00 3.084645803672932396e-01
1.989999999999999991e+00 3.435850400041466912e-01
2.000000000000000000e+00 3.728207218380146792e-01
2.009999999999999787e+00 3.959807445261041559e-01
2.020000000000000018e+00 4.172246988005623991e-01
2.029999999999999805e+00 4.449043811917539615e-01
2.040000000000000036e+00 4.892911096545726202e-01
2.049999999999999822e+00 5.588568134947518029e-01
2.060000000000000053e+00 6.567532606089433456e-01
2.069999999999999840e+00 7.792141150028120133e-01
2.080000000000000071e+00 9.165338445187695138e-01
2.089999999999999858e+00 1.055801115506182164e+00
2.100000000000000089e+00 1.183871084755434344e+00
2.109999999999999876e+00 1.289525407787409650e+00
2.120000000000000107e+00 1.364668304144295741e+00
2.129999999999999893e+00 1.404956409310260002e+00
2.140000000000000124e+00 1.410361886437005774e+00
2.149999999999999911e+00 1.386019793302434966e+00
2.160000000000000142e+00 1.343259529665238539e+00
2.169999999999999929e+00 1.299893060856457838e+00
2.180000000000000160e+00 1.278143443411760893e+00
2.189999999999999947e+00 1.299161690084237319e+00
2.200000000000000178e+00 1.375459504503808050e+00
2.209999999999999964e+00 1.505276914081627559e+00
2.220000000000000195e+00 1.672940233334064830e+00
2.229999999999999982e+00 1.855584086062578297e+00
2.240000000000000213e+00 2.032066188736194601e+00
2.250000000000000000e+00 2.188502647730322437e+00
2.259999999999999787e+00 2.317640922966742956e+00
2.270000000000000018e+00 2.413832328408769268e+00
2.279999999999999805e+00 2.468245904547460512e+00
2.290000000000000036e+00 2.468301638621389404e+00
2.299999999999999822e+00 2.401936082289555241e+00
2.310000000000000053e+00 2.263902650797056548e+00
2.319999999999999840e+00 2.060056013752283643e+00
2.330000000000000071e+00 1.807040374108034975e+00
2.339999999999999858e+00 1.528001497525549590e+00
2.350000000000000089e+00 1.247441788931370477e+00
2.359999999999999876e+00 9.878577053061309288e-01
2.370000000000000107e+00 7.681638219490969366e-01
2.379999999999999893e+00 6.025101543441486740e-01
2.390000000000000124e+00 4.992333509944802405e-01
2.399999999999999911e+00 4.608783887401533552e-01
2.410000000000000142e+00 4.853565782544018159e-01
2.419999999999999929e+00 5.667524528310956544e-01
2.430000000000000160e+00 6.946018853246219704e-01
2.439999999999999947e+00 8.526264343366463105e-01
2.450000000000000178e+00 1.019452653004355946e+00
2.459999999999999964e+00 1.172919625648962016e+00
2.470000000000000195e+00 1.296860503171755941e+00
2.479999999999999982e+00 1.386895560354546308e+00
2.490000000000000213e+00 1.451412232754033305e+00
2.500000000000000000e+00 1.505896470171259827e+00
2.509999999999999787e+00 1.562483838626580912e+00
2.520000000000000018e+00 1.620194545048555979e+00
2.529999999999999805e+00 1.662021780046966324e+00
2.540000000000000036e+00 1.661388247176271760e+00
2.549999999999999822e+00 1.594663791455257273e+00
2.560000000000000053e+00 1.452863682680089363e+00
2.569999999999999840e+00 1.246661330274533519e+00
2.580000000000000071e+00 1.002932923513742747e+00
2.589999999999999858e+00 7.552380223501339307e-01
2.600000000000000089e+00 5.330317349931282811e-01
2.609999999999999876e+00 3.542965199023115908e-01
2.620000000000000107e+00 2.238870606000711028e-01
2.629999999999999893e+00 1.366822057872447149e-01
2.640000000000000124e+00 8.268669908706781368e-02
2.649999999999999911e+00 5.140436449562633264e-02
2.660000000000000142e+00 3.427235463668684701e-02
2.669999999999999929e+00 2.532334465362842679e-02
2.680000000000000160e+00 2.083618815753789794e-02
2.689999999999999947e+00 1.866947611531420345e-02
2.700000000000000178e+00 1.766057377776404300e-02
2.709999999999999964e+00 1.720627968563412380e-02
2.720000000000000195e+00 1.700671827069616393e-02
2.729999999999999982e+00 1.691957492414888561e-02
2.740000000000000213e+00 1.688057619706519533e-02
2.750000000000000000e+00 1.686200481225064510e-02
2.759999999999999787e+00 1.685231985178844288e-02
2.770000000000000018e+00 1.684679463457371129e-02
2.779999999999999805e+00 1.684345427383863655e-02
2.790000000000000036e+00 1.684138955334744947e-02
2.799999999999999822e+00 1.684010108285216231e-02
2.810000000000000053e+00 1.683927529507987450e-02
2.819999999999999840e+00 1.683871618446524526e-02
2.830000000000000071e+00 1.683831337594662511e-02
2.839999999999999858e+00 1.683801240659014292e-02
2.850000000000000089e+00 1.683778832687732319e-02
2.859999999999999876e+00 1.683762781701749964e-02
2.870000000000000107e+00 1.683752000736219237e-02
2.879999999999999893e+00 1.683745336997026151e-02
2.890000000000000124e+00 1.683741599513035453e-02
2.899999999999999911e+00 1.683739716243615875e-02
2.910000000000000142e+00 1.683738868481957432e-02
2.919999999999999929e+00 1.683738527823911910e-02
2.930000000000000160e+00 1.683738405099184307e-02
2.939999999999999947e+00 1.683738365098888176e-02
2.950000000000000178e+00 1.683738353159507095e-02
2.959999999999999964e+00 1.683738349857044972e-02
2.970000000000000195e+00 1.683738349003967988e-02
2.979999999999999982e+00 1.683738348797860634e-02
2.990000000000000213e+00 1.683738348751451230e-02
3.000000000000000000e+00 1.683738348741765575e-02
3.009999999999999787e+00 1.683738348739900748e-02
3.020000000000000018e+00 1.683738348739570456e-02
3.029999999999999805e+00 1.683738348739516333e-02
3.040000000000000036e+00 1.683738348739508353e-02
3.049999999999999822e+00 1.683738348739507312e-02
3.060000000000000053e+00 1.683738348739506965e-02
3.069999999999999840e+00 1.683738348739506965e-02
3.080000000000000071e+00 1.683738348739506965e-02
3.089999999999999858e+00 1.683738348739506965e-02
3.100000000000000089e+00 1.683738348739506965e-02
3.109999999999999876e+00 1.683738348739506965e-02
3.120000000000000107e+00 1.683738348739506965e-02
3.129999999999999893e+00 1.683738348739506965e-02
3.140000000000000124e+00 1.683738348739506965e-02
3.149999999999999911e+00 1.683738348739506965e-02
3.160000000000000142e+00 1.683738348739506965e-02
3.169999999999999929e+00 1.683738348739506965e-02
3.180000000000000160e+00 1.683738348739506965e-02
3.189999999999999947e+00 1.683738348739506965e-02
3.200000000000000178e+00 1.683738348739506965e-02
3.209999999999999964e+00 1.683738348739506965e-02
3.220000000000000195e+00 1.683738348739506965e-02
3.229999999999999982e+00 1.683738348739506965e-02
3.240000000000000213e+00 1.683738348739506965e-02
3.250000000000000000e+00 1.683738348739506965e-02
3.259999999999999787e+00 1.683738348739506965e-02
3.270000000000000018e+00 1.683738348739506965e-02
3.279999999999999805e+00 1.683738348739506965e-02
3.290000000000000036e+00 1.683738348739506965e-02
3.299999999999999822e+00 1.683738348739506965e-02
3.310000000000000053e+00 1.683738348739506965e-02
3.319999999999999840e+00 1.683738348739506965e-02
3.330000000000000071e+00 1.683738348739506965e-02
3.339999999999999858e+00 1.683738348739506965e-02
3.350000000000000089e+00 1.683738348739506965e-02
3.359999999999999876e+00 1.683738348739506965e-02
3.370000000000000107e+00 1.683738348739506965e-02
3.379999999999999893e+00 1.683738348739506965e-02
3.390000000000000124e+00 1.683738348739506965e-02
3.399999999999999911e+00 1.683738348739506965e-02
3.410000000000000142e+00 1.683738348739506965e-02
3.419999999999999929e+00 1.683738348739506965e-02
3.430000000000000160e+00 1.683738348739506965e-02
3.439999999999999947e+00 1.683738348739506965e-02
3.450000000000000178e+00 1.683738348739506965e-02
3.459999999999999964e+00 1.683738348739506965e-02
3.470000000000000195e+00 1.683738348739506965e-02
3.479999999999999982e+00 1.683738348739506965e-02
3.490000000000000213e+00 1.683738348739506965e-02
3.500000000000000000e+00 1.683738348739506965e-02
3.509999999999999787e+00 1.683738348739506965e-02
3.520000000000000018e+00 1.683738348739506965e-02
3.529999999999999805e+00 1.683738348739506965e-02
3.540000000000000036e+00 1.683738348739506965e-02
3.549999999999999822e+00 1.683738348739506965e-02
3.560000000000000053e+00 1.683738348739506965e-02
3.569999999999999840e+00 1.683738348739506965e-02
3.580000000000000071e+00 1.683738348739506965e-02
3.589999999999999858e+00 1.683738348739506965e-02
3.600000000000000089e+00 1.683738348739506965e-02
3.609999999999999876e+00 1.683738348739506965e-02
3.620000000000000107e+00 1.683738348739506965e-02
3.629999999999999893e+00 1.683738348739506965e-02
3.640000000000000124e+00 1.683738348739506965e-02
3.649999999999999911e+00 1.683738348739506965e-02
3.660000000000000142e+00 1.683738348739506965e-02
3.669999999999999929e+00 1.683738348739506965e-02
3.680000000000000160e+00 1.683738348739506965e-02
3.689999999999999947e+00 1.683738348739506965e-02
3.700000000000000178e+00 1.683738348739506965e-02
3.709999999999999964e+00 1.683738348739506965e-02
3.720000000000000195e+00 1.683738348739506965e-02
3.729999999999999982e+00 1.683738348739506965e-02
3.740000000000000213e+00 1.683738348739506965e-02
3.750000000000000000e+00 1.683738348739506965e-02
3.759999999999999787e+00 1.683738348739506965e-02
3.770000000000000018e+00 1.683738348739506965e-02
3.779999999999999805e+00 1.683738348739506965e-02
3.790000000000000036e+00 1.683738348739506965e-02
3.799999999999999822e+00 1.683738348739506965e-02
3.810000000000000053e+00 1.683738348739506965e-02
3.819999999999999840e+00 1.683738348739506965e-02
3.830000000000000071e+00 1.683738348739506965e-02
3.839999999999999858e+00 1.683738348739506965e-02
3.850000000000000089e+00 1.683738348739506965e-02
3.859999999999999876e+00 1.683738348739506965e-02
3.870000000000000107e+00 1.683738348739506965e-02
3.879999999999999893e+00 1.683738348739506965e-02
3.890000000000000124e+00 1.683738348739506965e-02
3.899999999999999911e+00 1.683738348739506965e-02
3.910000000000000142e+00 1.683738348739506965e-02
3.919999999999999929e+00 1.683738348739506965e-02
3.930000000000000160e+00 1.683738348739506965e-02
3.939999999999999947e+00 1.683738348739506965e-02
3.950000000000000178e+00 1.683738348739506965e-02
3.959999999999999964e+00 1.683738348739506965e-02
3.970000000000000195e+00 1.683738348739506965e-02
3.979999999999999982e+00 1.683738348739506965e-02
3.990000000000000213e+00 1.683738348739506965e-02
4.000000000000000000e+00 1.683738348739506965e-02
4.009999999999999787e+00 1.683738348739506965e-02
4.019999999999999574e+00 1.683738348739506965e-02
4.030000000000000249e+00 1.683738348739506965e-02
4.040000000000000036e+00 1.683738348739506965e-02
4.049999999999999822e+00 1.683738348739506965e-02
4.059999999999999609e+00 1.683738348739506965e-02
4.070000000000000284e+00 1.683738348739506965e-02
4.080000000000000071e+00 1.683738348739506965e-02
4.089999999999999858e+00 1.683738348739506965e-02
4.099999999999999645e+00 1.683738348739506965e-02
4.110000000000000320e+00 1.683738348739506965e-02
4.120000000000000107e+00 1.683738348739506965e-02
4.129999999999999893e+00 1.683738348739506965e-02
4.139999999999999680e+00 1.683738348739506965e-02
4.150000000000000355e+00 1.683738348739506965e-02
4.160000000000000142e+00 1.683738348739506965e-02
4.169999999999999929e+00 1.683738348739506965e-02
4.179999999999999716e+00 1.683738348739506965e-02
4.190000000000000391e+00 1.683738348739506965e-02
4.200000000000000178e+00 1.683738348739506965e-02
4.209999999999999964e+00 1.683738348739506965e-02
4.219999999999999751e+00 1.683738348739506965e-02
4.230000000000000426e+00 1.683738348739506965e-02
4.240000000000000213e+00 1.683738348739506965e-02
4.250000000000000000e+00 1.683738348739506965e-02
4.259999999999999787e+00 1.683738348739506965e-02
4.269999999999999574e+00 1.683738348739506965e-02
4.280000000000000249e+00 1.683738348739506965e-02
4.290000000000000036e+00 1.683738348739506965e-02
4.299999999999999822e+00 1.683738348739506965e-02
4.309999999999999609e+00 1.683738348739506965e-02
4.320000000000000284e+00 1.683738348739506965e-02
4.330000000000000071e+00 1.683738348739506965e-02
4.339999999999999858e+00 1.683738348739506965e-02
4.349999999999999645e+00 1.683738348739506965e-02
4.360000000000000320e+00 1.683738348739506965e-02
4.370000000000000107e+00 1.683738348739506965e-02
4.379999999999999893e+00 1.683738348739506965e-02
4.389999999999999680e+00 1.683738348739506965e-02
4.400000000000000355e+00 1.683738348739506965e-02
4.410000000000000142e+00 1.683738348739506965e-02
4.419999999999999929e+00 1.683738348739506965e-02
4.429999999999999716e+00 1.683738348739506965e-02
4.440000000000000391e+00 1.683738348739506965e-02
4.450000000000000178e+00 1.683738348739506965e-02
4.459999999999999964e+00 1.683738348739506965e-02
4.469999999999999751e+00 1.683738348739506965e-02
4.480000000000000426e+00 1.683738348739506965e-02
4.490000000000000213e+00 1.683738348739506965e-02
4.500000000000000000e+00 1.683738348739506965e-02
4.509999999999999787e+00 1.683738348739506965e-02
4.519999999999999574e+00 1.683738348739506965e-02
4.530000000000000249e+00 1.683738348739506965e-02
4.540000000000000036e+00 1.683738348739506965e-02
4.549999999999999822e+00 1.683738348739506965e-02
4.559999999999999609e+00 1.683738348739506965e-02
4.570000000000000284e+00 1.683738348739506965e-02
4.580000000000000071e+00 1.683738348739506965e-02
4.589999999999999858e+00 1.683738348739506965e-02
4.599999999999999645e+00 1.683738348739506965e-02
4.610000000000000320e+00 1.683738348739506965e-02
4.620000000000000107e+00 1.683738348739506965e-02
4.629999999999999893e+00 1.683738348739506965e-02
4.639999999999999680e+00 1.683738348739506965e-02
4.650000000000000355e+00 1.683738348739506965e-02
4.660000000000000142e+00 1.683738348739506965e-02
4.669999999999999929e+00 1.683738348739506965e-02
4.679999999999999716e+00 1.683738348739506965e-02
4.690000000000000391e+00 1.683738348739506965e-02
4.700000000000000178e+00 1.683738348739506965e-02
4.709999999999999964e+00 1.683738348739506965e-02
4.719999999999999751e+00 1.683738348739506965e-02
4.730000000000000426e+00 1.683738348739506965e-02
4.740000000000000213e+00 1.683738348739506965e-02
4.750000000000000000e+00 1.683738348739506965e-02
4.759999999999999787e+00 1.683738348739506965e-02
4.769999999999999574e+00 1.683738348739506965e-02
4.780000000000000249e+00 1.683738348739506965e-02
4.790000000000000036e+00 1.683738348739506965e-02
4.799999999999999822e+00 1.683738348739506965e-02
4.809999999999999609e+00 1.683738348739506965e-02
4.820000000000000284e+00 1.683738348739506965e-02
4.830000000000000071e+00 1.683738348739506965e-02
4.839999999999999858e+00 1.683738348739506965e-02
4.849999999999999645e+00 1.683738348739506965e-02
4.860000000000000320e+00 1.683738348739506965e-02
4.870000000000000107e+00 1.683738348739506965e-02
4.879999999999999893e+00 1.683738348739506965e-02
4.889999999999999680e+00 1.683738348739506965e-02
4.900000000000000355e+00 1.683738348739506965e-02
4.910000000000000142e+00 1.683738348739506965e-02
4.919999999999999929e+00 1.683738348739506965e-02
4.929999999999999716e+00 1.683738348739506965e-02
4.940000000000000391e+00 1.683738348739506965e-02
4.950000000000000178e+00 1.683738348739506965e-02
4.959999999999999964e+00 1.683738348739506965e-02
4.969999999999999751e+00 1.683738348739506965e-02
4.980000000000000426e+00 1.683738348739506965e-02
4.990000000000000213e+00 1.683738348739506965e-02
5.000000000000000000e+00 1.683738348739506965e-02
5.009999999999999787e+00 1.683738348739506965e-02
5.019999999999999574e+00 1.683738348739506965e-02
5.030000000000000249e+00 1.683738348739506965e-02
5.040000000000000036e+00 1.683738348739506965e-02
5.049999999999999822e+00 1.683738348739506965e-02
5.059999999999999609e+00 1.683738348739506965e-02
5.070000000000000284e+00 1.683738348739506965e-02
5.080000000000000071e+00 1.683738348739506965e-02
5.089999999999999858e+00 1.683738348739506965e-02
5.099999999999999645e+00 1.683738348739506965e-02
5.110000000000000320e+00 1.683738348739506965e-02
5.120000000000000107e+00 1.683738348739506965e-02
5.129999999999999893e+00 1.683738348739506965e-02
5.139999999999999680e+00 1.683738348739506965e-02
5.150000000000000355e+00 1.683738348739506965e-02
5.160000000000000142e+00 1.683738348739506965e-02
5.169999999999999929e+00 1.683738348739506965e-02
5.179999999999999716e+00 1.683738348739506965e-02
5.190000000000000391e+00 1.683738348739506965e-02
5.200000000000000178e+00 1.683738348739506965e-02
5.209999999999999964e+00 1.683738348739506965e-02
5.219999999999999751e+00 1.683738348739506965e-02
5.230000000000000426e+00 1.683738348739506965e-02
5.240000000000000213e+00 1.683738348739506965e-02
5.250000000000000000e+00 1.683738348739506965e-02
5.259999999999999787e+00 1.683738348739506965e-02
5.269999999999999574e+00 1.683738348739506965e-02
5.280000000000000249e+00 1.683738348739506965e-02
5.290000000000000036e+00 1.683738348739506965e-02
5.299999999999999822e+00 1.683738348739506965e-02
5.309999999999999609e+00 1.683738348739506965e-02
5.320000000000000284e+00 1.683738348739506965e-02
5.330000000000000071e+00 1.683738348739506965e-02
5.339999999999999858e+00 1.683738348739506965e-02
5.349999999999999645e+00 1.683738348739506965e-02
5.360000000000000320e+00 1.683738348739506965e-02
5.370000000000000107e+00 1.683738348739506965e-02
5.379999999999999893e+00 1.683738348739506965e-02
5.389999999999999680e+00 1.683738348739506965e-02
5.400000000000000355e+00 1.683738348739506965e-02
5.410000000000000142e+00 1.683738348739506965e-02
5.419999999999999929e+00 1.683738348739506965e-02
5.429999999999999716e+00 1.683738348739506965e-02
5.440000000000000391e+00 1.683738348739506965e-02
5.450000000000000178e+00 1.683738348739506965e-02
5.459999999999999964e+00 1.683738348739506965e-02
5.469999999999999751e+00 1.683738348739506965e-02
5.480000000000000426e+00 1.683738348739506965e-02
5.490000000000000213e+00 1.683738348739506965e-02
5.500000000000000000e+00 1.683738348739506965e-02
5.509999999999999787e+00 1.683738348739506965e-02
5.519999999999999574e+00 1.683738348739506965e-02
5.530000000000000249e+00 1.683738348739506965e-02
5.540000000000000036e+00 1.683738348739506965e-02
5.549999999999999822e+00 1.683738348739506965e-02
5.559999999999999609e+00 1.683738348739506965e-02
5.570000000000000284e+00 1.683738348739506965e-02
5.580000000000000071e+00 1.683738348739506965e-02
5.589999999999999858e+00 1.683738348739506965e-02
5.599999999999999645e+00 1.683738348739506965e-02
5.610000000000000320e+00 1.683738348739506965e-02
5.620000000000000107e+00 1.683738348739506965e-02
5.629999999999999893e+00 1.683738348739506965e-02
5.639999999999999680e+00 1.683738348739506965e-02
5.650000000000000355e+00 1.683738348739506965e-02
5.660000000000000142e+00 1.683738348739506965e-02
5.669999999999999929e+00 1.683738348739506965e-02
5.679999999999999716e+00 1.683738348739506965e-02
5.690000000000000391e+00 1.683738348739506965e-02
5.700000000000000178e+00 1.683738348739506965e-02
5.709999999999999964e+00 1.683738348739506965e-02
5.719999999999999751e+00 1.683738348739506965e-02
5.730000000000000426e+00 1.683738348739506965e-02
5.740000000000000213e+00 1.683738348739506965e-02
5.750000000000000000e+00 1.683738348739506965e-02
5.759999999999999787e+00 1.683738348739506965e-02
5.769999999999999574e+00 1.683738348739506965e-02
5.780000000000000249e+00 1.683738348739506965e-02
5.790000000000000036e+00 1.683738348739506965e-02
5.799999999999999822e+00 1.683738348739506965e-02
5.809999999999999609e+00 1.683738348739506965e-02
5.820000000000000284e+00 1.683738348739506965e-02
5.830000000000000071e+00 1.683738348739506965e-02
5.839999999999999858e+00 1.683738348739506965e-02
5.849999999999999645e+00 1.683738348739506965e-02
5.860000000000000320e+00 1.683738348739506965e-02
5.870000000000000107e+00 1.683738348739506965e-02
5.879999999999999893e+00 1.683738348739506965e-02
5.889999999999999680e+00 1.683738348739506965e-02
5.900000000000000355e+00 1.683738348739506965e-02
5.910000000000000142e+00 1.683738348739506965e-02
5.919999999999999929e+00 1.683738348739506965e-02
5.929999999999999716e+00 1.683738348739506965e-02
5.940000000000000391e+00 1.683738348739506965e-02
5.950000000000000178e+00 1.683738348739506965e-02
5.959999999999999964e+00 1.683738348739506965e-02
5.969999999999999751e+00 1.683738348739506965e-02
5.980000000000000426e+00 1.683738348739506965e-02
5.990000000000000213e+00 1.683738348739506965e-02
6.000000000000000000e+00 1.683738348739506965e-02
6.200000000000000178e+00 1.683738348739506965e-02
6.400000000000000355e+00 1.683738348739506965e-02
6.599999999999999645e+00 1.683738348739506965e-02
6.799999999999999822e+00 1.683738348739506965e-02
7.000000000000000000e+00 0.000000000000000000e+00
