0.000000000000000000e+00 0.000000000000000000e+00
1.000000000000000021e-02 1.683738335740324332e-02
2.000000000000000042e-02 1.683738335740324332e-02
2.999999999999999889e-02 1.683738335740324332e-02
4.000000000000000083e-02 1.683738335740324332e-02
5.000000000000000278e-02 1.683738335740324332e-02
5.999999999999999778e-02 1.683738335740324332e-02
7.000000000000000666e-02 1.683738335740324332e-02
8.000000000000000167e-02 1.683738335740324332e-02
8.999999999999999667e-02 1.683738335740324332e-02
1.000000000000000056e-01 1.683738335740324332e-02
1.100000000000000006e-01 1.683738335740324332e-02
1.199999999999999956e-01 1.683738335740324332e-02
1.300000000000000044e-01 1.683738335740324332e-02
1.400000000000000133e-01 1.683738335740324332e-02
1.499999999999999944e-01 1.683738335740324332e-02
1.600000000000000033e-01 1.683738335740324332e-02
1.700000000000000122e-01 1.683738335740324332e-02
1.799999999999999933e-01 1.683738335740324332e-02
1.900000000000000022e-01 1.683738335740324332e-02
2.000000000000000111e-01 1.683738335740324332e-02
2.099999999999999922e-01 1.683738335740324332e-02
2.200000000000000011e-01 1.683738335740324332e-02
2.300000000000000100e-01 1.683738335740324332e-02
2.399999999999999911e-01 1.683738335740324332e-02
2.500000000000000000e-01 1.683738335740324332e-02
2.600000000000000089e-01 1.683738335740324332e-02
2.700000000000000178e-01 1.683738335740324332e-02
2.800000000000000266e-01 1.683738335740324332e-02
2.899999999999999800e-01 1.683738335740324332e-02
2.999999999999999889e-01 1.683738335740324332e-02
3.099999999999999978e-01 1.683738335740324332e-02
3.200000000000000067e-01 1.683738335740324332e-02
3.300000000000000155e-01 1.683738335740324332e-02
3.400000000000000244e-01 1.683738335740324332e-02
3.499999999999999778e-01 1.683738335740324332e-02
3.599999999999999867e-01 1.683738335740324332e-02
3.699999999999999956e-01 1.683738335740324332e-02
3.800000000000000044e-01 1.683738335740324332e-02
3.900000000000000133e-01 1.683738335740324332e-02
4.000000000000000222e-01 1.683738335740324332e-02
4.099999999999999756e-01 1.683738335740324332e-02
4.199999999999999845e-01 1.683738335740324332e-02
4.299999999999999933e-01 1.683738335740324332e-02
4.400000000000000022e-01 1.683738335740324332e-02
4.500000000000000111e-01 1.683738335740324332e-02
4.600000000000000200e-01 1.683738335740324332e-02
4.699999999999999734e-01 1.683738335740324332e-02
4.799999999999999822e-01 1.683738335740324332e-02
4.899999999999999911e-01 1.683738335740324332e-02
5.000000000000000000e-01 1.683738335740324332e-02
5.100000000000000089e-01 1.683738335740324332e-02
5.200000000000000178e-01 1.683738335740324332e-02
5.300000000000000266e-01 1.683738335740324332e-02
5.400000000000000355e-01 1.683738335740324332e-02
5.500000000000000444e-01 1.683738335740324332e-02
5.600000000000000533e-01 1.683738335740324332e-02
5.699999999999999512e-01 1.683738335740324332e-02
5.799999999999999600e-01 1.683738335740324332e-02
5.899999999999999689e-01 1.683738335740324332e-02
5.999999999999999778e-01 1.683738335740324679e-02
6.099999999999999867e-01 1.683738335740325373e-02
6.199999999999999956e-01 1.683738335740328496e-02
6.300000000000000044e-01 1.683738335740339598e-02
6.400000000000000133e-01 1.683738335740375333e-02
6.500000000000000222e-01 1.683738335740479763e-02
6.600000000000000311e-01 1.683738335740747605e-02
6.700000000000000400e-01 1.683738335741353717e-02
6.800000000000000488e-01 1.683738335742566289e-02
6.899999999999999467e-01 1.683738335744712836e-02
6.999999999999999556e-01 1.683738335748070913e-02
7.099999999999999645e-01 1.683738335752690829e-02
7.199999999999999734e-01 1.683738335758204474e-02
7.299999999999999822e-01 1.683738335763736507e-02
7.399999999999999911e-01 1.683738335768043479e-02
7.500000000000000000e-01 1.683738335769930511e-02
7.600000000000000089e-01 1.683738335768793226e-02
7.700000000000000178e-01 1.683738335764961222e-02
7.800000000000000266e-01 1.683738335759565191e-02
7.900000000000000355e-01 1.683738335753992565e-02
8.000000000000000444e-01 1.683738335749294934e-02
8.100000000000000533e-01 1.683738335745905285e-02
8.199999999999999512e-01 1.683738335743739309e-02
8.299999999999999600e-01 1.683738335742468450e-02
8.399999999999999689e-01 1.683738335741756173e-02
8.499999999999999778e-01 1.683738335741356146e-02
8.599999999999999867e-01 1.683738335741121264e-02
8.699999999999999956e-01 1.683738335740969649e-02
8.800000000000000044e-01 1.683738335740860362e-02
8.900000000000000133e-01 1.683738335740773973e-02
9.000000000000000222e-01 1.683738335740702849e-02
9.100000000000000311e-01 1.683738335740645603e-02
9.200000000000000400e-01 1.683738335740604664e-02
9.300000000000000488e-01 1.683738335740580377e-02
9.399999999999999467e-01 1.683738335740572745e-02
9.499999999999999556e-01 1.683738335740577949e-02
9.599999999999999645e-01 1.683738335740590092e-02
9.699999999999999734e-01 1.683738335740602929e-02
9.799999999999999822e-01 1.683738335740610562e-02
9.899999999999999911e-01 1.683738335740611256e-02
1.000000000000000000e+00 1.683738335740609868e-02
1.010000000000000009e+00 1.683738335740621317e-02
1.020000000000000018e+00 1.683738335740682032e-02
1.030000000000000027e+00 1.683738335740874240e-02
1.040000000000000036e+00 1.683738335741386677e-02
1.050000000000000044e+00 1.683738335742661352e-02
1.060000000000000053e+00 1.683738335745737016e-02
1.070000000000000062e+00 1.683738335753007243e-02
1.080000000000000071e+00 1.683738335769703262e-02
1.090000000000000080e+00 1.683738335806389541e-02
1.100000000000000089e+00 1.683738335882894663e-02
1.110000000000000098e+00 1.683738336035765434e-02
1.120000000000000107e+00 1.683738336338331393e-02
1.129999999999999893e+00 1.683738336959481052e-02
1.139999999999999902e+00 1.683738338315533475e-02
1.149999999999999911e+00 1.683738341405353195e-02
1.159999999999999920e+00 1.683738348477436392e-02
1.169999999999999929e+00 1.683738364359128534e-02
1.179999999999999938e+00 1.683738399324259671e-02
1.189999999999999947e+00 1.683738475556688027e-02
1.199999999999999956e+00 1.683738640962918406e-02
1.209999999999999964e+00 1.683738995403598684e-02
1.219999999999999973e+00 1.683739734554048212e-02
1.229999999999999982e+00 1.683741218232036665e-02
1.239999999999999991e+00 1.683744084498386279e-02
1.250000000000000000e+00 1.683749484196916946e-02
1.260000000000000009e+00 1.683759653168773532e-02
1.270000000000000018e+00 1.683779348129168033e-02
1.280000000000000027e+00 1.683819171897904879e-02
1.290000000000000036e+00 1.683902213244841198e-02
1.300000000000000044e+00 1.684074835526305422e-02
1.310000000000000053e+00 1.684419780662273908e-02
1.320000000000000062e+00 1.685065316391692186e-02
1.330000000000000071e+00 1.686180946631390259e-02
1.340000000000000080e+00 1.687952138283804748e-02
1.350000000000000089e+00 1.690534390954950145e-02
1.360000000000000098e+00 1.693997848581553500e-02
1.370000000000000107e+00 1.698284036350992954e-02
1.379999999999999893e+00 1.703201323380433910e-02
1.389999999999999902e+00 1.708476626390818820e-02
1.399999999999999911e+00 1.713855291156284738e-02
1.409999999999999920e+00 1.719215894816560411e-02
1.419999999999999929e+00 1.724663190325188486e-02
1.429999999999999938e+00 1.730577852390219676e-02
1.439999999999999947e+00 1.737617283160276457e-02
1.449999999999999956e+00 1.746674733493612519e-02
1.459999999999999964e+00 1.758825034970419934e-02
1.469999999999999973e+00 1.775311007454405746e-02
1.479999999999999982e+00 1.797636951486275558e-02
1.489999999999999991e+00 1.827819377348748400e-02
1.500000000000000000e+00 1.868812703914222995e-02
1.510000000000000009e+00 1.925157469279081129e-02
1.520000000000000018e+00 2.004076729501443055e-02
1.530000000000000027e+00 2.117421549988787038e-02
1.540000000000000036e+00 2.284577740145376373e-02
1.550000000000000044e+00 2.535557066502659371e-02
1.560000000000000053e+00 2.913061800523293957e-02
1.570000000000000062e+00 3.474166332578167149e-02
1.580000000000000071e+00 4.297191217318580697e-02
1.590000000000000080e+00 5.506433402152169365e-02
1.600000000000000089e+00 7.336276348031274541e-02
1.610000000000000098e+00 1.026837324142600150e-01
1.620000000000000107e+00 1.528868156147855373e-01
1.629999999999999893e+00 2.430683220040536496e-01
1.639999999999999902e+00 4.071836682214957648e-01
1.649999999999999911e+00 6.992117615791400009e-01
1.659999999999999920e+00 1.193083043553451850e+00
1.669999999999999929e+00 1.969796131227749214e+00
1.679999999999999938e+00 3.085290166104515563e+00
1.689999999999999947e+00 4.522558479304713330e+00
1.699999999999999956e+00 6.149307880396530201e+00
1.709999999999999964e+00 7.715134502075946976e+00
1.719999999999999973e+00 8.911090677206104260e+00
1.729999999999999982e+00 9.476821863848799765e+00
1.739999999999999991e+00 9.301961284432799459e+00
1.750000000000000000e+00 8.464379222728508623e+00
1.760000000000000009e+00 7.186194812656958142e+00
1.770000000000000018e+00 5.738915916782925564e+00
1.780000000000000027e+00 4.352513894012867368e+00
1.790000000000000036e+00 3.167620253812788444e+00
1.800000000000000044e+00 2.235584797048153050e+00
1.810000000000000053e+00 1.546128376204040977e+00
1.820000000000000062e+00 1.058868449778958665e+00
1.830000000000000071e+00 7.257312686212668007e-01
1.840000000000000080e+00 5.026888675846926668e-01
1.850000000000000089e+00 3.543434352820532540e-01
1.860000000000000098e+00 2.547597112699050981e-01
1.870000000000000107e+00 1.864143960945695566e-01
1.879999999999999893e+00 1.382492004340658553e-01
1.889999999999999902e+00 1.035628252877366373e-01
1.899999999999999911e+00 7.827883867494775383e-02
1.909999999999999920e+00 5.979853101997688325e-02
1.919999999999999929e+00 4.635714794590173327e-02
1.929999999999999938e+00 3.669091325128333303e-02
1.939999999999999947e+00 2.985890659574027758e-02
1.949999999999999956e+00 2.513946431699421238e-02
1.959999999999999964e+00 2.196880989483102758e-02
1.969999999999999973e+00 1.990579204396453541e-02
1.979999999999999982e+00 1.861044226542360805e-02
1.989999999999999991e+00 1.782792783660899424e-02
2.000000000000000000e+00 1.737406914120851256e-02
2.009999999999999787e+00 1.712147132288047158e-02
2.020000000000000018e+00 1.698636666104339638e-02
2.029999999999999805e+00 1.691663733728417801e-02
2.040000000000000036e+00 1.688164207150887400e-02
2.049999999999999822e+00 1.686430960838513488e-02
2.060000000000000053e+00 1.685556890989432788e-02
2.069999999999999840e+00 1.685080089512284302e-02
2.080000000000000071e+00 1.684777448014289705e-02
2.089999999999999858e+00 1.684550994178755229e-02
2.100000000000000089e+00 1.684364997716657555e-02
2.109999999999999876e+00 1.684210301854256048e-02
2.120000000000000107e+00 1.684085277173369768e-02
2.129999999999999893e+00 1.683987864073487051e-02
2.140000000000000124e+00 1.683914112965968074e-02
2.149999999999999911e+00 1.683859298892339401e-02
2.160000000000000142e+00 1.683819152670243055e-02
2.169999999999999929e+00 1.683790340097884169e-02
2.180000000000000160e+00 1.683770326034364495e-02
2.189999999999999947e+00 1.683757057791081257e-02
2.200000000000000178e+00 1.683748762302223964e-02
2.209999999999999964e+00 1.683743910202975189e-02
2.220000000000000195e+00 1.683741261868725372e-02
2.229999999999999982e+00 1.683739903175382815e-02
2.240000000000000213e+00 1.683739230558881431e-02
2.250000000000000000e+00 1.683738891044761141e-02
2.259999999999999787e+00 1.683738703391551503e-02
2.270000000000000018e+00 1.683738586070600632e-02
2.279999999999999805e+00 1.683738506162541990e-02
2.290000000000000036e+00 1.683738450346499577e-02
2.299999999999999822e+00 1.683738411788736344e-02
2.310000000000000053e+00 1.683738385660233858e-02
2.319999999999999840e+00 1.683738368169543365e-02
2.330000000000000071e+00 1.683738356503555397e-02
2.339999999999999858e+00 1.683738348745474761e-02
2.350000000000000089e+00 1.683738343647804211e-02
2.359999999999999876e+00 1.683738340382692766e-02
2.370000000000000107e+00 1.683738338367482892e-02
2.379999999999999893e+00 1.683738337176557062e-02
2.390000000000000124e+00 1.683738336503299779e-02
2.399999999999999911e+00 1.683738336137859115e-02
2.410000000000000142e+00 1.683738335945907452e-02
2.419999999999999929e+00 1.683738335847234299e-02
2.430000000000000160e+00 1.683738335796954033e-02
2.439999999999999947e+00 1.683738335771280473e-02
2.450000000000000178e+00 1.683738335758072982e-02
2.459999999999999964e+00 1.683738335751226722e-02
2.470000000000000195e+00 1.683738335747644171e-02
2.479999999999999982e+00 1.683738335745725914e-02
2.490000000000000213e+00 1.683738335744650733e-02
2.500000000000000000e+00 1.683738335744027967e-02
2.509999999999999787e+00 1.683738335743696982e-02
2.520000000000000018e+00 1.683738335743584572e-02
2.529999999999999805e+00 1.683738335743610245e-02
2.540000000000000036e+00 1.683738335743656389e-02
2.549999999999999822e+00 1.683738335743599143e-02
2.560000000000000053e+00 1.683738335743367384e-02
2.569999999999999840e+00 1.683738335742969439e-02
2.580000000000000071e+00 1.683738335742475736e-02
2.589999999999999858e+00 1.683738335741972320e-02
2.600000000000000089e+00 1.683738335741523720e-02
2.609999999999999876e+00 1.683738335741160122e-02
2.620000000000000107e+00 1.683738335740884995e-02
2.629999999999999893e+00 1.683738335740687583e-02
2.640000000000000124e+00 1.683738335740552275e-02
2.649999999999999911e+00 1.683738335740463804e-02
2.660000000000000142e+00 1.683738335740408987e-02
2.669999999999999929e+00 1.683738335740378456e-02
2.680000000000000160e+00 1.683738335740363884e-02
2.689999999999999947e+00 1.683738335740359721e-02
2.700000000000000178e+00 1.683738335740362149e-02
2.709999999999999964e+00 1.683738335740366659e-02
2.720000000000000195e+00 1.683738335740371864e-02
2.729999999999999982e+00 1.683738335740374986e-02
2.740000000000000213e+00 1.683738335740374986e-02
2.750000000000000000e+00 1.683738335740371864e-02
2.759999999999999787e+00 1.683738335740366313e-02
2.770000000000000018e+00 1.683738335740360068e-02
2.779999999999999805e+00 1.683738335740354516e-02
2.790000000000000036e+00 1.683738335740350700e-02
2.799999999999999822e+00 1.683738335740348618e-02
2.810000000000000053e+00 1.683738335740348271e-02
2.819999999999999840e+00 1.683738335740350006e-02
2.830000000000000071e+00 1.683738335740352088e-02
2.839999999999999858e+00 1.683738335740353823e-02
2.850000000000000089e+00 1.683738335740353823e-02
2.859999999999999876e+00 1.683738335740352088e-02
2.870000000000000107e+00 1.683738335740348618e-02
2.879999999999999893e+00 1.683738335740344108e-02
2.890000000000000124e+00 1.683738335740338904e-02
2.899999999999999911e+00 1.683738335740334741e-02
2.910000000000000142e+00 1.683738335740331271e-02
2.919999999999999929e+00 1.683738335740328843e-02
2.930000000000000160e+00 1.683738335740327108e-02
2.939999999999999947e+00 1.683738335740326067e-02
2.950000000000000178e+00 1.683738335740325720e-02
2.959999999999999964e+00 1.683738335740325026e-02
2.970000000000000195e+00 1.683738335740325026e-02
2.979999999999999982e+00 1.683738335740324679e-02
2.990000000000000213e+00 1.683738335740324679e-02
3.000000000000000000e+00 1.683738335740324679e-02
3.009999999999999787e+00 1.683738335740324679e-02
3.020000000000000018e+00 1.683738335740324332e-02
3.029999999999999805e+00 1.683738335740324332e-02
3.040000000000000036e+00 1.683738335740324332e-02
3.049999999999999822e+00 1.683738335740324332e-02
3.060000000000000053e+00 1.683738335740324332e-02
3.069999999999999840e+00 1.683738335740324332e-02
3.080000000000000071e+00 1.683738335740324332e-02
3.089999999999999858e+00 1.683738335740324332e-02
3.100000000000000089e+00 1.683738335740324332e-02
3.109999999999999876e+00 1.683738335740324332e-02
3.120000000000000107e+00 1.683738335740324332e-02
3.129999999999999893e+00 1.683738335740324332e-02
3.140000000000000124e+00 1.683738335740324332e-02
3.149999999999999911e+00 1.683738335740324332e-02
3.160000000000000142e+00 1.683738335740324332e-02
3.169999999999999929e+00 1.683738335740324332e-02
3.180000000000000160e+00 1.683738335740324332e-02
3.189999999999999947e+00 1.683738335740324332e-02
3.200000000000000178e+00 1.683738335740324332e-02
3.209999999999999964e+00 1.683738335740324332e-02
3.220000000000000195e+00 1.683738335740324332e-02
3.229999999999999982e+00 1.683738335740324332e-02
3.240000000000000213e+00 1.683738335740324332e-02
3.250000000000000000e+00 1.683738335740324332e-02
3.259999999999999787e+00 1.683738335740324332e-02
3.270000000000000018e+00 1.683738335740324332e-02
3.279999999999999805e+00 1.683738335740324332e-02
3.290000000000000036e+00 1.683738335740324332e-02
3.299999999999999822e+00 1.683738335740324332e-02
3.310000000000000053e+00 1.683738335740324332e-02
3.319999999999999840e+00 1.683738335740324332e-02
3.330000000000000071e+00 1.683738335740324332e-02
3.339999999999999858e+00 1.683738335740324332e-02
3.350000000000000089e+00 1.683738335740324332e-02
3.359999999999999876e+00 1.683738335740324332e-02
3.370000000000000107e+00 1.683738335740324332e-02
3.379999999999999893e+00 1.683738335740324332e-02
3.390000000000000124e+00 1.683738335740324332e-02
3.399999999999999911e+00 1.683738335740324332e-02
3.410000000000000142e+00 1.683738335740324332e-02
3.419999999999999929e+00 1.683738335740324332e-02
3.430000000000000160e+00 1.683738335740324332e-02
3.439999999999999947e+00 1.683738335740324332e-02
3.450000000000000178e+00 1.683738335740324332e-02
3.459999999999999964e+00 1.683738335740324332e-02
3.470000000000000195e+00 1.683738335740324332e-02
3.479999999999999982e+00 1.683738335740324332e-02
3.490000000000000213e+00 1.683738335740324332e-02
3.500000000000000000e+00 1.683738335740324332e-02
3.509999999999999787e+00 1.683738335740324332e-02
3.520000000000000018e+00 1.683738335740324332e-02
3.529999999999999805e+00 1.683738335740324332e-02
3.540000000000000036e+00 1.683738335740324332e-02
3.549999999999999822e+00 1.683738335740324332e-02
3.560000000000000053e+00 1.683738335740324332e-02
3.569999999999999840e+00 1.683738335740324332e-02
3.580000000000000071e+00 1.683738335740324332e-02
3.589999999999999858e+00 1.683738335740324332e-02
3.600000000000000089e+00 1.683738335740324332e-02
3.609999999999999876e+00 1.683738335740324332e-02
3.620000000000000107e+00 1.683738335740324332e-02
3.629999999999999893e+00 1.683738335740324332e-02
3.640000000000000124e+00 1.683738335740324332e-02
3.649999999999999911e+00 1.683738335740324332e-02
3.660000000000000142e+00 1.683738335740324332e-02
3.669999999999999929e+00 1.683738335740324332e-02
3.680000000000000160e+00 1.683738335740324332e-02
3.689999999999999947e+00 1.683738335740324332e-02
3.700000000000000178e+00 1.683738335740324332e-02
3.709999999999999964e+00 1.683738335740324332e-02
3.720000000000000195e+00 1.683738335740324332e-02
3.729999999999999982e+00 1.683738335740324332e-02
3.740000000000000213e+00 1.683738335740324332e-02
3.750000000000000000e+00 1.683738335740324332e-02
3.759999999999999787e+00 1.683738335740324332e-02
3.770000000000000018e+00 1.683738335740324332e-02
3.779999999999999805e+00 1.683738335740324332e-02
3.790000000000000036e+00 1.683738335740324332e-02
3.799999999999999822e+00 1.683738335740324332e-02
3.810000000000000053e+00 1.683738335740324332e-02
3.819999999999999840e+00 1.683738335740324332e-02
3.830000000000000071e+00 1.683738335740324332e-02
3.839999999999999858e+00 1.683738335740324332e-02
3.850000000000000089e+00 1.683738335740324332e-02
3.859999999999999876e+00 1.683738335740324332e-02
3.870000000000000107e+00 1.683738335740324332e-02
3.879999999999999893e+00 1.683738335740324332e-02
3.890000000000000124e+00 1.683738335740324332e-02
3.899999999999999911e+00 1.683738335740324332e-02
3.910000000000000142e+00 1.683738335740324332e-02
3.919999999999999929e+00 1.683738335740324332e-02
3.930000000000000160e+00 1.683738335740324332e-02
3.939999999999999947e+00 1.683738335740324332e-02
3.950000000000000178e+00 1.683738335740324332e-02
3.959999999999999964e+00 1.683738335740324332e-02
3.970000000000000195e+00 1.683738335740324332e-02
3.979999999999999982e+00 1.683738335740324332e-02
3.990000000000000213e+00 1.683738335740324332e-02
4.000000000000000000e+00 1.683738335740324332e-02
4.009999999999999787e+00 1.683738335740324332e-02
4.019999999999999574e+00 1.683738335740324332e-02
4.030000000000000249e+00 1.683738335740324332e-02
4.040000000000000036e+00 1.683738335740324332e-02
4.049999999999999822e+00 1.683738335740324332e-02
4.059999999999999609e+00 1.683738335740324332e-02
4.070000000000000284e+00 1.683738335740324332e-02
4.080000000000000071e+00 1.683738335740324332e-02
4.089999999999999858e+00 1.683738335740324332e-02
4.099999999999999645e+00 1.683738335740324332e-02
4.110000000000000320e+00 1.683738335740324332e-02
4.120000000000000107e+00 1.683738335740324332e-02
4.129999999999999893e+00 1.683738335740324332e-02
4.139999999999999680e+00 1.683738335740324332e-02
4.150000000000000355e+00 1.683738335740324332e-02
4.160000000000000142e+00 1.683738335740324332e-02
4.169999999999999929e+00 1.683738335740324332e-02
4.179999999999999716e+00 1.683738335740324332e-02
4.190000000000000391e+00 1.683738335740324332e-02
4.200000000000000178e+00 1.683738335740324332e-02
4.209999999999999964e+00 1.683738335740324332e-02
4.219999999999999751e+00 1.683738335740324332e-02
4.230000000000000426e+00 1.683738335740324332e-02
4.240000000000000213e+00 1.683738335740324332e-02
4.250000000000000000e+00 1.683738335740324332e-02
4.259999999999999787e+00 1.683738335740324332e-02
4.269999999999999574e+00 1.683738335740324332e-02
4.280000000000000249e+00 1.683738335740324332e-02
4.290000000000000036e+00 1.683738335740324332e-02
4.299999999999999822e+00 1.683738335740324332e-02
4.309999999999999609e+00 1.683738335740324332e-02
4.320000000000000284e+00 1.683738335740324332e-02
4.330000000000000071e+00 1.683738335740324332e-02
4.339999999999999858e+00 1.683738335740324332e-02
4.349999999999999645e+00 1.683738335740324332e-02
4.360000000000000320e+00 1.683738335740324332e-02
4.370000000000000107e+00 1.683738335740324332e-02
4.379999999999999893e+00 1.683738335740324332e-02
4.389999999999999680e+00 1.683738335740324332e-02
4.400000000000000355e+00 1.683738335740324332e-02
4.410000000000000142e+00 1.683738335740324332e-02
4.419999999999999929e+00 1.683738335740324332e-02
4.429999999999999716e+00 1.683738335740324332e-02
4.440000000000000391e+00 1.683738335740324332e-02
4.450000000000000178e+00 1.683738335740324332e-02
4.459999999999999964e+00 1.683738335740324332e-02
4.469999999999999751e+00 1.683738335740324332e-02
4.480000000000000426e+00 1.683738335740324332e-02
4.490000000000000213e+00 1.683738335740324332e-02
4.500000000000000000e+00 1.683738335740324332e-02
4.509999999999999787e+00 1.683738335740324332e-02
4.519999999999999574e+00 1.683738335740324332e-02
4.530000000000000249e+00 1.683738335740324332e-02
4.540000000000000036e+00 1.683738335740324332e-02
4.549999999999999822e+00 1.683738335740324332e-02
4.559999999999999609e+00 1.683738335740324332e-02
4.570000000000000284e+00 1.683738335740324332e-02
4.580000000000000071e+00 1.683738335740324332e-02
4.589999999999999858e+00 1.683738335740324332e-02
4.599999999999999645e+00 1.683738335740324332e-02
4.610000000000000320e+00 1.683738335740324332e-02
4.620000000000000107e+00 1.683738335740324332e-02
4.629999999999999893e+00 1.683738335740324332e-02
4.639999999999999680e+00 1.683738335740324332e-02
4.650000000000000355e+00 1.683738335740324332e-02
4.660000000000000142e+00 1.683738335740324332e-02
4.669999999999999929e+00 1.683738335740324332e-02
4.679999999999999716e+00 1.683738335740324332e-02
4.690000000000000391e+00 1.683738335740324332e-02
4.700000000000000178e+00 1.683738335740324332e-02
4.709999999999999964e+00 1.683738335740324332e-02
4.719999999999999751e+00 1.683738335740324332e-02
4.730000000000000426e+00 1.683738335740324332e-02
4.740000000000000213e+00 1.683738335740324332e-02
4.750000000000000000e+00 1.683738335740324332e-02
4.759999999999999787e+00 1.683738335740324332e-02
4.769999999999999574e+00 1.683738335740324332e-02
4.780000000000000249e+00 1.683738335740324332e-02
4.790000000000000036e+00 1.683738335740324332e-02
4.799999999999999822e+00 1.683738335740324332e-02
4.809999999999999609e+00 1.683738335740324332e-02
4.820000000000000284e+00 1.683738335740324332e-02
4.830000000000000071e+00 1.683738335740324332e-02
4.839999999999999858e+00 1.683738335740324332e-02
4.849999999999999645e+00 1.683738335740324332e-02
4.860000000000000320e+00 1.683738335740324332e-02
4.870000000000000107e+00 1.683738335740324332e-02
4.879999999999999893e+00 1.683738335740324332e-02
4.889999999999999680e+00 1.683738335740324332e-02
4.900000000000000355e+00 1.683738335740324332e-02
4.910000000000000142e+00 1.683738335740324332e-02
4.919999999999999929e+00 1.683738335740324332e-02
4.929999999999999716e+00 1.683738335740324332e-02
4.940000000000000391e+00 1.683738335740324332e-02
4.950000000000000178e+00 1.683738335740324332e-02
4.959999999999999964e+00 1.683738335740324332e-02
4.969999999999999751e+00 1.683738335740324332e-02
4.980000000000000426e+00 1.683738335740324332e-02
4.990000000000000213e+00 1.683738335740324332e-02
5.000000000000000000e+00 1.683738335740324332e-02
5.009999999999999787e+00 1.683738335740324332e-02
5.019999999999999574e+00 1.683738335740324332e-02
5.030000000000000249e+00 1.683738335740324332e-02
5.040000000000000036e+00 1.683738335740324332e-02
5.049999999999999822e+00 1.683738335740324332e-02
5.059999999999999609e+00 1.683738335740324332e-02
5.070000000000000284e+00 1.683738335740324332e-02
5.080000000000000071e+00 1.683738335740324332e-02
5.089999999999999858e+00 1.683738335740324332e-02
5.099999999999999645e+00 1.683738335740324332e-02
5.110000000000000320e+00 1.683738335740324332e-02
5.120000000000000107e+00 1.683738335740324332e-02
5.129999999999999893e+00 1.683738335740324332e-02
5.139999999999999680e+00 1.683738335740324332e-02
5.150000000000000355e+00 1.683738335740324332e-02
5.160000000000000142e+00 1.683738335740324332e-02
5.169999999999999929e+00 1.683738335740324332e-02
5.179999999999999716e+00 1.683738335740324332e-02
5.190000000000000391e+00 1.683738335740324332e-02
5.200000000000000178e+00 1.683738335740324332e-02
5.209999999999999964e+00 1.683738335740324332e-02
5.219999999999999751e+00 1.683738335740324332e-02
5.230000000000000426e+00 1.683738335740324332e-02
5.240000000000000213e+00 1.683738335740324332e-02
5.250000000000000000e+00 1.683738335740324332e-02
5.259999999999999787e+00 1.683738335740324332e-02
5.269999999999999574e+00 1.683738335740324332e-02
5.280000000000000249e+00 1.683738335740324332e-02
5.290000000000000036e+00 1.683738335740324332e-02
5.299999999999999822e+00 1.683738335740324332e-02
5.309999999999999609e+00 1.683738335740324332e-02
5.320000000000000284e+00 1.683738335740324332e-02
5.330000000000000071e+00 1.683738335740324332e-02
5.339999999999999858e+00 1.683738335740324332e-02
5.349999999999999645e+00 1.683738335740324332e-02
5.360000000000000320e+00 1.683738335740324332e-02
5.370000000000000107e+00 1.683738335740324332e-02
5.379999999999999893e+00 1.683738335740324332e-02
5.389999999999999680e+00 1.683738335740324332e-02
5.400000000000000355e+00 1.683738335740324332e-02
5.410000000000000142e+00 1.683738335740324332e-02
5.419999999999999929e+00 1.683738335740324332e-02
5.429999999999999716e+00 1.683738335740324332e-02
5.440000000000000391e+00 1.683738335740324332e-02
5.450000000000000178e+00 1.683738335740324332e-02
5.459999999999999964e+00 1.683738335740324332e-02
5.469999999999999751e+00 1.683738335740324332e-02
5.480000000000000426e+00 1.683738335740324332e-02
5.490000000000000213e+00 1.683738335740324332e-02
5.500000000000000000e+00 1.683738335740324332e-02
5.509999999999999787e+00 1.683738335740324332e-02
5.519999999999999574e+00 1.683738335740324332e-02
5.530000000000000249e+00 1.683738335740324332e-02
5.540000000000000036e+00 1.683738335740324332e-02
5.549999999999999822e+00 1.683738335740324332e-02
5.559999999999999609e+00 1.683738335740324332e-02
5.570000000000000284e+00 1.683738335740324332e-02
5.580000000000000071e+00 1.683738335740324332e-02
5.589999999999999858e+00 1.683738335740324332e-02
5.599999999999999645e+00 1.683738335740324332e-02
5.610000000000000320e+00 1.683738335740324332e-02
5.620000000000000107e+00 1.683738335740324332e-02
5.629999999999999893e+00 1.683738335740324332e-02
5.639999999999999680e+00 1.683738335740324332e-02
5.650000000000000355e+00 1.683738335740324332e-02
5.660000000000000142e+00 1.683738335740324332e-02
5.669999999999999929e+00 1.683738335740324332e-02
5.679999999999999716e+00 1.683738335740324332e-02
5.690000000000000391e+00 1.683738335740324332e-02
5.700000000000000178e+00 1.683738335740324332e-02
5.709999999999999964e+00 1.683738335740324332e-02
5.719999999999999751e+00 1.683738335740324332e-02
5.730000000000000426e+00 1.683738335740324332e-02
5.740000000000000213e+00 1.683738335740324332e-02
5.750000000000000000e+00 1.683738335740324332e-02
5.759999999999999787e+00 1.683738335740324332e-02
5.769999999999999574e+00 1.683738335740324332e-02
5.780000000000000249e+00 1.683738335740324332e-02
5.790000000000000036e+00 1.683738335740324332e-02
5.799999999999999822e+00 1.683738335740324332e-02
5.809999999999999609e+00 1.683738335740324332e-02
5.820000000000000284e+00 1.683738335740324332e-02
5.830000000000000071e+00 1.683738335740324332e-02
5.839999999999999858e+00 1.683738335740324332e-02
5.849999999999999645e+00 1.683738335740324332e-02
5.860000000000000320e+00 1.683738335740324332e-02
5.870000000000000107e+00 1.683738335740324332e-02
5.879999999999999893e+00 1.683738335740324332e-02
5.889999999999999680e+00 1.683738335740324332e-02
5.900000000000000355e+00 1.683738335740324332e-02
5.910000000000000142e+00 1.683738335740324332e-02
5.919999999999999929e+00 1.683738335740324332e-02
5.929999999999999716e+00 1.683738335740324332e-02
5.940000000000000391e+00 1.683738335740324332e-02
5.950000000000000178e+00 1.683738335740324332e-02
5.959999999999999964e+00 1.683738335740324332e-02
5.969999999999999751e+00 1.683738335740324332e-02
5.980000000000000426e+00 1.683738335740324332e-02
5.990000000000000213e+00 1.683738335740324332e-02
6.000000000000000000e+00 1.683738335740324332e-02
6.200000000000000178e+00 1.683738335740324332e-02
6.400000000000000355e+00 1.683738335740324332e-02
6.599999999999999645e+00 1.683738335740324332e-02
6.799999999999999822e+00 1.683738335740324332e-02
7.000000000000000000e+00 0.000000000000000000e+00
