0.000000000000000000e+00 0.000000000000000000e+00
1.000000000000000021e-02 1.689376999099402588e-02
2.000000000000000042e-02 1.691367006951064247e-02
2.999999999999999889e-02 1.693159937340948246e-02
4.000000000000000083e-02 1.694599924424633475e-02
5.000000000000000278e-02 1.695691889834929911e-02
5.999999999999999778e-02 1.696540894386061593e-02
7.000000000000000666e-02 1.697265336159980986e-02
8.000000000000000167e-02 1.697947026191411884e-02
8.999999999999999667e-02 1.698626649252261284e-02
1.000000000000000056e-01 1.699321122775241527e-02
1.100000000000000006e-01 1.700043995579405415e-02
1.199999999999999956e-01 1.700826372595727262e-02
1.300000000000000044e-01 1.701743101456567459e-02
1.400000000000000133e-01 1.702942375728346697e-02
1.499999999999999944e-01 1.704662400278842901e-02
1.600000000000000033e-01 1.707211086890974769e-02
1.700000000000000122e-01 1.710899595937585144e-02
1.799999999999999933e-01 1.715953648491257491e-02
1.900000000000000022e-01 1.722447571016656395e-02
2.000000000000000111e-01 1.730290627616340796e-02
2.099999999999999922e-01 1.739258501777862440e-02
2.200000000000000011e-01 1.749042065798146750e-02
2.300000000000000100e-01 1.759293647521450316e-02
2.399999999999999911e-01 1.769667133253675917e-02
2.500000000000000000e-01 1.779851814550890282e-02
2.600000000000000089e-01 1.789594179894368059e-02
2.700000000000000178e-01 1.798702930061066990e-02
2.800000000000000266e-01 1.807045242789870332e-02
2.899999999999999800e-01 1.814551859327859923e-02
2.999999999999999889e-01 1.821237037079477192e-02
3.099999999999999978e-01 1.827212196577021608e-02
3.200000000000000067e-01 1.832660152770572079e-02
3.300000000000000155e-01 1.837762843139380611e-02
3.400000000000000244e-01 1.842619865201063425e-02
3.499999999999999778e-01 1.847210420987964105e-02
3.599999999999999867e-01 1.851417734067735410e-02
3.699999999999999956e-01 1.855088198144213066e-02
3.800000000000000044e-01 1.858085386710700906e-02
3.900000000000000133e-01 1.860324213490837514e-02
4.000000000000000222e-01 1.861795140198597293e-02
4.099999999999999756e-01 1.862586813261295909e-02
4.199999999999999845e-01 1.862898701074122004e-02
4.299999999999999933e-01 1.863025398871239954e-02
4.400000000000000022e-01 1.863299905724408526e-02
4.500000000000000111e-01 1.864002759136471413e-02
4.600000000000000200e-01 1.865271034892008670e-02
4.699999999999999734e-01 1.867057244941556018e-02
4.799999999999999822e-01 1.869169427692923824e-02
4.899999999999999911e-01 1.871372370329345280e-02
5.000000000000000000e-01 1.873486037599046694e-02
5.100000000000000089e-01 1.875423181254864610e-02
5.200000000000000178e-01 1.877161008861853025e-02
5.300000000000000266e-01 1.878692626797616103e-02
5.400000000000000355e-01 1.880007414357735482e-02
5.500000000000000444e-01 1.881110565838363738e-02
5.600000000000000533e-01 1.882055978248409200e-02
5.699999999999999512e-01 1.882965482926770781e-02
5.799999999999999600e-01 1.884028681829062746e-02
5.899999999999999689e-01 1.885488366299605673e-02
5.999999999999999778e-01 1.887606640219972529e-02
6.099999999999999867e-01 1.890600086940066524e-02
6.199999999999999956e-01 1.894552762572342119e-02
6.300000000000000044e-01 1.899350750845036490e-02
6.400000000000000133e-01 1.904690333867067181e-02
6.500000000000000222e-01 1.910173555957665401e-02
6.600000000000000311e-01 1.915448438699255893e-02
6.700000000000000400e-01 1.920322571906140849e-02
6.800000000000000488e-01 1.924797180525018858e-02
6.899999999999999467e-01 1.929016848192139505e-02
6.999999999999999556e-01 1.933175312959293374e-02
7.099999999999999645e-01 1.937432732737731991e-02
7.199999999999999734e-01 1.941876711544834877e-02
7.299999999999999822e-01 1.946519250814982005e-02
7.399999999999999911e-01 1.951305703724835749e-02
7.500000000000000000e-01 1.956147016788519627e-02
7.600000000000000089e-01 1.961045321396999441e-02
7.700000000000000178e-01 1.966375331365931636e-02
7.800000000000000266e-01 1.973236047553617728e-02
7.900000000000000355e-01 1.983582726818104019e-02
8.000000000000000444e-01 1.999846629318547883e-02
8.100000000000000533e-01 2.024106591396179766e-02
8.199999999999999512e-01 2.057330273826675840e-02
8.299999999999999600e-01 2.099253263805670247e-02
8.399999999999999689e-01 2.148986288803998029e-02
8.499999999999999778e-01 2.205896976136845211e-02
8.599999999999999867e-01 2.270196560542330280e-02
8.699999999999999956e-01 2.342961438508924313e-02
8.800000000000000044e-01 2.425683504870868035e-02
8.900000000000000133e-01 2.519641467316092662e-02
9.000000000000000222e-01 2.625414444152332147e-02
9.100000000000000311e-01 2.742765738695580532e-02
9.200000000000000400e-01 2.870929315795339373e-02
9.300000000000000488e-01 3.009103248166013905e-02
9.399999999999999467e-01 3.156837512560902587e-02
9.499999999999999556e-01 3.314104843936740985e-02
9.599999999999999645e-01 3.481092539119404888e-02
9.699999999999999734e-01 3.657924699210347852e-02
9.799999999999999822e-01 3.844467691803232084e-02
9.899999999999999911e-01 4.040207552370519983e-02
1.000000000000000000e+00 4.244171673589148402e-02
1.010000000000000009e+00 4.455022630617276602e-02
1.020000000000000018e+00 4.671489462982948704e-02
1.030000000000000027e+00 4.893020404890276176e-02
1.040000000000000036e+00 5.120195797228218465e-02
1.050000000000000044e+00 5.354486423436483761e-02
1.060000000000000053e+00 5.597427178721663815e-02
1.070000000000000062e+00 5.849720483923850911e-02
1.080000000000000071e+00 6.110771097143596897e-02
1.090000000000000080e+00 6.378807331606817232e-02
1.100000000000000089e+00 6.651463888656007628e-02
1.110000000000000098e+00 6.926634108394380540e-02
1.120000000000000107e+00 7.203390457937949853e-02
1.129999999999999893e+00 7.482712220706608242e-02
1.139999999999999902e+00 7.767727023004414311e-02
1.149999999999999911e+00 8.063262968626282168e-02
1.159999999999999920e+00 8.374698228803496847e-02
1.169999999999999929e+00 8.706334084661289385e-02
1.179999999999999938e+00 9.059813223455369380e-02
1.189999999999999947e+00 9.433353745078119912e-02
1.199999999999999956e+00 9.822412154565338116e-02
1.209999999999999964e+00 1.022161058368605407e-01
1.219999999999999973e+00 1.062686446068353413e-01
1.229999999999999982e+00 1.103652148141342354e-01
1.239999999999999991e+00 1.145114744642754673e-01
1.250000000000000000e+00 1.187248834021302768e-01
1.260000000000000009e+00 1.230224853047071076e-01
1.270000000000000018e+00 1.274085589680407915e-01
1.280000000000000027e+00 1.318616825852660102e-01
1.290000000000000036e+00 1.363243253572203606e-01
1.300000000000000044e+00 1.407024137569618250e-01
1.310000000000000053e+00 1.448809378963334671e-01
1.320000000000000062e+00 1.487533328060269000e-01
1.330000000000000071e+00 1.522525787586489765e-01
1.340000000000000080e+00 1.553695541430552551e-01
1.350000000000000089e+00 1.581535617399622562e-01
1.360000000000000098e+00 1.607037183973704653e-01
1.370000000000000107e+00 1.631626831738681171e-01
1.379999999999999893e+00 1.657096128871799745e-01
1.389999999999999902e+00 1.685322213599363961e-01
1.399999999999999911e+00 1.717634456131121590e-01
1.409999999999999920e+00 1.754023832894940349e-01
1.419999999999999929e+00 1.792723806790156027e-01
1.429999999999999938e+00 1.830605427773361049e-01
1.439999999999999947e+00 1.864282058243428297e-01
1.449999999999999956e+00 1.891280102869217494e-01
1.459999999999999964e+00 1.910611475077224064e-01
1.469999999999999973e+00 1.922570112083261673e-01
1.479999999999999982e+00 1.928087678604523958e-01
1.489999999999999991e+00 1.928122643448273721e-01
1.500000000000000000e+00 1.923345640815062041e-01
1.510000000000000009e+00 1.914110282442933464e-01
1.520000000000000018e+00 1.900580491488652879e-01
1.530000000000000027e+00 1.882917905170516659e-01
1.540000000000000036e+00 1.861476841889735945e-01
1.550000000000000044e+00 1.836931182430668053e-01
1.560000000000000053e+00 1.810239072950310946e-01
1.570000000000000062e+00 1.782438056153769768e-01
1.580000000000000071e+00 1.754409287465018563e-01
1.590000000000000080e+00 1.726790187218679440e-01
1.600000000000000089e+00 1.700080764894980889e-01
1.610000000000000098e+00 1.674811754423320698e-01
1.620000000000000107e+00 1.651603650122297762e-01
1.629999999999999893e+00 1.631073438439771817e-01
1.639999999999999902e+00 1.613704324007491364e-01
1.649999999999999911e+00 1.599827244870823950e-01
1.659999999999999920e+00 1.589735490378042515e-01
1.669999999999999929e+00 1.583781682598418283e-01
1.679999999999999938e+00 1.582256131280199707e-01
1.689999999999999947e+00 1.584985655571141960e-01
1.699999999999999956e+00 1.590851557646025261e-01
1.709999999999999964e+00 1.597649382155289233e-01
1.719999999999999973e+00 1.602701852663692139e-01
1.729999999999999982e+00 1.604234891788760275e-01
1.739999999999999991e+00 1.602851793900960387e-01
1.750000000000000000e+00 1.602008689505783068e-01
1.760000000000000009e+00 1.606790800360623495e-01
1.770000000000000018e+00 1.621485393373448547e-01
1.780000000000000027e+00 1.647507437876351011e-01
1.790000000000000036e+00 1.683082928407065582e-01
1.800000000000000044e+00 1.724767229278705294e-01
1.810000000000000053e+00 1.769604571913918345e-01
1.820000000000000062e+00 1.816553862247128059e-01
1.830000000000000071e+00 1.866536640125046054e-01
1.840000000000000080e+00 1.921318719878420955e-01
1.850000000000000089e+00 1.981982531812837567e-01
1.860000000000000098e+00 2.047885129959216288e-01
1.870000000000000107e+00 2.116642182481784373e-01
1.879999999999999893e+00 2.184981308172158354e-01
1.889999999999999902e+00 2.249811220421505942e-01
1.899999999999999911e+00 2.308961894147854021e-01
1.909999999999999920e+00 2.361538410678302169e-01
1.919999999999999929e+00 2.408122841668952352e-01
1.929999999999999938e+00 2.450866070587654211e-01
1.939999999999999947e+00 2.493100174529188362e-01
1.949999999999999956e+00 2.538066928558640467e-01
1.959999999999999964e+00 2.587025511922320664e-01
1.969999999999999973e+00 2.637856837314292990e-01
1.979999999999999982e+00 2.685302496395353122e-01
1.989999999999999991e+00 2.722910147710238538e-01
2.000000000000000000e+00 2.745623330477570678e-01
2.009999999999999787e+00 2.751787713698067850e-01
2.020000000000000018e+00 2.743945273531214757e-01
2.029999999999999805e+00 2.728292939485389978e-01
2.040000000000000036e+00 2.712897300505626719e-01
2.049999999999999822e+00 2.705139212362211443e-01
2.060000000000000053e+00 2.709423484520309122e-01
2.069999999999999840e+00 2.726235627109492299e-01
2.080000000000000071e+00 2.752817240501823637e-01
2.089999999999999858e+00 2.784751470104385729e-01
2.100000000000000089e+00 2.817497207484714883e-01
2.109999999999999876e+00 2.847416884543531035e-01
2.120000000000000107e+00 2.872418473432027941e-01
2.129999999999999893e+00 2.892437270586878384e-01
2.140000000000000124e+00 2.909642094645492061e-01
2.149999999999999911e+00 2.927915197986959983e-01
2.160000000000000142e+00 2.951355947616999265e-01
2.169999999999999929e+00 2.982358924833120595e-01
2.180000000000000160e+00 3.020473349928942119e-01
2.189999999999999947e+00 3.062874757250441116e-01
2.200000000000000178e+00 3.106051114463549978e-01
2.209999999999999964e+00 3.147456920266665792e-01
2.220000000000000195e+00 3.186188104445908387e-01
2.229999999999999982e+00 3.222605289393704608e-01
2.240000000000000213e+00 3.257371724971384053e-01
2.250000000000000000e+00 3.290480784606683029e-01
2.259999999999999787e+00 3.320857424491548970e-01
2.270000000000000018e+00 3.346914091312120365e-01
2.279999999999999805e+00 3.367778979898090053e-01
2.290000000000000036e+00 3.384226435417802548e-01
2.299999999999999822e+00 3.398431472639387163e-01
2.310000000000000053e+00 3.412632996582641298e-01
2.319999999999999840e+00 3.427731345100285543e-01
2.330000000000000071e+00 3.442846320665966520e-01
2.339999999999999858e+00 3.455982323308768867e-01
2.350000000000000089e+00 3.465109361771430141e-01
2.359999999999999876e+00 3.468902536932667036e-01
2.370000000000000107e+00 3.466934541392465707e-01
2.379999999999999893e+00 3.459628131321048627e-01
2.390000000000000124e+00 3.448335543306735862e-01
2.399999999999999911e+00 3.435584054715823954e-01
2.410000000000000142e+00 3.425133244541171407e-01
2.419999999999999929e+00 3.421394317637518889e-01
2.430000000000000160e+00 3.428171123618486971e-01
2.439999999999999947e+00 3.447352377801269352e-01
2.450000000000000178e+00 3.478449467163908237e-01
2.459999999999999964e+00 3.519326012485072819e-01
2.470000000000000195e+00 3.567557019829997178e-01
2.479999999999999982e+00 3.621460988245017165e-01
2.490000000000000213e+00 3.680257659841958962e-01
2.500000000000000000e+00 3.743505285703342955e-01
2.509999999999999787e+00 3.810361607570068032e-01
2.520000000000000018e+00 3.879156986526676731e-01
2.529999999999999805e+00 3.947477069407396844e-01
2.540000000000000036e+00 4.012652635696206116e-01
2.549999999999999822e+00 4.072374775193657315e-01
2.560000000000000053e+00 4.125145971921296839e-01
2.569999999999999840e+00 4.170413533779958049e-01
2.580000000000000071e+00 4.208411180803727225e-01
2.589999999999999858e+00 4.239856145697491474e-01
2.600000000000000089e+00 4.265676449683983296e-01
2.609999999999999876e+00 4.286894276626801448e-01
2.620000000000000107e+00 4.304686874292714682e-01
2.629999999999999893e+00 4.320506750880566682e-01
2.640000000000000124e+00 4.336045964195839320e-01
2.649999999999999911e+00 4.352901519472066050e-01
2.660000000000000142e+00 4.372057668713045242e-01
2.669999999999999929e+00 4.393529569732516071e-01
2.680000000000000160e+00 4.416443953971367353e-01
2.689999999999999947e+00 4.439497496046694303e-01
2.700000000000000178e+00 4.461470237587198961e-01
2.709999999999999964e+00 4.481517037402593107e-01
2.720000000000000195e+00 4.499195685300971248e-01
2.729999999999999982e+00 4.514355548692213227e-01
2.740000000000000213e+00 4.527011904770001371e-01
2.750000000000000000e+00 4.537255514933321576e-01
2.759999999999999787e+00 4.545193325455068600e-01
2.770000000000000018e+00 4.550907760066444929e-01
2.779999999999999805e+00 4.554436267706590824e-01
2.790000000000000036e+00 4.555787059844818021e-01
2.799999999999999822e+00 4.555012475284612727e-01
2.810000000000000053e+00 4.552352816858349360e-01
2.819999999999999840e+00 4.548425793027676134e-01
2.830000000000000071e+00 4.544360197405830082e-01
2.839999999999999858e+00 4.541706558866475119e-01
2.850000000000000089e+00 4.542020253084517734e-01
2.859999999999999876e+00 4.546251944434069325e-01
2.870000000000000107e+00 4.554312566041682220e-01
2.879999999999999893e+00 4.565121020189134016e-01
2.890000000000000124e+00 4.577085618764594743e-01
2.899999999999999911e+00 4.588665835900209156e-01
2.910000000000000142e+00 4.598697062594985785e-01
2.919999999999999929e+00 4.606427366282406233e-01
2.930000000000000160e+00 4.611408878898084485e-01
2.939999999999999947e+00 4.613386234934139241e-01
2.950000000000000178e+00 4.612232716277023803e-01
2.959999999999999964e+00 4.607922252207907188e-01
2.970000000000000195e+00 4.600515265318679270e-01
2.979999999999999982e+00 4.590145662769964385e-01
2.990000000000000213e+00 4.577003231353151680e-01
3.000000000000000000e+00 4.561314139989685046e-01
3.009999999999999787e+00 4.543344618659660439e-01
3.020000000000000018e+00 4.523499026760930408e-01
3.029999999999999805e+00 4.502662940478543985e-01
3.040000000000000036e+00 4.483053878147632565e-01
3.049999999999999822e+00 4.469895944787971032e-01
3.060000000000000053e+00 4.473876093646379504e-01
3.069999999999999840e+00 4.513008246832646009e-01
3.080000000000000071e+00 4.610502538272827633e-01
3.089999999999999858e+00 4.785196091232085114e-01
3.100000000000000089e+00 5.036571897036288270e-01
3.109999999999999876e+00 5.335040225333720354e-01
3.120000000000000107e+00 5.629250557268545840e-01
3.129999999999999893e+00 5.869224206814180889e-01
3.140000000000000124e+00 6.028685737572343495e-01
3.149999999999999911e+00 6.110529041032145559e-01
3.160000000000000142e+00 6.135451471684648661e-01
3.169999999999999929e+00 6.126497336348982747e-01
3.180000000000000160e+00 6.100201259795559050e-01
3.189999999999999947e+00 6.065582938787752454e-01
3.200000000000000178e+00 6.026750029302762046e-01
3.209999999999999964e+00 5.985450123475073436e-01
3.220000000000000195e+00 5.942439592488839573e-01
3.229999999999999982e+00 5.897990324409980722e-01
3.240000000000000213e+00 5.852068967747605654e-01
3.250000000000000000e+00 5.804491183936175691e-01
3.259999999999999787e+00 5.755139709358806366e-01
3.270000000000000018e+00 5.704215177581176688e-01
3.279999999999999805e+00 5.652416878976174175e-01
3.290000000000000036e+00 5.600918901422972107e-01
3.299999999999999822e+00 5.551069463326357978e-01
3.310000000000000053e+00 5.503917670607182400e-01
3.319999999999999840e+00 5.459837384639347757e-01
3.330000000000000071e+00 5.418481591958693722e-01
3.339999999999999858e+00 5.379053635291681790e-01
3.350000000000000089e+00 5.340661050935746612e-01
3.359999999999999876e+00 5.302532677090175950e-01
3.370000000000000107e+00 5.264066522465269404e-01
3.379999999999999893e+00 5.224815884742233241e-01
3.390000000000000124e+00 5.184511940495585280e-01
3.399999999999999911e+00 5.143140585360709283e-01
3.410000000000000142e+00 5.101052188371032470e-01
3.419999999999999929e+00 5.059098966027939515e-01
3.430000000000000160e+00 5.018783426452169127e-01
3.439999999999999947e+00 4.982302198101295487e-01
3.450000000000000178e+00 4.952273500097043590e-01
3.459999999999999964e+00 4.931046742062315524e-01
3.470000000000000195e+00 4.919847765818559648e-01
3.479999999999999982e+00 4.918292889441980842e-01
3.490000000000000213e+00 4.924631464526919578e-01
3.500000000000000000e+00 4.936542494874332498e-01
3.509999999999999787e+00 4.951945359772048083e-01
3.520000000000000018e+00 4.969412064193137746e-01
3.529999999999999805e+00 4.988157516573955008e-01
3.540000000000000036e+00 5.007824662601344512e-01
3.549999999999999822e+00 5.028255413795665874e-01
3.560000000000000053e+00 5.049310604335693897e-01
3.569999999999999840e+00 5.070732320752242561e-01
3.580000000000000071e+00 5.092039271727807348e-01
3.589999999999999858e+00 5.112422533483993448e-01
3.600000000000000089e+00 5.130487370313281392e-01
3.609999999999999876e+00 5.143513309767464570e-01
3.620000000000000107e+00 5.145985174431254583e-01
3.629999999999999893e+00 5.127975783651490538e-01
3.640000000000000124e+00 5.075430698617857672e-01
3.649999999999999911e+00 4.974715613555964477e-01
3.660000000000000142e+00 4.820546910902990811e-01
3.669999999999999929e+00 4.621105563694772322e-01
3.680000000000000160e+00 4.393658156475969689e-01
3.689999999999999947e+00 4.152464669993463642e-01
3.700000000000000178e+00 3.900262847301763647e-01
3.709999999999999964e+00 3.632687167924479876e-01
3.720000000000000195e+00 3.351821019127251833e-01
3.729999999999999982e+00 3.074976603553925547e-01
3.740000000000000213e+00 2.828753104726399736e-01
3.750000000000000000e+00 2.632144718725326071e-01
3.759999999999999787e+00 2.482426877757642758e-01
3.770000000000000018e+00 2.355207233719347482e-01
3.779999999999999805e+00 2.218978043961804814e-01
3.790000000000000036e+00 2.054405379287490563e-01
3.799999999999999822e+00 1.865616777462052456e-01
3.810000000000000053e+00 1.676071934324651069e-01
3.819999999999999840e+00 1.512610216830885812e-01
3.830000000000000071e+00 1.389935784851461797e-01
3.839999999999999858e+00 1.305746253092532061e-01
3.850000000000000089e+00 1.246237219148906006e-01
3.859999999999999876e+00 1.194294958310498367e-01
3.870000000000000107e+00 1.134509482967236971e-01
3.879999999999999893e+00 1.055243194549758678e-01
3.890000000000000124e+00 9.508359708927729970e-02
3.899999999999999911e+00 8.246881642726604233e-02
3.910000000000000142e+00 6.901559462390433053e-02
3.919999999999999929e+00 5.659981475005930462e-02
3.930000000000000160e+00 4.677324785059414070e-02
3.939999999999999947e+00 4.007777117509046805e-02
3.950000000000000178e+00 3.600768537857071405e-02
3.959999999999999964e+00 3.352420677780309360e-02
3.970000000000000195e+00 3.165163106716285119e-02
3.979999999999999982e+00 2.980434055560735040e-02
3.990000000000000213e+00 2.781630390250785373e-02
4.000000000000000000e+00 2.581030890936355723e-02
4.009999999999999787e+00 2.402274758465899884e-02
4.019999999999999574e+00 2.264691528494365211e-02
4.030000000000000249e+00 2.174213022881711643e-02
4.040000000000000036e+00 2.123314821669336147e-02
4.049999999999999822e+00 2.097382595135811184e-02
4.059999999999999609e+00 2.081843702858155939e-02
4.070000000000000284e+00 2.066368458145406706e-02
4.080000000000000071e+00 2.046049243663397924e-02
4.089999999999999858e+00 2.020705157486602996e-02
4.099999999999999645e+00 1.992875414164309647e-02
4.110000000000000320e+00 1.965176796852728322e-02
4.120000000000000107e+00 1.938548430587705429e-02
4.129999999999999893e+00 1.912533290790437851e-02
4.139999999999999680e+00 1.886866963158899402e-02
4.150000000000000355e+00 1.862434375633763642e-02
4.160000000000000142e+00 1.840623747693257567e-02
4.169999999999999929e+00 1.821989196975730071e-02
4.179999999999999716e+00 1.805728344769206087e-02
4.190000000000000391e+00 1.790417945131235478e-02
4.200000000000000178e+00 1.775181374045339822e-02
4.209999999999999964e+00 1.760239606147203859e-02
4.219999999999999751e+00 1.746540646980641875e-02
4.230000000000000426e+00 1.734973315782084233e-02
4.240000000000000213e+00 1.725848371231569409e-02
4.250000000000000000e+00 1.718905580410134276e-02
4.259999999999999787e+00 1.713627530106546365e-02
4.269999999999999574e+00 1.709527576943242061e-02
4.280000000000000249e+00 1.706263607008334099e-02
4.290000000000000036e+00 1.703612413213211399e-02
4.299999999999999822e+00 1.701391673158778386e-02
4.309999999999999609e+00 1.699404610252330805e-02
4.320000000000000284e+00 1.697454714721480240e-02
4.330000000000000071e+00 1.695420215924460516e-02
4.339999999999999858e+00 1.693319386665037216e-02
4.349999999999999645e+00 1.691300263128570416e-02
4.360000000000000320e+00 1.689552707726970499e-02
4.370000000000000107e+00 1.688204111711904404e-02
4.379999999999999893e+00 1.687268049982449530e-02
4.389999999999999680e+00 1.686666903066790651e-02
4.400000000000000355e+00 1.686292382479297192e-02
4.410000000000000142e+00 1.686052892199432773e-02
4.419999999999999929e+00 1.685886439024613173e-02
4.429999999999999716e+00 1.685751629023140435e-02
4.440000000000000391e+00 1.685617333338571000e-02
4.450000000000000178e+00 1.685460583812605287e-02
4.459999999999999964e+00 1.685270640481562748e-02
4.469999999999999751e+00 1.685052294662007719e-02
4.480000000000000426e+00 1.684823049894791647e-02
4.490000000000000213e+00 1.684604849046991704e-02
4.500000000000000000e+00 1.684415820697390820e-02
4.509999999999999787e+00 1.684266051396717326e-02
4.519999999999999574e+00 1.684156828670178851e-02
4.530000000000000249e+00 1.684081570141714862e-02
4.540000000000000036e+00 1.684028438979237596e-02
4.549999999999999822e+00 1.683984880661960545e-02
4.559999999999999609e+00 1.683942438972797773e-02
4.570000000000000284e+00 1.683899193861664728e-02
4.580000000000000071e+00 1.683858470703118379e-02
4.589999999999999858e+00 1.683825004626232635e-02
4.599999999999999645e+00 1.683801399633723037e-02
4.610000000000000320e+00 1.683787033952409071e-02
4.620000000000000107e+00 1.683779270088285943e-02
4.629999999999999893e+00 1.683775266522803682e-02
4.639999999999999680e+00 1.683773019851354802e-02
4.650000000000000355e+00 1.683771466175779802e-02
4.660000000000000142e+00 1.683770151257158593e-02
4.669999999999999929e+00 1.683768907716986715e-02
4.679999999999999716e+00 1.683767672228351359e-02
4.690000000000000391e+00 1.683766402961429931e-02
4.700000000000000178e+00 1.683765036327957917e-02
4.709999999999999964e+00 1.683763459923472150e-02
4.719999999999999751e+00 1.683761518899300549e-02
4.730000000000000426e+00 1.683759084348765422e-02
4.740000000000000213e+00 1.683756169589500917e-02
4.750000000000000000e+00 1.683753007764852982e-02
4.759999999999999787e+00 1.683749994170092440e-02
4.769999999999999574e+00 1.683747502983530889e-02
4.780000000000000249e+00 1.683745713150308285e-02
4.790000000000000036e+00 1.683744571579724736e-02
4.799999999999999822e+00 1.683743890059534107e-02
4.809999999999999609e+00 1.683743471039592793e-02
4.820000000000000284e+00 1.683743176936931471e-02
4.830000000000000071e+00 1.683742935203758756e-02
4.839999999999999858e+00 1.683742714942116497e-02
4.849999999999999645e+00 1.683742504711296939e-02
4.860000000000000320e+00 1.683742300053581858e-02
4.870000000000000107e+00 1.683742097583365224e-02
4.879999999999999893e+00 1.683741891330413701e-02
4.889999999999999680e+00 1.683741670166048754e-02
4.900000000000000355e+00 1.683741418570060960e-02
4.910000000000000142e+00 1.683741123751177071e-02
4.919999999999999929e+00 1.683740787552237897e-02
4.929999999999999716e+00 1.683740434154397045e-02
4.940000000000000391e+00 1.683740103776493191e-02
4.950000000000000178e+00 1.683739833661860794e-02
4.959999999999999964e+00 1.683739640407885471e-02
4.969999999999999751e+00 1.683739516711038608e-02
4.980000000000000426e+00 1.683739441837988834e-02
4.990000000000000213e+00 1.683739394785873159e-02
5.000000000000000000e+00 1.683739361325202813e-02
5.009999999999999787e+00 1.683739334261679169e-02
5.019999999999999574e+00 1.683739310754802862e-02
5.030000000000000249e+00 1.683739289849462209e-02
5.040000000000000036e+00 1.683739271154992279e-02
5.049999999999999822e+00 1.683739254372394745e-02
5.059999999999999609e+00 1.683739239200720758e-02
5.070000000000000284e+00 1.683739225349610222e-02
5.080000000000000071e+00 1.683739212556832621e-02
5.089999999999999858e+00 1.683739200592800078e-02
5.099999999999999645e+00 1.683739189260831381e-02
5.110000000000000320e+00 1.683739178401919695e-02
5.120000000000000107e+00 1.683739167903751041e-02
5.129999999999999893e+00 1.683739157707011061e-02
5.139999999999999680e+00 1.683739147802491842e-02
5.150000000000000355e+00 1.683739138218199108e-02
5.160000000000000142e+00 1.683739129001320459e-02
5.169999999999999929e+00 1.683739120201592152e-02
5.179999999999999716e+00 1.683739111860346402e-02
5.190000000000000391e+00 1.683739104005823814e-02
5.200000000000000178e+00 1.683739096652711945e-02
5.209999999999999964e+00 1.683739089803218750e-02
5.219999999999999751e+00 1.683739083447937865e-02
5.230000000000000426e+00 1.683739077566251408e-02
5.240000000000000213e+00 1.683739072127165420e-02
5.250000000000000000e+00 1.683739067091542460e-02
5.259999999999999787e+00 1.683739062415946092e-02
5.269999999999999574e+00 1.683739058057294805e-02
5.280000000000000249e+00 1.683739053977009043e-02
5.290000000000000036e+00 1.683739050143562635e-02
5.299999999999999822e+00 1.683739046532982397e-02
5.309999999999999609e+00 1.683739043127498516e-02
5.320000000000000284e+00 1.683739039913008731e-02
5.330000000000000071e+00 1.683739036876207018e-02
5.339999999999999858e+00 1.683739034002199736e-02
5.349999999999999645e+00 1.683739031273170927e-02
5.360000000000000320e+00 1.683739028668331666e-02
5.370000000000000107e+00 1.683739026164864788e-02
5.379999999999999893e+00 1.683739023738618085e-02
5.389999999999999680e+00 1.683739021361571261e-02
5.400000000000000355e+00 1.683739018991351963e-02
5.410000000000000142e+00 1.683739016550380233e-02
5.419999999999999929e+00 1.683739013905258264e-02
5.429999999999999716e+00 1.683739010878523151e-02
5.440000000000000391e+00 1.683739007327695811e-02
5.450000000000000178e+00 1.683739003275604509e-02
5.459999999999999964e+00 1.683738998994300379e-02
5.469999999999999751e+00 1.683738994935085956e-02
5.480000000000000426e+00 1.683738991518360373e-02
5.490000000000000213e+00 1.683738988937416928e-02
5.500000000000000000e+00 1.683738987120374578e-02
5.509999999999999787e+00 1.683738985843727040e-02
5.519999999999999574e+00 1.683738984876964953e-02
5.530000000000000249e+00 1.683738984061363547e-02
5.540000000000000036e+00 1.683738983314867627e-02
5.549999999999999822e+00 1.683738982604368953e-02
5.559999999999999609e+00 1.683738981919461614e-02
5.570000000000000284e+00 1.683738981257659750e-02
5.580000000000000071e+00 1.683738980617426398e-02
5.589999999999999858e+00 1.683738979992642146e-02
5.599999999999999645e+00 1.683738979363072139e-02
5.610000000000000320e+00 1.683738978678486417e-02
5.620000000000000107e+00 1.683738977843550130e-02
5.629999999999999893e+00 1.683738976725638811e-02
5.639999999999999680e+00 1.683738975210216648e-02
5.650000000000000355e+00 1.683738973293696928e-02
5.660000000000000142e+00 1.683738971146750418e-02
5.669999999999999929e+00 1.683738969072123143e-02
5.679999999999999716e+00 1.683738967362970185e-02
5.690000000000000391e+00 1.683738966165686593e-02
5.700000000000000178e+00 1.683738965447903121e-02
5.709999999999999964e+00 1.683738965070913016e-02
5.719999999999999751e+00 1.683738964886355438e-02
5.730000000000000426e+00 1.683738964790561926e-02
5.740000000000000213e+00 1.683738964729437557e-02
5.750000000000000000e+00 1.683738964680854544e-02
5.759999999999999787e+00 1.683738964637519764e-02
5.769999999999999574e+00 1.683738964597420937e-02
5.780000000000000249e+00 1.683738964560019952e-02
5.790000000000000036e+00 1.683738964525091988e-02
5.799999999999999822e+00 1.683738964492451431e-02
5.809999999999999609e+00 1.683738964461903298e-02
5.820000000000000284e+00 1.683738964433243585e-02
5.830000000000000071e+00 1.683738964406270022e-02
5.839999999999999858e+00 1.683738964380791445e-02
5.849999999999999645e+00 1.683738964356639931e-02
5.860000000000000320e+00 1.683738964333673579e-02
5.870000000000000107e+00 1.683738964311783104e-02
5.879999999999999893e+00 1.683738964290887319e-02
5.889999999999999680e+00 1.683738964270926897e-02
5.900000000000000355e+00 1.683738964251859857e-02
5.910000000000000142e+00 1.683738964233651506e-02
5.919999999999999929e+00 1.683738964216268189e-02
5.929999999999999716e+00 1.683738964199662375e-02
5.940000000000000391e+00 1.683738964183730674e-02
5.950000000000000178e+00 1.683738964168205246e-02
5.959999999999999964e+00 1.683738964152435569e-02
5.969999999999999751e+00 1.683738964135086599e-02
5.980000000000000426e+00 1.683738964113975362e-02
5.990000000000000213e+00 1.683738964086408871e-02
6.000000000000000000e+00 1.683738964050237805e-02
6.200000000000000178e+00 1.683738964005265099e-02
6.400000000000000355e+00 1.683738963954068552e-02
6.599999999999999645e+00 1.683738963901465491e-02
6.799999999999999822e+00 1.683738963852790538e-02
7.000000000000000000e+00 0.000000000000000000e+00
