0.000000000000000000e+00 0.000000000000000000e+00
1.000000000000000021e-02 1.683738335740324679e-02
2.000000000000000042e-02 1.683738335740324679e-02
2.999999999999999889e-02 1.683738335740324679e-02
4.000000000000000083e-02 1.683738335740324679e-02
5.000000000000000278e-02 1.683738335740324679e-02
5.999999999999999778e-02 1.683738335740324679e-02
7.000000000000000666e-02 1.683738335740324679e-02
8.000000000000000167e-02 1.683738335740324679e-02
8.999999999999999667e-02 1.683738335740324679e-02
1.000000000000000056e-01 1.683738335740324679e-02
1.100000000000000006e-01 1.683738335740324679e-02
1.199999999999999956e-01 1.683738335740324679e-02
1.300000000000000044e-01 1.683738335740324679e-02
1.400000000000000133e-01 1.683738335740324679e-02
1.499999999999999944e-01 1.683738335740324679e-02
1.600000000000000033e-01 1.683738335740324679e-02
1.700000000000000122e-01 1.683738335740324679e-02
1.799999999999999933e-01 1.683738335740324679e-02
1.900000000000000022e-01 1.683738335740324679e-02
2.000000000000000111e-01 1.683738335740324679e-02
2.099999999999999922e-01 1.683738335740324679e-02
2.200000000000000011e-01 1.683738335740324679e-02
2.300000000000000100e-01 1.683738335740324679e-02
2.399999999999999911e-01 1.683738335740324679e-02
2.500000000000000000e-01 1.683738335740324679e-02
2.600000000000000089e-01 1.683738335740324679e-02
2.700000000000000178e-01 1.683738335740324679e-02
2.800000000000000266e-01 1.683738335740324679e-02
2.899999999999999800e-01 1.683738335740324679e-02
2.999999999999999889e-01 1.683738335740324679e-02
3.099999999999999978e-01 1.683738335740324679e-02
3.200000000000000067e-01 1.683738335740324679e-02
3.300000000000000155e-01 1.683738335740324679e-02
3.400000000000000244e-01 1.683738335740324679e-02
3.499999999999999778e-01 1.683738335740324679e-02
3.599999999999999867e-01 1.683738335740324679e-02
3.699999999999999956e-01 1.683738335740324679e-02
3.800000000000000044e-01 1.683738335740324679e-02
3.900000000000000133e-01 1.683738335740324679e-02
4.000000000000000222e-01 1.683738335740324679e-02
4.099999999999999756e-01 1.683738335740324679e-02
4.199999999999999845e-01 1.683738335740324679e-02
4.299999999999999933e-01 1.683738335740324679e-02
4.400000000000000022e-01 1.683738335740324679e-02
4.500000000000000111e-01 1.683738335740324679e-02
4.600000000000000200e-01 1.683738335740324679e-02
4.699999999999999734e-01 1.683738335740324679e-02
4.799999999999999822e-01 1.683738335740324679e-02
4.899999999999999911e-01 1.683738335740324679e-02
5.000000000000000000e-01 1.683738335740324679e-02
5.100000000000000089e-01 1.683738335740324679e-02
5.200000000000000178e-01 1.683738335740324679e-02
5.300000000000000266e-01 1.683738335740324679e-02
5.400000000000000355e-01 1.683738335740324679e-02
5.500000000000000444e-01 1.683738335740324679e-02
5.600000000000000533e-01 1.683738335740324679e-02
5.699999999999999512e-01 1.683738335740324679e-02
5.799999999999999600e-01 1.683738335740324679e-02
5.899999999999999689e-01 1.683738335740324679e-02
5.999999999999999778e-01 1.683738335740324679e-02
6.099999999999999867e-01 1.683738335740324679e-02
6.199999999999999956e-01 1.683738335740324679e-02
6.300000000000000044e-01 1.683738335740324679e-02
6.400000000000000133e-01 1.683738335740324679e-02
6.500000000000000222e-01 1.683738335740324679e-02
6.600000000000000311e-01 1.683738335740324679e-02
6.700000000000000400e-01 1.683738335740324679e-02
6.800000000000000488e-01 1.683738335740324679e-02
6.899999999999999467e-01 1.683738335740324679e-02
6.999999999999999556e-01 1.683738335740324679e-02
7.099999999999999645e-01 1.683738335740324679e-02
7.199999999999999734e-01 1.683738335740324679e-02
7.299999999999999822e-01 1.683738335740324679e-02
7.399999999999999911e-01 1.683738335740324679e-02
7.500000000000000000e-01 1.683738335740324679e-02
7.600000000000000089e-01 1.683738335740324679e-02
7.700000000000000178e-01 1.683738335740324679e-02
7.800000000000000266e-01 1.683738335740324679e-02
7.900000000000000355e-01 1.683738335740324679e-02
8.000000000000000444e-01 1.683738335740324679e-02
8.100000000000000533e-01 1.683738335740324679e-02
8.199999999999999512e-01 1.683738335740324679e-02
8.299999999999999600e-01 1.683738335740324679e-02
8.399999999999999689e-01 1.683738335740324679e-02
8.499999999999999778e-01 1.683738335740324679e-02
8.599999999999999867e-01 1.683738335740324679e-02
8.699999999999999956e-01 1.683738335740324679e-02
8.800000000000000044e-01 1.683738335740324679e-02
8.900000000000000133e-01 1.683738335740324679e-02
9.000000000000000222e-01 1.683738335740324679e-02
9.100000000000000311e-01 1.683738335740324679e-02
9.200000000000000400e-01 1.683738335740324679e-02
9.300000000000000488e-01 1.683738335740324679e-02
9.399999999999999467e-01 1.683738335740324679e-02
9.499999999999999556e-01 1.683738335740324679e-02
9.599999999999999645e-01 1.683738335740324679e-02
9.699999999999999734e-01 1.683738335740324679e-02
9.799999999999999822e-01 1.683738335740324679e-02
9.899999999999999911e-01 1.683738335740324679e-02
1.000000000000000000e+00 1.683738335740324679e-02
1.010000000000000009e+00 1.683738335740324679e-02
1.020000000000000018e+00 1.683738335740324679e-02
1.030000000000000027e+00 1.683738335740324679e-02
1.040000000000000036e+00 1.683738335740325720e-02
1.050000000000000044e+00 1.683738335740357639e-02
1.060000000000000053e+00 1.683738335741312778e-02
1.070000000000000062e+00 1.683738335765210675e-02
1.080000000000000071e+00 1.683738336265878585e-02
1.090000000000000080e+00 1.683738345050725393e-02
1.100000000000000089e+00 1.683738474161873902e-02
1.110000000000000098e+00 1.683740063852703917e-02
1.120000000000000107e+00 1.683756464978308082e-02
1.129999999999999893e+00 1.683898292236045424e-02
1.139999999999999902e+00 1.684926560947298813e-02
1.149999999999999911e+00 1.691179392756026606e-02
1.159999999999999920e+00 1.723084856928400882e-02
1.169999999999999929e+00 1.859766313105109398e-02
1.179999999999999938e+00 2.351703527488260836e-02
1.189999999999999947e+00 3.840579672423321406e-02
1.199999999999999956e+00 7.634615677686391877e-02
1.209999999999999964e+00 1.578986296399646772e-01
1.219999999999999973e+00 3.061816688942507469e-01
1.229999999999999982e+00 5.352662122975849757e-01
1.239999999999999991e+00 8.380834835322186205e-01
1.250000000000000000e+00 1.184158150015079958e+00
1.260000000000000009e+00 1.530800099472509723e+00
1.270000000000000018e+00 1.838968412319490264e+00
1.280000000000000027e+00 2.081725178462414672e+00
1.290000000000000036e+00 2.243200206801426511e+00
1.300000000000000044e+00 2.315909752831390556e+00
1.310000000000000053e+00 2.302291348689489592e+00
1.320000000000000062e+00 2.217444834577019908e+00
1.330000000000000071e+00 2.086614671339269922e+00
1.340000000000000080e+00 1.936287515175234564e+00
1.350000000000000089e+00 1.784783174263850913e+00
1.360000000000000098e+00 1.639180349045921359e+00
1.370000000000000107e+00 1.499913777218098820e+00
1.379999999999999893e+00 1.368259697164029509e+00
1.389999999999999902e+00 1.250497000573814743e+00
1.399999999999999911e+00 1.155987972210670733e+00
1.409999999999999920e+00 1.091300277580228517e+00
1.419999999999999929e+00 1.055263097912334080e+00
1.429999999999999938e+00 1.038870899317083429e+00
1.439999999999999947e+00 1.030135998992674606e+00
1.449999999999999956e+00 1.020392997559854686e+00
1.459999999999999964e+00 1.007949412987824811e+00
1.469999999999999973e+00 9.973936879488231044e-01
1.479999999999999982e+00 9.959885918644472147e-01
1.489999999999999991e+00 1.010126476938018714e+00
1.500000000000000000e+00 1.044070581874846360e+00
1.510000000000000009e+00 1.100894847071198557e+00
1.520000000000000018e+00 1.183476722810849813e+00
1.530000000000000027e+00 1.293504339014689863e+00
1.540000000000000036e+00 1.428786033322346549e+00
1.550000000000000044e+00 1.581282491654309341e+00
1.560000000000000053e+00 1.737930985412777796e+00
1.570000000000000062e+00 1.884053918543892037e+00
1.580000000000000071e+00 2.007344444985792009e+00
1.590000000000000080e+00 2.100417739566512676e+00
1.600000000000000089e+00 2.161143183886379493e+00
1.610000000000000098e+00 2.191279024620666149e+00
1.620000000000000107e+00 2.194537704193953331e+00
1.629999999999999893e+00 2.174931216067039319e+00
1.639999999999999902e+00 2.135594208808881067e+00
1.649999999999999911e+00 2.078068364436513882e+00
1.659999999999999920e+00 2.002402885830798507e+00
1.669999999999999929e+00 1.908579828795234024e+00
1.679999999999999938e+00 1.798973985600813119e+00
1.689999999999999947e+00 1.680258002136549633e+00
1.699999999999999956e+00 1.562785212563258863e+00
1.709999999999999964e+00 1.456956281305837653e+00
1.719999999999999973e+00 1.368542488444220995e+00
1.729999999999999982e+00 1.296133449741370569e+00
1.739999999999999991e+00 1.232401203369278386e+00
1.750000000000000000e+00 1.168021737295971807e+00
1.760000000000000009e+00 1.095570854820097084e+00
1.770000000000000018e+00 1.011540419060649842e+00
1.780000000000000027e+00 9.163727104293216685e-01
1.790000000000000036e+00 8.133774460184994837e-01
1.800000000000000044e+00 7.073380403694440322e-01
1.810000000000000053e+00 6.032343045257766434e-01
1.820000000000000062e+00 5.052822746297437329e-01
1.830000000000000071e+00 4.164086534595941580e-01
1.840000000000000080e+00 3.381911975577201468e-01
1.850000000000000089e+00 2.711557388344970621e-01
1.860000000000000098e+00 2.151889086208974011e-01
1.870000000000000107e+00 1.698137370904181098e-01
1.879999999999999893e+00 1.342274978815542197e-01
1.889999999999999902e+00 1.072176908316831850e-01
1.899999999999999911e+00 8.717176756482224176e-02
1.909999999999999920e+00 7.229196135948283419e-02
1.919999999999999929e+00 6.092810664973778711e-02
1.929999999999999938e+00 5.184198321497347772e-02
1.939999999999999947e+00 4.428485529046868874e-02
1.949999999999999956e+00 3.790460239950447369e-02
1.959999999999999964e+00 3.257751568435406087e-02
1.969999999999999973e+00 2.825567338951028712e-02
1.979999999999999982e+00 2.487598875482864916e-02
1.989999999999999991e+00 2.233253946562121367e-02
2.000000000000000000e+00 2.048808258329072249e-02
2.009999999999999787e+00 1.919713714188636330e-02
2.020000000000000018e+00 1.832414569140097121e-02
2.029999999999999805e+00 1.775302290862800642e-02
2.040000000000000036e+00 1.739057375364889621e-02
2.049999999999999822e+00 1.716639717426576839e-02
2.060000000000000053e+00 1.703048557006392461e-02
2.069999999999999840e+00 1.694931078496526855e-02
2.080000000000000071e+00 1.690142078868362221e-02
2.089999999999999858e+00 1.687351378652870645e-02
2.100000000000000089e+00 1.685748194790664609e-02
2.109999999999999876e+00 1.684842737606224300e-02
2.120000000000000107e+00 1.684341317810630900e-02
2.129999999999999893e+00 1.684069521266367414e-02
2.140000000000000124e+00 1.683925113461117590e-02
2.149999999999999911e+00 1.683849256353571119e-02
2.160000000000000142e+00 1.683808998951192432e-02
2.169999999999999929e+00 1.683786604753077440e-02
2.180000000000000160e+00 1.683773006868410221e-02
2.189999999999999947e+00 1.683763830523480470e-02
2.200000000000000178e+00 1.683757076164585365e-02
2.209999999999999964e+00 1.683751868177794930e-02
2.220000000000000195e+00 1.683747831411509799e-02
2.229999999999999982e+00 1.683744788449240137e-02
2.240000000000000213e+00 1.683742607439013897e-02
2.250000000000000000e+00 1.683741135732426050e-02
2.259999999999999787e+00 1.683740195469021761e-02
2.270000000000000018e+00 1.683739612982974518e-02
2.279999999999999805e+00 1.683739249049806541e-02
2.290000000000000036e+00 1.683739010702683947e-02
2.299999999999999822e+00 1.683738845031447495e-02
2.310000000000000053e+00 1.683738725223205696e-02
2.319999999999999840e+00 1.683738637745616981e-02
2.330000000000000071e+00 1.683738574297376916e-02
2.339999999999999858e+00 1.683738528296554321e-02
2.350000000000000089e+00 1.683738494164144922e-02
2.359999999999999876e+00 1.683738467631160432e-02
2.370000000000000107e+00 1.683738445959416519e-02
2.379999999999999893e+00 1.683738427735809867e-02
2.390000000000000124e+00 1.683738412380918550e-02
2.399999999999999911e+00 1.683738399637442831e-02
2.410000000000000142e+00 1.683738389228599253e-02
2.419999999999999929e+00 1.683738380746464119e-02
2.430000000000000160e+00 1.683738373716600623e-02
2.439999999999999947e+00 1.683738367728368837e-02
2.450000000000000178e+00 1.683738362531622679e-02
2.459999999999999964e+00 1.683738358052943793e-02
2.470000000000000195e+00 1.683738354338677051e-02
2.479999999999999982e+00 1.683738351463782285e-02
2.490000000000000213e+00 1.683738349449941107e-02
2.500000000000000000e+00 1.683738348221198999e-02
2.509999999999999787e+00 1.683738347604009020e-02
2.520000000000000018e+00 1.683738347361955073e-02
2.529999999999999805e+00 1.683738347247440079e-02
2.540000000000000036e+00 1.683738347051784781e-02
2.549999999999999822e+00 1.683738346639292865e-02
2.560000000000000053e+00 1.683738345958555108e-02
2.569999999999999840e+00 1.683738345032878211e-02
2.580000000000000071e+00 1.683738343937310131e-02
2.589999999999999858e+00 1.683738342770702348e-02
2.600000000000000089e+00 1.683738341629533938e-02
2.609999999999999876e+00 1.683738340588502441e-02
2.620000000000000107e+00 1.683738339690976291e-02
2.629999999999999893e+00 1.683738338949499619e-02
2.640000000000000124e+00 1.683738338353386876e-02
2.649999999999999911e+00 1.683738337879041660e-02
2.660000000000000142e+00 1.683738337499406795e-02
2.669999999999999929e+00 1.683738337190609363e-02
2.680000000000000160e+00 1.683738336935320171e-02
2.689999999999999947e+00 1.683738336723318227e-02
2.700000000000000178e+00 1.683738336550209130e-02
2.709999999999999964e+00 1.683738336415149806e-02
2.720000000000000195e+00 1.683738336318058373e-02
2.729999999999999982e+00 1.683738336256843104e-02
2.740000000000000213e+00 1.683738336225684001e-02
2.750000000000000000e+00 1.683738336215434908e-02
2.759999999999999787e+00 1.683738336216071899e-02
2.770000000000000018e+00 1.683738336219679083e-02
2.779999999999999805e+00 1.683738336222160084e-02
2.790000000000000036e+00 1.683738336222995874e-02
2.799999999999999822e+00 1.683738336223733478e-02
2.810000000000000053e+00 1.683738336226391769e-02
2.819999999999999840e+00 1.683738336232547261e-02
2.830000000000000071e+00 1.683738336243182851e-02
2.839999999999999858e+00 1.683738336258980978e-02
2.850000000000000089e+00 1.683738336280712553e-02
2.859999999999999876e+00 1.683738336309565167e-02
2.870000000000000107e+00 1.683738336347440773e-02
2.879999999999999893e+00 1.683738336397282154e-02
2.890000000000000124e+00 1.683738336463387955e-02
2.899999999999999911e+00 1.683738336551478601e-02
2.910000000000000142e+00 1.683738336668215430e-02
2.919999999999999929e+00 1.683738336820003040e-02
2.930000000000000160e+00 1.683738337011225078e-02
2.939999999999999947e+00 1.683738337242378716e-02
2.950000000000000178e+00 1.683738337508672647e-02
2.959999999999999964e+00 1.683738337799468854e-02
2.970000000000000195e+00 1.683738338098629550e-02
2.979999999999999982e+00 1.683738338385633998e-02
2.990000000000000213e+00 1.683738338637334048e-02
3.000000000000000000e+00 1.683738338830264095e-02
3.009999999999999787e+00 1.683738338943367371e-02
3.020000000000000018e+00 1.683738338960971345e-02
3.029999999999999805e+00 1.683738338875776300e-02
3.040000000000000036e+00 1.683738338691368949e-02
3.049999999999999822e+00 1.683738338423309069e-02
3.060000000000000053e+00 1.683738338097632778e-02
3.069999999999999840e+00 1.683738337746313804e-02
3.080000000000000071e+00 1.683738337400762786e-02
3.089999999999999858e+00 1.683738337085708206e-02
3.100000000000000089e+00 1.683738336815722436e-02
3.109999999999999876e+00 1.683738336595207163e-02
3.120000000000000107e+00 1.683738336420960782e-02
3.129999999999999893e+00 1.683738336285683576e-02
3.140000000000000124e+00 1.683738336181009321e-02
3.149999999999999911e+00 1.683738336099416255e-02
3.160000000000000142e+00 1.683738336035016728e-02
3.169999999999999929e+00 1.683738335983571074e-02
3.180000000000000160e+00 1.683738335942120551e-02
3.189999999999999947e+00 1.683738335908558162e-02
3.200000000000000178e+00 1.683738335881300799e-02
3.209999999999999964e+00 1.683738335859108134e-02
3.220000000000000195e+00 1.683738335840992764e-02
3.229999999999999982e+00 1.683738335826167470e-02
3.240000000000000213e+00 1.683738335813997344e-02
3.250000000000000000e+00 1.683738335803961275e-02
3.259999999999999787e+00 1.683738335795626276e-02
3.270000000000000018e+00 1.683738335788642973e-02
3.279999999999999805e+00 1.683738335782752199e-02
3.290000000000000036e+00 1.683738335777796788e-02
3.299999999999999822e+00 1.683738335773746556e-02
3.310000000000000053e+00 1.683738335770717381e-02
3.319999999999999840e+00 1.683738335768955943e-02
3.330000000000000071e+00 1.683738335768759573e-02
3.339999999999999858e+00 1.683738335770336436e-02
3.350000000000000089e+00 1.683738335773695555e-02
3.359999999999999876e+00 1.683738335778638476e-02
3.370000000000000107e+00 1.683738335784867521e-02
3.379999999999999893e+00 1.683738335792133584e-02
3.390000000000000124e+00 1.683738335800341601e-02
3.399999999999999911e+00 1.683738335809582126e-02
3.410000000000000142e+00 1.683738335820115714e-02
3.419999999999999929e+00 1.683738335832338229e-02
3.430000000000000160e+00 1.683738335846738168e-02
3.439999999999999947e+00 1.683738335863844277e-02
3.450000000000000178e+00 1.683738335884143664e-02
3.459999999999999964e+00 1.683738335907947192e-02
3.470000000000000195e+00 1.683738335935198657e-02
3.479999999999999982e+00 1.683738335965269048e-02
3.490000000000000213e+00 1.683738335996864954e-02
3.500000000000000000e+00 1.683738336028144794e-02
3.509999999999999787e+00 1.683738336057060206e-02
3.520000000000000018e+00 1.683738336081806383e-02
3.529999999999999805e+00 1.683738336101208224e-02
3.540000000000000036e+00 1.683738336114873682e-02
3.549999999999999822e+00 1.683738336123052209e-02
3.560000000000000053e+00 1.683738336126236815e-02
3.569999999999999840e+00 1.683738336124688401e-02
3.580000000000000071e+00 1.683738336118112064e-02
3.589999999999999858e+00 1.683738336105690750e-02
3.600000000000000089e+00 1.683738336086522056e-02
3.609999999999999876e+00 1.683738336060256260e-02
3.620000000000000107e+00 1.683738336027605642e-02
3.629999999999999893e+00 1.683738335990449947e-02
3.640000000000000124e+00 1.683738335951491180e-02
3.649999999999999911e+00 1.683738335913618003e-02
3.660000000000000142e+00 1.683738335879263887e-02
3.669999999999999929e+00 1.683738335849981060e-02
3.680000000000000160e+00 1.683738335826334698e-02
3.689999999999999947e+00 1.683738335808073958e-02
3.700000000000000178e+00 1.683738335794450827e-02
3.709999999999999964e+00 1.683738335784537576e-02
3.720000000000000195e+00 1.683738335777441170e-02
3.729999999999999982e+00 1.683738335772400063e-02
3.740000000000000213e+00 1.683738335768798430e-02
3.750000000000000000e+00 1.683738335766151589e-02
3.759999999999999787e+00 1.683738335764091779e-02
3.770000000000000018e+00 1.683738335762351504e-02
3.779999999999999805e+00 1.683738335760743415e-02
3.790000000000000036e+00 1.683738335759141919e-02
3.799999999999999822e+00 1.683738335757472074e-02
3.810000000000000053e+00 1.683738335755709942e-02
3.819999999999999840e+00 1.683738335753883625e-02
3.830000000000000071e+00 1.683738335752065982e-02
3.839999999999999858e+00 1.683738335750359708e-02
3.850000000000000089e+00 1.683738335748882070e-02
3.859999999999999876e+00 1.683738335747755194e-02
3.870000000000000107e+00 1.683738335747096693e-02
3.879999999999999893e+00 1.683738335746998160e-02
3.890000000000000124e+00 1.683738335747494985e-02
3.899999999999999911e+00 1.683738335748540330e-02
3.910000000000000142e+00 1.683738335750003742e-02
3.919999999999999929e+00 1.683738335751693710e-02
3.930000000000000160e+00 1.683738335753395127e-02
3.939999999999999947e+00 1.683738335754903989e-02
3.950000000000000178e+00 1.683738335756057233e-02
3.959999999999999964e+00 1.683738335756752511e-02
3.970000000000000195e+00 1.683738335756955473e-02
3.979999999999999982e+00 1.683738335756696999e-02
3.990000000000000213e+00 1.683738335756054111e-02
4.000000000000000000e+00 1.683738335755129156e-02
4.009999999999999787e+00 1.683738335754026566e-02
4.019999999999999574e+00 1.683738335752835852e-02
4.030000000000000249e+00 1.683738335751623280e-02
4.040000000000000036e+00 1.683738335750432566e-02
4.049999999999999822e+00 1.683738335749290771e-02
4.059999999999999609e+00 1.683738335748219406e-02
4.070000000000000284e+00 1.683738335747233042e-02
4.080000000000000071e+00 1.683738335746340006e-02
4.089999999999999858e+00 1.683738335745537870e-02
4.099999999999999645e+00 1.683738335744815531e-02
4.110000000000000320e+00 1.683738335744157377e-02
4.120000000000000107e+00 1.683738335743551959e-02
4.129999999999999893e+00 1.683738335742993378e-02
4.139999999999999680e+00 1.683738335742483022e-02
4.150000000000000355e+00 1.683738335742025402e-02
4.160000000000000142e+00 1.683738335741628150e-02
4.169999999999999929e+00 1.683738335741296471e-02
4.179999999999999716e+00 1.683738335741031406e-02
4.190000000000000391e+00 1.683738335740829831e-02
4.200000000000000178e+00 1.683738335740683073e-02
4.209999999999999964e+00 1.683738335740580724e-02
4.219999999999999751e+00 1.683738335740510988e-02
4.230000000000000426e+00 1.683738335740465539e-02
4.240000000000000213e+00 1.683738335740436048e-02
4.250000000000000000e+00 1.683738335740417313e-02
4.259999999999999787e+00 1.683738335740405170e-02
4.269999999999999574e+00 1.683738335740397191e-02
4.280000000000000249e+00 1.683738335740392333e-02
4.290000000000000036e+00 1.683738335740388864e-02
4.299999999999999822e+00 1.683738335740387129e-02
4.309999999999999609e+00 1.683738335740385395e-02
4.320000000000000284e+00 1.683738335740384701e-02
4.330000000000000071e+00 1.683738335740384354e-02
4.339999999999999858e+00 1.683738335740384007e-02
4.349999999999999645e+00 1.683738335740384007e-02
4.360000000000000320e+00 1.683738335740384007e-02
4.370000000000000107e+00 1.683738335740384007e-02
4.379999999999999893e+00 1.683738335740384007e-02
4.389999999999999680e+00 1.683738335740384354e-02
4.400000000000000355e+00 1.683738335740384354e-02
4.410000000000000142e+00 1.683738335740384007e-02
4.419999999999999929e+00 1.683738335740383313e-02
4.429999999999999716e+00 1.683738335740382619e-02
4.440000000000000391e+00 1.683738335740382619e-02
4.450000000000000178e+00 1.683738335740384354e-02
4.459999999999999964e+00 1.683738335740389211e-02
4.469999999999999751e+00 1.683738335740397538e-02
4.480000000000000426e+00 1.683738335740409681e-02
4.490000000000000213e+00 1.683738335740425640e-02
4.500000000000000000e+00 1.683738335740445069e-02
4.509999999999999787e+00 1.683738335740467620e-02
4.519999999999999574e+00 1.683738335740493641e-02
4.530000000000000249e+00 1.683738335740523132e-02
4.540000000000000036e+00 1.683738335740556785e-02
4.549999999999999822e+00 1.683738335740595296e-02
4.559999999999999609e+00 1.683738335740638317e-02
4.570000000000000284e+00 1.683738335740685502e-02
4.580000000000000071e+00 1.683738335740736156e-02
4.589999999999999858e+00 1.683738335740786810e-02
4.599999999999999645e+00 1.683738335740833300e-02
4.610000000000000320e+00 1.683738335740869382e-02
4.620000000000000107e+00 1.683738335740889158e-02
4.629999999999999893e+00 1.683738335740887077e-02
4.639999999999999680e+00 1.683738335740861403e-02
4.650000000000000355e+00 1.683738335740812830e-02
4.660000000000000142e+00 1.683738335740746911e-02
4.669999999999999929e+00 1.683738335740672665e-02
4.679999999999999716e+00 1.683738335740599112e-02
4.690000000000000391e+00 1.683738335740532846e-02
4.700000000000000178e+00 1.683738335740478029e-02
4.709999999999999964e+00 1.683738335740435355e-02
4.719999999999999751e+00 1.683738335740403783e-02
4.730000000000000426e+00 1.683738335740380884e-02
4.740000000000000213e+00 1.683738335740364925e-02
4.750000000000000000e+00 1.683738335740353476e-02
4.759999999999999787e+00 1.683738335740345496e-02
4.769999999999999574e+00 1.683738335740339598e-02
4.780000000000000249e+00 1.683738335740335434e-02
4.790000000000000036e+00 1.683738335740332659e-02
4.799999999999999822e+00 1.683738335740330924e-02
4.809999999999999609e+00 1.683738335740329536e-02
4.820000000000000284e+00 1.683738335740328496e-02
4.830000000000000071e+00 1.683738335740327455e-02
4.839999999999999858e+00 1.683738335740326761e-02
4.849999999999999645e+00 1.683738335740326414e-02
4.860000000000000320e+00 1.683738335740325720e-02
4.870000000000000107e+00 1.683738335740325373e-02
4.879999999999999893e+00 1.683738335740325026e-02
4.889999999999999680e+00 1.683738335740325026e-02
4.900000000000000355e+00 1.683738335740325026e-02
4.910000000000000142e+00 1.683738335740324679e-02
4.919999999999999929e+00 1.683738335740324679e-02
4.929999999999999716e+00 1.683738335740324679e-02
4.940000000000000391e+00 1.683738335740324679e-02
4.950000000000000178e+00 1.683738335740324679e-02
4.959999999999999964e+00 1.683738335740324679e-02
4.969999999999999751e+00 1.683738335740324679e-02
4.980000000000000426e+00 1.683738335740324679e-02
4.990000000000000213e+00 1.683738335740324679e-02
5.000000000000000000e+00 1.683738335740325026e-02
5.009999999999999787e+00 1.683738335740325026e-02
5.019999999999999574e+00 1.683738335740325026e-02
5.030000000000000249e+00 1.683738335740325026e-02
5.040000000000000036e+00 1.683738335740325026e-02
5.049999999999999822e+00 1.683738335740325373e-02
5.059999999999999609e+00 1.683738335740325373e-02
5.070000000000000284e+00 1.683738335740325720e-02
5.080000000000000071e+00 1.683738335740326414e-02
5.089999999999999858e+00 1.683738335740327108e-02
5.099999999999999645e+00 1.683738335740328149e-02
5.110000000000000320e+00 1.683738335740329536e-02
5.120000000000000107e+00 1.683738335740331271e-02
5.129999999999999893e+00 1.683738335740332312e-02
5.139999999999999680e+00 1.683738335740333353e-02
5.150000000000000355e+00 1.683738335740333700e-02
5.160000000000000142e+00 1.683738335740333353e-02
5.169999999999999929e+00 1.683738335740332312e-02
5.179999999999999716e+00 1.683738335740331271e-02
5.190000000000000391e+00 1.683738335740330230e-02
5.200000000000000178e+00 1.683738335740329536e-02
5.209999999999999964e+00 1.683738335740328843e-02
5.219999999999999751e+00 1.683738335740328496e-02
5.230000000000000426e+00 1.683738335740328149e-02
5.240000000000000213e+00 1.683738335740328149e-02
5.250000000000000000e+00 1.683738335740327802e-02
5.259999999999999787e+00 1.683738335740327455e-02
5.269999999999999574e+00 1.683738335740327455e-02
5.280000000000000249e+00 1.683738335740327108e-02
5.290000000000000036e+00 1.683738335740327108e-02
5.299999999999999822e+00 1.683738335740326761e-02
5.309999999999999609e+00 1.683738335740326414e-02
5.320000000000000284e+00 1.683738335740326414e-02
5.330000000000000071e+00 1.683738335740326414e-02
5.339999999999999858e+00 1.683738335740326067e-02
5.349999999999999645e+00 1.683738335740325720e-02
5.360000000000000320e+00 1.683738335740325373e-02
5.370000000000000107e+00 1.683738335740325373e-02
5.379999999999999893e+00 1.683738335740325026e-02
5.389999999999999680e+00 1.683738335740325026e-02
5.400000000000000355e+00 1.683738335740325026e-02
5.410000000000000142e+00 1.683738335740324679e-02
5.419999999999999929e+00 1.683738335740324679e-02
5.429999999999999716e+00 1.683738335740324679e-02
5.440000000000000391e+00 1.683738335740324679e-02
5.450000000000000178e+00 1.683738335740324679e-02
5.459999999999999964e+00 1.683738335740324679e-02
5.469999999999999751e+00 1.683738335740324679e-02
5.480000000000000426e+00 1.683738335740324679e-02
5.490000000000000213e+00 1.683738335740324679e-02
5.500000000000000000e+00 1.683738335740324679e-02
5.509999999999999787e+00 1.683738335740324679e-02
5.519999999999999574e+00 1.683738335740324679e-02
5.530000000000000249e+00 1.683738335740324679e-02
5.540000000000000036e+00 1.683738335740324679e-02
5.549999999999999822e+00 1.683738335740324679e-02
5.559999999999999609e+00 1.683738335740324679e-02
5.570000000000000284e+00 1.683738335740324679e-02
5.580000000000000071e+00 1.683738335740324679e-02
5.589999999999999858e+00 1.683738335740324679e-02
5.599999999999999645e+00 1.683738335740324679e-02
5.610000000000000320e+00 1.683738335740324679e-02
5.620000000000000107e+00 1.683738335740324679e-02
5.629999999999999893e+00 1.683738335740324679e-02
5.639999999999999680e+00 1.683738335740324679e-02
5.650000000000000355e+00 1.683738335740324679e-02
5.660000000000000142e+00 1.683738335740324679e-02
5.669999999999999929e+00 1.683738335740324679e-02
5.679999999999999716e+00 1.683738335740324679e-02
5.690000000000000391e+00 1.683738335740324679e-02
5.700000000000000178e+00 1.683738335740324679e-02
5.709999999999999964e+00 1.683738335740324679e-02
5.719999999999999751e+00 1.683738335740324679e-02
5.730000000000000426e+00 1.683738335740324679e-02
5.740000000000000213e+00 1.683738335740324679e-02
5.750000000000000000e+00 1.683738335740324679e-02
5.759999999999999787e+00 1.683738335740324679e-02
5.769999999999999574e+00 1.683738335740324679e-02
5.780000000000000249e+00 1.683738335740324679e-02
5.790000000000000036e+00 1.683738335740324679e-02
5.799999999999999822e+00 1.683738335740324679e-02
5.809999999999999609e+00 1.683738335740324679e-02
5.820000000000000284e+00 1.683738335740324679e-02
5.830000000000000071e+00 1.683738335740324679e-02
5.839999999999999858e+00 1.683738335740324679e-02
5.849999999999999645e+00 1.683738335740324679e-02
5.860000000000000320e+00 1.683738335740324679e-02
5.870000000000000107e+00 1.683738335740324679e-02
5.879999999999999893e+00 1.683738335740324679e-02
5.889999999999999680e+00 1.683738335740324679e-02
5.900000000000000355e+00 1.683738335740324679e-02
5.910000000000000142e+00 1.683738335740324679e-02
5.919999999999999929e+00 1.683738335740324679e-02
5.929999999999999716e+00 1.683738335740324679e-02
5.940000000000000391e+00 1.683738335740324679e-02
5.950000000000000178e+00 1.683738335740324679e-02
5.959999999999999964e+00 1.683738335740324679e-02
5.969999999999999751e+00 1.683738335740324679e-02
5.980000000000000426e+00 1.683738335740324679e-02
5.990000000000000213e+00 1.683738335740324679e-02
6.000000000000000000e+00 1.683738335740324679e-02
6.200000000000000178e+00 1.683738335740324679e-02
6.400000000000000355e+00 1.683738335740324679e-02
6.599999999999999645e+00 1.683738335740324679e-02
6.799999999999999822e+00 1.683738335740324679e-02
7.000000000000000000e+00 0.000000000000000000e+00
