0.000000000000000000e+00 0.000000000000000000e+00
1.000000000000000021e-02 1.683738337264996041e-02
2.000000000000000042e-02 1.683738339868932898e-02
2.999999999999999889e-02 1.683738345486448379e-02
4.000000000000000083e-02 1.683738355684910593e-02
5.000000000000000278e-02 1.683738371018663957e-02
5.999999999999999778e-02 1.683738389598176538e-02
7.000000000000000666e-02 1.683738406666101042e-02
8.000000000000000167e-02 1.683738416361914986e-02
8.999999999999999667e-02 1.683738415191329135e-02
1.000000000000000056e-01 1.683738404852026110e-02
1.100000000000000006e-01 1.683738392219500529e-02
1.199999999999999956e-01 1.683738386624267572e-02
1.300000000000000044e-01 1.683738396586734881e-02
1.400000000000000133e-01 1.683738428001640280e-02
1.499999999999999944e-01 1.683738484333404881e-02
1.600000000000000033e-01 1.683738568509262484e-02
1.700000000000000122e-01 1.683738685755345119e-02
1.799999999999999933e-01 1.683738845520776906e-02
1.900000000000000022e-01 1.683739059621040118e-02
2.000000000000000111e-01 1.683739335032976084e-02
2.099999999999999922e-01 1.683739663502297965e-02
2.200000000000000011e-01 1.683740013113147957e-02
2.300000000000000100e-01 1.683740327044312354e-02
2.399999999999999911e-01 1.683740533468905745e-02
2.500000000000000000e-01 1.683740568146293443e-02
2.600000000000000089e-01 1.683740403790375331e-02
2.700000000000000178e-01 1.683740069672632136e-02
2.800000000000000266e-01 1.683739644452825548e-02
2.899999999999999800e-01 1.683739222659285176e-02
2.999999999999999889e-01 1.683738876072681662e-02
3.099999999999999978e-01 1.683738633754179592e-02
3.200000000000000067e-01 1.683738487251935576e-02
3.300000000000000155e-01 1.683738409581859996e-02
3.400000000000000244e-01 1.683738372782500256e-02
3.499999999999999778e-01 1.683738356622160176e-02
3.599999999999999867e-01 1.683738349542828958e-02
3.699999999999999956e-01 1.683738346106749759e-02
3.800000000000000044e-01 1.683738344160555164e-02
3.900000000000000133e-01 1.683738342937447091e-02
4.000000000000000222e-01 1.683738342116219977e-02
4.099999999999999756e-01 1.683738341489165666e-02
4.199999999999999845e-01 1.683738340909500183e-02
4.299999999999999933e-01 1.683738340308967366e-02
4.400000000000000022e-01 1.683738339695340855e-02
4.500000000000000111e-01 1.683738339120310901e-02
4.600000000000000200e-01 1.683738338641421403e-02
4.699999999999999734e-01 1.683738338299806472e-02
4.799999999999999822e-01 1.683738338117246949e-02
4.899999999999999911e-01 1.683738338099309909e-02
5.000000000000000000e-01 1.683738338230697865e-02
5.100000000000000089e-01 1.683738338465073578e-02
5.200000000000000178e-01 1.683738338726332648e-02
5.300000000000000266e-01 1.683738338933955456e-02
5.400000000000000355e-01 1.683738339046586541e-02
5.500000000000000444e-01 1.683738339110480917e-02
5.600000000000000533e-01 1.683738339327142675e-02
5.699999999999999512e-01 1.683738340221750326e-02
5.799999999999999600e-01 1.683738343060099327e-02
5.899999999999999689e-01 1.683738350607997397e-02
5.999999999999999778e-01 1.683738368015978357e-02
6.099999999999999867e-01 1.683738403162693062e-02
6.199999999999999956e-01 1.683738465817906024e-02
6.300000000000000044e-01 1.683738566076022763e-02
6.400000000000000133e-01 1.683738713930076070e-02
6.500000000000000222e-01 1.683738921641278127e-02
6.600000000000000311e-01 1.683739208870715237e-02
6.700000000000000400e-01 1.683739613005594618e-02
6.800000000000000488e-01 1.683740221891838820e-02
6.899999999999999467e-01 1.683741274039322541e-02
6.999999999999999556e-01 1.683743393117639875e-02
7.099999999999999645e-01 1.683747991879920233e-02
7.199999999999999734e-01 1.683757742765846360e-02
7.299999999999999822e-01 1.683776798177741285e-02
7.399999999999999911e-01 1.683810352571164792e-02
7.500000000000000000e-01 1.683863417627638054e-02
7.600000000000000089e-01 1.683939252204524548e-02
7.700000000000000178e-01 1.684038212022260714e-02
7.800000000000000266e-01 1.684157439251349198e-02
7.900000000000000355e-01 1.684291178234371272e-02
8.000000000000000444e-01 1.684431377515196310e-02
8.100000000000000533e-01 1.684568708067192555e-02
8.199999999999999512e-01 1.684694411002571682e-02
8.299999999999999600e-01 1.684802921338736728e-02
8.399999999999999689e-01 1.684894314916405081e-02
8.499999999999999778e-01 1.684975007533394409e-02
8.599999999999999867e-01 1.685055330660399295e-02
8.699999999999999956e-01 1.685143820724820454e-02
8.800000000000000044e-01 1.685240031075094236e-02
8.900000000000000133e-01 1.685329585940067640e-02
9.000000000000000222e-01 1.685385755491365309e-02
9.100000000000000311e-01 1.685379594167929138e-02
9.200000000000000400e-01 1.685295344424546024e-02
9.300000000000000488e-01 1.685142330526993165e-02
9.399999999999999467e-01 1.684954553249683185e-02
9.499999999999999556e-01 1.684777009589301031e-02
9.599999999999999645e-01 1.684647505975330611e-02
9.699999999999999734e-01 1.684585041631486355e-02
9.799999999999999822e-01 1.684588821162643496e-02
9.899999999999999911e-01 1.684643667991167840e-02
1.000000000000000000e+00 1.684726049609641674e-02
1.010000000000000009e+00 1.684809155562938185e-02
1.020000000000000018e+00 1.684868723028458762e-02
1.030000000000000027e+00 1.684889922352310679e-02
1.040000000000000036e+00 1.684872274783509247e-02
1.050000000000000044e+00 1.684828912574902818e-02
1.060000000000000053e+00 1.684779697554382449e-02
1.070000000000000062e+00 1.684741806625346741e-02
1.080000000000000071e+00 1.684722818764756297e-02
1.090000000000000080e+00 1.684719347084133456e-02
1.100000000000000089e+00 1.684720831367747529e-02
1.110000000000000098e+00 1.684715611579461550e-02
1.120000000000000107e+00 1.684695919598357475e-02
1.129999999999999893e+00 1.684659675927334746e-02
1.139999999999999902e+00 1.684608987407623659e-02
1.149999999999999911e+00 1.684546965410594829e-02
1.159999999999999920e+00 1.684475172955021346e-02
1.169999999999999929e+00 1.684393357851273962e-02
1.179999999999999938e+00 1.684301435327795887e-02
1.189999999999999947e+00 1.684201991411310786e-02
1.199999999999999956e+00 1.684101184761452319e-02
1.209999999999999964e+00 1.684007209322858564e-02
1.219999999999999973e+00 1.683927351988491125e-02
1.229999999999999982e+00 1.683865580394546327e-02
1.239999999999999991e+00 1.683821979824179360e-02
1.250000000000000000e+00 1.683793979651126982e-02
1.260000000000000009e+00 1.683778315549578145e-02
1.270000000000000018e+00 1.683772690584783155e-02
1.280000000000000027e+00 1.683776973270353916e-02
1.290000000000000036e+00 1.683794830951290677e-02
1.300000000000000044e+00 1.683837165282592307e-02
1.310000000000000053e+00 1.683927902477199215e-02
1.320000000000000062e+00 1.684110142051039108e-02
1.330000000000000071e+00 1.684447165707568181e-02
1.340000000000000080e+00 1.685011628714203069e-02
1.350000000000000089e+00 1.685861249398833139e-02
1.360000000000000098e+00 1.687008836118312691e-02
1.370000000000000107e+00 1.688399539818447384e-02
1.379999999999999893e+00 1.689903122056423887e-02
1.389999999999999902e+00 1.691322625004246585e-02
1.399999999999999911e+00 1.692425076552442689e-02
1.409999999999999920e+00 1.693005341336039499e-02
1.419999999999999929e+00 1.692976155019198028e-02
1.429999999999999938e+00 1.692438542069921517e-02
1.439999999999999947e+00 1.691673484593442245e-02
1.449999999999999956e+00 1.691042777026339691e-02
1.459999999999999964e+00 1.690859157813854458e-02
1.469999999999999973e+00 1.691309828657948031e-02
1.479999999999999982e+00 1.692471586353106947e-02
1.489999999999999991e+00 1.694390277227398808e-02
1.500000000000000000e+00 1.697166494511878621e-02
1.510000000000000009e+00 1.701003148210077087e-02
1.520000000000000018e+00 1.706210891772094382e-02
1.530000000000000027e+00 1.713205141329732575e-02
1.540000000000000036e+00 1.722521140650790095e-02
1.550000000000000044e+00 1.734811504588829045e-02
1.560000000000000053e+00 1.750756967788343402e-02
1.570000000000000062e+00 1.770920498512452285e-02
1.580000000000000071e+00 1.795757582028946822e-02
1.590000000000000080e+00 1.826036443427122430e-02
1.600000000000000089e+00 1.863664312047399671e-02
1.610000000000000098e+00 1.912501784577354952e-02
1.620000000000000107e+00 1.978551846440410045e-02
1.629999999999999893e+00 2.069265059796933023e-02
1.639999999999999902e+00 2.192673085622360435e-02
1.649999999999999911e+00 2.358290192932075216e-02
1.659999999999999920e+00 2.582211023324895369e-02
1.669999999999999929e+00 2.897031411212406052e-02
1.679999999999999938e+00 3.362267031407339263e-02
1.689999999999999947e+00 4.065084859440929593e-02
1.699999999999999956e+00 5.100672851156631826e-02
1.709999999999999964e+00 6.532269222486443427e-02
1.719999999999999973e+00 8.349380967054391423e-02
1.729999999999999982e+00 1.045389737286949589e-01
1.739999999999999991e+00 1.269302196710842268e-01
1.750000000000000000e+00 1.492841867025901659e-01
1.760000000000000009e+00 1.710459993741633711e-01
1.770000000000000018e+00 1.927745690899951847e-01
1.780000000000000027e+00 2.158748493703296634e-01
1.790000000000000036e+00 2.419457063030346078e-01
1.800000000000000044e+00 2.721203344400762725e-01
1.810000000000000053e+00 3.067614354900622953e-01
1.820000000000000062e+00 3.456344717619565521e-01
1.830000000000000071e+00 3.883260899235018715e-01
1.840000000000000080e+00 4.344500403092028673e-01
1.850000000000000089e+00 4.833544964770791208e-01
1.860000000000000098e+00 5.335490463481172840e-01
1.870000000000000107e+00 5.824235915127365937e-01
1.879999999999999893e+00 6.266578815469442398e-01
1.889999999999999902e+00 6.632581492824765057e-01
1.899999999999999911e+00 6.909000126626689831e-01
1.909999999999999920e+00 7.112065275422819743e-01
1.919999999999999929e+00 7.293917195727834812e-01
1.929999999999999938e+00 7.535170731830772572e-01
1.939999999999999947e+00 7.921413623566303519e-01
1.949999999999999956e+00 8.513921503556773906e-01
1.959999999999999964e+00 9.331990014857569626e-01
1.969999999999999973e+00 1.035576431857047952e+00
1.979999999999999982e+00 1.154209756300446754e+00
1.989999999999999991e+00 1.283939670635793284e+00
2.000000000000000000e+00 1.419569250783255798e+00
2.009999999999999787e+00 1.556468577731680680e+00
2.020000000000000018e+00 1.691427870168145331e+00
2.029999999999999805e+00 1.823301298813941651e+00
2.040000000000000036e+00 1.952491729694802336e+00
2.049999999999999822e+00 2.079114232065455870e+00
2.060000000000000053e+00 2.201088564541676007e+00
2.069999999999999840e+00 2.313783553562075213e+00
2.080000000000000071e+00 2.411458990921976575e+00
2.089999999999999858e+00 2.489098862923171840e+00
2.100000000000000089e+00 2.543274830717893842e+00
2.109999999999999876e+00 2.572171376079398275e+00
2.120000000000000107e+00 2.575722948476683705e+00
2.129999999999999893e+00 2.555987616024519404e+00
2.140000000000000124e+00 2.516825509183202136e+00
2.149999999999999911e+00 2.462394679099816575e+00
2.160000000000000142e+00 2.395576106573964470e+00
2.169999999999999929e+00 2.318036638181292020e+00
2.180000000000000160e+00 2.232043000315417025e+00
2.189999999999999947e+00 2.142073022645259783e+00
2.200000000000000178e+00 2.054382542878390172e+00
2.209999999999999964e+00 1.974887522089845193e+00
2.220000000000000195e+00 1.907247194286880720e+00
2.229999999999999982e+00 1.852273604838113430e+00
2.240000000000000213e+00 1.808176814362855378e+00
2.250000000000000000e+00 1.770808566474652679e+00
2.259999999999999787e+00 1.734049582832545289e+00
2.270000000000000018e+00 1.691112603513293733e+00
2.279999999999999805e+00 1.636793338958742128e+00
2.290000000000000036e+00 1.569501946414166627e+00
2.299999999999999822e+00 1.491711056630569798e+00
2.310000000000000053e+00 1.408430464108064717e+00
2.319999999999999840e+00 1.324513372727129656e+00
2.330000000000000071e+00 1.242230826965731838e+00
2.339999999999999858e+00 1.160353090657326502e+00
2.350000000000000089e+00 1.075070092771067021e+00
2.359999999999999876e+00 9.821116130356684071e-01
2.370000000000000107e+00 8.790726423393286915e-01
2.379999999999999893e+00 7.670973377796599380e-01
2.390000000000000124e+00 6.512306581187279342e-01
2.399999999999999911e+00 5.390459449797756486e-01
2.410000000000000142e+00 4.380047672975295181e-01
2.419999999999999929e+00 3.529457347091215502e-01
2.430000000000000160e+00 2.850826147103970865e-01
2.439999999999999947e+00 2.327457221401960652e-01
2.450000000000000178e+00 1.929257506341083561e-01
2.459999999999999964e+00 1.625221448471042829e-01
2.470000000000000195e+00 1.388893813229520047e-01
2.479999999999999982e+00 1.199121877524707697e-01
2.490000000000000213e+00 1.039535525781017516e-01
2.500000000000000000e+00 8.983305089567124313e-02
2.509999999999999787e+00 7.684315126702882803e-02
2.520000000000000018e+00 6.475545752877796823e-02
2.529999999999999805e+00 5.374568423942110984e-02
2.540000000000000036e+00 4.419552977608354888e-02
2.549999999999999822e+00 3.643028820164403991e-02
2.560000000000000053e+00 3.052904828694482861e-02
2.569999999999999840e+00 2.630048417291013657e-02
2.580000000000000071e+00 2.339363017022798308e-02
2.589999999999999858e+00 2.143712682069694522e-02
2.600000000000000089e+00 2.012534997735863571e-02
2.609999999999999876e+00 1.923900664571618485e-02
2.620000000000000107e+00 1.862984172466709831e-02
2.629999999999999893e+00 1.819901996752848472e-02
2.640000000000000124e+00 1.788157610769192801e-02
2.649999999999999911e+00 1.763696149583915060e-02
2.660000000000000142e+00 1.744230800771286172e-02
2.669999999999999929e+00 1.728624762960766920e-02
2.680000000000000160e+00 1.716319474675503248e-02
2.689999999999999947e+00 1.706915926802741665e-02
2.700000000000000178e+00 1.699983494543422582e-02
2.709999999999999964e+00 1.695052799704393001e-02
2.720000000000000195e+00 1.691675993385113874e-02
2.729999999999999982e+00 1.689466433406581342e-02
2.740000000000000213e+00 1.688102150421117928e-02
2.750000000000000000e+00 1.687317697413545300e-02
2.759999999999999787e+00 1.686902421041832148e-02
2.770000000000000018e+00 1.686701994236073157e-02
2.779999999999999805e+00 1.686612841473451169e-02
2.790000000000000036e+00 1.686567550174153385e-02
2.799999999999999822e+00 1.686518710067366061e-02
2.810000000000000053e+00 1.686429032279961396e-02
2.819999999999999840e+00 1.686269973942832595e-02
2.830000000000000071e+00 1.686026277909711754e-02
2.839999999999999858e+00 1.685701912952113080e-02
2.850000000000000089e+00 1.685322458958987690e-02
2.859999999999999876e+00 1.684929973493061797e-02
2.870000000000000107e+00 1.684570194034914689e-02
2.879999999999999893e+00 1.684277468364807004e-02
2.890000000000000124e+00 1.684065395308300545e-02
2.899999999999999911e+00 1.683927573260464092e-02
2.910000000000000142e+00 1.683846024218749529e-02
2.919999999999999929e+00 1.683800928718941561e-02
2.930000000000000160e+00 1.683776737702091450e-02
2.939999999999999947e+00 1.683763702483524749e-02
2.950000000000000178e+00 1.683756611788347901e-02
2.959999999999999964e+00 1.683752877137894774e-02
2.970000000000000195e+00 1.683751126917654856e-02
2.979999999999999982e+00 1.683750491652354769e-02
2.990000000000000213e+00 1.683750341285764757e-02
3.000000000000000000e+00 1.683750233715906527e-02
3.009999999999999787e+00 1.683749934799281395e-02
3.020000000000000018e+00 1.683749417423922173e-02
3.029999999999999805e+00 1.683748775462824351e-02
3.040000000000000036e+00 1.683748069799114247e-02
3.049999999999999822e+00 1.683747224390971450e-02
3.060000000000000053e+00 1.683746083303038626e-02
3.069999999999999840e+00 1.683744586230800228e-02
3.080000000000000071e+00 1.683742882994434045e-02
3.089999999999999858e+00 1.683741266054815736e-02
3.100000000000000089e+00 1.683739991380837561e-02
3.109999999999999876e+00 1.683739152965601366e-02
3.120000000000000107e+00 1.683738689922037457e-02
3.129999999999999893e+00 1.683738473898991131e-02
3.140000000000000124e+00 1.683738388116312254e-02
3.149999999999999911e+00 1.683738358504058633e-02
3.160000000000000142e+00 1.683738348892149100e-02
3.169999999999999929e+00 1.683738345301697553e-02
3.180000000000000160e+00 1.683738343524645437e-02
3.189999999999999947e+00 1.683738342612520547e-02
3.200000000000000178e+00 1.683738342331033214e-02
3.209999999999999964e+00 1.683738342460640303e-02
3.220000000000000195e+00 1.683738342721430303e-02
3.229999999999999982e+00 1.683738342824632472e-02
3.240000000000000213e+00 1.683738342538560959e-02
3.250000000000000000e+00 1.683738341766383498e-02
3.259999999999999787e+00 1.683738340597173283e-02
3.270000000000000018e+00 1.683738339269622020e-02
3.279999999999999805e+00 1.683738338050946512e-02
3.290000000000000036e+00 1.683738337114015077e-02
3.299999999999999822e+00 1.683738336494401341e-02
3.310000000000000053e+00 1.683738336131508292e-02
3.319999999999999840e+00 1.683738335936541680e-02
3.330000000000000071e+00 1.683738335836811040e-02
3.339999999999999858e+00 1.683738335786880147e-02
3.350000000000000089e+00 1.683738335762207869e-02
3.359999999999999876e+00 1.683738335750264645e-02
3.370000000000000107e+00 1.683738335744667039e-02
3.379999999999999893e+00 1.683738335742152384e-02
3.390000000000000124e+00 1.683738335741079284e-02
3.399999999999999911e+00 1.683738335740649072e-02
3.410000000000000142e+00 1.683738335740489825e-02
3.419999999999999929e+00 1.683738335740435355e-02
3.430000000000000160e+00 1.683738335740418354e-02
3.439999999999999947e+00 1.683738335740412803e-02
3.450000000000000178e+00 1.683738335740411068e-02
3.459999999999999964e+00 1.683738335740409681e-02
3.470000000000000195e+00 1.683738335740409334e-02
3.479999999999999982e+00 1.683738335740408640e-02
3.490000000000000213e+00 1.683738335740408293e-02
3.500000000000000000e+00 1.683738335740407946e-02
3.509999999999999787e+00 1.683738335740407599e-02
3.520000000000000018e+00 1.683738335740407599e-02
3.529999999999999805e+00 1.683738335740407599e-02
3.540000000000000036e+00 1.683738335740407599e-02
3.549999999999999822e+00 1.683738335740407599e-02
3.560000000000000053e+00 1.683738335740407599e-02
3.569999999999999840e+00 1.683738335740407599e-02
3.580000000000000071e+00 1.683738335740407599e-02
3.589999999999999858e+00 1.683738335740407599e-02
3.600000000000000089e+00 1.683738335740407599e-02
3.609999999999999876e+00 1.683738335740407599e-02
3.620000000000000107e+00 1.683738335740407599e-02
3.629999999999999893e+00 1.683738335740407599e-02
3.640000000000000124e+00 1.683738335740407599e-02
3.649999999999999911e+00 1.683738335740407599e-02
3.660000000000000142e+00 1.683738335740407599e-02
3.669999999999999929e+00 1.683738335740407599e-02
3.680000000000000160e+00 1.683738335740407599e-02
3.689999999999999947e+00 1.683738335740407599e-02
3.700000000000000178e+00 1.683738335740407599e-02
3.709999999999999964e+00 1.683738335740407599e-02
3.720000000000000195e+00 1.683738335740407599e-02
3.729999999999999982e+00 1.683738335740407599e-02
3.740000000000000213e+00 1.683738335740407599e-02
3.750000000000000000e+00 1.683738335740407599e-02
3.759999999999999787e+00 1.683738335740407599e-02
3.770000000000000018e+00 1.683738335740407599e-02
3.779999999999999805e+00 1.683738335740407599e-02
3.790000000000000036e+00 1.683738335740407599e-02
3.799999999999999822e+00 1.683738335740407599e-02
3.810000000000000053e+00 1.683738335740407599e-02
3.819999999999999840e+00 1.683738335740407599e-02
3.830000000000000071e+00 1.683738335740407599e-02
3.839999999999999858e+00 1.683738335740407599e-02
3.850000000000000089e+00 1.683738335740407599e-02
3.859999999999999876e+00 1.683738335740407599e-02
3.870000000000000107e+00 1.683738335740407599e-02
3.879999999999999893e+00 1.683738335740407599e-02
3.890000000000000124e+00 1.683738335740407599e-02
3.899999999999999911e+00 1.683738335740407599e-02
3.910000000000000142e+00 1.683738335740407599e-02
3.919999999999999929e+00 1.683738335740407599e-02
3.930000000000000160e+00 1.683738335740407599e-02
3.939999999999999947e+00 1.683738335740407599e-02
3.950000000000000178e+00 1.683738335740407599e-02
3.959999999999999964e+00 1.683738335740407599e-02
3.970000000000000195e+00 1.683738335740407599e-02
3.979999999999999982e+00 1.683738335740407599e-02
3.990000000000000213e+00 1.683738335740407599e-02
4.000000000000000000e+00 1.683738335740407599e-02
4.009999999999999787e+00 1.683738335740407599e-02
4.019999999999999574e+00 1.683738335740407599e-02
4.030000000000000249e+00 1.683738335740407599e-02
4.040000000000000036e+00 1.683738335740407599e-02
4.049999999999999822e+00 1.683738335740407599e-02
4.059999999999999609e+00 1.683738335740407599e-02
4.070000000000000284e+00 1.683738335740407599e-02
4.080000000000000071e+00 1.683738335740407599e-02
4.089999999999999858e+00 1.683738335740407599e-02
4.099999999999999645e+00 1.683738335740407599e-02
4.110000000000000320e+00 1.683738335740407599e-02
4.120000000000000107e+00 1.683738335740407599e-02
4.129999999999999893e+00 1.683738335740407599e-02
4.139999999999999680e+00 1.683738335740407599e-02
4.150000000000000355e+00 1.683738335740407599e-02
4.160000000000000142e+00 1.683738335740407599e-02
4.169999999999999929e+00 1.683738335740407599e-02
4.179999999999999716e+00 1.683738335740407599e-02
4.190000000000000391e+00 1.683738335740407599e-02
4.200000000000000178e+00 1.683738335740407599e-02
4.209999999999999964e+00 1.683738335740407599e-02
4.219999999999999751e+00 1.683738335740407599e-02
4.230000000000000426e+00 1.683738335740407599e-02
4.240000000000000213e+00 1.683738335740407599e-02
4.250000000000000000e+00 1.683738335740407599e-02
4.259999999999999787e+00 1.683738335740407599e-02
4.269999999999999574e+00 1.683738335740407599e-02
4.280000000000000249e+00 1.683738335740407599e-02
4.290000000000000036e+00 1.683738335740407599e-02
4.299999999999999822e+00 1.683738335740407599e-02
4.309999999999999609e+00 1.683738335740407599e-02
4.320000000000000284e+00 1.683738335740407599e-02
4.330000000000000071e+00 1.683738335740407599e-02
4.339999999999999858e+00 1.683738335740407599e-02
4.349999999999999645e+00 1.683738335740407599e-02
4.360000000000000320e+00 1.683738335740407599e-02
4.370000000000000107e+00 1.683738335740407599e-02
4.379999999999999893e+00 1.683738335740407599e-02
4.389999999999999680e+00 1.683738335740407599e-02
4.400000000000000355e+00 1.683738335740407599e-02
4.410000000000000142e+00 1.683738335740407599e-02
4.419999999999999929e+00 1.683738335740407599e-02
4.429999999999999716e+00 1.683738335740407599e-02
4.440000000000000391e+00 1.683738335740407599e-02
4.450000000000000178e+00 1.683738335740407599e-02
4.459999999999999964e+00 1.683738335740407599e-02
4.469999999999999751e+00 1.683738335740407599e-02
4.480000000000000426e+00 1.683738335740407599e-02
4.490000000000000213e+00 1.683738335740407599e-02
4.500000000000000000e+00 1.683738335740407599e-02
4.509999999999999787e+00 1.683738335740407599e-02
4.519999999999999574e+00 1.683738335740407599e-02
4.530000000000000249e+00 1.683738335740407599e-02
4.540000000000000036e+00 1.683738335740407599e-02
4.549999999999999822e+00 1.683738335740407599e-02
4.559999999999999609e+00 1.683738335740407599e-02
4.570000000000000284e+00 1.683738335740407599e-02
4.580000000000000071e+00 1.683738335740407599e-02
4.589999999999999858e+00 1.683738335740407599e-02
4.599999999999999645e+00 1.683738335740407599e-02
4.610000000000000320e+00 1.683738335740407599e-02
4.620000000000000107e+00 1.683738335740407599e-02
4.629999999999999893e+00 1.683738335740407599e-02
4.639999999999999680e+00 1.683738335740407599e-02
4.650000000000000355e+00 1.683738335740407599e-02
4.660000000000000142e+00 1.683738335740407599e-02
4.669999999999999929e+00 1.683738335740407599e-02
4.679999999999999716e+00 1.683738335740407599e-02
4.690000000000000391e+00 1.683738335740407599e-02
4.700000000000000178e+00 1.683738335740407599e-02
4.709999999999999964e+00 1.683738335740407599e-02
4.719999999999999751e+00 1.683738335740407599e-02
4.730000000000000426e+00 1.683738335740407599e-02
4.740000000000000213e+00 1.683738335740407599e-02
4.750000000000000000e+00 1.683738335740407599e-02
4.759999999999999787e+00 1.683738335740407599e-02
4.769999999999999574e+00 1.683738335740407599e-02
4.780000000000000249e+00 1.683738335740407599e-02
4.790000000000000036e+00 1.683738335740407599e-02
4.799999999999999822e+00 1.683738335740407599e-02
4.809999999999999609e+00 1.683738335740407599e-02
4.820000000000000284e+00 1.683738335740407599e-02
4.830000000000000071e+00 1.683738335740407599e-02
4.839999999999999858e+00 1.683738335740407599e-02
4.849999999999999645e+00 1.683738335740407599e-02
4.860000000000000320e+00 1.683738335740407599e-02
4.870000000000000107e+00 1.683738335740407599e-02
4.879999999999999893e+00 1.683738335740407599e-02
4.889999999999999680e+00 1.683738335740407599e-02
4.900000000000000355e+00 1.683738335740407599e-02
4.910000000000000142e+00 1.683738335740407599e-02
4.919999999999999929e+00 1.683738335740407599e-02
4.929999999999999716e+00 1.683738335740407599e-02
4.940000000000000391e+00 1.683738335740407599e-02
4.950000000000000178e+00 1.683738335740407599e-02
4.959999999999999964e+00 1.683738335740407599e-02
4.969999999999999751e+00 1.683738335740407599e-02
4.980000000000000426e+00 1.683738335740407599e-02
4.990000000000000213e+00 1.683738335740407599e-02
5.000000000000000000e+00 1.683738335740407599e-02
5.009999999999999787e+00 1.683738335740407599e-02
5.019999999999999574e+00 1.683738335740407599e-02
5.030000000000000249e+00 1.683738335740407599e-02
5.040000000000000036e+00 1.683738335740407599e-02
5.049999999999999822e+00 1.683738335740407599e-02
5.059999999999999609e+00 1.683738335740407599e-02
5.070000000000000284e+00 1.683738335740407599e-02
5.080000000000000071e+00 1.683738335740407599e-02
5.089999999999999858e+00 1.683738335740407599e-02
5.099999999999999645e+00 1.683738335740407599e-02
5.110000000000000320e+00 1.683738335740407599e-02
5.120000000000000107e+00 1.683738335740407599e-02
5.129999999999999893e+00 1.683738335740407599e-02
5.139999999999999680e+00 1.683738335740407599e-02
5.150000000000000355e+00 1.683738335740407599e-02
5.160000000000000142e+00 1.683738335740407599e-02
5.169999999999999929e+00 1.683738335740407599e-02
5.179999999999999716e+00 1.683738335740407599e-02
5.190000000000000391e+00 1.683738335740407599e-02
5.200000000000000178e+00 1.683738335740407599e-02
5.209999999999999964e+00 1.683738335740407599e-02
5.219999999999999751e+00 1.683738335740407599e-02
5.230000000000000426e+00 1.683738335740407599e-02
5.240000000000000213e+00 1.683738335740407599e-02
5.250000000000000000e+00 1.683738335740407599e-02
5.259999999999999787e+00 1.683738335740407599e-02
5.269999999999999574e+00 1.683738335740407599e-02
5.280000000000000249e+00 1.683738335740407599e-02
5.290000000000000036e+00 1.683738335740407599e-02
5.299999999999999822e+00 1.683738335740407599e-02
5.309999999999999609e+00 1.683738335740407599e-02
5.320000000000000284e+00 1.683738335740407599e-02
5.330000000000000071e+00 1.683738335740407599e-02
5.339999999999999858e+00 1.683738335740407599e-02
5.349999999999999645e+00 1.683738335740407599e-02
5.360000000000000320e+00 1.683738335740407599e-02
5.370000000000000107e+00 1.683738335740407599e-02
5.379999999999999893e+00 1.683738335740407599e-02
5.389999999999999680e+00 1.683738335740407599e-02
5.400000000000000355e+00 1.683738335740407599e-02
5.410000000000000142e+00 1.683738335740407599e-02
5.419999999999999929e+00 1.683738335740407599e-02
5.429999999999999716e+00 1.683738335740407599e-02
5.440000000000000391e+00 1.683738335740407599e-02
5.450000000000000178e+00 1.683738335740407599e-02
5.459999999999999964e+00 1.683738335740407599e-02
5.469999999999999751e+00 1.683738335740407599e-02
5.480000000000000426e+00 1.683738335740407599e-02
5.490000000000000213e+00 1.683738335740407599e-02
5.500000000000000000e+00 1.683738335740407599e-02
5.509999999999999787e+00 1.683738335740407599e-02
5.519999999999999574e+00 1.683738335740407599e-02
5.530000000000000249e+00 1.683738335740407599e-02
5.540000000000000036e+00 1.683738335740407599e-02
5.549999999999999822e+00 1.683738335740407599e-02
5.559999999999999609e+00 1.683738335740407599e-02
5.570000000000000284e+00 1.683738335740407599e-02
5.580000000000000071e+00 1.683738335740407599e-02
5.589999999999999858e+00 1.683738335740407599e-02
5.599999999999999645e+00 1.683738335740407599e-02
5.610000000000000320e+00 1.683738335740407599e-02
5.620000000000000107e+00 1.683738335740407599e-02
5.629999999999999893e+00 1.683738335740407599e-02
5.639999999999999680e+00 1.683738335740407599e-02
5.650000000000000355e+00 1.683738335740407599e-02
5.660000000000000142e+00 1.683738335740407599e-02
5.669999999999999929e+00 1.683738335740407599e-02
5.679999999999999716e+00 1.683738335740407599e-02
5.690000000000000391e+00 1.683738335740407599e-02
5.700000000000000178e+00 1.683738335740407599e-02
5.709999999999999964e+00 1.683738335740407599e-02
5.719999999999999751e+00 1.683738335740407599e-02
5.730000000000000426e+00 1.683738335740407599e-02
5.740000000000000213e+00 1.683738335740407599e-02
5.750000000000000000e+00 1.683738335740407599e-02
5.759999999999999787e+00 1.683738335740407599e-02
5.769999999999999574e+00 1.683738335740407599e-02
5.780000000000000249e+00 1.683738335740407599e-02
5.790000000000000036e+00 1.683738335740407599e-02
5.799999999999999822e+00 1.683738335740407599e-02
5.809999999999999609e+00 1.683738335740407599e-02
5.820000000000000284e+00 1.683738335740407599e-02
5.830000000000000071e+00 1.683738335740407599e-02
5.839999999999999858e+00 1.683738335740407599e-02
5.849999999999999645e+00 1.683738335740407599e-02
5.860000000000000320e+00 1.683738335740407599e-02
5.870000000000000107e+00 1.683738335740407599e-02
5.879999999999999893e+00 1.683738335740407599e-02
5.889999999999999680e+00 1.683738335740407599e-02
5.900000000000000355e+00 1.683738335740407599e-02
5.910000000000000142e+00 1.683738335740407599e-02
5.919999999999999929e+00 1.683738335740407599e-02
5.929999999999999716e+00 1.683738335740407599e-02
5.940000000000000391e+00 1.683738335740407599e-02
5.950000000000000178e+00 1.683738335740407599e-02
5.959999999999999964e+00 1.683738335740407599e-02
5.969999999999999751e+00 1.683738335740407599e-02
5.980000000000000426e+00 1.683738335740407599e-02
5.990000000000000213e+00 1.683738335740407599e-02
6.000000000000000000e+00 1.683738335740407599e-02
6.200000000000000178e+00 1.683738335740407599e-02
6.400000000000000355e+00 1.683738335740407599e-02
6.599999999999999645e+00 1.683738335740407599e-02
6.799999999999999822e+00 1.683738335740407599e-02
7.000000000000000000e+00 0.000000000000000000e+00
