0.000000000000000000e+00 0.000000000000000000e+00
1.000000000000000021e-02 1.501133308711659342e-02
2.000000000000000042e-02 1.543113968341509011e-02
2.999999999999999889e-02 1.586510506111277891e-02
4.000000000000000083e-02 1.625254288179320966e-02
5.000000000000000278e-02 1.655774630055025648e-02
5.999999999999999778e-02 1.677859882266634003e-02
7.000000000000000666e-02 1.693543204577100877e-02
8.000000000000000167e-02 1.705364763258918059e-02
8.999999999999999667e-02 1.715267033221892778e-02
1.000000000000000056e-01 1.724377752012309917e-02
1.100000000000000006e-01 1.733267785803431146e-02
1.199999999999999956e-01 1.742266969117330783e-02
1.300000000000000044e-01 1.751677412723938801e-02
1.400000000000000133e-01 1.761886372998264227e-02
1.499999999999999944e-01 1.773397900668980537e-02
1.600000000000000033e-01 1.786769648936365265e-02
1.700000000000000122e-01 1.802450505450821014e-02
1.799999999999999933e-01 1.820585616446002836e-02
1.900000000000000022e-01 1.840916091725441558e-02
2.000000000000000111e-01 1.862861161040188507e-02
2.099999999999999922e-01 1.885741735820279513e-02
2.200000000000000011e-01 1.909002945759393291e-02
2.300000000000000100e-01 1.932308774509496757e-02
2.399999999999999911e-01 1.955485589069870522e-02
2.500000000000000000e-01 1.978390295416439237e-02
2.600000000000000089e-01 2.000811488067436375e-02
2.700000000000000178e-01 2.022475363904334411e-02
2.800000000000000266e-01 2.043154948471533408e-02
2.899999999999999800e-01 2.062814908927013482e-02
2.999999999999999889e-01 2.081702476363010354e-02
3.099999999999999978e-01 2.100332151834833488e-02
3.200000000000000067e-01 2.119382025555466981e-02
3.300000000000000155e-01 2.139564768784506590e-02
3.400000000000000244e-01 2.161519870153567890e-02
3.499999999999999778e-01 2.185724947801245821e-02
3.599999999999999867e-01 2.212403875532563749e-02
3.699999999999999956e-01 2.241435434452005229e-02
3.800000000000000044e-01 2.272301738957505438e-02
3.900000000000000133e-01 2.304125526257647452e-02
4.000000000000000222e-01 2.335826584623613630e-02
4.099999999999999756e-01 2.366389937289984507e-02
4.199999999999999845e-01 2.395186931708677067e-02
4.299999999999999933e-01 2.422236599936665805e-02
4.400000000000000022e-01 2.448271331266466816e-02
4.500000000000000111e-01 2.474520289002722639e-02
4.600000000000000200e-01 2.502254607674093620e-02
4.699999999999999734e-01 2.532286066629049065e-02
4.799999999999999822e-01 2.564662154256656945e-02
4.899999999999999911e-01 2.598688050122572799e-02
5.000000000000000000e-01 2.633196627232228804e-02
5.100000000000000089e-01 2.666851429573079829e-02
5.200000000000000178e-01 2.698324405947126470e-02
5.300000000000000266e-01 2.726377079546534604e-02
5.400000000000000355e-01 2.749995900813595462e-02
5.500000000000000444e-01 2.768663145290526165e-02
5.600000000000000533e-01 2.782659266461409708e-02
5.699999999999999512e-01 2.793187468792431710e-02
5.799999999999999600e-01 2.802197476514873761e-02
5.899999999999999689e-01 2.811974686215975433e-02
5.999999999999999778e-01 2.824665820281118539e-02
6.099999999999999867e-01 2.841860334400095334e-02
6.199999999999999956e-01 2.864256433093201326e-02
6.300000000000000044e-01 2.891451007009240848e-02
6.400000000000000133e-01 2.921971705980406023e-02
6.500000000000000222e-01 2.953662614622262067e-02
6.600000000000000311e-01 2.984376677561863256e-02
6.700000000000000400e-01 3.012720252365196083e-02
6.800000000000000488e-01 3.038495495495144999e-02
6.899999999999999467e-01 3.062578007269760663e-02
6.999999999999999556e-01 3.086213660549928794e-02
7.099999999999999645e-01 3.109976542911077266e-02
7.199999999999999734e-01 3.132732237070825349e-02
7.299999999999999822e-01 3.150865478810303127e-02
7.399999999999999911e-01 3.157952724771257574e-02
7.500000000000000000e-01 3.145224759241714574e-02
7.600000000000000089e-01 3.103436020044111898e-02
7.700000000000000178e-01 3.026469726516180583e-02
7.800000000000000266e-01 2.915650360617600897e-02
7.900000000000000355e-01 2.782103858289276810e-02
8.000000000000000444e-01 2.644596933920395285e-02
8.100000000000000533e-01 2.523045939702109677e-02
8.199999999999999512e-01 2.431279714872050871e-02
8.299999999999999600e-01 2.373340420431712186e-02
8.399999999999999689e-01 2.344852221405252859e-02
8.499999999999999778e-01 2.337508481618933223e-02
8.599999999999999867e-01 2.343467516515329932e-02
8.699999999999999956e-01 2.357639024868896441e-02
8.800000000000000044e-01 2.377728285554627299e-02
8.900000000000000133e-01 2.403051867324300025e-02
9.000000000000000222e-01 2.433304841524387002e-02
9.100000000000000311e-01 2.467998214991001457e-02
9.200000000000000400e-01 2.506613213230728110e-02
9.300000000000000488e-01 2.549037548128847350e-02
9.399999999999999467e-01 2.595833293576733578e-02
9.499999999999999556e-01 2.648271518901235480e-02
9.599999999999999645e-01 2.708492309896071842e-02
9.699999999999999734e-01 2.780284182686126870e-02
9.799999999999999822e-01 2.870716259407476989e-02
9.899999999999999911e-01 2.992134527274535605e-02
1.000000000000000000e+00 3.162856283484795361e-02
1.010000000000000009e+00 3.404013168825660574e-02
1.020000000000000018e+00 3.731131862542869104e-02
1.030000000000000027e+00 4.143084679488275024e-02
1.040000000000000036e+00 4.615396401511265984e-02
1.050000000000000044e+00 5.104520621107160733e-02
1.060000000000000053e+00 5.562891645824784986e-02
1.070000000000000062e+00 5.956594788021764286e-02
1.080000000000000071e+00 6.275739862226249743e-02
1.090000000000000080e+00 6.533249404589999698e-02
1.100000000000000089e+00 6.755023548478626683e-02
1.110000000000000098e+00 6.967788215295436793e-02
1.120000000000000107e+00 7.190011361231594955e-02
1.129999999999999893e+00 7.428576364872169213e-02
1.139999999999999902e+00 7.680995246159111334e-02
1.149999999999999911e+00 7.940513030410972783e-02
1.159999999999999920e+00 8.200619625968781634e-02
1.169999999999999929e+00 8.456852001006436026e-02
1.179999999999999938e+00 8.706137576339791073e-02
1.189999999999999947e+00 8.945388503532912539e-02
1.199999999999999956e+00 9.170904640794520779e-02
1.209999999999999964e+00 9.379081156878646408e-02
1.219999999999999973e+00 9.567911231592139687e-02
1.229999999999999982e+00 9.738304449560022946e-02
1.239999999999999991e+00 9.894342504276341932e-02
1.250000000000000000e+00 1.004211793235561256e-01
1.260000000000000009e+00 1.018751056988320275e-01
1.270000000000000018e+00 1.033381366893011410e-01
1.280000000000000027e+00 1.048020742038947017e-01
1.290000000000000036e+00 1.062164012470851043e-01
1.300000000000000044e+00 1.075003063424846417e-01
1.310000000000000053e+00 1.085627505167209156e-01
1.320000000000000062e+00 1.093247978348342309e-01
1.330000000000000071e+00 1.097393729576732757e-01
1.340000000000000080e+00 1.098033926693020301e-01
1.350000000000000089e+00 1.095566378064566082e-01
1.360000000000000098e+00 1.090650252335983589e-01
1.370000000000000107e+00 1.083950283361976297e-01
1.379999999999999893e+00 1.075951893745998728e-01
1.389999999999999902e+00 1.067000557896006230e-01
1.399999999999999911e+00 1.057577180779905729e-01
1.409999999999999920e+00 1.048628620454309379e-01
1.419999999999999929e+00 1.041681526938207925e-01
1.429999999999999938e+00 1.038578306297072151e-01
1.439999999999999947e+00 1.040934685649468061e-01
1.449999999999999956e+00 1.049632836531475960e-01
1.459999999999999964e+00 1.064642944985928069e-01
1.469999999999999973e+00 1.085220008609849573e-01
1.479999999999999982e+00 1.110273647802772490e-01
1.489999999999999991e+00 1.138664493243145698e-01
1.500000000000000000e+00 1.169327590727400196e-01
1.510000000000000009e+00 1.201282278230505068e-01
1.520000000000000018e+00 1.233629083639329743e-01
1.530000000000000027e+00 1.265578567380251374e-01
1.540000000000000036e+00 1.296498437486268418e-01
1.550000000000000044e+00 1.325954525035821230e-01
1.560000000000000053e+00 1.353738456387101607e-01
1.570000000000000062e+00 1.379882233335070485e-01
1.580000000000000071e+00 1.404654360587116735e-01
1.590000000000000080e+00 1.428538553192085225e-01
1.600000000000000089e+00 1.452218375964013652e-01
1.610000000000000098e+00 1.476593108684432776e-01
1.620000000000000107e+00 1.502799521804039640e-01
1.629999999999999893e+00 1.532140513462134090e-01
1.639999999999999902e+00 1.565812558837575974e-01
1.649999999999999911e+00 1.604445730545085158e-01
1.659999999999999920e+00 1.647670354687604810e-01
1.669999999999999929e+00 1.694027487302951218e-01
1.679999999999999938e+00 1.741394212874359249e-01
1.689999999999999947e+00 1.787757590821640874e-01
1.699999999999999956e+00 1.831909872536884032e-01
1.709999999999999964e+00 1.873682814099954241e-01
1.719999999999999973e+00 1.913652340501323101e-01
1.729999999999999982e+00 1.952566825641777748e-01
1.739999999999999991e+00 1.990856920833176114e-01
1.750000000000000000e+00 2.028452877329301463e-01
1.760000000000000009e+00 2.064910206394191539e-01
1.770000000000000018e+00 2.099684796226124750e-01
1.780000000000000027e+00 2.132374918769411043e-01
1.790000000000000036e+00 2.162829517127287104e-01
1.800000000000000044e+00 2.191127276738270291e-01
1.810000000000000053e+00 2.217490903282763604e-01
1.820000000000000062e+00 2.242200404548674308e-01
1.830000000000000071e+00 2.265536308347955163e-01
1.840000000000000080e+00 2.287753396263897121e-01
1.850000000000000089e+00 2.309072257233361902e-01
1.860000000000000098e+00 2.329675526515763428e-01
1.870000000000000107e+00 2.349700572290250866e-01
1.879999999999999893e+00 2.369227739242463493e-01
1.889999999999999902e+00 2.388270706775322549e-01
1.899999999999999911e+00 2.406777801937670935e-01
1.909999999999999920e+00 2.424647029331914172e-01
1.919999999999999929e+00 2.441747421563238984e-01
1.929999999999999938e+00 2.457933127522072270e-01
1.939999999999999947e+00 2.473037860467353632e-01
1.949999999999999956e+00 2.486842555971114921e-01
1.959999999999999964e+00 2.499014346001120490e-01
1.969999999999999973e+00 2.509022946454845804e-01
1.979999999999999982e+00 2.516061190961026983e-01
1.989999999999999991e+00 2.519034313740548536e-01
2.000000000000000000e+00 2.516714085902971854e-01
2.009999999999999787e+00 2.508121555055512486e-01
2.020000000000000018e+00 2.493064476610050983e-01
2.029999999999999805e+00 2.472572744837963354e-01
2.040000000000000036e+00 2.448916505670149235e-01
2.049999999999999822e+00 2.425082715162564240e-01
2.060000000000000053e+00 2.403926842242019024e-01
2.069999999999999840e+00 2.387426236534677115e-01
2.080000000000000071e+00 2.376361115442985894e-01
2.089999999999999858e+00 2.370451820389501973e-01
2.100000000000000089e+00 2.368751324480404263e-01
2.109999999999999876e+00 2.370064146315566667e-01
2.120000000000000107e+00 2.373263009898416431e-01
2.129999999999999893e+00 2.377471624626401048e-01
2.140000000000000124e+00 2.382125851521228188e-01
2.149999999999999911e+00 2.386939561610804117e-01
2.160000000000000142e+00 2.391810498456741763e-01
2.169999999999999929e+00 2.396705533958443379e-01
2.180000000000000160e+00 2.401559681065545959e-01
2.189999999999999947e+00 2.406213795621551244e-01
2.200000000000000178e+00 2.410406069583146127e-01
2.209999999999999964e+00 2.413819359117400087e-01
2.220000000000000195e+00 2.416169063795473027e-01
2.229999999999999982e+00 2.417301061502523385e-01
2.240000000000000213e+00 2.417263550397164285e-01
2.250000000000000000e+00 2.416323428460038780e-01
2.259999999999999787e+00 2.414916477485157253e-01
2.270000000000000018e+00 2.413546336604331100e-01
2.279999999999999805e+00 2.412668469493467471e-01
2.290000000000000036e+00 2.412599527745474814e-01
2.299999999999999822e+00 2.413477855833869035e-01
2.310000000000000053e+00 2.415278019418090338e-01
2.319999999999999840e+00 2.417863462864801027e-01
2.330000000000000071e+00 2.421051908817192511e-01
2.339999999999999858e+00 2.424668028547835863e-01
2.350000000000000089e+00 2.428566993419965792e-01
2.359999999999999876e+00 2.432629032729048679e-01
2.370000000000000107e+00 2.436742314662410092e-01
2.379999999999999893e+00 2.440798655377021120e-01
2.390000000000000124e+00 2.444716297843426700e-01
2.399999999999999911e+00 2.448480828476293225e-01
2.410000000000000142e+00 2.452176819599307944e-01
2.419999999999999929e+00 2.455986514612909233e-01
2.430000000000000160e+00 2.460157574037830919e-01
2.439999999999999947e+00 2.464969689389672203e-01
2.450000000000000178e+00 2.470739664667823132e-01
2.459999999999999964e+00 2.477896596695212672e-01
2.470000000000000195e+00 2.487145192152930839e-01
2.479999999999999982e+00 2.499700791408123735e-01
2.490000000000000213e+00 2.517475153653465636e-01
2.500000000000000000e+00 2.542935215849536079e-01
2.509999999999999787e+00 2.578346898750618621e-01
2.520000000000000018e+00 2.624487441004118571e-01
2.529999999999999805e+00 2.679520026620309525e-01
2.540000000000000036e+00 2.738951638886693019e-01
2.549999999999999822e+00 2.796984703635020386e-01
2.560000000000000053e+00 2.848544829481031160e-01
2.569999999999999840e+00 2.890787788611390852e-01
2.580000000000000071e+00 2.923379193759542694e-01
2.589999999999999858e+00 2.947743228818655026e-01
2.600000000000000089e+00 2.965984408932494931e-01
2.609999999999999876e+00 2.980068436014686739e-01
2.620000000000000107e+00 2.991449830263996912e-01
2.629999999999999893e+00 3.001042085895011535e-01
2.640000000000000124e+00 3.009349272013079335e-01
2.649999999999999911e+00 3.016625608579019957e-01
2.660000000000000142e+00 3.022998842120908636e-01
2.669999999999999929e+00 3.028543233140814084e-01
2.680000000000000160e+00 3.033315422512624093e-01
2.689999999999999947e+00 3.037374137898647963e-01
2.700000000000000178e+00 3.040796621615714512e-01
2.709999999999999964e+00 3.043691211520947459e-01
2.720000000000000195e+00 3.046199177854155282e-01
2.729999999999999982e+00 3.048483390647118707e-01
2.740000000000000213e+00 3.050709018004406636e-01
2.750000000000000000e+00 3.053023363484386188e-01
2.759999999999999787e+00 3.055538248080564290e-01
2.770000000000000018e+00 3.058315894026291670e-01
2.779999999999999805e+00 3.061361134694296493e-01
2.790000000000000036e+00 3.064624221217557842e-01
2.799999999999999822e+00 3.068014647749677248e-01
2.810000000000000053e+00 3.071420001500427266e-01
2.819999999999999840e+00 3.074721859932042500e-01
2.830000000000000071e+00 3.077805241673554071e-01
2.839999999999999858e+00 3.080563931079221551e-01
2.850000000000000089e+00 3.082905612876231660e-01
2.859999999999999876e+00 3.084758181995580495e-01
2.870000000000000107e+00 3.086075795172831815e-01
2.879999999999999893e+00 3.086842863413966631e-01
2.890000000000000124e+00 3.087075375068128458e-01
2.899999999999999911e+00 3.086819389702235572e-01
2.910000000000000142e+00 3.086145556651788691e-01
2.919999999999999929e+00 3.085137740391954986e-01
2.930000000000000160e+00 3.083875428743025338e-01
2.939999999999999947e+00 3.082413791502545131e-01
2.950000000000000178e+00 3.080769505096503380e-01
2.959999999999999964e+00 3.078920744358708550e-01
2.970000000000000195e+00 3.076823551348060182e-01
2.979999999999999982e+00 3.074436572720379846e-01
2.990000000000000213e+00 3.071739690444061921e-01
3.000000000000000000e+00 3.068736211199806219e-01
3.009999999999999787e+00 3.065440610549386435e-01
3.020000000000000018e+00 3.061863440067452147e-01
3.029999999999999805e+00 3.058003995175538337e-01
3.040000000000000036e+00 3.053852964653635538e-01
3.049999999999999822e+00 3.049400523263051666e-01
3.060000000000000053e+00 3.044644490277336191e-01
3.069999999999999840e+00 3.039595770523659257e-01
3.080000000000000071e+00 3.034280583700101341e-01
3.089999999999999858e+00 3.028739898950296161e-01
3.100000000000000089e+00 3.023026711425483848e-01
3.109999999999999876e+00 3.017201822690045443e-01
3.120000000000000107e+00 3.011328598705201864e-01
3.129999999999999893e+00 3.005466782926973779e-01
3.140000000000000124e+00 2.999665143553238433e-01
3.149999999999999911e+00 2.993953010860773700e-01
3.160000000000000142e+00 2.988331825922762031e-01
3.169999999999999929e+00 2.982769234459978214e-01
3.180000000000000160e+00 2.977199328641801923e-01
3.189999999999999947e+00 2.971533480481402534e-01
3.200000000000000178e+00 2.965687528161115583e-01
3.209999999999999964e+00 2.959631025635914292e-01
3.220000000000000195e+00 2.953455440609770721e-01
3.229999999999999982e+00 2.947433956973663505e-01
3.240000000000000213e+00 2.942018680260561903e-01
3.250000000000000000e+00 2.937730164756137130e-01
3.259999999999999787e+00 2.934963762128071640e-01
3.270000000000000018e+00 2.933821025754075884e-01
3.279999999999999805e+00 2.934079204762208848e-01
3.290000000000000036e+00 2.935312494547248630e-01
3.299999999999999822e+00 2.937068977881823750e-01
3.310000000000000053e+00 2.938991937098978657e-01
3.319999999999999840e+00 2.940846948791651649e-01
3.330000000000000071e+00 2.942488522070058621e-01
3.339999999999999858e+00 2.943816389057398175e-01
3.350000000000000089e+00 2.944748222802815452e-01
3.359999999999999876e+00 2.945211086264385991e-01
3.370000000000000107e+00 2.945144184249763875e-01
3.379999999999999893e+00 2.944505318529887505e-01
3.390000000000000124e+00 2.943275486760895676e-01
3.399999999999999911e+00 2.941458465112034570e-01
3.410000000000000142e+00 2.939075406483999675e-01
3.419999999999999929e+00 2.936157481701542338e-01
3.430000000000000160e+00 2.932740268460597988e-01
3.439999999999999947e+00 2.928861298086640197e-01
3.450000000000000178e+00 2.924559008784360925e-01
3.459999999999999964e+00 2.919870363372213395e-01
3.470000000000000195e+00 2.914826489657880715e-01
3.479999999999999982e+00 2.909448771843688997e-01
3.490000000000000213e+00 2.903748666869274131e-01
3.500000000000000000e+00 2.897731641478332176e-01
3.509999999999999787e+00 2.891400686235587880e-01
3.520000000000000018e+00 2.884751861929461536e-01
3.529999999999999805e+00 2.877756410590565639e-01
3.540000000000000036e+00 2.870329840419552081e-01
3.549999999999999822e+00 2.862292800009668126e-01
3.560000000000000053e+00 2.853328736768656060e-01
3.569999999999999840e+00 2.842945773948336585e-01
3.580000000000000071e+00 2.830466283743525158e-01
3.589999999999999858e+00 2.815095362160495718e-01
3.600000000000000089e+00 2.796129081920322168e-01
3.609999999999999876e+00 2.773311774019827647e-01
3.620000000000000107e+00 2.747229293912467618e-01
3.629999999999999893e+00 2.719502209071926746e-01
3.640000000000000124e+00 2.692550145710417842e-01
3.649999999999999911e+00 2.668912716701509757e-01
3.660000000000000142e+00 2.650423401031186676e-01
3.669999999999999929e+00 2.637678458406446658e-01
3.680000000000000160e+00 2.630062816206249487e-01
3.689999999999999947e+00 2.626233038272204889e-01
3.700000000000000178e+00 2.624725445650579192e-01
3.709999999999999964e+00 2.624402776671945214e-01
3.720000000000000195e+00 2.624648238758985341e-01
3.729999999999999982e+00 2.625356975395470305e-01
3.740000000000000213e+00 2.626792803789357866e-01
3.750000000000000000e+00 2.629350533469704820e-01
3.759999999999999787e+00 2.633282042140904777e-01
3.770000000000000018e+00 2.638495380845171656e-01
3.779999999999999805e+00 2.644528627734861193e-01
3.790000000000000036e+00 2.650698365041723181e-01
3.799999999999999822e+00 2.656313699571979936e-01
3.810000000000000053e+00 2.660834599357484453e-01
3.819999999999999840e+00 2.663930776956170421e-01
3.830000000000000071e+00 2.665472798555897360e-01
3.839999999999999858e+00 2.665502101541001867e-01
3.850000000000000089e+00 2.664199038939218389e-01
3.859999999999999876e+00 2.661842400016417587e-01
3.870000000000000107e+00 2.658751425103919597e-01
3.879999999999999893e+00 2.655215853451542984e-01
3.890000000000000124e+00 2.651435032637337597e-01
3.899999999999999911e+00 2.647492548137574397e-01
3.910000000000000142e+00 2.643387074273640391e-01
3.919999999999999929e+00 2.639126928938564931e-01
3.930000000000000160e+00 2.634873254555905042e-01
3.939999999999999947e+00 2.631078101785025991e-01
3.950000000000000178e+00 2.628522028210159012e-01
3.959999999999999964e+00 2.628163389644107006e-01
3.970000000000000195e+00 2.630814536685414096e-01
3.979999999999999982e+00 2.636807751986162129e-01
3.990000000000000213e+00 2.645861384552176121e-01
4.000000000000000000e+00 2.657226118777930024e-01
4.009999999999999787e+00 2.669993678048895314e-01
4.019999999999999574e+00 2.683370241567970549e-01
4.030000000000000249e+00 2.696799969571918587e-01
4.040000000000000036e+00 2.709953955562622308e-01
4.049999999999999822e+00 2.722660953367380676e-01
4.059999999999999609e+00 2.734839750246141343e-01
4.070000000000000284e+00 2.746453784268063636e-01
4.080000000000000071e+00 2.757485130196759560e-01
4.089999999999999858e+00 2.767920199251400759e-01
4.099999999999999645e+00 2.777742466583294489e-01
4.110000000000000320e+00 2.786930577178566848e-01
4.120000000000000107e+00 2.795460983278086897e-01
4.129999999999999893e+00 2.803313298262365971e-01
4.139999999999999680e+00 2.810475393572020586e-01
4.150000000000000355e+00 2.816945375249524375e-01
4.160000000000000142e+00 2.822729173595500685e-01
4.169999999999999929e+00 2.827834535782245418e-01
4.179999999999999716e+00 2.832263549437049610e-01
4.190000000000000391e+00 2.836006041779163822e-01
4.200000000000000178e+00 2.839035626394814105e-01
4.209999999999999964e+00 2.841309289172326835e-01
4.219999999999999751e+00 2.842770444989658474e-01
4.230000000000000426e+00 2.843354415895401610e-01
4.240000000000000213e+00 2.842994562391145119e-01
4.250000000000000000e+00 2.841627501431461811e-01
4.259999999999999787e+00 2.839197329150248139e-01
4.269999999999999574e+00 2.835660465679496478e-01
4.280000000000000249e+00 2.830992267797973749e-01
4.290000000000000036e+00 2.825192680145668378e-01
4.299999999999999822e+00 2.818283584352225812e-01
4.309999999999999609e+00 2.810290680921865847e-01
4.320000000000000284e+00 2.801210763051551478e-01
4.330000000000000071e+00 2.790977386411968020e-01
4.339999999999999858e+00 2.779445553169597183e-01
4.349999999999999645e+00 2.766412691891093067e-01
4.360000000000000320e+00 2.751681161908826612e-01
4.370000000000000107e+00 2.735156456427445537e-01
4.379999999999999893e+00 2.716970554937212512e-01
4.389999999999999680e+00 2.697609322095120277e-01
4.400000000000000355e+00 2.677987412462468075e-01
4.410000000000000142e+00 2.659371609678854997e-01
4.419999999999999929e+00 2.643079533643178936e-01
4.429999999999999716e+00 2.630026932620603830e-01
4.440000000000000391e+00 2.620367425846900633e-01
4.450000000000000178e+00 2.613466921219783079e-01
4.459999999999999964e+00 2.608229009014645383e-01
4.469999999999999751e+00 2.603543412525263223e-01
4.480000000000000426e+00 2.598599103588557502e-01
4.490000000000000213e+00 2.592975952994447941e-01
4.500000000000000000e+00 2.586607274706811954e-01
4.509999999999999787e+00 2.579752791070994422e-01
4.519999999999999574e+00 2.573046060002274205e-01
4.530000000000000249e+00 2.567553153385674913e-01
4.540000000000000036e+00 2.564683554852164038e-01
4.549999999999999822e+00 2.565831987142626058e-01
4.559999999999999609e+00 2.571839522252677424e-01
4.570000000000000284e+00 2.582587713736985147e-01
4.580000000000000071e+00 2.597021002317603799e-01
4.589999999999999858e+00 2.613590113945210014e-01
4.599999999999999645e+00 2.630810922436571109e-01
4.610000000000000320e+00 2.647621607985264358e-01
4.620000000000000107e+00 2.663445590400108642e-01
4.629999999999999893e+00 2.678068410474971905e-01
4.639999999999999680e+00 2.691471148579376860e-01
4.650000000000000355e+00 2.703689722510994042e-01
4.660000000000000142e+00 2.714694439704341544e-01
4.669999999999999929e+00 2.724251914664513330e-01
4.679999999999999716e+00 2.731754312206940427e-01
4.690000000000000391e+00 2.736101061088562769e-01
4.700000000000000178e+00 2.735860585309021209e-01
4.709999999999999964e+00 2.729927796910404658e-01
4.719999999999999751e+00 2.718509179434232537e-01
4.730000000000000426e+00 2.703711277505372879e-01
4.740000000000000213e+00 2.688978880884855815e-01
4.750000000000000000e+00 2.677468297699578392e-01
4.759999999999999787e+00 2.670347229178947623e-01
4.769999999999999574e+00 2.665882737360952826e-01
4.780000000000000249e+00 2.659241997364407695e-01
4.790000000000000036e+00 2.642624846198325939e-01
4.799999999999999822e+00 2.606271145290637858e-01
4.809999999999999609e+00 2.541574619501625887e-01
4.820000000000000284e+00 2.446063918345483257e-01
4.830000000000000071e+00 2.327093914951290365e-01
4.839999999999999858e+00 2.200422668314710728e-01
4.849999999999999645e+00 2.083487346491560144e-01
4.860000000000000320e+00 1.987650379768893527e-01
4.870000000000000107e+00 1.913994632034057841e-01
4.879999999999999893e+00 1.853865920071777473e-01
4.889999999999999680e+00 1.792781530377199062e-01
4.900000000000000355e+00 1.716030062498176689e-01
4.910000000000000142e+00 1.614100911419822926e-01
4.919999999999999929e+00 1.485522766794079852e-01
4.929999999999999716e+00 1.335891964674629506e-01
4.940000000000000391e+00 1.174799498431212397e-01
4.950000000000000178e+00 1.013486851204062483e-01
4.959999999999999964e+00 8.636442218531648063e-02
4.969999999999999751e+00 7.353288197441669449e-02
4.980000000000000426e+00 6.334158597227980414e-02
4.990000000000000213e+00 5.553788691393497096e-02
5.000000000000000000e+00 4.933305621770626981e-02
5.009999999999999787e+00 4.393429122698620098e-02
5.019999999999999574e+00 3.898311500946880642e-02
5.030000000000000249e+00 3.459052777371054294e-02
5.040000000000000036e+00 3.103776867251030122e-02
5.049999999999999822e+00 2.844689341320690706e-02
5.059999999999999609e+00 2.665318119573790306e-02
5.070000000000000284e+00 2.529636512569139253e-02
5.080000000000000071e+00 2.401068840051515801e-02
5.089999999999999858e+00 2.258829367667545759e-02
5.099999999999999645e+00 2.104157189413169426e-02
5.110000000000000320e+00 1.954584527434377952e-02
5.120000000000000107e+00 1.830568882938008943e-02
5.129999999999999893e+00 1.743437263148433017e-02
5.139999999999999680e+00 1.691760423583138842e-02
5.150000000000000355e+00 1.665866829017833423e-02
5.160000000000000142e+00 1.654644664012406771e-02
5.169999999999999929e+00 1.649599607483557412e-02
5.179999999999999716e+00 1.645367499693203492e-02
5.190000000000000391e+00 1.638631186423030253e-02
5.200000000000000178e+00 1.627337543250143362e-02
5.209999999999999964e+00 1.610749679817291558e-02
5.219999999999999751e+00 1.589746178617637909e-02
5.230000000000000426e+00 1.566589093344141967e-02
5.240000000000000213e+00 1.544031556182146048e-02
5.250000000000000000e+00 1.524322904231525423e-02
5.259999999999999787e+00 1.508653800299204761e-02
5.269999999999999574e+00 1.497080884971636536e-02
5.280000000000000249e+00 1.488712499130569189e-02
5.290000000000000036e+00 1.482074469911089792e-02
5.299999999999999822e+00 1.475673698407701379e-02
5.309999999999999609e+00 1.468618249423317770e-02
5.320000000000000284e+00 1.460964151264682910e-02
5.330000000000000071e+00 1.453534862976762175e-02
5.339999999999999858e+00 1.447317852277288375e-02
5.349999999999999645e+00 1.442869183261237878e-02
5.360000000000000320e+00 1.440106752817664308e-02
5.370000000000000107e+00 1.438502655688351020e-02
5.379999999999999893e+00 1.437403389548909394e-02
5.389999999999999680e+00 1.436252603396016500e-02
5.400000000000000355e+00 1.434695483187196918e-02
5.410000000000000142e+00 1.432634354926683347e-02
5.419999999999999929e+00 1.430240146487722804e-02
5.429999999999999716e+00 1.427864225838309901e-02
5.440000000000000391e+00 1.425853290089483007e-02
5.450000000000000178e+00 1.424373371327321627e-02
5.459999999999999964e+00 1.423356150976438222e-02
5.469999999999999751e+00 1.422580814926385946e-02
5.480000000000000426e+00 1.421814697696528393e-02
5.490000000000000213e+00 1.420928038342876044e-02
5.500000000000000000e+00 1.419936307585577089e-02
5.509999999999999787e+00 1.418962135321456472e-02
5.519999999999999574e+00 1.418146755015352485e-02
5.530000000000000249e+00 1.417569788573786425e-02
5.540000000000000036e+00 1.417224855926225296e-02
5.549999999999999822e+00 1.417049836115444848e-02
5.559999999999999609e+00 1.416973163233077419e-02
5.570000000000000284e+00 1.416942391941181795e-02
5.580000000000000071e+00 1.416928934665331527e-02
5.589999999999999858e+00 1.416920597812730380e-02
5.599999999999999645e+00 1.416913260555040070e-02
5.610000000000000320e+00 1.416905879731887585e-02
5.620000000000000107e+00 1.416898353359923729e-02
5.629999999999999893e+00 1.416890805342106187e-02
5.639999999999999680e+00 1.416883379523648824e-02
5.650000000000000355e+00 1.416876178837241443e-02
5.660000000000000142e+00 1.416869244531408431e-02
5.669999999999999929e+00 1.416862552411130884e-02
5.679999999999999716e+00 1.416856017886542786e-02
5.690000000000000391e+00 1.416849489452959646e-02
5.700000000000000178e+00 1.416842667092354548e-02
5.709999999999999964e+00 1.416834793769557871e-02
5.719999999999999751e+00 1.416823885218575739e-02
5.730000000000000426e+00 1.416805421002557096e-02
5.740000000000000213e+00 1.416771166283949807e-02
5.750000000000000000e+00 1.416709938455598325e-02
5.759999999999999787e+00 1.416612177400639397e-02
5.769999999999999574e+00 1.416477367841367796e-02
5.780000000000000249e+00 1.416319048354944439e-02
5.790000000000000036e+00 1.416161612699638056e-02
5.799999999999999822e+00 1.416029332766809840e-02
5.809999999999999609e+00 1.415935429699086319e-02
5.820000000000000284e+00 1.415878988831759805e-02
5.830000000000000071e+00 1.415850083161993359e-02
5.839999999999999858e+00 1.415837264722205092e-02
5.849999999999999645e+00 1.415832153515666353e-02
5.860000000000000320e+00 1.415830192373656281e-02
5.870000000000000107e+00 1.415829445120079383e-02
5.879999999999999893e+00 1.415829257920516067e-02
5.889999999999999680e+00 1.415829446458050957e-02
5.900000000000000355e+00 1.415829912974169921e-02
5.910000000000000142e+00 1.415830429775813762e-02
5.919999999999999929e+00 1.415830428290790893e-02
5.929999999999999716e+00 1.415828815147642319e-02
5.940000000000000391e+00 1.415824030732889226e-02
5.950000000000000178e+00 1.415814602577057831e-02
5.959999999999999964e+00 1.415800109379544355e-02
5.969999999999999751e+00 1.415781910228988000e-02
5.980000000000000426e+00 1.415762866541186299e-02
5.990000000000000213e+00 1.415746019367540923e-02
6.000000000000000000e+00 1.415733158930644955e-02
6.200000000000000178e+00 1.415724335466039645e-02
6.400000000000000355e+00 1.415718472473487428e-02
6.599999999999999645e+00 1.415714360618681306e-02
6.799999999999999822e+00 1.415711260201495472e-02
7.000000000000000000e+00 0.000000000000000000e+00
