0.000000000000000000e+00 0.000000000000000000e+00
1.000000000000000021e-02 1.683738335740324332e-02
2.000000000000000042e-02 1.683738335740324332e-02
2.999999999999999889e-02 1.683738335740324332e-02
4.000000000000000083e-02 1.683738335740324332e-02
5.000000000000000278e-02 1.683738335740324332e-02
5.999999999999999778e-02 1.683738335740324332e-02
7.000000000000000666e-02 1.683738335740324332e-02
8.000000000000000167e-02 1.683738335740324332e-02
8.999999999999999667e-02 1.683738335740324332e-02
1.000000000000000056e-01 1.683738335740324332e-02
1.100000000000000006e-01 1.683738335740324332e-02
1.199999999999999956e-01 1.683738335740324332e-02
1.300000000000000044e-01 1.683738335740324332e-02
1.400000000000000133e-01 1.683738335740324332e-02
1.499999999999999944e-01 1.683738335740324332e-02
1.600000000000000033e-01 1.683738335740324332e-02
1.700000000000000122e-01 1.683738335740324332e-02
1.799999999999999933e-01 1.683738335740324332e-02
1.900000000000000022e-01 1.683738335740324332e-02
2.000000000000000111e-01 1.683738335740324332e-02
2.099999999999999922e-01 1.683738335740324332e-02
2.200000000000000011e-01 1.683738335740324332e-02
2.300000000000000100e-01 1.683738335740324332e-02
2.399999999999999911e-01 1.683738335740324332e-02
2.500000000000000000e-01 1.683738335740324332e-02
2.600000000000000089e-01 1.683738335740324332e-02
2.700000000000000178e-01 1.683738335740324332e-02
2.800000000000000266e-01 1.683738335740324332e-02
2.899999999999999800e-01 1.683738335740324679e-02
2.999999999999999889e-01 1.683738335740324679e-02
3.099999999999999978e-01 1.683738335740325026e-02
3.200000000000000067e-01 1.683738335740325373e-02
3.300000000000000155e-01 1.683738335740326067e-02
3.400000000000000244e-01 1.683738335740327108e-02
3.499999999999999778e-01 1.683738335740328843e-02
3.599999999999999867e-01 1.683738335740331618e-02
3.699999999999999956e-01 1.683738335740336128e-02
3.800000000000000044e-01 1.683738335740343761e-02
3.900000000000000133e-01 1.683738335740356598e-02
4.000000000000000222e-01 1.683738335740378109e-02
4.099999999999999756e-01 1.683738335740414191e-02
4.199999999999999845e-01 1.683738335740474906e-02
4.299999999999999933e-01 1.683738335740576908e-02
4.400000000000000022e-01 1.683738335740746911e-02
4.500000000000000111e-01 1.683738335741030365e-02
4.600000000000000200e-01 1.683738335741500128e-02
4.699999999999999734e-01 1.683738335742277284e-02
4.799999999999999822e-01 1.683738335743567224e-02
4.899999999999999911e-01 1.683738335745723486e-02
5.000000000000000000e-01 1.683738335749354262e-02
5.100000000000000089e-01 1.683738335755486162e-02
5.200000000000000178e-01 1.683738335765824073e-02
5.300000000000000266e-01 1.683738335783185880e-02
5.400000000000000355e-01 1.683738335812264009e-02
5.500000000000000444e-01 1.683738335860944513e-02
5.600000000000000533e-01 1.683738335942408862e-02
5.699999999999999512e-01 1.683738336078211342e-02
5.799999999999999600e-01 1.683738336302514210e-02
5.899999999999999689e-01 1.683738336667892771e-02
5.999999999999999778e-01 1.683738337253542355e-02
6.099999999999999867e-01 1.683738338177370383e-02
6.199999999999999956e-01 1.683738339614228655e-02
6.300000000000000044e-01 1.683738341823811865e-02
6.400000000000000133e-01 1.683738345194481234e-02
6.500000000000000222e-01 1.683738350315380772e-02
6.600000000000000311e-01 1.683738358099860777e-02
6.700000000000000400e-01 1.683738369992944170e-02
6.800000000000000488e-01 1.683738388290859783e-02
6.899999999999999467e-01 1.683738416573802785e-02
6.999999999999999556e-01 1.683738460222988439e-02
7.099999999999999645e-01 1.683738527003907082e-02
7.199999999999999734e-01 1.683738627791480855e-02
7.299999999999999822e-01 1.683738777718810434e-02
7.399999999999999911e-01 1.683738998384489913e-02
7.500000000000000000e-01 1.683739322300413510e-02
7.600000000000000089e-01 1.683739801520728330e-02
7.700000000000000178e-01 1.683740523218366439e-02
7.800000000000000266e-01 1.683741635164952982e-02
7.900000000000000355e-01 1.683743381983588208e-02
8.000000000000000444e-01 1.683746147323498393e-02
8.100000000000000533e-01 1.683750490475189113e-02
8.199999999999999512e-01 1.683757167114469447e-02
8.299999999999999600e-01 1.683767139650850508e-02
8.399999999999999689e-01 1.683781604302054744e-02
8.499999999999999778e-01 1.683802066682067028e-02
8.599999999999999867e-01 1.683830473701837874e-02
8.699999999999999956e-01 1.683869376410208202e-02
8.800000000000000044e-01 1.683922091337810428e-02
8.900000000000000133e-01 1.683992865963583607e-02
9.000000000000000222e-01 1.684087126625236422e-02
9.100000000000000311e-01 1.684211957646309168e-02
9.200000000000000400e-01 1.684376977448608440e-02
9.300000000000000488e-01 1.684595712005199086e-02
9.399999999999999467e-01 1.684887435641325634e-02
9.499999999999999556e-01 1.685279278893481864e-02
9.599999999999999645e-01 1.685808231319312414e-02
9.699999999999999734e-01 1.686522672984129209e-02
9.799999999999999822e-01 1.687483473578507351e-02
9.899999999999999911e-01 1.688765222486637158e-02
1.000000000000000000e+00 1.690457955749251340e-02
1.010000000000000009e+00 1.692668808592052640e-02
1.020000000000000018e+00 1.695523300957469878e-02
1.030000000000000027e+00 1.699169440599636316e-02
1.040000000000000036e+00 1.703793032746464889e-02
1.050000000000000044e+00 1.709655244892045733e-02
1.060000000000000053e+00 1.717161884743905950e-02
1.070000000000000062e+00 1.726970832622441374e-02
1.080000000000000071e+00 1.740139078198723113e-02
1.090000000000000080e+00 1.758290244776331349e-02
1.100000000000000089e+00 1.783732244610950965e-02
1.110000000000000098e+00 1.819398580817859976e-02
1.120000000000000107e+00 1.868513863811419734e-02
1.129999999999999893e+00 1.934061688319966069e-02
1.139999999999999902e+00 2.018364951775923621e-02
1.149999999999999911e+00 2.123132012194665214e-02
1.159999999999999920e+00 2.250051723821998653e-02
1.169999999999999929e+00 2.401637460948116004e-02
1.179999999999999938e+00 2.581867892510247842e-02
1.189999999999999947e+00 2.796352901908872798e-02
1.199999999999999956e+00 3.052057331673760365e-02
1.209999999999999964e+00 3.356826938363541291e-02
1.219999999999999973e+00 3.719059185238837023e-02
1.229999999999999982e+00 4.147858951239802305e-02
1.239999999999999991e+00 4.653802577138297508e-02
1.250000000000000000e+00 5.249965921827526305e-02
1.260000000000000009e+00 5.952441331793374701e-02
1.270000000000000018e+00 6.779596143435585864e-02
1.280000000000000027e+00 7.749953462412839666e-02
1.290000000000000036e+00 8.879553177589584456e-02
1.300000000000000044e+00 1.018041712104178348e-01
1.310000000000000053e+00 1.166152691604625119e-01
1.320000000000000062e+00 1.333215692689398157e-01
1.330000000000000071e+00 1.520549112030393502e-01
1.340000000000000080e+00 1.730022285253611514e-01
1.350000000000000089e+00 1.964006933128919496e-01
1.360000000000000098e+00 2.225368216032770075e-01
1.370000000000000107e+00 2.517699718508180085e-01
1.379999999999999893e+00 2.845626540566091323e-01
1.389999999999999902e+00 3.214697597563239140e-01
1.399999999999999911e+00 3.630601149792679339e-01
1.409999999999999920e+00 4.098021593024078757e-01
1.419999999999999929e+00 4.619760867768847867e-01
1.429999999999999938e+00 5.196448246654311598e-01
1.439999999999999947e+00 5.826684093644881601e-01
1.449999999999999956e+00 6.507347461159846969e-01
1.459999999999999964e+00 7.233976860738854375e-01
1.469999999999999973e+00 8.001195174870887605e-01
1.479999999999999982e+00 8.803048488132171334e-01
1.489999999999999991e+00 9.633196857686543435e-01
1.500000000000000000e+00 1.048521162000653373e+00
1.510000000000000009e+00 1.135340226340932235e+00
1.520000000000000018e+00 1.223425222469405327e+00
1.530000000000000027e+00 1.312780804183852235e+00
1.540000000000000036e+00 1.403774745516914724e+00
1.550000000000000044e+00 1.496896293198605177e+00
1.560000000000000053e+00 1.592272913998085127e+00
1.570000000000000062e+00 1.689142866757354033e+00
1.580000000000000071e+00 1.785589766426867175e+00
1.590000000000000080e+00 1.878743399324988905e+00
1.600000000000000089e+00 1.965395611847999158e+00
1.610000000000000098e+00 2.042775532335012745e+00
1.620000000000000107e+00 2.109195204181794736e+00
1.629999999999999893e+00 2.164343876877629302e+00
1.639999999999999902e+00 2.209082586685751526e+00
1.649999999999999911e+00 2.244727300638008849e+00
1.659999999999999920e+00 2.272088543259420668e+00
1.669999999999999929e+00 2.290792744847320872e+00
1.679999999999999938e+00 2.299316047561402954e+00
1.689999999999999947e+00 2.295677716239573396e+00
1.699999999999999956e+00 2.278290809725054711e+00
1.709999999999999964e+00 2.246464294260072325e+00
1.719999999999999973e+00 2.200418030007290859e+00
1.729999999999999982e+00 2.141014354572632339e+00
1.739999999999999991e+00 2.069493171127871900e+00
1.750000000000000000e+00 1.987389478823694322e+00
1.760000000000000009e+00 1.896666196033668594e+00
1.770000000000000018e+00 1.799976018967081037e+00
1.780000000000000027e+00 1.700868675501770788e+00
1.790000000000000036e+00 1.603688408815282518e+00
1.800000000000000044e+00 1.512934354551519034e+00
1.810000000000000053e+00 1.432108796514601101e+00
1.820000000000000062e+00 1.362529586269392246e+00
1.830000000000000071e+00 1.302860052928659584e+00
1.840000000000000080e+00 1.249779620827862869e+00
1.850000000000000089e+00 1.199419994265872536e+00
1.860000000000000098e+00 1.148666167795386661e+00
1.870000000000000107e+00 1.095681789264529193e+00
1.879999999999999893e+00 1.039742674255269339e+00
1.889999999999999902e+00 9.809112088790084005e-01
1.899999999999999911e+00 9.199194310589148271e-01
1.909999999999999920e+00 8.581648590364091556e-01
1.919999999999999929e+00 7.975047621834717715e-01
1.929999999999999938e+00 7.397656042670865961e-01
1.939999999999999947e+00 6.862490390341039470e-01
1.949999999999999956e+00 6.375636740988055440e-01
1.959999999999999964e+00 5.938048281257360950e-01
1.969999999999999973e+00 5.548347651989331553e-01
1.979999999999999982e+00 5.204518392408740146e-01
1.989999999999999991e+00 4.904135071910684651e-01
2.000000000000000000e+00 4.643547971718893219e-01
2.009999999999999787e+00 4.416570491545958044e-01
2.020000000000000018e+00 4.213768629083106121e-01
2.029999999999999805e+00 4.023530714155912902e-01
2.040000000000000036e+00 3.834762175396306261e-01
2.049999999999999822e+00 3.639579671734073374e-01
2.060000000000000053e+00 3.434478912023631314e-01
2.069999999999999840e+00 3.219795399265882319e-01
2.080000000000000071e+00 2.998318070977175065e-01
2.089999999999999858e+00 2.773965794495039106e-01
2.100000000000000089e+00 2.550934784158456758e-01
2.109999999999999876e+00 2.333255686263687734e-01
2.120000000000000107e+00 2.124512729914168341e-01
2.129999999999999893e+00 1.927577767737757020e-01
2.140000000000000124e+00 1.744431788924565019e-01
2.149999999999999911e+00 1.576240110484294910e-01
2.160000000000000142e+00 1.423707763480032140e-01
2.169999999999999929e+00 1.287495216408762466e-01
2.180000000000000160e+00 1.168347535613259575e-01
2.189999999999999947e+00 1.066735126938767875e-01
2.200000000000000178e+00 9.821832351789895610e-02
2.209999999999999964e+00 9.127937381798666150e-02
2.220000000000000195e+00 8.553901606931640922e-02
2.229999999999999982e+00 8.062525293781815094e-02
2.240000000000000213e+00 7.619927857411981642e-02
2.250000000000000000e+00 7.201249643393009547e-02
2.259999999999999787e+00 6.791991133612566844e-02
2.270000000000000018e+00 6.386381194711726605e-02
2.279999999999999805e+00 5.984747788256959689e-02
2.290000000000000036e+00 5.591125764837669154e-02
2.299999999999999822e+00 5.211466119602558428e-02
2.310000000000000053e+00 4.852270294194074157e-02
2.319999999999999840e+00 4.519326636520129559e-02
2.330000000000000071e+00 4.216485011546297623e-02
2.339999999999999858e+00 3.944866212300496972e-02
2.350000000000000089e+00 3.703083999281809452e-02
2.359999999999999876e+00 3.488644737761335823e-02
2.370000000000000107e+00 3.299949201300048096e-02
2.379999999999999893e+00 3.137822347440303444e-02
2.390000000000000124e+00 3.005558142581790312e-02
2.399999999999999911e+00 2.907118328983211361e-02
2.410000000000000142e+00 2.844241009688076513e-02
2.419999999999999929e+00 2.814198980027160513e-02
2.430000000000000160e+00 2.809784935248318266e-02
2.439999999999999947e+00 2.821554763304668159e-02
2.450000000000000178e+00 2.840739021454672872e-02
2.459999999999999964e+00 2.861073465418869505e-02
2.470000000000000195e+00 2.879042161268314387e-02
2.479999999999999982e+00 2.893245666101712868e-02
2.490000000000000213e+00 2.903779320659645447e-02
2.500000000000000000e+00 2.911891685688195244e-02
2.509999999999999787e+00 2.919653139365811084e-02
2.520000000000000018e+00 2.929375186989593635e-02
2.529999999999999805e+00 2.942884089973490588e-02
2.540000000000000036e+00 2.960995288839327055e-02
2.549999999999999822e+00 2.983431266215923888e-02
2.560000000000000053e+00 3.009134949095704226e-02
2.569999999999999840e+00 3.036735980878539978e-02
2.580000000000000071e+00 3.064947497203855328e-02
2.589999999999999858e+00 3.092823167741075296e-02
2.600000000000000089e+00 3.119926450463956710e-02
2.609999999999999876e+00 3.146445456456123391e-02
2.620000000000000107e+00 3.173162126231348495e-02
2.629999999999999893e+00 3.201133574797719594e-02
2.640000000000000124e+00 3.231112899672694549e-02
2.649999999999999911e+00 3.263017909362292412e-02
2.660000000000000142e+00 3.295835424806083103e-02
2.669999999999999929e+00 3.328054725277301840e-02
2.680000000000000160e+00 3.358263520643929578e-02
2.689999999999999947e+00 3.385315902952310690e-02
2.700000000000000178e+00 3.407724369446659546e-02
2.709999999999999964e+00 3.422551678710568368e-02
2.720000000000000195e+00 3.424751996485311117e-02
2.729999999999999982e+00 3.408111775287979428e-02
2.740000000000000213e+00 3.368156679272586024e-02
2.750000000000000000e+00 3.305751671700578320e-02
2.759999999999999787e+00 3.228867864178881775e-02
2.770000000000000018e+00 3.150638669868364300e-02
2.779999999999999805e+00 3.084358621642093942e-02
2.790000000000000036e+00 3.038404371621249850e-02
2.799999999999999822e+00 3.014022421462362808e-02
2.810000000000000053e+00 3.006665261788871862e-02
2.819999999999999840e+00 3.009247572991968073e-02
2.830000000000000071e+00 3.015125342380568091e-02
2.839999999999999858e+00 3.019613754759584504e-02
2.850000000000000089e+00 3.020125079082192771e-02
2.859999999999999876e+00 3.015595108200780361e-02
2.870000000000000107e+00 3.005785031581685238e-02
2.879999999999999893e+00 2.990737595627684237e-02
2.890000000000000124e+00 2.970440816139092652e-02
2.899999999999999911e+00 2.944665001062985593e-02
2.910000000000000142e+00 2.912937045814753198e-02
2.919999999999999929e+00 2.874645805980054203e-02
2.930000000000000160e+00 2.829282427457903773e-02
2.939999999999999947e+00 2.776767573792510505e-02
2.950000000000000178e+00 2.717724949808922319e-02
2.959999999999999964e+00 2.653525802748406270e-02
2.970000000000000195e+00 2.586030186792880048e-02
2.979999999999999982e+00 2.517135526305709636e-02
2.990000000000000213e+00 2.448361212990399216e-02
3.000000000000000000e+00 2.380655872434469383e-02
3.009999999999999787e+00 2.314465367874626173e-02
3.020000000000000018e+00 2.249971498719112450e-02
3.029999999999999805e+00 2.187371964893023921e-02
3.040000000000000036e+00 2.127097098386324797e-02
3.049999999999999822e+00 2.069898749040375088e-02
3.060000000000000053e+00 2.016784948932211566e-02
3.069999999999999840e+00 1.968817333049917642e-02
3.080000000000000071e+00 1.926835439029768796e-02
3.089999999999999858e+00 1.891207318106220836e-02
3.100000000000000089e+00 1.861708866208431484e-02
3.109999999999999876e+00 1.837589053992148835e-02
3.120000000000000107e+00 1.817793116819218027e-02
3.129999999999999893e+00 1.801238769622780581e-02
3.140000000000000124e+00 1.787028342728078784e-02
3.149999999999999911e+00 1.774537824237792244e-02
3.160000000000000142e+00 1.763398363988747872e-02
3.169999999999999929e+00 1.753423654655066749e-02
3.180000000000000160e+00 1.744531634718048119e-02
3.189999999999999947e+00 1.736686222974347105e-02
3.200000000000000178e+00 1.729864196962224709e-02
3.209999999999999964e+00 1.724039216333450239e-02
3.220000000000000195e+00 1.719170632615495825e-02
3.229999999999999982e+00 1.715190259994339370e-02
3.240000000000000213e+00 1.711991182744487458e-02
3.250000000000000000e+00 1.709428620239736296e-02
3.259999999999999787e+00 1.707337766250793115e-02
3.270000000000000018e+00 1.705562390619608584e-02
3.279999999999999805e+00 1.703980963928585987e-02
3.290000000000000036e+00 1.702519151255089264e-02
3.299999999999999822e+00 1.701145900214573459e-02
3.310000000000000053e+00 1.699858516368557906e-02
3.319999999999999840e+00 1.698665195526679120e-02
3.330000000000000071e+00 1.697571456777230078e-02
3.339999999999999858e+00 1.696573386041723766e-02
3.350000000000000089e+00 1.695658068695353460e-02
3.359999999999999876e+00 1.694809485677131397e-02
3.370000000000000107e+00 1.694015827786267067e-02
3.379999999999999893e+00 1.693273383803161822e-02
3.390000000000000124e+00 1.692584667611720176e-02
3.399999999999999911e+00 1.691952830844800984e-02
3.410000000000000142e+00 1.691376940811891924e-02
3.419999999999999929e+00 1.690851341220934306e-02
3.430000000000000160e+00 1.690368673063567459e-02
3.439999999999999947e+00 1.689923573345255420e-02
3.450000000000000178e+00 1.689514384064073546e-02
3.459999999999999964e+00 1.689142365657247957e-02
3.470000000000000195e+00 1.688809676847098304e-02
3.479999999999999982e+00 1.688517606621959752e-02
3.490000000000000213e+00 1.688265741281202992e-02
3.500000000000000000e+00 1.688051954201659141e-02
3.509999999999999787e+00 1.687872796502576725e-02
3.520000000000000018e+00 1.687723940812200715e-02
3.529999999999999805e+00 1.687600540535497823e-02
3.540000000000000036e+00 1.687497532428983843e-02
3.549999999999999822e+00 1.687409944618833979e-02
3.560000000000000053e+00 1.687333211000782707e-02
3.569999999999999840e+00 1.687263445851105298e-02
3.580000000000000071e+00 1.687197649590853679e-02
3.589999999999999858e+00 1.687133847699425621e-02
3.600000000000000089e+00 1.687071164959470793e-02
3.609999999999999876e+00 1.687009844469814640e-02
3.620000000000000107e+00 1.686951280595458055e-02
3.629999999999999893e+00 1.686898177343225044e-02
3.640000000000000124e+00 1.686854806201923060e-02
3.649999999999999911e+00 1.686827001166063197e-02
3.660000000000000142e+00 1.686821343423246938e-02
3.669999999999999929e+00 1.686843425796289223e-02
3.680000000000000160e+00 1.686895999851255323e-02
3.689999999999999947e+00 1.686978213331263160e-02
3.700000000000000178e+00 1.687086340172849058e-02
3.709999999999999964e+00 1.687215131698451345e-02
3.720000000000000195e+00 1.687358615421246516e-02
3.729999999999999982e+00 1.687510108618092003e-02
3.740000000000000213e+00 1.687662203588852911e-02
3.750000000000000000e+00 1.687807461252789978e-02
3.759999999999999787e+00 1.687939741516858785e-02
3.770000000000000018e+00 1.688055440936445453e-02
3.779999999999999805e+00 1.688153932758737139e-02
3.790000000000000036e+00 1.688237008051496346e-02
3.799999999999999822e+00 1.688307619921035688e-02
3.810000000000000053e+00 1.688368470274177746e-02
3.819999999999999840e+00 1.688420961993283495e-02
3.830000000000000071e+00 1.688464854356773806e-02
3.839999999999999858e+00 1.688498662571485953e-02
3.850000000000000089e+00 1.688520530447334619e-02
3.859999999999999876e+00 1.688529139506626461e-02
3.870000000000000107e+00 1.688524293944979743e-02
3.879999999999999893e+00 1.688507057180529264e-02
3.890000000000000124e+00 1.688479529712348312e-02
3.899999999999999911e+00 1.688444443297036635e-02
3.910000000000000142e+00 1.688404729683956260e-02
3.919999999999999929e+00 1.688363164798718091e-02
3.930000000000000160e+00 1.688322112822970844e-02
3.939999999999999947e+00 1.688283321817199423e-02
3.950000000000000178e+00 1.688247712080561541e-02
3.959999999999999964e+00 1.688215176723863523e-02
3.970000000000000195e+00 1.688184508946561149e-02
3.979999999999999982e+00 1.688153574855533190e-02
3.990000000000000213e+00 1.688119747166403825e-02
4.000000000000000000e+00 1.688080496803267758e-02
4.009999999999999787e+00 1.688033997735458036e-02
4.019999999999999574e+00 1.687979633263807927e-02
4.030000000000000249e+00 1.687918338702987589e-02
4.040000000000000036e+00 1.687852736807885293e-02
4.049999999999999822e+00 1.687787009967504220e-02
4.059999999999999609e+00 1.687726412695248965e-02
4.070000000000000284e+00 1.687676327161980946e-02
4.080000000000000071e+00 1.687640942348154344e-02
4.089999999999999858e+00 1.687622003131170750e-02
4.099999999999999645e+00 1.687618305498428395e-02
4.110000000000000320e+00 1.687626312644712259e-02
4.120000000000000107e+00 1.687641548222167803e-02
4.129999999999999893e+00 1.687659941885420734e-02
4.139999999999999680e+00 1.687678506219860569e-02
4.150000000000000355e+00 1.687695334727077820e-02
4.160000000000000142e+00 1.687709324567283203e-02
4.169999999999999929e+00 1.687719985521593871e-02
4.179999999999999716e+00 1.687727396697152882e-02
4.190000000000000391e+00 1.687732140228988958e-02
4.200000000000000178e+00 1.687735045655786720e-02
4.209999999999999964e+00 1.687736767155659234e-02
4.219999999999999751e+00 1.687737400685964187e-02
4.230000000000000426e+00 1.687736364962577618e-02
4.240000000000000213e+00 1.687732607518894340e-02
4.250000000000000000e+00 1.687724995590688531e-02
4.259999999999999787e+00 1.687712672689221580e-02
4.269999999999999574e+00 1.687695243738410178e-02
4.280000000000000249e+00 1.687672793180272635e-02
4.290000000000000036e+00 1.687645819434074532e-02
4.299999999999999822e+00 1.687615155731438804e-02
4.309999999999999609e+00 1.687581895337418592e-02
4.320000000000000284e+00 1.687547302525355120e-02
4.330000000000000071e+00 1.687512675839121859e-02
4.339999999999999858e+00 1.687479100271282312e-02
4.349999999999999645e+00 1.687446926016017423e-02
4.360000000000000320e+00 1.687414673753753064e-02
4.370000000000000107e+00 1.687377213176041030e-02
4.379999999999999893e+00 1.687324067868067531e-02
4.389999999999999680e+00 1.687240428275148252e-02
4.400000000000000355e+00 1.687113714771704479e-02
4.410000000000000142e+00 1.686944448518270384e-02
4.419999999999999929e+00 1.686753544193514073e-02
4.429999999999999716e+00 1.686577195902816406e-02
4.440000000000000391e+00 1.686450190251181230e-02
4.450000000000000178e+00 1.686389899887589736e-02
4.459999999999999964e+00 1.686392679098784250e-02
4.469999999999999751e+00 1.686442437068121428e-02
4.480000000000000426e+00 1.686521936675520680e-02
4.490000000000000213e+00 1.686619085394025497e-02
4.500000000000000000e+00 1.686727486842014984e-02
4.509999999999999787e+00 1.686844446972010289e-02
4.519999999999999574e+00 1.686969055849764018e-02
4.530000000000000249e+00 1.687101031662799344e-02
4.540000000000000036e+00 1.687239876362545826e-02
4.549999999999999822e+00 1.687383520300250045e-02
4.559999999999999609e+00 1.687525465503218400e-02
4.570000000000000284e+00 1.687649881746769095e-02
4.580000000000000071e+00 1.687726602650927582e-02
4.589999999999999858e+00 1.687712450325237756e-02
4.599999999999999645e+00 1.687566484084102036e-02
4.610000000000000320e+00 1.687276948747656533e-02
4.620000000000000107e+00 1.686880438120151940e-02
4.629999999999999893e+00 1.686449942081634512e-02
4.639999999999999680e+00 1.686052647068990787e-02
4.650000000000000355e+00 1.685710356452297873e-02
4.660000000000000142e+00 1.685397334373378922e-02
4.669999999999999929e+00 1.685076158053339102e-02
4.679999999999999716e+00 1.684737585112658712e-02
4.690000000000000391e+00 1.684410284375527367e-02
4.700000000000000178e+00 1.684137359955734797e-02
4.709999999999999964e+00 1.683945514279311037e-02
4.719999999999999751e+00 1.683832665823050551e-02
4.730000000000000426e+00 1.683777249551149033e-02
4.740000000000000213e+00 1.683754580804813078e-02
4.750000000000000000e+00 1.683746914684456503e-02
4.759999999999999787e+00 1.683744845510487878e-02
4.769999999999999574e+00 1.683744483601783484e-02
4.780000000000000249e+00 1.683744522006024730e-02
4.790000000000000036e+00 1.683744562645465501e-02
4.799999999999999822e+00 1.683744448796433216e-02
4.809999999999999609e+00 1.683744089201149111e-02
4.820000000000000284e+00 1.683743461636362862e-02
4.830000000000000071e+00 1.683742643297287539e-02
4.839999999999999858e+00 1.683741790775527755e-02
4.849999999999999645e+00 1.683741061312369475e-02
4.860000000000000320e+00 1.683740530782367253e-02
4.870000000000000107e+00 1.683740170351985185e-02
4.879999999999999893e+00 1.683739890777233295e-02
4.889999999999999680e+00 1.683739611511076220e-02
4.900000000000000355e+00 1.683739305320239299e-02
4.910000000000000142e+00 1.683738997722994055e-02
4.919999999999999929e+00 1.683738734080108407e-02
4.929999999999999716e+00 1.683738544611281668e-02
4.940000000000000391e+00 1.683738430642000780e-02
4.950000000000000178e+00 1.683738373149474415e-02
4.959999999999999964e+00 1.683738348769575968e-02
4.969999999999999751e+00 1.683738340074861922e-02
4.980000000000000426e+00 1.683738337492731926e-02
4.990000000000000213e+00 1.683738336897998289e-02
5.000000000000000000e+00 1.683738336852146425e-02
5.009999999999999787e+00 1.683738336941992264e-02
5.019999999999999574e+00 1.683738337069159291e-02
5.030000000000000249e+00 1.683738337214421565e-02
5.040000000000000036e+00 1.683738337373590771e-02
5.049999999999999822e+00 1.683738337540719235e-02
5.059999999999999609e+00 1.683738337700855722e-02
5.070000000000000284e+00 1.683738337825421358e-02
5.080000000000000071e+00 1.683738337873909308e-02
5.089999999999999858e+00 1.683738337807502011e-02
5.099999999999999645e+00 1.683738337612552399e-02
5.110000000000000320e+00 1.683738337318433503e-02
5.120000000000000107e+00 1.683738336991085632e-02
5.129999999999999893e+00 1.683738336701563407e-02
5.139999999999999680e+00 1.683738336492424104e-02
5.150000000000000355e+00 1.683738336366186195e-02
5.160000000000000142e+00 1.683738336298025093e-02
5.169999999999999929e+00 1.683738336256076357e-02
5.179999999999999716e+00 1.683738336214708059e-02
5.190000000000000391e+00 1.683738336159010252e-02
5.200000000000000178e+00 1.683738336085400036e-02
5.209999999999999964e+00 1.683738336000640060e-02
5.219999999999999751e+00 1.683738335917932608e-02
5.230000000000000426e+00 1.683738335850111165e-02
5.240000000000000213e+00 1.683738335803626820e-02
5.250000000000000000e+00 1.683738335777154940e-02
5.259999999999999787e+00 1.683738335764645849e-02
5.269999999999999574e+00 1.683738335759457291e-02
5.280000000000000249e+00 1.683738335756813226e-02
5.290000000000000036e+00 1.683738335754266652e-02
5.299999999999999822e+00 1.683738335751152129e-02
5.309999999999999609e+00 1.683738335747806888e-02
5.320000000000000284e+00 1.683738335744856818e-02
5.330000000000000071e+00 1.683738335742722414e-02
5.339999999999999858e+00 1.683738335741449474e-02
5.349999999999999645e+00 1.683738335740823933e-02
5.360000000000000320e+00 1.683738335740575520e-02
5.370000000000000107e+00 1.683738335740501968e-02
5.379999999999999893e+00 1.683738335740495029e-02
5.389999999999999680e+00 1.683738335740508560e-02
5.400000000000000355e+00 1.683738335740527295e-02
5.410000000000000142e+00 1.683738335740547418e-02
5.419999999999999929e+00 1.683738335740569622e-02
5.429999999999999716e+00 1.683738335740594602e-02
5.440000000000000391e+00 1.683738335740623399e-02
5.450000000000000178e+00 1.683738335740657052e-02
5.459999999999999964e+00 1.683738335740696604e-02
5.469999999999999751e+00 1.683738335740739625e-02
5.480000000000000426e+00 1.683738335740786463e-02
5.490000000000000213e+00 1.683738335740832953e-02
5.500000000000000000e+00 1.683738335740872158e-02
5.509999999999999787e+00 1.683738335740894709e-02
5.519999999999999574e+00 1.683738335740889505e-02
5.530000000000000249e+00 1.683738335740853076e-02
5.540000000000000036e+00 1.683738335740792014e-02
5.549999999999999822e+00 1.683738335740725053e-02
5.559999999999999609e+00 1.683738335740671971e-02
5.570000000000000284e+00 1.683738335740644562e-02
5.580000000000000071e+00 1.683738335740644562e-02
5.589999999999999858e+00 1.683738335740665726e-02
5.599999999999999645e+00 1.683738335740699379e-02
5.610000000000000320e+00 1.683738335740736156e-02
5.620000000000000107e+00 1.683738335740766687e-02
5.629999999999999893e+00 1.683738335740778483e-02
5.639999999999999680e+00 1.683738335740760789e-02
5.650000000000000355e+00 1.683738335740708747e-02
5.660000000000000142e+00 1.683738335740629644e-02
5.669999999999999929e+00 1.683738335740540479e-02
5.679999999999999716e+00 1.683738335740461028e-02
5.690000000000000391e+00 1.683738335740402742e-02
5.700000000000000178e+00 1.683738335740368741e-02
5.709999999999999964e+00 1.683738335740351741e-02
5.719999999999999751e+00 1.683738335740345496e-02
5.730000000000000426e+00 1.683738335740344455e-02
5.740000000000000213e+00 1.683738335740345843e-02
5.750000000000000000e+00 1.683738335740347924e-02
5.759999999999999787e+00 1.683738335740350700e-02
5.769999999999999574e+00 1.683738335740353823e-02
5.780000000000000249e+00 1.683738335740357292e-02
5.790000000000000036e+00 1.683738335740361108e-02
5.799999999999999822e+00 1.683738335740365272e-02
5.809999999999999609e+00 1.683738335740369435e-02
5.820000000000000284e+00 1.683738335740374292e-02
5.830000000000000071e+00 1.683738335740379496e-02
5.839999999999999858e+00 1.683738335740385395e-02
5.849999999999999645e+00 1.683738335740392333e-02
5.860000000000000320e+00 1.683738335740399619e-02
5.870000000000000107e+00 1.683738335740407946e-02
5.879999999999999893e+00 1.683738335740416966e-02
5.889999999999999680e+00 1.683738335740426334e-02
5.900000000000000355e+00 1.683738335740436742e-02
5.910000000000000142e+00 1.683738335740448538e-02
5.919999999999999929e+00 1.683738335740461028e-02
5.929999999999999716e+00 1.683738335740475947e-02
5.940000000000000391e+00 1.683738335740492253e-02
5.950000000000000178e+00 1.683738335740510295e-02
5.959999999999999964e+00 1.683738335740527989e-02
5.969999999999999751e+00 1.683738335740541520e-02
5.980000000000000426e+00 1.683738335740546030e-02
5.990000000000000213e+00 1.683738335740536315e-02
6.000000000000000000e+00 1.683738335740509948e-02
6.200000000000000178e+00 1.683738335740470396e-02
6.400000000000000355e+00 1.683738335740426681e-02
6.599999999999999645e+00 1.683738335740387129e-02
6.799999999999999822e+00 1.683738335740357986e-02
7.000000000000000000e+00 0.000000000000000000e+00
