0.000000000000000000e+00 0.000000000000000000e+00
1.000000000000000021e-02 1.683738335740324332e-02
2.000000000000000042e-02 1.683738335740324332e-02
2.999999999999999889e-02 1.683738335740324332e-02
4.000000000000000083e-02 1.683738335740324332e-02
5.000000000000000278e-02 1.683738335740324332e-02
5.999999999999999778e-02 1.683738335740324332e-02
7.000000000000000666e-02 1.683738335740324332e-02
8.000000000000000167e-02 1.683738335740324332e-02
8.999999999999999667e-02 1.683738335740324332e-02
1.000000000000000056e-01 1.683738335740324332e-02
1.100000000000000006e-01 1.683738335740324332e-02
1.199999999999999956e-01 1.683738335740324332e-02
1.300000000000000044e-01 1.683738335740324332e-02
1.400000000000000133e-01 1.683738335740324332e-02
1.499999999999999944e-01 1.683738335740324332e-02
1.600000000000000033e-01 1.683738335740324332e-02
1.700000000000000122e-01 1.683738335740324332e-02
1.799999999999999933e-01 1.683738335740324332e-02
1.900000000000000022e-01 1.683738335740324332e-02
2.000000000000000111e-01 1.683738335740324332e-02
2.099999999999999922e-01 1.683738335740324332e-02
2.200000000000000011e-01 1.683738335740324332e-02
2.300000000000000100e-01 1.683738335740324332e-02
2.399999999999999911e-01 1.683738335740324332e-02
2.500000000000000000e-01 1.683738335740324332e-02
2.600000000000000089e-01 1.683738335740324332e-02
2.700000000000000178e-01 1.683738335740324332e-02
2.800000000000000266e-01 1.683738335740324332e-02
2.899999999999999800e-01 1.683738335740324332e-02
2.999999999999999889e-01 1.683738335740324332e-02
3.099999999999999978e-01 1.683738335740324332e-02
3.200000000000000067e-01 1.683738335740324332e-02
3.300000000000000155e-01 1.683738335740324332e-02
3.400000000000000244e-01 1.683738335740324332e-02
3.499999999999999778e-01 1.683738335740324332e-02
3.599999999999999867e-01 1.683738335740324332e-02
3.699999999999999956e-01 1.683738335740324332e-02
3.800000000000000044e-01 1.683738335740324332e-02
3.900000000000000133e-01 1.683738335740324332e-02
4.000000000000000222e-01 1.683738335740324332e-02
4.099999999999999756e-01 1.683738335740324332e-02
4.199999999999999845e-01 1.683738335740324332e-02
4.299999999999999933e-01 1.683738335740324332e-02
4.400000000000000022e-01 1.683738335740324332e-02
4.500000000000000111e-01 1.683738335740324332e-02
4.600000000000000200e-01 1.683738335740324332e-02
4.699999999999999734e-01 1.683738335740324332e-02
4.799999999999999822e-01 1.683738335740324332e-02
4.899999999999999911e-01 1.683738335740324332e-02
5.000000000000000000e-01 1.683738335740324332e-02
5.100000000000000089e-01 1.683738335740324332e-02
5.200000000000000178e-01 1.683738335740324332e-02
5.300000000000000266e-01 1.683738335740324332e-02
5.400000000000000355e-01 1.683738335740324332e-02
5.500000000000000444e-01 1.683738335740324332e-02
5.600000000000000533e-01 1.683738335740324332e-02
5.699999999999999512e-01 1.683738335740324332e-02
5.799999999999999600e-01 1.683738335740324332e-02
5.899999999999999689e-01 1.683738335740324332e-02
5.999999999999999778e-01 1.683738335740324332e-02
6.099999999999999867e-01 1.683738335740324332e-02
6.199999999999999956e-01 1.683738335740324332e-02
6.300000000000000044e-01 1.683738335740324332e-02
6.400000000000000133e-01 1.683738335740324332e-02
6.500000000000000222e-01 1.683738335740324332e-02
6.600000000000000311e-01 1.683738335740324332e-02
6.700000000000000400e-01 1.683738335740324332e-02
6.800000000000000488e-01 1.683738335740324332e-02
6.899999999999999467e-01 1.683738335740324332e-02
6.999999999999999556e-01 1.683738335740324332e-02
7.099999999999999645e-01 1.683738335740324332e-02
7.199999999999999734e-01 1.683738335740324332e-02
7.299999999999999822e-01 1.683738335740324332e-02
7.399999999999999911e-01 1.683738335740324332e-02
7.500000000000000000e-01 1.683738335740324332e-02
7.600000000000000089e-01 1.683738335740324332e-02
7.700000000000000178e-01 1.683738335740324332e-02
7.800000000000000266e-01 1.683738335740324679e-02
7.900000000000000355e-01 1.683738335740325026e-02
8.000000000000000444e-01 1.683738335740325373e-02
8.100000000000000533e-01 1.683738335740325720e-02
8.199999999999999512e-01 1.683738335740326067e-02
8.299999999999999600e-01 1.683738335740326067e-02
8.399999999999999689e-01 1.683738335740326067e-02
8.499999999999999778e-01 1.683738335740325720e-02
8.599999999999999867e-01 1.683738335740325373e-02
8.699999999999999956e-01 1.683738335740324679e-02
8.800000000000000044e-01 1.683738335740324679e-02
8.900000000000000133e-01 1.683738335740324332e-02
9.000000000000000222e-01 1.683738335740324332e-02
9.100000000000000311e-01 1.683738335740324332e-02
9.200000000000000400e-01 1.683738335740324332e-02
9.300000000000000488e-01 1.683738335740324332e-02
9.399999999999999467e-01 1.683738335740324332e-02
9.499999999999999556e-01 1.683738335740324332e-02
9.599999999999999645e-01 1.683738335740324332e-02
9.699999999999999734e-01 1.683738335740324332e-02
9.799999999999999822e-01 1.683738335740324332e-02
9.899999999999999911e-01 1.683738335740324332e-02
1.000000000000000000e+00 1.683738335740324332e-02
1.010000000000000009e+00 1.683738335740324332e-02
1.020000000000000018e+00 1.683738335740324332e-02
1.030000000000000027e+00 1.683738335740324679e-02
1.040000000000000036e+00 1.683738335740325373e-02
1.050000000000000044e+00 1.683738335740327108e-02
1.060000000000000053e+00 1.683738335740330924e-02
1.070000000000000062e+00 1.683738335740338557e-02
1.080000000000000071e+00 1.683738335740355557e-02
1.090000000000000080e+00 1.683738335740396497e-02
1.100000000000000089e+00 1.683738335740520356e-02
1.110000000000000098e+00 1.683738335740917955e-02
1.120000000000000107e+00 1.683738335742121853e-02
1.129999999999999893e+00 1.683738335745339765e-02
1.139999999999999902e+00 1.683738335752728993e-02
1.149999999999999911e+00 1.683738335767064401e-02
1.159999999999999920e+00 1.683738335790183061e-02
1.169999999999999929e+00 1.683738335820437332e-02
1.179999999999999938e+00 1.683738335851026405e-02
1.189999999999999947e+00 1.683738335871710901e-02
1.199999999999999956e+00 1.683738335874149575e-02
1.209999999999999964e+00 1.683738335857242960e-02
1.219999999999999973e+00 1.683738335827911908e-02
1.229999999999999982e+00 1.683738335796578292e-02
1.239999999999999991e+00 1.683738335771299208e-02
1.250000000000000000e+00 1.683738335754950133e-02
1.260000000000000009e+00 1.683738335746257780e-02
1.270000000000000018e+00 1.683738335742459430e-02
1.280000000000000027e+00 1.683738335741419984e-02
1.290000000000000036e+00 1.683738335743132850e-02
1.300000000000000044e+00 1.683738335753126591e-02
1.310000000000000053e+00 1.683738335794203456e-02
1.320000000000000062e+00 1.683738335939818226e-02
1.330000000000000071e+00 1.683738336389766638e-02
1.340000000000000080e+00 1.683738337602589188e-02
1.350000000000000089e+00 1.683738340454649443e-02
1.360000000000000098e+00 1.683738346306646455e-02
1.370000000000000107e+00 1.683738356789646687e-02
1.379999999999999893e+00 1.683738373225065685e-02
1.389999999999999902e+00 1.683738395991849629e-02
1.399999999999999911e+00 1.683738424774377726e-02
1.409999999999999920e+00 1.683738461191328084e-02
1.419999999999999929e+00 1.683738515634457603e-02
1.429999999999999938e+00 1.683738620350126378e-02
1.439999999999999947e+00 1.683738850844050672e-02
1.449999999999999956e+00 1.683739356614064389e-02
1.459999999999999964e+00 1.683740398350564230e-02
1.469999999999999973e+00 1.683742380955239801e-02
1.479999999999999982e+00 1.683745858872172027e-02
1.489999999999999991e+00 1.683751470834863109e-02
1.500000000000000000e+00 1.683759745539411753e-02
1.510000000000000009e+00 1.683770751186031145e-02
1.520000000000000018e+00 1.683783694854599014e-02
1.530000000000000027e+00 1.683796775657152300e-02
1.540000000000000036e+00 1.683807656348164372e-02
1.550000000000000044e+00 1.683814624709970703e-02
1.560000000000000053e+00 1.683817962861525533e-02
1.570000000000000062e+00 1.683820729942293870e-02
1.580000000000000071e+00 1.683828594276568988e-02
1.590000000000000080e+00 1.683849471420472907e-02
1.600000000000000089e+00 1.683894831553607585e-02
1.610000000000000098e+00 1.683984828767792416e-02
1.620000000000000107e+00 1.684158715761790298e-02
1.629999999999999893e+00 1.684491332210808975e-02
1.639999999999999902e+00 1.685118569119930382e-02
1.649999999999999911e+00 1.686286132578116922e-02
1.659999999999999920e+00 1.688471039745967697e-02
1.669999999999999929e+00 1.692710920335364563e-02
1.679999999999999938e+00 1.701448895237653997e-02
1.689999999999999947e+00 1.720477906378922728e-02
1.699999999999999956e+00 1.762859019641372857e-02
1.709999999999999964e+00 1.855671001962829261e-02
1.719999999999999973e+00 2.049553856884786182e-02
1.729999999999999982e+00 2.428835495350043644e-02
1.739999999999999991e+00 3.117245780043847309e-02
1.750000000000000000e+00 4.273029096435704277e-02
1.760000000000000009e+00 6.069817507198958795e-02
1.770000000000000018e+00 8.664595697351125392e-02
1.780000000000000027e+00 1.215584244736960667e-01
1.790000000000000036e+00 1.653017913037212738e-01
1.800000000000000044e+00 2.159323948988020603e-01
1.810000000000000053e+00 2.689739708946266017e-01
1.820000000000000062e+00 3.171765376391963986e-01
1.830000000000000071e+00 3.515199012322649530e-01
1.840000000000000080e+00 3.638006636508022695e-01
1.850000000000000089e+00 3.499780156987379320e-01
1.860000000000000098e+00 3.124023473294681441e-01
1.870000000000000107e+00 2.592925480202803445e-01
1.879999999999999893e+00 2.015300428723037773e-01
1.889999999999999902e+00 1.486459853857002300e-01
1.899999999999999911e+00 1.062050316383628262e-01
1.909999999999999920e+00 7.550732190016336276e-02
1.919999999999999929e+00 5.496273588979560393e-02
1.929999999999999938e+00 4.185947482586226120e-02
1.939999999999999947e+00 3.362161150839688278e-02
1.949999999999999956e+00 2.834001681168335160e-02
1.959999999999999964e+00 2.480205154816818650e-02
1.969999999999999973e+00 2.232617711186235532e-02
1.979999999999999982e+00 2.058845029186083531e-02
1.989999999999999991e+00 1.949419628556656528e-02
2.000000000000000000e+00 1.908653424216269143e-02
2.009999999999999787e+00 1.947151478912580169e-02
2.020000000000000018e+00 2.072984820239625117e-02
2.029999999999999805e+00 2.279013055722943840e-02
2.040000000000000036e+00 2.529937806773841988e-02
2.049999999999999822e+00 2.760801051444224802e-02
2.060000000000000053e+00 2.897054280766190801e-02
2.069999999999999840e+00 2.889928109769315800e-02
2.080000000000000071e+00 2.743334128570614969e-02
2.089999999999999858e+00 2.510800216630509896e-02
2.100000000000000089e+00 2.264674623090538394e-02
2.109999999999999876e+00 2.062444132402748570e-02
2.120000000000000107e+00 1.938798397260824147e-02
2.129999999999999893e+00 1.955247689947663473e-02
2.140000000000000124e+00 2.398680135719030368e-02
2.149999999999999911e+00 4.402304034097644786e-02
2.160000000000000142e+00 1.152593812594148864e-01
2.169999999999999929e+00 3.273966809361713581e-01
2.180000000000000160e+00 8.580947100718301357e-01
2.189999999999999947e+00 1.968078959088357838e+00
2.200000000000000178e+00 3.891450881456138156e+00
2.209999999999999964e+00 6.606648817660414785e+00
2.220000000000000195e+00 9.622070028193308033e+00
2.229999999999999982e+00 1.202333202155145209e+01
2.240000000000000213e+00 1.289584939240267758e+01
2.250000000000000000e+00 1.187954016494778209e+01
2.259999999999999787e+00 9.405090867803007626e+00
2.270000000000000018e+00 6.404500319647774553e+00
2.279999999999999805e+00 3.755466624612791460e+00
2.290000000000000036e+00 1.900382009662427540e+00
2.299999999999999822e+00 8.343116654336456550e-01
2.310000000000000053e+00 3.228397799531901868e-01
2.319999999999999840e+00 1.159811789305780771e-01
2.330000000000000071e+00 4.540059620737457724e-02
2.339999999999999858e+00 2.627795835091140814e-02
2.350000000000000089e+00 2.566448964287376677e-02
2.359999999999999876e+00 3.541188885781645923e-02
2.370000000000000107e+00 5.795526970211840184e-02
2.379999999999999893e+00 9.999055246391903851e-02
2.390000000000000124e+00 1.679333746825497908e-01
2.399999999999999911e+00 2.622057384508238997e-01
2.410000000000000142e+00 3.715612339461143998e-01
2.419999999999999929e+00 4.719017783735377503e-01
2.430000000000000160e+00 5.334686157849460875e-01
2.439999999999999947e+00 5.346663205637375293e-01
2.450000000000000178e+00 4.741226042114091710e-01
2.459999999999999964e+00 3.719774673560040656e-01
2.470000000000000195e+00 2.590435721067220198e-01
2.479999999999999982e+00 1.617491064358937414e-01
2.490000000000000213e+00 9.286679753315998931e-02
2.500000000000000000e+00 5.183007054210671261e-02
2.509999999999999787e+00 3.098254157046152410e-02
2.520000000000000018e+00 2.186907438327750572e-02
2.529999999999999805e+00 1.841621143577528222e-02
2.540000000000000036e+00 1.727540388803140009e-02
2.549999999999999822e+00 1.694501537905374403e-02
2.560000000000000053e+00 1.686082141615953545e-02
2.569999999999999840e+00 1.684190261859708909e-02
2.580000000000000071e+00 1.683815327677936485e-02
2.589999999999999858e+00 1.683749889646600148e-02
2.600000000000000089e+00 1.683739857766838530e-02
2.609999999999999876e+00 1.683738511150964165e-02
2.620000000000000107e+00 1.683738353372968982e-02
2.629999999999999893e+00 1.683738337282432093e-02
2.640000000000000124e+00 1.683738335857434126e-02
2.649999999999999911e+00 1.683738335748035872e-02
2.660000000000000142e+00 1.683738335740764258e-02
2.669999999999999929e+00 1.683738335740346190e-02
2.680000000000000160e+00 1.683738335740325373e-02
2.689999999999999947e+00 1.683738335740324332e-02
2.700000000000000178e+00 1.683738335740324332e-02
2.709999999999999964e+00 1.683738335740324332e-02
2.720000000000000195e+00 1.683738335740324332e-02
2.729999999999999982e+00 1.683738335740324332e-02
2.740000000000000213e+00 1.683738335740324332e-02
2.750000000000000000e+00 1.683738335740324332e-02
2.759999999999999787e+00 1.683738335740324332e-02
2.770000000000000018e+00 1.683738335740324332e-02
2.779999999999999805e+00 1.683738335740324332e-02
2.790000000000000036e+00 1.683738335740324332e-02
2.799999999999999822e+00 1.683738335740324332e-02
2.810000000000000053e+00 1.683738335740324332e-02
2.819999999999999840e+00 1.683738335740324332e-02
2.830000000000000071e+00 1.683738335740324332e-02
2.839999999999999858e+00 1.683738335740324332e-02
2.850000000000000089e+00 1.683738335740324332e-02
2.859999999999999876e+00 1.683738335740324332e-02
2.870000000000000107e+00 1.683738335740324332e-02
2.879999999999999893e+00 1.683738335740324332e-02
2.890000000000000124e+00 1.683738335740324332e-02
2.899999999999999911e+00 1.683738335740324332e-02
2.910000000000000142e+00 1.683738335740324332e-02
2.919999999999999929e+00 1.683738335740324332e-02
2.930000000000000160e+00 1.683738335740324332e-02
2.939999999999999947e+00 1.683738335740324332e-02
2.950000000000000178e+00 1.683738335740324332e-02
2.959999999999999964e+00 1.683738335740324332e-02
2.970000000000000195e+00 1.683738335740324332e-02
2.979999999999999982e+00 1.683738335740324332e-02
2.990000000000000213e+00 1.683738335740324332e-02
3.000000000000000000e+00 1.683738335740324332e-02
3.009999999999999787e+00 1.683738335740324332e-02
3.020000000000000018e+00 1.683738335740324332e-02
3.029999999999999805e+00 1.683738335740324332e-02
3.040000000000000036e+00 1.683738335740324332e-02
3.049999999999999822e+00 1.683738335740324332e-02
3.060000000000000053e+00 1.683738335740324332e-02
3.069999999999999840e+00 1.683738335740324332e-02
3.080000000000000071e+00 1.683738335740324332e-02
3.089999999999999858e+00 1.683738335740324332e-02
3.100000000000000089e+00 1.683738335740324332e-02
3.109999999999999876e+00 1.683738335740324332e-02
3.120000000000000107e+00 1.683738335740324332e-02
3.129999999999999893e+00 1.683738335740324332e-02
3.140000000000000124e+00 1.683738335740324332e-02
3.149999999999999911e+00 1.683738335740324332e-02
3.160000000000000142e+00 1.683738335740324332e-02
3.169999999999999929e+00 1.683738335740324332e-02
3.180000000000000160e+00 1.683738335740324332e-02
3.189999999999999947e+00 1.683738335740324332e-02
3.200000000000000178e+00 1.683738335740324332e-02
3.209999999999999964e+00 1.683738335740324332e-02
3.220000000000000195e+00 1.683738335740324332e-02
3.229999999999999982e+00 1.683738335740324332e-02
3.240000000000000213e+00 1.683738335740324332e-02
3.250000000000000000e+00 1.683738335740324332e-02
3.259999999999999787e+00 1.683738335740324332e-02
3.270000000000000018e+00 1.683738335740324332e-02
3.279999999999999805e+00 1.683738335740324332e-02
3.290000000000000036e+00 1.683738335740324332e-02
3.299999999999999822e+00 1.683738335740324332e-02
3.310000000000000053e+00 1.683738335740324332e-02
3.319999999999999840e+00 1.683738335740324332e-02
3.330000000000000071e+00 1.683738335740324332e-02
3.339999999999999858e+00 1.683738335740324332e-02
3.350000000000000089e+00 1.683738335740324332e-02
3.359999999999999876e+00 1.683738335740324332e-02
3.370000000000000107e+00 1.683738335740324332e-02
3.379999999999999893e+00 1.683738335740324332e-02
3.390000000000000124e+00 1.683738335740324332e-02
3.399999999999999911e+00 1.683738335740324332e-02
3.410000000000000142e+00 1.683738335740324332e-02
3.419999999999999929e+00 1.683738335740324332e-02
3.430000000000000160e+00 1.683738335740324332e-02
3.439999999999999947e+00 1.683738335740324332e-02
3.450000000000000178e+00 1.683738335740324332e-02
3.459999999999999964e+00 1.683738335740324332e-02
3.470000000000000195e+00 1.683738335740324332e-02
3.479999999999999982e+00 1.683738335740324332e-02
3.490000000000000213e+00 1.683738335740324332e-02
3.500000000000000000e+00 1.683738335740324332e-02
3.509999999999999787e+00 1.683738335740324332e-02
3.520000000000000018e+00 1.683738335740324332e-02
3.529999999999999805e+00 1.683738335740324332e-02
3.540000000000000036e+00 1.683738335740324332e-02
3.549999999999999822e+00 1.683738335740324332e-02
3.560000000000000053e+00 1.683738335740324332e-02
3.569999999999999840e+00 1.683738335740324332e-02
3.580000000000000071e+00 1.683738335740324332e-02
3.589999999999999858e+00 1.683738335740324332e-02
3.600000000000000089e+00 1.683738335740324332e-02
3.609999999999999876e+00 1.683738335740324332e-02
3.620000000000000107e+00 1.683738335740324332e-02
3.629999999999999893e+00 1.683738335740324332e-02
3.640000000000000124e+00 1.683738335740324332e-02
3.649999999999999911e+00 1.683738335740324332e-02
3.660000000000000142e+00 1.683738335740324332e-02
3.669999999999999929e+00 1.683738335740324332e-02
3.680000000000000160e+00 1.683738335740324332e-02
3.689999999999999947e+00 1.683738335740324332e-02
3.700000000000000178e+00 1.683738335740324332e-02
3.709999999999999964e+00 1.683738335740324332e-02
3.720000000000000195e+00 1.683738335740324332e-02
3.729999999999999982e+00 1.683738335740324332e-02
3.740000000000000213e+00 1.683738335740324332e-02
3.750000000000000000e+00 1.683738335740324332e-02
3.759999999999999787e+00 1.683738335740324332e-02
3.770000000000000018e+00 1.683738335740324332e-02
3.779999999999999805e+00 1.683738335740324332e-02
3.790000000000000036e+00 1.683738335740324332e-02
3.799999999999999822e+00 1.683738335740324332e-02
3.810000000000000053e+00 1.683738335740324332e-02
3.819999999999999840e+00 1.683738335740324332e-02
3.830000000000000071e+00 1.683738335740324332e-02
3.839999999999999858e+00 1.683738335740324332e-02
3.850000000000000089e+00 1.683738335740324332e-02
3.859999999999999876e+00 1.683738335740324332e-02
3.870000000000000107e+00 1.683738335740324332e-02
3.879999999999999893e+00 1.683738335740324332e-02
3.890000000000000124e+00 1.683738335740324332e-02
3.899999999999999911e+00 1.683738335740324332e-02
3.910000000000000142e+00 1.683738335740324332e-02
3.919999999999999929e+00 1.683738335740324332e-02
3.930000000000000160e+00 1.683738335740324332e-02
3.939999999999999947e+00 1.683738335740324332e-02
3.950000000000000178e+00 1.683738335740324332e-02
3.959999999999999964e+00 1.683738335740324332e-02
3.970000000000000195e+00 1.683738335740324332e-02
3.979999999999999982e+00 1.683738335740324332e-02
3.990000000000000213e+00 1.683738335740324332e-02
4.000000000000000000e+00 1.683738335740324332e-02
4.009999999999999787e+00 1.683738335740324332e-02
4.019999999999999574e+00 1.683738335740324332e-02
4.030000000000000249e+00 1.683738335740324332e-02
4.040000000000000036e+00 1.683738335740324332e-02
4.049999999999999822e+00 1.683738335740324332e-02
4.059999999999999609e+00 1.683738335740324332e-02
4.070000000000000284e+00 1.683738335740324332e-02
4.080000000000000071e+00 1.683738335740324332e-02
4.089999999999999858e+00 1.683738335740324332e-02
4.099999999999999645e+00 1.683738335740324332e-02
4.110000000000000320e+00 1.683738335740324332e-02
4.120000000000000107e+00 1.683738335740324332e-02
4.129999999999999893e+00 1.683738335740324332e-02
4.139999999999999680e+00 1.683738335740324332e-02
4.150000000000000355e+00 1.683738335740324332e-02
4.160000000000000142e+00 1.683738335740324332e-02
4.169999999999999929e+00 1.683738335740324332e-02
4.179999999999999716e+00 1.683738335740324332e-02
4.190000000000000391e+00 1.683738335740324332e-02
4.200000000000000178e+00 1.683738335740324332e-02
4.209999999999999964e+00 1.683738335740324332e-02
4.219999999999999751e+00 1.683738335740324332e-02
4.230000000000000426e+00 1.683738335740324332e-02
4.240000000000000213e+00 1.683738335740324332e-02
4.250000000000000000e+00 1.683738335740324332e-02
4.259999999999999787e+00 1.683738335740324332e-02
4.269999999999999574e+00 1.683738335740324332e-02
4.280000000000000249e+00 1.683738335740324332e-02
4.290000000000000036e+00 1.683738335740324332e-02
4.299999999999999822e+00 1.683738335740324332e-02
4.309999999999999609e+00 1.683738335740324332e-02
4.320000000000000284e+00 1.683738335740324332e-02
4.330000000000000071e+00 1.683738335740324332e-02
4.339999999999999858e+00 1.683738335740324332e-02
4.349999999999999645e+00 1.683738335740324332e-02
4.360000000000000320e+00 1.683738335740324332e-02
4.370000000000000107e+00 1.683738335740324332e-02
4.379999999999999893e+00 1.683738335740324332e-02
4.389999999999999680e+00 1.683738335740324332e-02
4.400000000000000355e+00 1.683738335740324332e-02
4.410000000000000142e+00 1.683738335740324332e-02
4.419999999999999929e+00 1.683738335740324332e-02
4.429999999999999716e+00 1.683738335740324332e-02
4.440000000000000391e+00 1.683738335740324332e-02
4.450000000000000178e+00 1.683738335740324332e-02
4.459999999999999964e+00 1.683738335740324332e-02
4.469999999999999751e+00 1.683738335740324332e-02
4.480000000000000426e+00 1.683738335740324332e-02
4.490000000000000213e+00 1.683738335740324332e-02
4.500000000000000000e+00 1.683738335740324332e-02
4.509999999999999787e+00 1.683738335740324332e-02
4.519999999999999574e+00 1.683738335740324332e-02
4.530000000000000249e+00 1.683738335740324332e-02
4.540000000000000036e+00 1.683738335740324332e-02
4.549999999999999822e+00 1.683738335740324332e-02
4.559999999999999609e+00 1.683738335740324332e-02
4.570000000000000284e+00 1.683738335740324332e-02
4.580000000000000071e+00 1.683738335740324332e-02
4.589999999999999858e+00 1.683738335740324332e-02
4.599999999999999645e+00 1.683738335740324332e-02
4.610000000000000320e+00 1.683738335740324332e-02
4.620000000000000107e+00 1.683738335740324332e-02
4.629999999999999893e+00 1.683738335740324332e-02
4.639999999999999680e+00 1.683738335740324332e-02
4.650000000000000355e+00 1.683738335740324332e-02
4.660000000000000142e+00 1.683738335740324332e-02
4.669999999999999929e+00 1.683738335740324332e-02
4.679999999999999716e+00 1.683738335740324332e-02
4.690000000000000391e+00 1.683738335740324332e-02
4.700000000000000178e+00 1.683738335740324332e-02
4.709999999999999964e+00 1.683738335740324332e-02
4.719999999999999751e+00 1.683738335740324332e-02
4.730000000000000426e+00 1.683738335740324332e-02
4.740000000000000213e+00 1.683738335740324332e-02
4.750000000000000000e+00 1.683738335740324332e-02
4.759999999999999787e+00 1.683738335740324332e-02
4.769999999999999574e+00 1.683738335740324332e-02
4.780000000000000249e+00 1.683738335740324332e-02
4.790000000000000036e+00 1.683738335740324332e-02
4.799999999999999822e+00 1.683738335740324332e-02
4.809999999999999609e+00 1.683738335740324332e-02
4.820000000000000284e+00 1.683738335740324332e-02
4.830000000000000071e+00 1.683738335740324332e-02
4.839999999999999858e+00 1.683738335740324332e-02
4.849999999999999645e+00 1.683738335740324332e-02
4.860000000000000320e+00 1.683738335740324332e-02
4.870000000000000107e+00 1.683738335740324332e-02
4.879999999999999893e+00 1.683738335740324332e-02
4.889999999999999680e+00 1.683738335740324332e-02
4.900000000000000355e+00 1.683738335740324332e-02
4.910000000000000142e+00 1.683738335740324332e-02
4.919999999999999929e+00 1.683738335740324332e-02
4.929999999999999716e+00 1.683738335740324332e-02
4.940000000000000391e+00 1.683738335740324332e-02
4.950000000000000178e+00 1.683738335740324332e-02
4.959999999999999964e+00 1.683738335740324332e-02
4.969999999999999751e+00 1.683738335740324332e-02
4.980000000000000426e+00 1.683738335740324332e-02
4.990000000000000213e+00 1.683738335740324332e-02
5.000000000000000000e+00 1.683738335740324332e-02
5.009999999999999787e+00 1.683738335740324332e-02
5.019999999999999574e+00 1.683738335740324332e-02
5.030000000000000249e+00 1.683738335740324332e-02
5.040000000000000036e+00 1.683738335740324332e-02
5.049999999999999822e+00 1.683738335740324332e-02
5.059999999999999609e+00 1.683738335740324332e-02
5.070000000000000284e+00 1.683738335740324332e-02
5.080000000000000071e+00 1.683738335740324332e-02
5.089999999999999858e+00 1.683738335740324332e-02
5.099999999999999645e+00 1.683738335740324332e-02
5.110000000000000320e+00 1.683738335740324332e-02
5.120000000000000107e+00 1.683738335740324332e-02
5.129999999999999893e+00 1.683738335740324332e-02
5.139999999999999680e+00 1.683738335740324332e-02
5.150000000000000355e+00 1.683738335740324332e-02
5.160000000000000142e+00 1.683738335740324332e-02
5.169999999999999929e+00 1.683738335740324332e-02
5.179999999999999716e+00 1.683738335740324332e-02
5.190000000000000391e+00 1.683738335740324332e-02
5.200000000000000178e+00 1.683738335740324332e-02
5.209999999999999964e+00 1.683738335740324332e-02
5.219999999999999751e+00 1.683738335740324332e-02
5.230000000000000426e+00 1.683738335740324332e-02
5.240000000000000213e+00 1.683738335740324332e-02
5.250000000000000000e+00 1.683738335740324332e-02
5.259999999999999787e+00 1.683738335740324332e-02
5.269999999999999574e+00 1.683738335740324332e-02
5.280000000000000249e+00 1.683738335740324332e-02
5.290000000000000036e+00 1.683738335740324332e-02
5.299999999999999822e+00 1.683738335740324332e-02
5.309999999999999609e+00 1.683738335740324332e-02
5.320000000000000284e+00 1.683738335740324332e-02
5.330000000000000071e+00 1.683738335740324332e-02
5.339999999999999858e+00 1.683738335740324332e-02
5.349999999999999645e+00 1.683738335740324332e-02
5.360000000000000320e+00 1.683738335740324332e-02
5.370000000000000107e+00 1.683738335740324332e-02
5.379999999999999893e+00 1.683738335740324332e-02
5.389999999999999680e+00 1.683738335740324332e-02
5.400000000000000355e+00 1.683738335740324332e-02
5.410000000000000142e+00 1.683738335740324332e-02
5.419999999999999929e+00 1.683738335740324332e-02
5.429999999999999716e+00 1.683738335740324332e-02
5.440000000000000391e+00 1.683738335740324332e-02
5.450000000000000178e+00 1.683738335740324332e-02
5.459999999999999964e+00 1.683738335740324332e-02
5.469999999999999751e+00 1.683738335740324332e-02
5.480000000000000426e+00 1.683738335740324332e-02
5.490000000000000213e+00 1.683738335740324332e-02
5.500000000000000000e+00 1.683738335740324332e-02
5.509999999999999787e+00 1.683738335740324332e-02
5.519999999999999574e+00 1.683738335740324332e-02
5.530000000000000249e+00 1.683738335740324332e-02
5.540000000000000036e+00 1.683738335740324332e-02
5.549999999999999822e+00 1.683738335740324332e-02
5.559999999999999609e+00 1.683738335740324332e-02
5.570000000000000284e+00 1.683738335740324332e-02
5.580000000000000071e+00 1.683738335740324332e-02
5.589999999999999858e+00 1.683738335740324332e-02
5.599999999999999645e+00 1.683738335740324332e-02
5.610000000000000320e+00 1.683738335740324332e-02
5.620000000000000107e+00 1.683738335740324332e-02
5.629999999999999893e+00 1.683738335740324332e-02
5.639999999999999680e+00 1.683738335740324332e-02
5.650000000000000355e+00 1.683738335740324332e-02
5.660000000000000142e+00 1.683738335740324332e-02
5.669999999999999929e+00 1.683738335740324332e-02
5.679999999999999716e+00 1.683738335740324332e-02
5.690000000000000391e+00 1.683738335740324332e-02
5.700000000000000178e+00 1.683738335740324332e-02
5.709999999999999964e+00 1.683738335740324332e-02
5.719999999999999751e+00 1.683738335740324332e-02
5.730000000000000426e+00 1.683738335740324332e-02
5.740000000000000213e+00 1.683738335740324332e-02
5.750000000000000000e+00 1.683738335740324332e-02
5.759999999999999787e+00 1.683738335740324332e-02
5.769999999999999574e+00 1.683738335740324332e-02
5.780000000000000249e+00 1.683738335740324332e-02
5.790000000000000036e+00 1.683738335740324332e-02
5.799999999999999822e+00 1.683738335740324332e-02
5.809999999999999609e+00 1.683738335740324332e-02
5.820000000000000284e+00 1.683738335740324332e-02
5.830000000000000071e+00 1.683738335740324332e-02
5.839999999999999858e+00 1.683738335740324332e-02
5.849999999999999645e+00 1.683738335740324332e-02
5.860000000000000320e+00 1.683738335740324332e-02
5.870000000000000107e+00 1.683738335740324332e-02
5.879999999999999893e+00 1.683738335740324332e-02
5.889999999999999680e+00 1.683738335740324332e-02
5.900000000000000355e+00 1.683738335740324332e-02
5.910000000000000142e+00 1.683738335740324332e-02
5.919999999999999929e+00 1.683738335740324332e-02
5.929999999999999716e+00 1.683738335740324332e-02
5.940000000000000391e+00 1.683738335740324332e-02
5.950000000000000178e+00 1.683738335740324332e-02
5.959999999999999964e+00 1.683738335740324332e-02
5.969999999999999751e+00 1.683738335740324332e-02
5.980000000000000426e+00 1.683738335740324332e-02
5.990000000000000213e+00 1.683738335740324332e-02
6.000000000000000000e+00 1.683738335740324332e-02
6.200000000000000178e+00 1.683738335740324332e-02
6.400000000000000355e+00 1.683738335740324332e-02
6.599999999999999645e+00 1.683738335740324332e-02
6.799999999999999822e+00 1.683738335740324332e-02
7.000000000000000000e+00 0.000000000000000000e+00
