0.000000000000000000e+00 0.000000000000000000e+00
1.000000000000000021e-02 1.683738335740324332e-02
2.000000000000000042e-02 1.683738335740324332e-02
2.999999999999999889e-02 1.683738335740324332e-02
4.000000000000000083e-02 1.683738335740324332e-02
5.000000000000000278e-02 1.683738335740324332e-02
5.999999999999999778e-02 1.683738335740324332e-02
7.000000000000000666e-02 1.683738335740324332e-02
8.000000000000000167e-02 1.683738335740324332e-02
8.999999999999999667e-02 1.683738335740324332e-02
1.000000000000000056e-01 1.683738335740324332e-02
1.100000000000000006e-01 1.683738335740324332e-02
1.199999999999999956e-01 1.683738335740324332e-02
1.300000000000000044e-01 1.683738335740324332e-02
1.400000000000000133e-01 1.683738335740324332e-02
1.499999999999999944e-01 1.683738335740324332e-02
1.600000000000000033e-01 1.683738335740324332e-02
1.700000000000000122e-01 1.683738335740324332e-02
1.799999999999999933e-01 1.683738335740324332e-02
1.900000000000000022e-01 1.683738335740324332e-02
2.000000000000000111e-01 1.683738335740324332e-02
2.099999999999999922e-01 1.683738335740324332e-02
2.200000000000000011e-01 1.683738335740324332e-02
2.300000000000000100e-01 1.683738335740324332e-02
2.399999999999999911e-01 1.683738335740324332e-02
2.500000000000000000e-01 1.683738335740324332e-02
2.600000000000000089e-01 1.683738335740324332e-02
2.700000000000000178e-01 1.683738335740324332e-02
2.800000000000000266e-01 1.683738335740324332e-02
2.899999999999999800e-01 1.683738335740324332e-02
2.999999999999999889e-01 1.683738335740324332e-02
3.099999999999999978e-01 1.683738335740324332e-02
3.200000000000000067e-01 1.683738335740324332e-02
3.300000000000000155e-01 1.683738335740324332e-02
3.400000000000000244e-01 1.683738335740324332e-02
3.499999999999999778e-01 1.683738335740324332e-02
3.599999999999999867e-01 1.683738335740324332e-02
3.699999999999999956e-01 1.683738335740324332e-02
3.800000000000000044e-01 1.683738335740324332e-02
3.900000000000000133e-01 1.683738335740324332e-02
4.000000000000000222e-01 1.683738335740324332e-02
4.099999999999999756e-01 1.683738335740324332e-02
4.199999999999999845e-01 1.683738335740324332e-02
4.299999999999999933e-01 1.683738335740324332e-02
4.400000000000000022e-01 1.683738335740324332e-02
4.500000000000000111e-01 1.683738335740324332e-02
4.600000000000000200e-01 1.683738335740324332e-02
4.699999999999999734e-01 1.683738335740324332e-02
4.799999999999999822e-01 1.683738335740324332e-02
4.899999999999999911e-01 1.683738335740324332e-02
5.000000000000000000e-01 1.683738335740324332e-02
5.100000000000000089e-01 1.683738335740324332e-02
5.200000000000000178e-01 1.683738335740324332e-02
5.300000000000000266e-01 1.683738335740324332e-02
5.400000000000000355e-01 1.683738335740324332e-02
5.500000000000000444e-01 1.683738335740324332e-02
5.600000000000000533e-01 1.683738335740324332e-02
5.699999999999999512e-01 1.683738335740324332e-02
5.799999999999999600e-01 1.683738335740324332e-02
5.899999999999999689e-01 1.683738335740324332e-02
5.999999999999999778e-01 1.683738335740324332e-02
6.099999999999999867e-01 1.683738335740324332e-02
6.199999999999999956e-01 1.683738335740324332e-02
6.300000000000000044e-01 1.683738335740324332e-02
6.400000000000000133e-01 1.683738335740324332e-02
6.500000000000000222e-01 1.683738335740324332e-02
6.600000000000000311e-01 1.683738335740324332e-02
6.700000000000000400e-01 1.683738335740324332e-02
6.800000000000000488e-01 1.683738335740324332e-02
6.899999999999999467e-01 1.683738335740324332e-02
6.999999999999999556e-01 1.683738335740324332e-02
7.099999999999999645e-01 1.683738335740324332e-02
7.199999999999999734e-01 1.683738335740324332e-02
7.299999999999999822e-01 1.683738335740324332e-02
7.399999999999999911e-01 1.683738335740324332e-02
7.500000000000000000e-01 1.683738335740324332e-02
7.600000000000000089e-01 1.683738335740324332e-02
7.700000000000000178e-01 1.683738335740324332e-02
7.800000000000000266e-01 1.683738335740324332e-02
7.900000000000000355e-01 1.683738335740324332e-02
8.000000000000000444e-01 1.683738335740324332e-02
8.100000000000000533e-01 1.683738335740324332e-02
8.199999999999999512e-01 1.683738335740324332e-02
8.299999999999999600e-01 1.683738335740324332e-02
8.399999999999999689e-01 1.683738335740324332e-02
8.499999999999999778e-01 1.683738335740324332e-02
8.599999999999999867e-01 1.683738335740324332e-02
8.699999999999999956e-01 1.683738335740324332e-02
8.800000000000000044e-01 1.683738335740324332e-02
8.900000000000000133e-01 1.683738335740324332e-02
9.000000000000000222e-01 1.683738335740324332e-02
9.100000000000000311e-01 1.683738335740324332e-02
9.200000000000000400e-01 1.683738335740324332e-02
9.300000000000000488e-01 1.683738335740324332e-02
9.399999999999999467e-01 1.683738335740324332e-02
9.499999999999999556e-01 1.683738335740324679e-02
9.599999999999999645e-01 1.683738335740325720e-02
9.699999999999999734e-01 1.683738335740328149e-02
9.799999999999999822e-01 1.683738335740334394e-02
9.899999999999999911e-01 1.683738335740347924e-02
1.000000000000000000e+00 1.683738335740374639e-02
1.010000000000000009e+00 1.683738335740418007e-02
1.020000000000000018e+00 1.683738335740479763e-02
1.030000000000000027e+00 1.683738335740555050e-02
1.040000000000000036e+00 1.683738335740630684e-02
1.050000000000000044e+00 1.683738335740689665e-02
1.060000000000000053e+00 1.683738335740716727e-02
1.070000000000000062e+00 1.683738335740704931e-02
1.080000000000000071e+00 1.683738335740658093e-02
1.090000000000000080e+00 1.683738335740589745e-02
1.100000000000000089e+00 1.683738335740514805e-02
1.110000000000000098e+00 1.683738335740447845e-02
1.120000000000000107e+00 1.683738335740396150e-02
1.129999999999999893e+00 1.683738335740361802e-02
1.139999999999999902e+00 1.683738335740341679e-02
1.149999999999999911e+00 1.683738335740331618e-02
1.159999999999999920e+00 1.683738335740327108e-02
1.169999999999999929e+00 1.683738335740325373e-02
1.179999999999999938e+00 1.683738335740324679e-02
1.189999999999999947e+00 1.683738335740324332e-02
1.199999999999999956e+00 1.683738335740324332e-02
1.209999999999999964e+00 1.683738335740324332e-02
1.219999999999999973e+00 1.683738335740324332e-02
1.229999999999999982e+00 1.683738335740324332e-02
1.239999999999999991e+00 1.683738335740324332e-02
1.250000000000000000e+00 1.683738335740324679e-02
1.260000000000000009e+00 1.683738335740325373e-02
1.270000000000000018e+00 1.683738335740329189e-02
1.280000000000000027e+00 1.683738335740345843e-02
1.290000000000000036e+00 1.683738335740406905e-02
1.300000000000000044e+00 1.683738335740603276e-02
1.310000000000000053e+00 1.683738335741149020e-02
1.320000000000000062e+00 1.683738335742473655e-02
1.330000000000000071e+00 1.683738335745289805e-02
1.340000000000000080e+00 1.683738335750554690e-02
1.350000000000000089e+00 1.683738335759216512e-02
1.360000000000000098e+00 1.683738335771727684e-02
1.370000000000000107e+00 1.683738335787544893e-02
1.379999999999999893e+00 1.683738335805165173e-02
1.389999999999999902e+00 1.683738335823374913e-02
1.399999999999999911e+00 1.683738335844113879e-02
1.409999999999999920e+00 1.683738335877294628e-02
1.419999999999999929e+00 1.683738335949513942e-02
1.429999999999999938e+00 1.683738336123108414e-02
1.439999999999999947e+00 1.683738336540065508e-02
1.449999999999999956e+00 1.683738337518739595e-02
1.459999999999999964e+00 1.683738339753803118e-02
1.469999999999999973e+00 1.683738344702574719e-02
1.479999999999999982e+00 1.683738355281141560e-02
1.489999999999999991e+00 1.683738377056909902e-02
1.500000000000000000e+00 1.683738420269175612e-02
1.510000000000000009e+00 1.683738503238322096e-02
1.520000000000000018e+00 1.683738657644136272e-02
1.530000000000000027e+00 1.683738934739473225e-02
1.540000000000000036e+00 1.683739407969353508e-02
1.550000000000000044e+00 1.683740163282693159e-02
1.560000000000000053e+00 1.683741269309217692e-02
1.570000000000000062e+00 1.683742731817882907e-02
1.580000000000000071e+00 1.683744457812126616e-02
1.590000000000000080e+00 1.683746266208302478e-02
1.600000000000000089e+00 1.683747962357060035e-02
1.610000000000000098e+00 1.683749443995675651e-02
1.620000000000000107e+00 1.683750763725017779e-02
1.629999999999999893e+00 1.683752083740346073e-02
1.639999999999999902e+00 1.683753529889277581e-02
1.649999999999999911e+00 1.683755034976220158e-02
1.659999999999999920e+00 1.683756285289090410e-02
1.669999999999999929e+00 1.683756822675143774e-02
1.679999999999999938e+00 1.683756253716845938e-02
1.689999999999999947e+00 1.683754452859605177e-02
1.699999999999999956e+00 1.683751651708639482e-02
1.709999999999999964e+00 1.683748365733773664e-02
1.719999999999999973e+00 1.683745192979875863e-02
1.729999999999999982e+00 1.683742591442433101e-02
1.739999999999999991e+00 1.683740752895339018e-02
1.750000000000000000e+00 1.683739621159655725e-02
1.760000000000000009e+00 1.683739006309330904e-02
1.770000000000000018e+00 1.683738704264755096e-02
1.780000000000000027e+00 1.683738563222479320e-02
1.790000000000000036e+00 1.683738494533271179e-02
1.800000000000000044e+00 1.683738455493970915e-02
1.810000000000000053e+00 1.683738428706569798e-02
1.820000000000000062e+00 1.683738408168041628e-02
1.830000000000000071e+00 1.683738392388322083e-02
1.840000000000000080e+00 1.683738382067911932e-02
1.850000000000000089e+00 1.683738380676436455e-02
1.860000000000000098e+00 1.683738398117567286e-02
1.870000000000000107e+00 1.683738459993507422e-02
1.879999999999999893e+00 1.683738627829509116e-02
1.889999999999999902e+00 1.683739038922895878e-02
1.899999999999999911e+00 1.683739979694738945e-02
1.909999999999999920e+00 1.683742024719100602e-02
1.919999999999999929e+00 1.683746361217086304e-02
1.929999999999999938e+00 1.683755846236131143e-02
1.939999999999999947e+00 1.683779440712704356e-02
1.949999999999999956e+00 1.683852834379784280e-02
1.959999999999999964e+00 1.684134933526546668e-02
1.969999999999999973e+00 1.685337649103517410e-02
1.979999999999999982e+00 1.690491084644160646e-02
1.989999999999999991e+00 1.711495447438024162e-02
2.000000000000000000e+00 1.790783320943902662e-02
2.009999999999999787e+00 2.064273220672137310e-02
2.020000000000000018e+00 2.919697903476557374e-02
2.029999999999999805e+00 5.333850025898322078e-02
2.040000000000000036e+00 1.146003522165932181e-01
2.049999999999999822e+00 2.540676312504610013e-01
2.060000000000000053e+00 5.385814985243885245e-01
2.069999999999999840e+00 1.058572142783541947e+00
2.080000000000000071e+00 1.910284877790184632e+00
2.089999999999999858e+00 3.160335353874444753e+00
2.100000000000000089e+00 4.799832688909129175e+00
2.109999999999999876e+00 6.703488325000231285e+00
2.120000000000000107e+00 8.613277883986285133e+00
2.129999999999999893e+00 1.016752657367816681e+01
2.140000000000000124e+00 1.099019716581604911e+01
2.149999999999999911e+00 1.082781898905437679e+01
2.160000000000000142e+00 9.674724470357009665e+00
2.169999999999999929e+00 7.803082376424943511e+00
2.180000000000000160e+00 5.659148843387286298e+00
2.189999999999999947e+00 3.680261305771908908e+00
2.200000000000000178e+00 2.142935068867296788e+00
2.209999999999999964e+00 1.118165074223233857e+00
2.220000000000000195e+00 5.262339933537041325e-01
2.229999999999999982e+00 2.283147997112622563e-01
2.240000000000000213e+00 9.710484204119891605e-02
2.250000000000000000e+00 4.617298914758792561e-02
2.259999999999999787e+00 2.840490644563329822e-02
2.270000000000000018e+00 2.252249903212833956e-02
2.279999999999999805e+00 2.043236880211538389e-02
2.290000000000000036e+00 1.949361871478899264e-02
2.299999999999999822e+00 1.893055286300463977e-02
2.310000000000000053e+00 1.851277246978972127e-02
2.319999999999999840e+00 1.816301294715591541e-02
2.330000000000000071e+00 1.785647268823233394e-02
2.339999999999999858e+00 1.759027110731023122e-02
2.350000000000000089e+00 1.736843302082158660e-02
2.359999999999999876e+00 1.719380746247593794e-02
2.370000000000000107e+00 1.706499167634096051e-02
2.379999999999999893e+00 1.697627001415196596e-02
2.390000000000000124e+00 1.691911132649739566e-02
2.399999999999999911e+00 1.688431448501772139e-02
2.410000000000000142e+00 1.686391825754638210e-02
2.419999999999999929e+00 1.685216291844895270e-02
2.430000000000000160e+00 1.684542392963719187e-02
2.439999999999999947e+00 1.684160081409916132e-02
2.450000000000000178e+00 1.683949002173288148e-02
2.459999999999999964e+00 1.683837604447992881e-02
2.470000000000000195e+00 1.683782153021301520e-02
2.479999999999999982e+00 1.683756344587384809e-02
2.490000000000000213e+00 1.683745186496467955e-02
2.500000000000000000e+00 1.683740733477021717e-02
2.509999999999999787e+00 1.683739103890646155e-02
2.520000000000000018e+00 1.683738560346264429e-02
2.529999999999999805e+00 1.683738395724354575e-02
2.540000000000000036e+00 1.683738350444644732e-02
2.549999999999999822e+00 1.683738339077281432e-02
2.560000000000000053e+00 1.683738336448211900e-02
2.569999999999999840e+00 1.683738335881762582e-02
2.580000000000000071e+00 1.683738335767027278e-02
2.589999999999999858e+00 1.683738335745085801e-02
2.600000000000000089e+00 1.683738335741125428e-02
2.609999999999999876e+00 1.683738335740451661e-02
2.620000000000000107e+00 1.683738335740343761e-02
2.629999999999999893e+00 1.683738335740327108e-02
2.640000000000000124e+00 1.683738335740324679e-02
2.649999999999999911e+00 1.683738335740324332e-02
2.660000000000000142e+00 1.683738335740324332e-02
2.669999999999999929e+00 1.683738335740324332e-02
2.680000000000000160e+00 1.683738335740324332e-02
2.689999999999999947e+00 1.683738335740324332e-02
2.700000000000000178e+00 1.683738335740324332e-02
2.709999999999999964e+00 1.683738335740324332e-02
2.720000000000000195e+00 1.683738335740324332e-02
2.729999999999999982e+00 1.683738335740324332e-02
2.740000000000000213e+00 1.683738335740324332e-02
2.750000000000000000e+00 1.683738335740324332e-02
2.759999999999999787e+00 1.683738335740324332e-02
2.770000000000000018e+00 1.683738335740324332e-02
2.779999999999999805e+00 1.683738335740324332e-02
2.790000000000000036e+00 1.683738335740324332e-02
2.799999999999999822e+00 1.683738335740324332e-02
2.810000000000000053e+00 1.683738335740324332e-02
2.819999999999999840e+00 1.683738335740324332e-02
2.830000000000000071e+00 1.683738335740324332e-02
2.839999999999999858e+00 1.683738335740324332e-02
2.850000000000000089e+00 1.683738335740324332e-02
2.859999999999999876e+00 1.683738335740324332e-02
2.870000000000000107e+00 1.683738335740324332e-02
2.879999999999999893e+00 1.683738335740324332e-02
2.890000000000000124e+00 1.683738335740324332e-02
2.899999999999999911e+00 1.683738335740324332e-02
2.910000000000000142e+00 1.683738335740324332e-02
2.919999999999999929e+00 1.683738335740324332e-02
2.930000000000000160e+00 1.683738335740324332e-02
2.939999999999999947e+00 1.683738335740324332e-02
2.950000000000000178e+00 1.683738335740324332e-02
2.959999999999999964e+00 1.683738335740324332e-02
2.970000000000000195e+00 1.683738335740324332e-02
2.979999999999999982e+00 1.683738335740324332e-02
2.990000000000000213e+00 1.683738335740324332e-02
3.000000000000000000e+00 1.683738335740324332e-02
3.009999999999999787e+00 1.683738335740324332e-02
3.020000000000000018e+00 1.683738335740324332e-02
3.029999999999999805e+00 1.683738335740324332e-02
3.040000000000000036e+00 1.683738335740324332e-02
3.049999999999999822e+00 1.683738335740324332e-02
3.060000000000000053e+00 1.683738335740324332e-02
3.069999999999999840e+00 1.683738335740324332e-02
3.080000000000000071e+00 1.683738335740324332e-02
3.089999999999999858e+00 1.683738335740324332e-02
3.100000000000000089e+00 1.683738335740324332e-02
3.109999999999999876e+00 1.683738335740324332e-02
3.120000000000000107e+00 1.683738335740324332e-02
3.129999999999999893e+00 1.683738335740324332e-02
3.140000000000000124e+00 1.683738335740324332e-02
3.149999999999999911e+00 1.683738335740324332e-02
3.160000000000000142e+00 1.683738335740324332e-02
3.169999999999999929e+00 1.683738335740324332e-02
3.180000000000000160e+00 1.683738335740324332e-02
3.189999999999999947e+00 1.683738335740324332e-02
3.200000000000000178e+00 1.683738335740324332e-02
3.209999999999999964e+00 1.683738335740324332e-02
3.220000000000000195e+00 1.683738335740324332e-02
3.229999999999999982e+00 1.683738335740324332e-02
3.240000000000000213e+00 1.683738335740324332e-02
3.250000000000000000e+00 1.683738335740324332e-02
3.259999999999999787e+00 1.683738335740324332e-02
3.270000000000000018e+00 1.683738335740324332e-02
3.279999999999999805e+00 1.683738335740324332e-02
3.290000000000000036e+00 1.683738335740324332e-02
3.299999999999999822e+00 1.683738335740324332e-02
3.310000000000000053e+00 1.683738335740324332e-02
3.319999999999999840e+00 1.683738335740324332e-02
3.330000000000000071e+00 1.683738335740324332e-02
3.339999999999999858e+00 1.683738335740324332e-02
3.350000000000000089e+00 1.683738335740324332e-02
3.359999999999999876e+00 1.683738335740324332e-02
3.370000000000000107e+00 1.683738335740324332e-02
3.379999999999999893e+00 1.683738335740324332e-02
3.390000000000000124e+00 1.683738335740324332e-02
3.399999999999999911e+00 1.683738335740324332e-02
3.410000000000000142e+00 1.683738335740324332e-02
3.419999999999999929e+00 1.683738335740324332e-02
3.430000000000000160e+00 1.683738335740324332e-02
3.439999999999999947e+00 1.683738335740324332e-02
3.450000000000000178e+00 1.683738335740324332e-02
3.459999999999999964e+00 1.683738335740324332e-02
3.470000000000000195e+00 1.683738335740324332e-02
3.479999999999999982e+00 1.683738335740324332e-02
3.490000000000000213e+00 1.683738335740324332e-02
3.500000000000000000e+00 1.683738335740324332e-02
3.509999999999999787e+00 1.683738335740324332e-02
3.520000000000000018e+00 1.683738335740324332e-02
3.529999999999999805e+00 1.683738335740324332e-02
3.540000000000000036e+00 1.683738335740324332e-02
3.549999999999999822e+00 1.683738335740324332e-02
3.560000000000000053e+00 1.683738335740324332e-02
3.569999999999999840e+00 1.683738335740324332e-02
3.580000000000000071e+00 1.683738335740324332e-02
3.589999999999999858e+00 1.683738335740324332e-02
3.600000000000000089e+00 1.683738335740324332e-02
3.609999999999999876e+00 1.683738335740324332e-02
3.620000000000000107e+00 1.683738335740324332e-02
3.629999999999999893e+00 1.683738335740324332e-02
3.640000000000000124e+00 1.683738335740324332e-02
3.649999999999999911e+00 1.683738335740324332e-02
3.660000000000000142e+00 1.683738335740324332e-02
3.669999999999999929e+00 1.683738335740324332e-02
3.680000000000000160e+00 1.683738335740324332e-02
3.689999999999999947e+00 1.683738335740324332e-02
3.700000000000000178e+00 1.683738335740324332e-02
3.709999999999999964e+00 1.683738335740324332e-02
3.720000000000000195e+00 1.683738335740324332e-02
3.729999999999999982e+00 1.683738335740324332e-02
3.740000000000000213e+00 1.683738335740324332e-02
3.750000000000000000e+00 1.683738335740324332e-02
3.759999999999999787e+00 1.683738335740324332e-02
3.770000000000000018e+00 1.683738335740324332e-02
3.779999999999999805e+00 1.683738335740324332e-02
3.790000000000000036e+00 1.683738335740324332e-02
3.799999999999999822e+00 1.683738335740324332e-02
3.810000000000000053e+00 1.683738335740324332e-02
3.819999999999999840e+00 1.683738335740324332e-02
3.830000000000000071e+00 1.683738335740324332e-02
3.839999999999999858e+00 1.683738335740324332e-02
3.850000000000000089e+00 1.683738335740324332e-02
3.859999999999999876e+00 1.683738335740324332e-02
3.870000000000000107e+00 1.683738335740324332e-02
3.879999999999999893e+00 1.683738335740324332e-02
3.890000000000000124e+00 1.683738335740324332e-02
3.899999999999999911e+00 1.683738335740324332e-02
3.910000000000000142e+00 1.683738335740324332e-02
3.919999999999999929e+00 1.683738335740324332e-02
3.930000000000000160e+00 1.683738335740324332e-02
3.939999999999999947e+00 1.683738335740324332e-02
3.950000000000000178e+00 1.683738335740324332e-02
3.959999999999999964e+00 1.683738335740324332e-02
3.970000000000000195e+00 1.683738335740324332e-02
3.979999999999999982e+00 1.683738335740324332e-02
3.990000000000000213e+00 1.683738335740324332e-02
4.000000000000000000e+00 1.683738335740324332e-02
4.009999999999999787e+00 1.683738335740324332e-02
4.019999999999999574e+00 1.683738335740324332e-02
4.030000000000000249e+00 1.683738335740324332e-02
4.040000000000000036e+00 1.683738335740324332e-02
4.049999999999999822e+00 1.683738335740324332e-02
4.059999999999999609e+00 1.683738335740324332e-02
4.070000000000000284e+00 1.683738335740324332e-02
4.080000000000000071e+00 1.683738335740324332e-02
4.089999999999999858e+00 1.683738335740324332e-02
4.099999999999999645e+00 1.683738335740324332e-02
4.110000000000000320e+00 1.683738335740324332e-02
4.120000000000000107e+00 1.683738335740324332e-02
4.129999999999999893e+00 1.683738335740324332e-02
4.139999999999999680e+00 1.683738335740324332e-02
4.150000000000000355e+00 1.683738335740324332e-02
4.160000000000000142e+00 1.683738335740324332e-02
4.169999999999999929e+00 1.683738335740324332e-02
4.179999999999999716e+00 1.683738335740324332e-02
4.190000000000000391e+00 1.683738335740324332e-02
4.200000000000000178e+00 1.683738335740324332e-02
4.209999999999999964e+00 1.683738335740324332e-02
4.219999999999999751e+00 1.683738335740324332e-02
4.230000000000000426e+00 1.683738335740324332e-02
4.240000000000000213e+00 1.683738335740324332e-02
4.250000000000000000e+00 1.683738335740324332e-02
4.259999999999999787e+00 1.683738335740324332e-02
4.269999999999999574e+00 1.683738335740324332e-02
4.280000000000000249e+00 1.683738335740324332e-02
4.290000000000000036e+00 1.683738335740324332e-02
4.299999999999999822e+00 1.683738335740324332e-02
4.309999999999999609e+00 1.683738335740324332e-02
4.320000000000000284e+00 1.683738335740324332e-02
4.330000000000000071e+00 1.683738335740324332e-02
4.339999999999999858e+00 1.683738335740324332e-02
4.349999999999999645e+00 1.683738335740324332e-02
4.360000000000000320e+00 1.683738335740324332e-02
4.370000000000000107e+00 1.683738335740324332e-02
4.379999999999999893e+00 1.683738335740324332e-02
4.389999999999999680e+00 1.683738335740324332e-02
4.400000000000000355e+00 1.683738335740324332e-02
4.410000000000000142e+00 1.683738335740324332e-02
4.419999999999999929e+00 1.683738335740324332e-02
4.429999999999999716e+00 1.683738335740324332e-02
4.440000000000000391e+00 1.683738335740324332e-02
4.450000000000000178e+00 1.683738335740324332e-02
4.459999999999999964e+00 1.683738335740324332e-02
4.469999999999999751e+00 1.683738335740324332e-02
4.480000000000000426e+00 1.683738335740324332e-02
4.490000000000000213e+00 1.683738335740324332e-02
4.500000000000000000e+00 1.683738335740324332e-02
4.509999999999999787e+00 1.683738335740324332e-02
4.519999999999999574e+00 1.683738335740324332e-02
4.530000000000000249e+00 1.683738335740324332e-02
4.540000000000000036e+00 1.683738335740324332e-02
4.549999999999999822e+00 1.683738335740324332e-02
4.559999999999999609e+00 1.683738335740324332e-02
4.570000000000000284e+00 1.683738335740324332e-02
4.580000000000000071e+00 1.683738335740324332e-02
4.589999999999999858e+00 1.683738335740324332e-02
4.599999999999999645e+00 1.683738335740324332e-02
4.610000000000000320e+00 1.683738335740324332e-02
4.620000000000000107e+00 1.683738335740324332e-02
4.629999999999999893e+00 1.683738335740324332e-02
4.639999999999999680e+00 1.683738335740324332e-02
4.650000000000000355e+00 1.683738335740324332e-02
4.660000000000000142e+00 1.683738335740324332e-02
4.669999999999999929e+00 1.683738335740324332e-02
4.679999999999999716e+00 1.683738335740324332e-02
4.690000000000000391e+00 1.683738335740324332e-02
4.700000000000000178e+00 1.683738335740324332e-02
4.709999999999999964e+00 1.683738335740324332e-02
4.719999999999999751e+00 1.683738335740324332e-02
4.730000000000000426e+00 1.683738335740324332e-02
4.740000000000000213e+00 1.683738335740324332e-02
4.750000000000000000e+00 1.683738335740324332e-02
4.759999999999999787e+00 1.683738335740324332e-02
4.769999999999999574e+00 1.683738335740324332e-02
4.780000000000000249e+00 1.683738335740324332e-02
4.790000000000000036e+00 1.683738335740324332e-02
4.799999999999999822e+00 1.683738335740324332e-02
4.809999999999999609e+00 1.683738335740324332e-02
4.820000000000000284e+00 1.683738335740324332e-02
4.830000000000000071e+00 1.683738335740324332e-02
4.839999999999999858e+00 1.683738335740324332e-02
4.849999999999999645e+00 1.683738335740324332e-02
4.860000000000000320e+00 1.683738335740324332e-02
4.870000000000000107e+00 1.683738335740324332e-02
4.879999999999999893e+00 1.683738335740324332e-02
4.889999999999999680e+00 1.683738335740324332e-02
4.900000000000000355e+00 1.683738335740324332e-02
4.910000000000000142e+00 1.683738335740324332e-02
4.919999999999999929e+00 1.683738335740324332e-02
4.929999999999999716e+00 1.683738335740324332e-02
4.940000000000000391e+00 1.683738335740324332e-02
4.950000000000000178e+00 1.683738335740324332e-02
4.959999999999999964e+00 1.683738335740324332e-02
4.969999999999999751e+00 1.683738335740324332e-02
4.980000000000000426e+00 1.683738335740324332e-02
4.990000000000000213e+00 1.683738335740324332e-02
5.000000000000000000e+00 1.683738335740324332e-02
5.009999999999999787e+00 1.683738335740324332e-02
5.019999999999999574e+00 1.683738335740324332e-02
5.030000000000000249e+00 1.683738335740324332e-02
5.040000000000000036e+00 1.683738335740324332e-02
5.049999999999999822e+00 1.683738335740324332e-02
5.059999999999999609e+00 1.683738335740324332e-02
5.070000000000000284e+00 1.683738335740324332e-02
5.080000000000000071e+00 1.683738335740324332e-02
5.089999999999999858e+00 1.683738335740324332e-02
5.099999999999999645e+00 1.683738335740324332e-02
5.110000000000000320e+00 1.683738335740324332e-02
5.120000000000000107e+00 1.683738335740324332e-02
5.129999999999999893e+00 1.683738335740324332e-02
5.139999999999999680e+00 1.683738335740324332e-02
5.150000000000000355e+00 1.683738335740324332e-02
5.160000000000000142e+00 1.683738335740324332e-02
5.169999999999999929e+00 1.683738335740324332e-02
5.179999999999999716e+00 1.683738335740324332e-02
5.190000000000000391e+00 1.683738335740324332e-02
5.200000000000000178e+00 1.683738335740324332e-02
5.209999999999999964e+00 1.683738335740324332e-02
5.219999999999999751e+00 1.683738335740324332e-02
5.230000000000000426e+00 1.683738335740324332e-02
5.240000000000000213e+00 1.683738335740324332e-02
5.250000000000000000e+00 1.683738335740324332e-02
5.259999999999999787e+00 1.683738335740324332e-02
5.269999999999999574e+00 1.683738335740324332e-02
5.280000000000000249e+00 1.683738335740324332e-02
5.290000000000000036e+00 1.683738335740324332e-02
5.299999999999999822e+00 1.683738335740324332e-02
5.309999999999999609e+00 1.683738335740324332e-02
5.320000000000000284e+00 1.683738335740324332e-02
5.330000000000000071e+00 1.683738335740324332e-02
5.339999999999999858e+00 1.683738335740324332e-02
5.349999999999999645e+00 1.683738335740324332e-02
5.360000000000000320e+00 1.683738335740324332e-02
5.370000000000000107e+00 1.683738335740324332e-02
5.379999999999999893e+00 1.683738335740324332e-02
5.389999999999999680e+00 1.683738335740324332e-02
5.400000000000000355e+00 1.683738335740324332e-02
5.410000000000000142e+00 1.683738335740324332e-02
5.419999999999999929e+00 1.683738335740324332e-02
5.429999999999999716e+00 1.683738335740324332e-02
5.440000000000000391e+00 1.683738335740324332e-02
5.450000000000000178e+00 1.683738335740324332e-02
5.459999999999999964e+00 1.683738335740324332e-02
5.469999999999999751e+00 1.683738335740324332e-02
5.480000000000000426e+00 1.683738335740324332e-02
5.490000000000000213e+00 1.683738335740324332e-02
5.500000000000000000e+00 1.683738335740324332e-02
5.509999999999999787e+00 1.683738335740324332e-02
5.519999999999999574e+00 1.683738335740324332e-02
5.530000000000000249e+00 1.683738335740324332e-02
5.540000000000000036e+00 1.683738335740324332e-02
5.549999999999999822e+00 1.683738335740324332e-02
5.559999999999999609e+00 1.683738335740324332e-02
5.570000000000000284e+00 1.683738335740324332e-02
5.580000000000000071e+00 1.683738335740324332e-02
5.589999999999999858e+00 1.683738335740324332e-02
5.599999999999999645e+00 1.683738335740324332e-02
5.610000000000000320e+00 1.683738335740324332e-02
5.620000000000000107e+00 1.683738335740324332e-02
5.629999999999999893e+00 1.683738335740324332e-02
5.639999999999999680e+00 1.683738335740324332e-02
5.650000000000000355e+00 1.683738335740324332e-02
5.660000000000000142e+00 1.683738335740324332e-02
5.669999999999999929e+00 1.683738335740324332e-02
5.679999999999999716e+00 1.683738335740324332e-02
5.690000000000000391e+00 1.683738335740324332e-02
5.700000000000000178e+00 1.683738335740324332e-02
5.709999999999999964e+00 1.683738335740324332e-02
5.719999999999999751e+00 1.683738335740324332e-02
5.730000000000000426e+00 1.683738335740324332e-02
5.740000000000000213e+00 1.683738335740324332e-02
5.750000000000000000e+00 1.683738335740324332e-02
5.759999999999999787e+00 1.683738335740324332e-02
5.769999999999999574e+00 1.683738335740324332e-02
5.780000000000000249e+00 1.683738335740324332e-02
5.790000000000000036e+00 1.683738335740324332e-02
5.799999999999999822e+00 1.683738335740324332e-02
5.809999999999999609e+00 1.683738335740324332e-02
5.820000000000000284e+00 1.683738335740324332e-02
5.830000000000000071e+00 1.683738335740324332e-02
5.839999999999999858e+00 1.683738335740324332e-02
5.849999999999999645e+00 1.683738335740324332e-02
5.860000000000000320e+00 1.683738335740324332e-02
5.870000000000000107e+00 1.683738335740324332e-02
5.879999999999999893e+00 1.683738335740324332e-02
5.889999999999999680e+00 1.683738335740324332e-02
5.900000000000000355e+00 1.683738335740324332e-02
5.910000000000000142e+00 1.683738335740324332e-02
5.919999999999999929e+00 1.683738335740324332e-02
5.929999999999999716e+00 1.683738335740324332e-02
5.940000000000000391e+00 1.683738335740324332e-02
5.950000000000000178e+00 1.683738335740324332e-02
5.959999999999999964e+00 1.683738335740324332e-02
5.969999999999999751e+00 1.683738335740324332e-02
5.980000000000000426e+00 1.683738335740324332e-02
5.990000000000000213e+00 1.683738335740324332e-02
6.000000000000000000e+00 1.683738335740324332e-02
6.200000000000000178e+00 1.683738335740324332e-02
6.400000000000000355e+00 1.683738335740324332e-02
6.599999999999999645e+00 1.683738335740324332e-02
6.799999999999999822e+00 1.683738335740324332e-02
7.000000000000000000e+00 0.000000000000000000e+00
