0.000000000000000000e+00 0.000000000000000000e+00
1.000000000000000021e-02 1.683738390113044547e-02
2.000000000000000042e-02 1.683738471278762444e-02
2.999999999999999889e-02 1.683738647058139609e-02
4.000000000000000083e-02 1.683738973347746748e-02
5.000000000000000278e-02 1.683739498391456646e-02
5.999999999999999778e-02 1.683740242950019020e-02
7.000000000000000666e-02 1.683741196308550028e-02
8.000000000000000167e-02 1.683742339712701944e-02
8.999999999999999667e-02 1.683743695432405804e-02
1.000000000000000056e-01 1.683745390620007207e-02
1.100000000000000006e-01 1.683747723644998112e-02
1.199999999999999956e-01 1.683751228888178894e-02
1.300000000000000044e-01 1.683756758652583951e-02
1.400000000000000133e-01 1.683765620913047628e-02
1.499999999999999944e-01 1.683779793534329050e-02
1.600000000000000033e-01 1.683802181898826078e-02
1.700000000000000122e-01 1.683836857985393509e-02
1.799999999999999933e-01 1.683889256716881652e-02
1.900000000000000022e-01 1.683966366139473536e-02
2.000000000000000111e-01 1.684076951796006916e-02
2.099999999999999922e-01 1.684231781258390542e-02
2.200000000000000011e-01 1.684443724210898247e-02
2.300000000000000100e-01 1.684727606760915916e-02
2.399999999999999911e-01 1.685099885973951467e-02
2.500000000000000000e-01 1.685578522000526561e-02
2.600000000000000089e-01 1.686183563200713623e-02
2.700000000000000178e-01 1.686938580004893398e-02
2.800000000000000266e-01 1.687872215952006955e-02
2.899999999999999800e-01 1.689018348089950730e-02
2.999999999999999889e-01 1.690413381443359175e-02
3.099999999999999978e-01 1.692090308548010319e-02
3.200000000000000067e-01 1.694071005836397803e-02
3.300000000000000155e-01 1.696359982345289202e-02
3.400000000000000244e-01 1.698943168978685539e-02
3.499999999999999778e-01 1.701793373590331643e-02
3.599999999999999867e-01 1.704880637674407312e-02
3.699999999999999956e-01 1.708183686625995221e-02
3.800000000000000044e-01 1.711699617121158548e-02
3.900000000000000133e-01 1.715450885613044665e-02
4.000000000000000222e-01 1.719488094748826065e-02
4.099999999999999756e-01 1.723884459200728664e-02
4.199999999999999845e-01 1.728718410793310400e-02
4.299999999999999933e-01 1.734047736940963827e-02
4.400000000000000022e-01 1.739886878578825180e-02
4.500000000000000111e-01 1.746200291522297457e-02
4.600000000000000200e-01 1.752917934371698086e-02
4.699999999999999734e-01 1.759969763731910469e-02
4.799999999999999822e-01 1.767328382490675892e-02
4.899999999999999911e-01 1.775043339286010158e-02
5.000000000000000000e-01 1.783250313414473653e-02
5.100000000000000089e-01 1.792146610776658433e-02
5.200000000000000178e-01 1.801937158588985330e-02
5.300000000000000266e-01 1.812767369218287045e-02
5.400000000000000355e-01 1.824671278851022066e-02
5.500000000000000444e-01 1.837571552717269865e-02
5.600000000000000533e-01 1.851357677401539378e-02
5.699999999999999512e-01 1.866031794755359033e-02
5.799999999999999600e-01 1.881861959958913352e-02
5.899999999999999689e-01 1.899443236435707089e-02
5.999999999999999778e-01 1.919557288301466935e-02
6.099999999999999867e-01 1.942768230345480115e-02
6.199999999999999956e-01 1.968827244885828706e-02
6.300000000000000044e-01 1.996156285670627750e-02
6.400000000000000133e-01 2.021812792506113080e-02
6.500000000000000222e-01 2.042229329661666981e-02
6.600000000000000311e-01 2.054611904641551537e-02
6.700000000000000400e-01 2.058349846714071021e-02
6.800000000000000488e-01 2.055551326900782738e-02
6.899999999999999467e-01 2.050233548078619558e-02
6.999999999999999556e-01 2.046610210308726779e-02
7.099999999999999645e-01 2.047574812192024321e-02
7.199999999999999734e-01 2.054228421401029653e-02
7.299999999999999822e-01 2.066394165485942874e-02
7.399999999999999911e-01 2.083402043370211759e-02
7.500000000000000000e-01 2.104538175829182706e-02
7.600000000000000089e-01 2.129091909047266598e-02
7.700000000000000178e-01 2.156272529206079702e-02
7.800000000000000266e-01 2.185209866952348909e-02
7.900000000000000355e-01 2.215058916328012384e-02
8.000000000000000444e-01 2.245141292841607364e-02
8.100000000000000533e-01 2.275063995931794411e-02
8.199999999999999512e-01 2.304766215589407544e-02
8.299999999999999600e-01 2.334462540108846185e-02
8.399999999999999689e-01 2.364509590829876398e-02
8.499999999999999778e-01 2.395283537595037024e-02
8.599999999999999867e-01 2.427154780502568943e-02
8.699999999999999956e-01 2.460575424868789024e-02
8.800000000000000044e-01 2.496195024847512253e-02
8.900000000000000133e-01 2.534854355535664377e-02
9.000000000000000222e-01 2.577355686353521164e-02
9.100000000000000311e-01 2.624093847285243961e-02
9.200000000000000400e-01 2.674827192393816958e-02
9.300000000000000488e-01 2.728857051571377534e-02
9.399999999999999467e-01 2.785593579679831663e-02
9.499999999999999556e-01 2.845126281945864477e-02
9.599999999999999645e-01 2.908343189423993197e-02
9.699999999999999734e-01 2.976488790763644893e-02
9.799999999999999822e-01 3.050519541327768869e-02
9.899999999999999911e-01 3.130736352405955741e-02
1.000000000000000000e+00 3.216830474576743565e-02
1.010000000000000009e+00 3.308071698235335450e-02
1.020000000000000018e+00 3.403353839500740385e-02
1.030000000000000027e+00 3.501190625545361895e-02
1.040000000000000036e+00 3.600100705575470100e-02
1.050000000000000044e+00 3.699761532955071763e-02
1.060000000000000053e+00 3.802890945350019536e-02
1.070000000000000062e+00 3.917433537161079532e-02
1.080000000000000071e+00 4.058573497369426242e-02
1.090000000000000080e+00 4.249989807592157581e-02
1.100000000000000089e+00 4.522874322189678054e-02
1.110000000000000098e+00 4.910037839447625729e-02
1.120000000000000107e+00 5.433518281427630187e-02
1.129999999999999893e+00 6.089340754548122625e-02
1.139999999999999902e+00 6.839015420913535648e-02
1.149999999999999911e+00 7.616507970442584763e-02
1.159999999999999920e+00 8.349485130183140202e-02
1.169999999999999929e+00 8.983055944105618196e-02
1.179999999999999938e+00 9.493402375680587424e-02
1.189999999999999947e+00 9.887252113555966559e-02
1.199999999999999956e+00 1.019152497121039447e-01
1.209999999999999964e+00 1.043970185046832616e-01
1.219999999999999973e+00 1.065993937788333318e-01
1.229999999999999982e+00 1.086835416933163850e-01
1.239999999999999991e+00 1.106904554711196920e-01
1.250000000000000000e+00 1.125947898114107310e-01
1.260000000000000009e+00 1.143745042912325399e-01
1.270000000000000018e+00 1.160587169013161390e-01
1.280000000000000027e+00 1.177359692364978866e-01
1.290000000000000036e+00 1.195273219794805442e-01
1.300000000000000044e+00 1.215431306527604560e-01
1.310000000000000053e+00 1.238461575060709752e-01
1.320000000000000062e+00 1.264361783671105188e-01
1.330000000000000071e+00 1.292572864911910868e-01
1.340000000000000080e+00 1.322194105817923737e-01
1.350000000000000089e+00 1.352259906008876633e-01
1.360000000000000098e+00 1.382036972675242115e-01
1.370000000000000107e+00 1.411273774322351071e-01
1.379999999999999893e+00 1.440258359860222270e-01
1.389999999999999902e+00 1.469566147234650511e-01
1.399999999999999911e+00 1.499594515080081014e-01
1.409999999999999920e+00 1.530222329616812427e-01
1.419999999999999929e+00 1.560898671465682230e-01
1.429999999999999938e+00 1.591098076518473459e-01
1.439999999999999947e+00 1.620727872074755327e-01
1.449999999999999956e+00 1.650127163797671381e-01
1.459999999999999964e+00 1.679710136416244504e-01
1.469999999999999973e+00 1.709641013566090828e-01
1.479999999999999982e+00 1.739873979260138093e-01
1.489999999999999991e+00 1.770574108306295913e-01
1.500000000000000000e+00 1.802685401985716085e-01
1.510000000000000009e+00 1.838391043437944961e-01
1.520000000000000018e+00 1.881324919208992863e-01
1.530000000000000027e+00 1.936451418314126538e-01
1.540000000000000036e+00 2.009449531257432309e-01
1.550000000000000044e+00 2.105390012486336448e-01
1.560000000000000053e+00 2.226809010229277852e-01
1.570000000000000062e+00 2.371973078979978666e-01
1.580000000000000071e+00 2.534557237676781094e-01
1.590000000000000080e+00 2.705362176492652204e-01
1.600000000000000089e+00 2.875286214137283136e-01
1.610000000000000098e+00 3.037807355502137874e-01
1.620000000000000107e+00 3.189668929414358201e-01
1.629999999999999893e+00 3.329821762659826434e-01
1.639999999999999902e+00 3.457704150670767862e-01
1.649999999999999911e+00 3.571995103939890059e-01
1.659999999999999920e+00 3.670376906498722946e-01
1.669999999999999929e+00 3.750208906697323763e-01
1.679999999999999938e+00 3.809674941653265479e-01
1.689999999999999947e+00 3.848889216108846156e-01
1.699999999999999956e+00 3.870479181737083718e-01
1.709999999999999964e+00 3.879308066858017656e-01
1.719999999999999973e+00 3.881366910197889264e-01
1.729999999999999982e+00 3.882354799427014114e-01
1.739999999999999991e+00 3.886685981913788335e-01
1.750000000000000000e+00 3.897348512678875943e-01
1.760000000000000009e+00 3.916388013297653625e-01
1.770000000000000018e+00 3.945282048904348859e-01
1.780000000000000027e+00 3.984517868883055147e-01
1.790000000000000036e+00 4.032405321365132300e-01
1.800000000000000044e+00 4.084106958932474662e-01
1.810000000000000053e+00 4.132096724977232238e-01
1.820000000000000062e+00 4.168251716404450247e-01
1.830000000000000071e+00 4.186388988063727834e-01
1.840000000000000080e+00 4.183730525362199804e-01
1.850000000000000089e+00 4.160778618014222552e-01
1.860000000000000098e+00 4.120225083244429265e-01
1.870000000000000107e+00 4.065752283945755496e-01
1.879999999999999893e+00 4.001102897719390206e-01
1.889999999999999902e+00 3.929402743045897761e-01
1.899999999999999911e+00 3.852741476848794422e-01
1.909999999999999920e+00 3.772140281452187049e-01
1.919999999999999929e+00 3.687928343195147063e-01
1.929999999999999938e+00 3.600281172793510787e-01
1.939999999999999947e+00 3.509560616927769883e-01
1.949999999999999956e+00 3.416285393993294672e-01
1.959999999999999964e+00 3.320864895387992122e-01
1.969999999999999973e+00 3.223360113328651577e-01
1.979999999999999982e+00 3.123424503339525260e-01
1.989999999999999991e+00 3.020403025626742788e-01
2.000000000000000000e+00 2.913505743007924753e-01
2.009999999999999787e+00 2.802009030221976338e-01
2.020000000000000018e+00 2.685453015116452957e-01
2.029999999999999805e+00 2.563770511250950124e-01
2.040000000000000036e+00 2.437295861033998423e-01
2.049999999999999822e+00 2.306711664680496376e-01
2.060000000000000053e+00 2.173082906581258189e-01
2.069999999999999840e+00 2.038052649736860622e-01
2.080000000000000071e+00 1.904067950577703894e-01
2.089999999999999858e+00 1.774381731198280132e-01
2.100000000000000089e+00 1.652675057913681467e-01
2.109999999999999876e+00 1.542371016320277233e-01
2.120000000000000107e+00 1.445873485581229689e-01
2.129999999999999893e+00 1.363989673620545073e-01
2.140000000000000124e+00 1.295740807413944262e-01
2.149999999999999911e+00 1.238661982423212155e-01
2.160000000000000142e+00 1.189519875462234227e-01
2.169999999999999929e+00 1.145192913084138731e-01
2.180000000000000160e+00 1.103405506963032190e-01
2.189999999999999947e+00 1.063143717203853811e-01
2.200000000000000178e+00 1.024783499926228830e-01
2.209999999999999964e+00 9.900449136044797704e-02
2.220000000000000195e+00 9.617671585528807243e-02
2.229999999999999982e+00 9.433290625214731107e-02
2.240000000000000213e+00 9.376192960046400571e-02
2.250000000000000000e+00 9.458865808305427780e-02
2.259999999999999787e+00 9.671723239527778293e-02
2.270000000000000018e+00 9.988043686119835174e-02
2.279999999999999805e+00 1.037676583956234494e-01
2.290000000000000036e+00 1.081489387794353774e-01
2.299999999999999822e+00 1.129313983707597585e-01
2.310000000000000053e+00 1.181482061562884461e-01
2.319999999999999840e+00 1.239224115136782073e-01
2.330000000000000071e+00 1.304389480124552858e-01
2.339999999999999858e+00 1.379212606305897926e-01
2.350000000000000089e+00 1.465852444989474701e-01
2.359999999999999876e+00 1.565568105913553165e-01
2.370000000000000107e+00 1.677805888012168511e-01
2.379999999999999893e+00 1.799766186289147030e-01
2.390000000000000124e+00 1.926849574552231825e-01
2.399999999999999911e+00 2.053840350392021064e-01
2.410000000000000142e+00 2.176229093460732289e-01
2.419999999999999929e+00 2.291021048538028348e-01
2.430000000000000160e+00 2.396626983365924279e-01
2.439999999999999947e+00 2.491779062698516456e-01
2.450000000000000178e+00 2.573865199722866759e-01
2.459999999999999964e+00 2.637627282765001580e-01
2.470000000000000195e+00 2.675426823141154320e-01
2.479999999999999982e+00 2.679706165546477670e-01
2.490000000000000213e+00 2.646890152392213924e-01
2.500000000000000000e+00 2.580655705078532813e-01
2.509999999999999787e+00 2.492398755334439275e-01
2.520000000000000018e+00 2.398259339691463377e-01
2.529999999999999805e+00 2.314251470578495840e-01
2.540000000000000036e+00 2.252133326014754133e-01
2.549999999999999822e+00 2.217789034706306173e-01
2.560000000000000053e+00 2.212028736241314075e-01
2.569999999999999840e+00 2.232498310395712171e-01
2.580000000000000071e+00 2.275454500376988265e-01
2.589999999999999858e+00 2.336891581342316615e-01
2.600000000000000089e+00 2.413095273482101233e-01
2.609999999999999876e+00 2.500876864335204730e-01
2.620000000000000107e+00 2.597663318677594368e-01
2.629999999999999893e+00 2.701508563390468964e-01
2.640000000000000124e+00 2.811043131992290167e-01
2.649999999999999911e+00 2.925377756922324379e-01
2.660000000000000142e+00 3.043979571387299132e-01
2.669999999999999929e+00 3.166526747882806303e-01
2.680000000000000160e+00 3.292732337946661647e-01
2.689999999999999947e+00 3.422163768704444831e-01
2.700000000000000178e+00 3.554188415836548876e-01
2.709999999999999964e+00 3.688221190788581461e-01
2.720000000000000195e+00 3.824259739694787497e-01
2.729999999999999982e+00 3.963333119075493904e-01
2.740000000000000213e+00 4.107345889015489027e-01
2.750000000000000000e+00 4.258167054584658939e-01
2.759999999999999787e+00 4.416444458974996268e-01
2.770000000000000018e+00 4.580912126723937772e-01
2.779999999999999805e+00 4.748630386130668901e-01
2.790000000000000036e+00 4.916003454313024879e-01
2.799999999999999822e+00 5.080028653781021308e-01
2.810000000000000053e+00 5.239178290944472849e-01
2.819999999999999840e+00 5.393528721413062277e-01
2.830000000000000071e+00 5.544171831816085971e-01
2.839999999999999858e+00 5.692385390960383873e-01
2.850000000000000089e+00 5.839148425097103745e-01
2.859999999999999876e+00 5.985218020270909323e-01
2.870000000000000107e+00 6.131461134572723237e-01
2.879999999999999893e+00 6.278976951943295859e-01
2.890000000000000124e+00 6.428908404066017157e-01
2.899999999999999911e+00 6.582301599220841126e-01
2.910000000000000142e+00 6.740334913759687963e-01
2.919999999999999929e+00 6.904650232349603955e-01
2.930000000000000160e+00 7.077057964707564874e-01
2.939999999999999947e+00 7.258254512256768765e-01
2.950000000000000178e+00 7.446204908776540288e-01
2.959999999999999964e+00 7.635485318340744509e-01
2.970000000000000195e+00 7.818360655857419239e-01
2.979999999999999982e+00 7.987070551319880307e-01
2.990000000000000213e+00 8.135950841575604331e-01
3.000000000000000000e+00 8.262407095580422967e-01
3.009999999999999787e+00 8.366837635150202734e-01
3.020000000000000018e+00 8.452147560529932324e-01
3.029999999999999805e+00 8.523029988254353650e-01
3.040000000000000036e+00 8.584558814587691655e-01
3.049999999999999822e+00 8.639947635215774469e-01
3.060000000000000053e+00 8.688449787404701752e-01
3.069999999999999840e+00 8.724908262323809449e-01
3.080000000000000071e+00 8.741513197099348709e-01
3.089999999999999858e+00 8.730763656076816481e-01
3.100000000000000089e+00 8.688010651908274484e-01
3.109999999999999876e+00 8.612600981852504001e-01
3.120000000000000107e+00 8.507589477558064051e-01
3.129999999999999893e+00 8.378467959535186305e-01
3.140000000000000124e+00 8.231458997687287615e-01
3.149999999999999911e+00 8.071963061814776408e-01
3.160000000000000142e+00 7.903703972355679008e-01
3.169999999999999929e+00 7.728806653903852464e-01
3.180000000000000160e+00 7.548544730539752390e-01
3.189999999999999947e+00 7.364168297214280789e-01
3.200000000000000178e+00 7.177302665379475810e-01
3.209999999999999964e+00 6.989755619877704440e-01
3.220000000000000195e+00 6.802876222028102493e-01
3.229999999999999982e+00 6.616775049751071336e-01
3.240000000000000213e+00 6.429845177563091596e-01
3.250000000000000000e+00 6.239074241859344783e-01
3.259999999999999787e+00 6.041356891079487923e-01
3.270000000000000018e+00 5.835346190640345876e-01
3.279999999999999805e+00 5.622786129111919662e-01
3.290000000000000036e+00 5.408387244318499931e-01
3.299999999999999822e+00 5.198219892571583900e-01
3.310000000000000053e+00 4.997585437350960946e-01
3.319999999999999840e+00 4.809552243561831530e-01
3.330000000000000071e+00 4.634717045745428421e-01
3.339999999999999858e+00 4.471932446713129949e-01
3.350000000000000089e+00 4.319363571528733181e-01
3.359999999999999876e+00 4.175345244571674330e-01
3.370000000000000107e+00 4.038777310744011695e-01
3.379999999999999893e+00 3.909020296242617376e-01
3.390000000000000124e+00 3.785455576812582490e-01
3.399999999999999911e+00 3.667042197292743611e-01
3.410000000000000142e+00 3.552208230446822212e-01
3.419999999999999929e+00 3.439195483037847945e-01
3.430000000000000160e+00 3.326666661655489077e-01
3.439999999999999947e+00 3.214203462784246401e-01
3.450000000000000178e+00 3.102377985746688771e-01
3.459999999999999964e+00 2.992302741996398230e-01
3.470000000000000195e+00 2.884825541517091474e-01
3.479999999999999982e+00 2.779740230603295892e-01
3.490000000000000213e+00 2.675468741142104645e-01
3.500000000000000000e+00 2.569563690297589353e-01
3.509999999999999787e+00 2.460035903860303685e-01
3.520000000000000018e+00 2.346998444254596861e-01
3.529999999999999805e+00 2.233714654598947524e-01
3.540000000000000036e+00 2.126235646824509717e-01
3.549999999999999822e+00 2.031553329812052777e-01
3.560000000000000053e+00 1.955141909091105135e-01
3.569999999999999840e+00 1.899159011107558193e-01
3.580000000000000071e+00 1.862091500390587739e-01
3.589999999999999858e+00 1.839707111853828014e-01
3.600000000000000089e+00 1.826561153011540539e-01
3.609999999999999876e+00 1.817334021780532272e-01
3.620000000000000107e+00 1.807680459124997585e-01
3.629999999999999893e+00 1.794626569167358798e-01
3.640000000000000124e+00 1.776662725171551938e-01
3.649999999999999911e+00 1.753626103815592308e-01
3.660000000000000142e+00 1.726400636678097344e-01
3.669999999999999929e+00 1.696470019346540958e-01
3.680000000000000160e+00 1.665425724702863652e-01
3.689999999999999947e+00 1.634577927213936022e-01
3.700000000000000178e+00 1.604777111780342491e-01
3.709999999999999964e+00 1.576444733769084006e-01
3.720000000000000195e+00 1.549718291196008069e-01
3.729999999999999982e+00 1.524604978206185457e-01
3.740000000000000213e+00 1.501093376403541402e-01
3.750000000000000000e+00 1.479227268573242993e-01
3.759999999999999787e+00 1.459154532728487719e-01
3.770000000000000018e+00 1.441142729983848070e-01
3.779999999999999805e+00 1.425544887449042564e-01
3.790000000000000036e+00 1.412716822847614739e-01
3.799999999999999822e+00 1.402907042395975246e-01
3.810000000000000053e+00 1.396145399406723553e-01
3.819999999999999840e+00 1.392156392364524153e-01
3.830000000000000071e+00 1.390324092351276630e-01
3.839999999999999858e+00 1.389729095046424723e-01
3.850000000000000089e+00 1.389257810566705831e-01
3.859999999999999876e+00 1.387761285335033234e-01
3.870000000000000107e+00 1.384229092531032990e-01
3.879999999999999893e+00 1.377944806929971844e-01
3.890000000000000124e+00 1.368591616143410017e-01
3.899999999999999911e+00 1.356276386549520596e-01
3.910000000000000142e+00 1.341453937359348980e-01
3.919999999999999929e+00 1.324770437022259328e-01
3.930000000000000160e+00 1.306883166762920212e-01
3.939999999999999947e+00 1.288318612695518450e-01
3.950000000000000178e+00 1.269397901318848609e-01
3.959999999999999964e+00 1.250219958795302788e-01
3.970000000000000195e+00 1.230680224831969816e-01
3.979999999999999982e+00 1.210515916229960715e-01
3.990000000000000213e+00 1.189380384262347795e-01
4.000000000000000000e+00 1.166939291379784777e-01
4.009999999999999787e+00 1.142961786601638940e-01
4.019999999999999574e+00 1.117376667133768570e-01
4.030000000000000249e+00 1.090282776372213935e-01
4.040000000000000036e+00 1.061924864254184669e-01
4.049999999999999822e+00 1.032651100295044200e-01
4.059999999999999609e+00 1.002858810662494021e-01
4.070000000000000284e+00 9.729302300853266694e-02
4.080000000000000071e+00 9.431712915045763201e-02
4.089999999999999858e+00 9.137798464160985790e-02
4.099999999999999645e+00 8.848619711076492755e-02
4.110000000000000320e+00 8.564854867843915698e-02
4.120000000000000107e+00 8.287350581001289018e-02
4.129999999999999893e+00 8.017366484285028128e-02
4.139999999999999680e+00 7.756453213416407422e-02
4.150000000000000355e+00 7.506136347619267457e-02
4.160000000000000142e+00 7.267607185553431881e-02
4.169999999999999929e+00 7.041510846493427567e-02
4.179999999999999716e+00 6.827842574444992207e-02
4.190000000000000391e+00 6.625957837404172768e-02
4.200000000000000178e+00 6.434688613837853677e-02
4.209999999999999964e+00 6.252517618458143522e-02
4.219999999999999751e+00 6.077768712759846342e-02
4.230000000000000426e+00 5.908833308011603169e-02
4.240000000000000213e+00 5.744465645763038170e-02
4.250000000000000000e+00 5.584083033990760309e-02
4.259999999999999787e+00 5.427896275212305138e-02
4.269999999999999574e+00 5.276734337729985236e-02
4.280000000000000249e+00 5.131635787865737597e-02
4.290000000000000036e+00 4.993454415083780490e-02
4.299999999999999822e+00 4.862663551608970014e-02
4.309999999999999609e+00 4.739317099538396805e-02
4.320000000000000284e+00 4.623009854614867908e-02
4.330000000000000071e+00 4.512796161546368812e-02
4.339999999999999858e+00 4.407201355324787823e-02
4.349999999999999645e+00 4.304458707831659153e-02
4.360000000000000320e+00 4.202910695914480882e-02
4.370000000000000107e+00 4.101351255252664446e-02
4.379999999999999893e+00 3.999147779793103819e-02
4.389999999999999680e+00 3.896182419701499366e-02
4.400000000000000355e+00 3.792748875889671856e-02
4.410000000000000142e+00 3.689466846903301234e-02
4.419999999999999929e+00 3.587191239249472308e-02
4.429999999999999716e+00 3.486912227894691657e-02
4.440000000000000391e+00 3.389691568611499090e-02
4.450000000000000178e+00 3.296647664663475419e-02
4.459999999999999964e+00 3.208909930840679603e-02
4.469999999999999751e+00 3.127447195295737781e-02
4.480000000000000426e+00 3.052799665110395022e-02
4.490000000000000213e+00 2.984883760202454786e-02
4.500000000000000000e+00 2.923017175386452907e-02
4.509999999999999787e+00 2.866142899651608414e-02
4.519999999999999574e+00 2.813107618911795185e-02
4.530000000000000249e+00 2.762883878282995295e-02
4.540000000000000036e+00 2.714727299071778566e-02
4.549999999999999822e+00 2.668287665273875314e-02
4.559999999999999609e+00 2.623633570214838409e-02
4.570000000000000284e+00 2.581124588981800055e-02
4.580000000000000071e+00 2.541155121434385614e-02
4.589999999999999858e+00 2.503911997402913370e-02
4.599999999999999645e+00 2.469281271420141477e-02
4.610000000000000320e+00 2.436909779684131791e-02
4.620000000000000107e+00 2.406327948016814128e-02
4.629999999999999893e+00 2.377062839859129043e-02
4.639999999999999680e+00 2.348741614442693276e-02
4.650000000000000355e+00 2.321194549196518159e-02
4.660000000000000142e+00 2.294510886637753447e-02
4.669999999999999929e+00 2.268978778041571762e-02
4.679999999999999716e+00 2.244915589558595451e-02
4.690000000000000391e+00 2.222493959110104916e-02
4.700000000000000178e+00 2.201670321366985469e-02
4.709999999999999964e+00 2.182225527552357491e-02
4.719999999999999751e+00 2.163850880388092091e-02
4.730000000000000426e+00 2.146228522954633788e-02
4.740000000000000213e+00 2.129107291429798571e-02
4.750000000000000000e+00 2.112379361869601638e-02
4.759999999999999787e+00 2.096119040897359218e-02
4.769999999999999574e+00 2.080530636861621999e-02
4.780000000000000249e+00 2.065814648267378859e-02
4.790000000000000036e+00 2.052039275516227140e-02
4.799999999999999822e+00 2.039100183755164497e-02
4.809999999999999609e+00 2.026768915134863347e-02
4.820000000000000284e+00 2.014768905394741932e-02
4.830000000000000071e+00 2.002835168086974579e-02
4.839999999999999858e+00 1.990762242076602948e-02
4.849999999999999645e+00 1.978454080106026303e-02
4.860000000000000320e+00 1.965955697752828218e-02
4.870000000000000107e+00 1.953428178061716522e-02
4.879999999999999893e+00 1.941065120464629742e-02
4.889999999999999680e+00 1.929002031006495088e-02
4.900000000000000355e+00 1.917273885990915250e-02
4.910000000000000142e+00 1.905828093491690814e-02
4.919999999999999929e+00 1.894562060312229845e-02
4.929999999999999716e+00 1.883362608827450144e-02
4.940000000000000391e+00 1.872149364769472302e-02
4.950000000000000178e+00 1.860924050201286789e-02
4.959999999999999964e+00 1.849803716535513079e-02
4.969999999999999751e+00 1.839006229722156202e-02
4.980000000000000426e+00 1.828783826121964384e-02
4.990000000000000213e+00 1.819340274636922078e-02
5.000000000000000000e+00 1.810776303809118887e-02
5.009999999999999787e+00 1.803081244009497111e-02
5.019999999999999574e+00 1.796159476984140330e-02
5.030000000000000249e+00 1.789872057642145214e-02
5.040000000000000036e+00 1.784079695224541004e-02
5.049999999999999822e+00 1.778677405251729432e-02
5.059999999999999609e+00 1.773610833939355882e-02
5.070000000000000284e+00 1.768867997030248995e-02
5.080000000000000071e+00 1.764452561538905687e-02
5.089999999999999858e+00 1.760356505935286794e-02
5.099999999999999645e+00 1.756547745813331896e-02
5.110000000000000320e+00 1.752974002828328048e-02
5.120000000000000107e+00 1.749573622137937101e-02
5.129999999999999893e+00 1.746285998246764268e-02
5.139999999999999680e+00 1.743061409245384372e-02
5.150000000000000355e+00 1.739871481501511358e-02
5.160000000000000142e+00 1.736716527194518550e-02
5.169999999999999929e+00 1.733623338329136690e-02
5.179999999999999716e+00 1.730632652915667716e-02
5.190000000000000391e+00 1.727783891582719208e-02
5.200000000000000178e+00 1.725105770875527689e-02
5.209999999999999964e+00 1.722614420711472347e-02
5.219999999999999751e+00 1.720314857783504514e-02
5.230000000000000426e+00 1.718202737844064590e-02
5.240000000000000213e+00 1.716267096926652955e-02
5.250000000000000000e+00 1.714495069119066975e-02
5.259999999999999787e+00 1.712876338723558559e-02
5.269999999999999574e+00 1.711403579367875086e-02
5.280000000000000249e+00 1.710068435588065969e-02
5.290000000000000036e+00 1.708857145172783948e-02
5.299999999999999822e+00 1.707750009352362180e-02
5.309999999999999609e+00 1.706724663178410886e-02
5.320000000000000284e+00 1.705759932793761771e-02
5.330000000000000071e+00 1.704838106412676080e-02
5.339999999999999858e+00 1.703946124883070484e-02
5.349999999999999645e+00 1.703076760212249297e-02
5.360000000000000320e+00 1.702229151368184895e-02
5.370000000000000107e+00 1.701407095629260333e-02
5.379999999999999893e+00 1.700615158795895990e-02
5.389999999999999680e+00 1.699855064502821256e-02
5.400000000000000355e+00 1.699124737217726569e-02
5.410000000000000142e+00 1.698419844642735585e-02
5.419999999999999929e+00 1.697735859047842105e-02
5.429999999999999716e+00 1.697069307118032402e-02
5.440000000000000391e+00 1.696418464141767612e-02
5.450000000000000178e+00 1.695784076011429622e-02
5.459999999999999964e+00 1.695169708187236474e-02
5.469999999999999751e+00 1.694580777681007830e-02
5.480000000000000426e+00 1.694022308058056037e-02
5.490000000000000213e+00 1.693496839824320740e-02
5.500000000000000000e+00 1.693003883924833544e-02
5.509999999999999787e+00 1.692540854090705468e-02
5.519999999999999574e+00 1.692104350013705003e-02
5.530000000000000249e+00 1.691691003833831544e-02
5.540000000000000036e+00 1.691297994408381619e-02
5.549999999999999822e+00 1.690923548921765759e-02
5.559999999999999609e+00 1.690567238783909423e-02
5.570000000000000284e+00 1.690229579040745250e-02
5.580000000000000071e+00 1.689910952078678072e-02
5.589999999999999858e+00 1.689610613212361168e-02
5.599999999999999645e+00 1.689326515999966735e-02
5.610000000000000320e+00 1.689055924657810806e-02
5.620000000000000107e+00 1.688796206004609252e-02
5.629999999999999893e+00 1.688545357652279991e-02
5.639999999999999680e+00 1.688302293226889850e-02
5.650000000000000355e+00 1.688067028159798144e-02
5.660000000000000142e+00 1.687840663270448460e-02
5.669999999999999929e+00 1.687624936548668547e-02
5.679999999999999716e+00 1.687421407090325745e-02
5.690000000000000391e+00 1.687230728714227829e-02
5.700000000000000178e+00 1.687052441682596743e-02
5.709999999999999964e+00 1.686885271705337863e-02
5.719999999999999751e+00 1.686727595017312523e-02
5.730000000000000426e+00 1.686577807746099389e-02
5.740000000000000213e+00 1.686434591217280191e-02
5.750000000000000000e+00 1.686297137591315567e-02
5.759999999999999787e+00 1.686165267218231456e-02
5.769999999999999574e+00 1.686039294307219161e-02
5.780000000000000249e+00 1.685919653246520031e-02
5.790000000000000036e+00 1.685806519465212622e-02
5.799999999999999822e+00 1.685699661257632209e-02
5.809999999999999609e+00 1.685598537343326389e-02
5.820000000000000284e+00 1.685502479525510799e-02
5.830000000000000071e+00 1.685410834808923064e-02
5.839999999999999858e+00 1.685323068851142525e-02
5.849999999999999645e+00 1.685238867255591660e-02
5.860000000000000320e+00 1.685158197626912199e-02
5.870000000000000107e+00 1.685081251555192727e-02
5.879999999999999893e+00 1.685008264764606412e-02
5.889999999999999680e+00 1.684939331393085424e-02
5.900000000000000355e+00 1.684874333800534182e-02
5.910000000000000142e+00 1.684812995150978404e-02
5.919999999999999929e+00 1.684754964891024484e-02
5.929999999999999716e+00 1.684699846616993443e-02
5.940000000000000391e+00 1.684647103754999611e-02
5.950000000000000178e+00 1.684595746503951552e-02
5.959999999999999964e+00 1.684543701055390280e-02
5.969999999999999751e+00 1.684487053171070461e-02
5.980000000000000426e+00 1.684420014133729618e-02
5.990000000000000213e+00 1.684336802565624194e-02
6.000000000000000000e+00 1.684235524724831193e-02
6.200000000000000178e+00 1.684121711930380502e-02
6.400000000000000355e+00 1.684008007740886784e-02
6.599999999999999645e+00 1.683908996037066994e-02
6.799999999999999822e+00 1.683834522846444637e-02
7.000000000000000000e+00 0.000000000000000000e+00
