0.000000000000000000e+00 0.000000000000000000e+00
1.000000000000000021e-02 1.415698111051475958e-02
2.000000000000000042e-02 1.415698111051478560e-02
2.999999999999999889e-02 1.415698111051483764e-02
4.000000000000000083e-02 1.415698111051492958e-02
5.000000000000000278e-02 1.415698111051508223e-02
5.999999999999999778e-02 1.415698111051530775e-02
7.000000000000000666e-02 1.415698111051565469e-02
8.000000000000000167e-02 1.415698111051623583e-02
8.999999999999999667e-02 1.415698111051740156e-02
1.000000000000000056e-01 1.415698111052002099e-02
1.100000000000000006e-01 1.415698111052609599e-02
1.199999999999999956e-01 1.415698111053986276e-02
1.300000000000000044e-01 1.415698111056989256e-02
1.400000000000000133e-01 1.415698111063293935e-02
1.499999999999999944e-01 1.415698111076100184e-02
1.600000000000000033e-01 1.415698111101374237e-02
1.700000000000000122e-01 1.415698111149853687e-02
1.799999999999999933e-01 1.415698111239877335e-02
1.900000000000000022e-01 1.415698111400747090e-02
2.000000000000000111e-01 1.415698111675911357e-02
2.099999999999999922e-01 1.415698112125109674e-02
2.200000000000000011e-01 1.415698112825307040e-02
2.300000000000000100e-01 1.415698113872198953e-02
2.399999999999999911e-01 1.415698115387277294e-02
2.500000000000000000e-01 1.415698117538178105e-02
2.600000000000000089e-01 1.415698120578739484e-02
2.700000000000000178e-01 1.415698124906549643e-02
2.800000000000000266e-01 1.415698131121588543e-02
2.899999999999999800e-01 1.415698140059554883e-02
2.999999999999999889e-01 1.415698152781218362e-02
3.099999999999999978e-01 1.415698170531298761e-02
3.200000000000000067e-01 1.415698194725873750e-02
3.300000000000000155e-01 1.415698227055053014e-02
3.400000000000000244e-01 1.415698269765283505e-02
3.499999999999999778e-01 1.415698326116137003e-02
3.599999999999999867e-01 1.415698400940504191e-02
3.699999999999999956e-01 1.415698501221012567e-02
3.800000000000000044e-01 1.415698636611394459e-02
3.900000000000000133e-01 1.415698819832763092e-02
4.000000000000000222e-01 1.415699066881649128e-02
4.099999999999999756e-01 1.415699397085232528e-02
4.199999999999999845e-01 1.415699833237754439e-02
4.299999999999999933e-01 1.415700402170968000e-02
4.400000000000000022e-01 1.415701135942922136e-02
4.500000000000000111e-01 1.415702073520395433e-02
4.600000000000000200e-01 1.415703262934537784e-02
4.699999999999999734e-01 1.415704764672170123e-02
4.799999999999999822e-01 1.415706657826305143e-02
4.899999999999999911e-01 1.415709050149505967e-02
5.000000000000000000e-01 1.415712091385658636e-02
5.100000000000000089e-01 1.415715987077078783e-02
5.200000000000000178e-01 1.415721009111003958e-02
5.300000000000000266e-01 1.415727501444409391e-02
5.400000000000000355e-01 1.415735885065038183e-02
5.500000000000000444e-01 1.415746671230563858e-02
5.600000000000000533e-01 1.415760489643759501e-02
5.699999999999999512e-01 1.415778126518549111e-02
5.799999999999999600e-01 1.415800551105447086e-02
5.899999999999999689e-01 1.415828892177812583e-02
5.999999999999999778e-01 1.415864313139125231e-02
6.099999999999999867e-01 1.415907747170721750e-02
6.199999999999999956e-01 1.415959525520754832e-02
6.300000000000000044e-01 1.416019059866891958e-02
6.400000000000000133e-01 1.416084844084703268e-02
6.500000000000000222e-01 1.416155004740969441e-02
6.600000000000000311e-01 1.416228394293369934e-02
6.700000000000000400e-01 1.416305847355738175e-02
6.800000000000000488e-01 1.416390906220151708e-02
6.899999999999999467e-01 1.416489369758977893e-02
6.999999999999999556e-01 1.416607620524262812e-02
7.099999999999999645e-01 1.416750558917214201e-02
7.199999999999999734e-01 1.416920395261937055e-02
7.299999999999999822e-01 1.417117047073801830e-02
7.399999999999999911e-01 1.417339853938421462e-02
7.500000000000000000e-01 1.417589641723389533e-02
7.600000000000000089e-01 1.417870312315556991e-02
7.700000000000000178e-01 1.418189921462081893e-02
7.800000000000000266e-01 1.418562163477815607e-02
7.900000000000000355e-01 1.419009524882948806e-02
8.000000000000000444e-01 1.419568045040260629e-02
8.100000000000000533e-01 1.420290813011048855e-02
8.199999999999999512e-01 1.421245952025154170e-02
8.299999999999999600e-01 1.422508096798667972e-02
8.399999999999999689e-01 1.424148494696648483e-02
8.499999999999999778e-01 1.426231199200706651e-02
8.599999999999999867e-01 1.428817810800370181e-02
8.699999999999999956e-01 1.431975777575554033e-02
8.800000000000000044e-01 1.435783040495113363e-02
8.900000000000000133e-01 1.440326487473479744e-02
9.000000000000000222e-01 1.445699015271076707e-02
9.100000000000000311e-01 1.452005331380474586e-02
9.200000000000000400e-01 1.459386750957338691e-02
9.300000000000000488e-01 1.468067809810318265e-02
9.399999999999999467e-01 1.478413921587019841e-02
9.499999999999999556e-01 1.490977484706152399e-02
9.599999999999999645e-01 1.506509066855838373e-02
9.699999999999999734e-01 1.525921594027103249e-02
9.799999999999999822e-01 1.550209576487754717e-02
9.899999999999999911e-01 1.580331920969202386e-02
1.000000000000000000e+00 1.617068028838817423e-02
1.010000000000000009e+00 1.660873194954966270e-02
1.020000000000000018e+00 1.711811088149186796e-02
1.030000000000000027e+00 1.769714411268358267e-02
1.040000000000000036e+00 1.834778744697680014e-02
1.050000000000000044e+00 1.908846484842513513e-02
1.060000000000000053e+00 1.997839075591254301e-02
1.070000000000000062e+00 2.116281649696806835e-02
1.080000000000000071e+00 2.295225384972538266e-02
1.090000000000000080e+00 2.593641891862914078e-02
1.100000000000000089e+00 3.108859149765852772e-02
1.110000000000000098e+00 3.975129787665761943e-02
1.120000000000000107e+00 5.337942189117098057e-02
1.129999999999999893e+00 7.303264467582817887e-02
1.139999999999999902e+00 9.882435499098347897e-02
1.149999999999999911e+00 1.296604038107996293e-01
1.159999999999999920e+00 1.634691259547140507e-01
1.169999999999999929e+00 1.978144413704262805e-01
1.179999999999999938e+00 2.305673797237529077e-01
1.189999999999999947e+00 2.603378379744257232e-01
1.199999999999999956e+00 2.865417643126416669e-01
1.209999999999999964e+00 3.091549973185232503e-01
1.219999999999999973e+00 3.283412017898912905e-01
1.229999999999999982e+00 3.442054816643624338e-01
1.239999999999999991e+00 3.568372524735420881e-01
1.250000000000000000e+00 3.665760310995700433e-01
1.260000000000000009e+00 3.742417088535238134e-01
1.270000000000000018e+00 3.810973411396774702e-01
1.280000000000000027e+00 3.885347638325685748e-01
1.290000000000000036e+00 3.976911697421454672e-01
1.300000000000000044e+00 4.092422435255609892e-01
1.310000000000000053e+00 4.234641029327783635e-01
1.320000000000000062e+00 4.404458426986014863e-01
1.330000000000000071e+00 4.602325602466036392e-01
1.340000000000000080e+00 4.827680523513697697e-01
1.350000000000000089e+00 5.077174396670317558e-01
1.360000000000000098e+00 5.343919873635049056e-01
1.370000000000000107e+00 5.619177316344559081e-01
1.379999999999999893e+00 5.895451294230060757e-01
1.389999999999999902e+00 6.168397691186043863e-01
1.399999999999999911e+00 6.436054496281277126e-01
1.409999999999999920e+00 6.696583779477186527e-01
1.419999999999999929e+00 6.947018287796509206e-01
1.429999999999999938e+00 7.184077908622219510e-01
1.439999999999999947e+00 7.405665800407257304e-01
1.449999999999999956e+00 7.610894989112254594e-01
1.459999999999999964e+00 7.798154656043254640e-01
1.469999999999999973e+00 7.962880067541349138e-01
1.479999999999999982e+00 8.096987151627454971e-01
1.489999999999999991e+00 8.190142802854512016e-01
1.500000000000000000e+00 8.231202163790841686e-01
1.510000000000000009e+00 8.208238999305594863e-01
1.520000000000000018e+00 8.107509852345289314e-01
1.530000000000000027e+00 7.913591632180286828e-01
1.540000000000000036e+00 7.613136737361220208e-01
1.550000000000000044e+00 7.202766798517546976e-01
1.560000000000000053e+00 6.698284021524193443e-01
1.570000000000000062e+00 6.139457168140373122e-01
1.580000000000000071e+00 5.584967236675711932e-01
1.590000000000000080e+00 5.097276311547996874e-01
1.600000000000000089e+00 4.724359301252459842e-01
1.610000000000000098e+00 4.488116109145520727e-01
1.620000000000000107e+00 4.384617577386739073e-01
1.629999999999999893e+00 4.393257547692911436e-01
1.639999999999999902e+00 4.487531443122650954e-01
1.649999999999999911e+00 4.642016474632332801e-01
1.659999999999999920e+00 4.834660164849299280e-01
1.669999999999999929e+00 5.046392548225594465e-01
1.679999999999999938e+00 5.260348479022075585e-01
1.689999999999999947e+00 5.461956615253195091e-01
1.699999999999999956e+00 5.640007026969732218e-01
1.709999999999999964e+00 5.788032097393498443e-01
1.719999999999999973e+00 5.905272919397531739e-01
1.729999999999999982e+00 5.997171568247032791e-01
1.739999999999999991e+00 6.075953356298536834e-01
1.750000000000000000e+00 6.161434636723667202e-01
1.760000000000000009e+00 6.280623822645210463e-01
1.770000000000000018e+00 6.463338440321988454e-01
1.780000000000000027e+00 6.732134121570801932e-01
1.790000000000000036e+00 7.089325738492771034e-01
1.800000000000000044e+00 7.508977005819913453e-01
1.810000000000000053e+00 7.941583966357299573e-01
1.820000000000000062e+00 8.331237294035135355e-01
1.830000000000000071e+00 8.635364315797353640e-01
1.840000000000000080e+00 8.835256003486355869e-01
1.850000000000000089e+00 8.933440608913408854e-01
1.860000000000000098e+00 8.943728060961166904e-01
1.870000000000000107e+00 8.883063125299858198e-01
1.879999999999999893e+00 8.770138141545932298e-01
1.889999999999999902e+00 8.628713835685735134e-01
1.899999999999999911e+00 8.489164174663478279e-01
1.909999999999999920e+00 8.383233495110825606e-01
1.919999999999999929e+00 8.333644231375246791e-01
1.929999999999999938e+00 8.346182735563622002e-01
1.939999999999999947e+00 8.410703812542519309e-01
1.949999999999999956e+00 8.509625889926494269e-01
1.959999999999999964e+00 8.625979403514245636e-01
1.969999999999999973e+00 8.744459609635472086e-01
1.979999999999999982e+00 8.846185211486489175e-01
1.989999999999999991e+00 8.903741221548636675e-01
2.000000000000000000e+00 8.882858260902544156e-01
2.009999999999999787e+00 8.751564069823694059e-01
2.020000000000000018e+00 8.491357996846399248e-01
2.029999999999999805e+00 8.102932776284594851e-01
2.040000000000000036e+00 7.603140531636156663e-01
2.049999999999999822e+00 7.016867166173101911e-01
2.060000000000000053e+00 6.370996189507535101e-01
2.069999999999999840e+00 5.694617791112926986e-01
2.080000000000000071e+00 5.023043656140034896e-01
2.089999999999999858e+00 4.398924519471385519e-01
2.100000000000000089e+00 3.865564646604084942e-01
2.109999999999999876e+00 3.454206824563735845e-01
2.120000000000000107e+00 3.173135470733529084e-01
2.129999999999999893e+00 3.006233434458263076e-01
2.140000000000000124e+00 2.921899316086978282e-01
2.149999999999999911e+00 2.886157260093351606e-01
2.160000000000000142e+00 2.872504510958738821e-01
2.169999999999999929e+00 2.865259868050850089e-01
2.180000000000000160e+00 2.857832313078366715e-01
2.189999999999999947e+00 2.848954671521753412e-01
2.200000000000000178e+00 2.839159578189616728e-01
2.209999999999999964e+00 2.828613874148628304e-01
2.220000000000000195e+00 2.816576994851516802e-01
2.229999999999999982e+00 2.801993867806363836e-01
2.240000000000000213e+00 2.784247543317444618e-01
2.250000000000000000e+00 2.763327294707410564e-01
2.259999999999999787e+00 2.739438981126379735e-01
2.270000000000000018e+00 2.712640703381963281e-01
2.279999999999999805e+00 2.683003967257310274e-01
2.290000000000000036e+00 2.651376788883961777e-01
2.299999999999999822e+00 2.620495985493955238e-01
2.310000000000000053e+00 2.595963295248928659e-01
2.319999999999999840e+00 2.586326612604343822e-01
2.330000000000000071e+00 2.601526907599724936e-01
2.339999999999999858e+00 2.649820701199921968e-01
2.350000000000000089e+00 2.734643918210932223e-01
2.359999999999999876e+00 2.853388403798202133e-01
2.370000000000000107e+00 2.998868813140463385e-01
2.379999999999999893e+00 3.162352795584142950e-01
2.390000000000000124e+00 3.336220677337912166e-01
2.399999999999999911e+00 3.515119191892976391e-01
2.410000000000000142e+00 3.695747842349430545e-01
2.419999999999999929e+00 3.876004994264112824e-01
2.430000000000000160e+00 4.054064934287147648e-01
2.439999999999999947e+00 4.227642932272206444e-01
2.450000000000000178e+00 4.393582386742193036e-01
2.459999999999999964e+00 4.547887143808531096e-01
2.470000000000000195e+00 4.686231648079083878e-01
2.479999999999999982e+00 4.804784269037414846e-01
2.490000000000000213e+00 4.901040008906678569e-01
2.500000000000000000e+00 4.974421585939524104e-01
2.509999999999999787e+00 5.026572279496857032e-01
2.520000000000000018e+00 5.061303113224061567e-01
2.529999999999999805e+00 5.084064619973440724e-01
2.540000000000000036e+00 5.100850944600919812e-01
2.549999999999999822e+00 5.116767338443263258e-01
2.560000000000000053e+00 5.134861039754100576e-01
2.569999999999999840e+00 5.155803868232698983e-01
2.580000000000000071e+00 5.178512500408770647e-01
2.589999999999999858e+00 5.201197293311756731e-01
2.600000000000000089e+00 5.222155018941729843e-01
2.609999999999999876e+00 5.239964919250701403e-01
2.620000000000000107e+00 5.253250575049835946e-01
2.629999999999999893e+00 5.260413604080170780e-01
2.640000000000000124e+00 5.259611093736380472e-01
2.649999999999999911e+00 5.248951417307984313e-01
2.660000000000000142e+00 5.226724428112626830e-01
2.669999999999999929e+00 5.191551043872836280e-01
2.680000000000000160e+00 5.142466906190771292e-01
2.689999999999999947e+00 5.078983268149149799e-01
2.700000000000000178e+00 5.001123999073306958e-01
2.709999999999999964e+00 4.909417198071128752e-01
2.720000000000000195e+00 4.804830759372826776e-01
2.729999999999999982e+00 4.688645077421164098e-01
2.740000000000000213e+00 4.562262564262436482e-01
2.750000000000000000e+00 4.426998944946129999e-01
2.759999999999999787e+00 4.283967908029028826e-01
2.770000000000000018e+00 4.134168557589137372e-01
2.779999999999999805e+00 3.978753154344630838e-01
2.790000000000000036e+00 3.819283317127462052e-01
2.799999999999999822e+00 3.657758447634567034e-01
2.810000000000000053e+00 3.496366875312480471e-01
2.819999999999999840e+00 3.337109602159978317e-01
2.830000000000000071e+00 3.181506934058828673e-01
2.839999999999999858e+00 3.030505777749481489e-01
2.850000000000000089e+00 2.884563795512312678e-01
2.859999999999999876e+00 2.743794357928731054e-01
2.870000000000000107e+00 2.608053310884077547e-01
2.879999999999999893e+00 2.476925663184693649e-01
2.890000000000000124e+00 2.349677822254220561e-01
2.899999999999999911e+00 2.225298033868519654e-01
2.910000000000000142e+00 2.102694827504478503e-01
2.919999999999999929e+00 1.980995249035809869e-01
2.930000000000000160e+00 1.859795378189439130e-01
2.939999999999999947e+00 1.739243096027407176e-01
2.950000000000000178e+00 1.619944758841243837e-01
2.959999999999999964e+00 1.502786604426360473e-01
2.970000000000000195e+00 1.388776527984970366e-01
2.979999999999999982e+00 1.278945180950583904e-01
2.990000000000000213e+00 1.174269126251044487e-01
3.000000000000000000e+00 1.075569397541119437e-01
3.009999999999999787e+00 9.833970706390886274e-02
3.020000000000000018e+00 8.979689085612539701e-02
3.029999999999999805e+00 8.192002831964127763e-02
3.040000000000000036e+00 7.468186070891914830e-02
3.049999999999999822e+00 6.804944361232399819e-02
3.060000000000000053e+00 6.199340379537818246e-02
3.069999999999999840e+00 5.649124742636734559e-02
3.080000000000000071e+00 5.152518132629662490e-02
3.089999999999999858e+00 4.707615141658130775e-02
3.100000000000000089e+00 4.311754669906520121e-02
3.109999999999999876e+00 3.961354398411371519e-02
3.120000000000000107e+00 3.652506448155787289e-02
3.129999999999999893e+00 3.382009798093967706e-02
3.140000000000000124e+00 3.147964982213839052e-02
3.149999999999999911e+00 2.949223793769444046e-02
3.160000000000000142e+00 2.783923307409270909e-02
3.169999999999999929e+00 2.648234090142848399e-02
3.180000000000000160e+00 2.536374367219815240e-02
3.189999999999999947e+00 2.441895819187583916e-02
3.200000000000000178e+00 2.359271950762956149e-02
3.209999999999999964e+00 2.284790177693281008e-02
3.220000000000000195e+00 2.216459407330651291e-02
3.229999999999999982e+00 2.153301656562217614e-02
3.240000000000000213e+00 2.094583516307752663e-02
3.250000000000000000e+00 2.039391775155290770e-02
3.259999999999999787e+00 1.986692743200795669e-02
3.270000000000000018e+00 1.935734058595978135e-02
3.279999999999999805e+00 1.886445997127051549e-02
3.290000000000000036e+00 1.839513628974802709e-02
3.299999999999999822e+00 1.796038535923187227e-02
3.310000000000000053e+00 1.757000332534184445e-02
3.319999999999999840e+00 1.722835108415874533e-02
3.330000000000000071e+00 1.693324178515101183e-02
3.339999999999999858e+00 1.667778655030275822e-02
3.350000000000000089e+00 1.645370521216676235e-02
3.359999999999999876e+00 1.625437983520829424e-02
3.370000000000000107e+00 1.607640653126413133e-02
3.379999999999999893e+00 1.591922235120275114e-02
3.390000000000000124e+00 1.578332171880287085e-02
3.399999999999999911e+00 1.566824011318316417e-02
3.410000000000000142e+00 1.557146274761144790e-02
3.419999999999999929e+00 1.548872389635035270e-02
3.430000000000000160e+00 1.541529014914982086e-02
3.439999999999999947e+00 1.534732927541583754e-02
3.450000000000000178e+00 1.528257044707779025e-02
3.459999999999999964e+00 1.521997631963359007e-02
3.470000000000000195e+00 1.515873235760122929e-02
3.479999999999999982e+00 1.509724591445094424e-02
3.490000000000000213e+00 1.503288399036157609e-02
3.500000000000000000e+00 1.496281076678710430e-02
3.509999999999999787e+00 1.488562516557533945e-02
3.520000000000000018e+00 1.480287913438255686e-02
3.529999999999999805e+00 1.471942384652850759e-02
3.540000000000000036e+00 1.464212060126387875e-02
3.549999999999999822e+00 1.457747262965120548e-02
3.560000000000000053e+00 1.452944021017653006e-02
3.569999999999999840e+00 1.449852422518829211e-02
3.580000000000000071e+00 1.448232210065655140e-02
3.589999999999999858e+00 1.447692294569831971e-02
3.600000000000000089e+00 1.447828449672366319e-02
3.609999999999999876e+00 1.448307273896060066e-02
3.620000000000000107e+00 1.448891829620287466e-02
3.629999999999999893e+00 1.449431835332357262e-02
3.640000000000000124e+00 1.449843622919309676e-02
3.649999999999999911e+00 1.450093655345279994e-02
3.660000000000000142e+00 1.450186820473007426e-02
3.669999999999999929e+00 1.450154720649580141e-02
3.680000000000000160e+00 1.450041362704172603e-02
3.689999999999999947e+00 1.449889139107221787e-02
3.700000000000000178e+00 1.449729780099568918e-02
3.709999999999999964e+00 1.449581472015796201e-02
3.720000000000000195e+00 1.449449584019113502e-02
3.729999999999999982e+00 1.449328781829774086e-02
3.740000000000000213e+00 1.449206954446368573e-02
3.750000000000000000e+00 1.449071625609110216e-02
3.759999999999999787e+00 1.448916492792359963e-02
3.770000000000000018e+00 1.448743741967575306e-02
3.779999999999999805e+00 1.448560391954928188e-02
3.790000000000000036e+00 1.448371650069160514e-02
3.799999999999999822e+00 1.448175808129514332e-02
3.810000000000000053e+00 1.447962715639398990e-02
3.819999999999999840e+00 1.447715291226485228e-02
3.830000000000000071e+00 1.447413367568823814e-02
3.839999999999999858e+00 1.447039629778938512e-02
3.850000000000000089e+00 1.446586177515904632e-02
3.859999999999999876e+00 1.446058282055612439e-02
3.870000000000000107e+00 1.445472440381800200e-02
3.879999999999999893e+00 1.444849768225541647e-02
3.890000000000000124e+00 1.444209411356158802e-02
3.899999999999999911e+00 1.443565791263071683e-02
3.910000000000000142e+00 1.442929268978670500e-02
3.919999999999999929e+00 1.442307298210609816e-02
3.930000000000000160e+00 1.441704539692968343e-02
3.939999999999999947e+00 1.441122815991076854e-02
3.950000000000000178e+00 1.440561857117807903e-02
3.959999999999999964e+00 1.440019961373064164e-02
3.970000000000000195e+00 1.439493084595783352e-02
3.979999999999999982e+00 1.438972896669693871e-02
3.990000000000000213e+00 1.438446488834584092e-02
4.000000000000000000e+00 1.437899419881912694e-02
4.009999999999999787e+00 1.437320454015704116e-02
4.019999999999999574e+00 1.436704756455321925e-02
4.030000000000000249e+00 1.436054287620624516e-02
4.040000000000000036e+00 1.435376909333790051e-02
4.049999999999999822e+00 1.434685777733411306e-02
4.059999999999999609e+00 1.433998214556318589e-02
4.070000000000000284e+00 1.433332118472940148e-02
4.080000000000000071e+00 1.432700338636348769e-02
4.089999999999999858e+00 1.432106617054506800e-02
4.099999999999999645e+00 1.431546341952792852e-02
4.110000000000000320e+00 1.431011400303671202e-02
4.120000000000000107e+00 1.430495335096501966e-02
4.129999999999999893e+00 1.429995882060221962e-02
4.139999999999999680e+00 1.429515003113084395e-02
4.150000000000000355e+00 1.429058009839970743e-02
4.160000000000000142e+00 1.428632248883663150e-02
4.169999999999999929e+00 1.428244591311030390e-02
4.179999999999999716e+00 1.427897927260544410e-02
4.190000000000000391e+00 1.427588720534523486e-02
4.200000000000000178e+00 1.427307437914443304e-02
4.209999999999999964e+00 1.427041281589186417e-02
4.219999999999999751e+00 1.426777145806641146e-02
4.230000000000000426e+00 1.426503726603868191e-02
4.240000000000000213e+00 1.426213382087322158e-02
4.250000000000000000e+00 1.425904202141673772e-02
4.259999999999999787e+00 1.425581082554947150e-02
4.269999999999999574e+00 1.425254063297554108e-02
4.280000000000000249e+00 1.424934205588703796e-02
4.290000000000000036e+00 1.424629681503433200e-02
4.299999999999999822e+00 1.424344384897077709e-02
4.309999999999999609e+00 1.424078598681412754e-02
4.320000000000000284e+00 1.423829602011851721e-02
4.330000000000000071e+00 1.423591431016959889e-02
4.339999999999999858e+00 1.423355200759315181e-02
4.349999999999999645e+00 1.423111397341275848e-02
4.360000000000000320e+00 1.422853266258328545e-02
4.370000000000000107e+00 1.422578775978493651e-02
4.379999999999999893e+00 1.422289831532265458e-02
4.389999999999999680e+00 1.421990013013322597e-02
4.400000000000000355e+00 1.421682966925567025e-02
4.410000000000000142e+00 1.421372099811209731e-02
4.419999999999999929e+00 1.421060779127844044e-02
4.429999999999999716e+00 1.420752468852610161e-02
4.440000000000000391e+00 1.420451094281865827e-02
4.450000000000000178e+00 1.420161799041600760e-02
4.459999999999999964e+00 1.419891262685543318e-02
4.469999999999999751e+00 1.419646494954675611e-02
4.480000000000000426e+00 1.419432307255575829e-02
4.490000000000000213e+00 1.419249158646167935e-02
4.500000000000000000e+00 1.419092929572089365e-02
4.509999999999999787e+00 1.418956532098739412e-02
4.519999999999999574e+00 1.418832046155975475e-02
4.530000000000000249e+00 1.418712389442120837e-02
4.540000000000000036e+00 1.418592501173258219e-02
4.549999999999999822e+00 1.418470268363472737e-02
4.559999999999999609e+00 1.418346847925166208e-02
4.570000000000000284e+00 1.418225759406450959e-02
4.580000000000000071e+00 1.418110883614360704e-02
4.589999999999999858e+00 1.418004530341963020e-02
4.599999999999999645e+00 1.417906708098157394e-02
4.610000000000000320e+00 1.417815614477420730e-02
4.620000000000000107e+00 1.417728456245020627e-02
4.629999999999999893e+00 1.417641835695986757e-02
4.639999999999999680e+00 1.417551648043144721e-02
4.650000000000000355e+00 1.417452961701639973e-02
4.660000000000000142e+00 1.417340518742483783e-02
4.669999999999999929e+00 1.417210251510308758e-02
4.679999999999999716e+00 1.417061238988355336e-02
4.690000000000000391e+00 1.416896362651008830e-02
4.700000000000000178e+00 1.416720593465001406e-02
4.709999999999999964e+00 1.416538800564488658e-02
4.719999999999999751e+00 1.416356321361958437e-02
4.730000000000000426e+00 1.416181924545581623e-02
4.740000000000000213e+00 1.416028405390415065e-02
4.750000000000000000e+00 1.415907892248514585e-02
4.759999999999999787e+00 1.415825443798135637e-02
4.769999999999999574e+00 1.415776912307157610e-02
4.780000000000000249e+00 1.415752448289532908e-02
4.790000000000000036e+00 1.415741856181452346e-02
4.799999999999999822e+00 1.415737847856153066e-02
4.809999999999999609e+00 1.415736400040728746e-02
4.820000000000000284e+00 1.415735637732983346e-02
4.830000000000000071e+00 1.415734675891192063e-02
4.839999999999999858e+00 1.415732983242643829e-02
4.849999999999999645e+00 1.415730237474034647e-02
4.860000000000000320e+00 1.415726434423876523e-02
4.870000000000000107e+00 1.415721971455542738e-02
4.879999999999999893e+00 1.415717507633403212e-02
4.889999999999999680e+00 1.415713629987021271e-02
4.900000000000000355e+00 1.415710565967416047e-02
4.910000000000000142e+00 1.415708160114981240e-02
4.919999999999999929e+00 1.415706099015876483e-02
4.929999999999999716e+00 1.415704172634044133e-02
4.940000000000000391e+00 1.415702378677468308e-02
4.950000000000000178e+00 1.415700845943134931e-02
4.959999999999999964e+00 1.415699691950255031e-02
4.969999999999999751e+00 1.415698936843950637e-02
4.980000000000000426e+00 1.415698508786807780e-02
4.990000000000000213e+00 1.415698298689304496e-02
5.000000000000000000e+00 1.415698209632850445e-02
5.009999999999999787e+00 1.415698177344230056e-02
5.019999999999999574e+00 1.415698167614071364e-02
5.030000000000000249e+00 1.415698165345305459e-02
5.040000000000000036e+00 1.415698164910651063e-02
5.049999999999999822e+00 1.415698164540071455e-02
5.059999999999999609e+00 1.415698163817365879e-02
5.070000000000000284e+00 1.415698162724702246e-02
5.080000000000000071e+00 1.415698161246750977e-02
5.089999999999999858e+00 1.415698159178898144e-02
5.099999999999999645e+00 1.415698156119377625e-02
5.110000000000000320e+00 1.415698151677647829e-02
5.120000000000000107e+00 1.415698145806583777e-02
5.129999999999999893e+00 1.415698139015969005e-02
5.139999999999999680e+00 1.415698132245229481e-02
5.150000000000000355e+00 1.415698126433296428e-02
5.160000000000000142e+00 1.415698122096533534e-02
5.169999999999999929e+00 1.415698119207244553e-02
5.179999999999999716e+00 1.415698117380960984e-02
5.190000000000000391e+00 1.415698116157480986e-02
5.200000000000000178e+00 1.415698115188413625e-02
5.209999999999999964e+00 1.415698114294823562e-02
5.219999999999999751e+00 1.415698113443531955e-02
5.230000000000000426e+00 1.415698112686396108e-02
5.240000000000000213e+00 1.415698112089936768e-02
5.250000000000000000e+00 1.415698111683506150e-02
5.259999999999999787e+00 1.415698111446479085e-02
5.269999999999999574e+00 1.415698111328550675e-02
5.280000000000000249e+00 1.415698111277717726e-02
5.290000000000000036e+00 1.415698111256037499e-02
5.299999999999999822e+00 1.415698111241154265e-02
5.309999999999999609e+00 1.415698111221892763e-02
5.320000000000000284e+00 1.415698111194587348e-02
5.330000000000000071e+00 1.415698111161141012e-02
5.339999999999999858e+00 1.415698111126932439e-02
5.349999999999999645e+00 1.415698111097716400e-02
5.360000000000000320e+00 1.415698111076818186e-02
5.370000000000000107e+00 1.415698111064266768e-02
5.379999999999999893e+00 1.415698111057920282e-02
5.389999999999999680e+00 1.415698111055203531e-02
5.400000000000000355e+00 1.415698111054199820e-02
5.410000000000000142e+00 1.415698111053854090e-02
5.419999999999999929e+00 1.415698111053710628e-02
5.429999999999999716e+00 1.415698111053609667e-02
5.440000000000000391e+00 1.415698111053507145e-02
5.450000000000000178e+00 1.415698111053394215e-02
5.459999999999999964e+00 1.415698111053276080e-02
5.469999999999999751e+00 1.415698111053160027e-02
5.480000000000000426e+00 1.415698111053053168e-02
5.490000000000000213e+00 1.415698111052958105e-02
5.500000000000000000e+00 1.415698111052870328e-02
5.509999999999999787e+00 1.415698111052778735e-02
5.519999999999999574e+00 1.415698111052669968e-02
5.530000000000000249e+00 1.415698111052532578e-02
5.540000000000000036e+00 1.415698111052366044e-02
5.549999999999999822e+00 1.415698111052183204e-02
5.559999999999999609e+00 1.415698111052007477e-02
5.570000000000000284e+00 1.415698111051861760e-02
5.580000000000000071e+00 1.415698111051758024e-02
5.589999999999999858e+00 1.415698111051694186e-02
5.599999999999999645e+00 1.415698111051659144e-02
5.610000000000000320e+00 1.415698111051640756e-02
5.620000000000000107e+00 1.415698111051629481e-02
5.629999999999999893e+00 1.415698111051620460e-02
5.639999999999999680e+00 1.415698111051610052e-02
5.650000000000000355e+00 1.415698111051597041e-02
5.660000000000000142e+00 1.415698111051579867e-02
5.669999999999999929e+00 1.415698111051559224e-02
5.679999999999999716e+00 1.415698111051537020e-02
5.690000000000000391e+00 1.415698111051516377e-02
5.700000000000000178e+00 1.415698111051499550e-02
5.709999999999999964e+00 1.415698111051487927e-02
5.719999999999999751e+00 1.415698111051481335e-02
5.730000000000000426e+00 1.415698111051477866e-02
5.740000000000000213e+00 1.415698111051476651e-02
5.750000000000000000e+00 1.415698111051475958e-02
5.759999999999999787e+00 1.415698111051475958e-02
5.769999999999999574e+00 1.415698111051475958e-02
5.780000000000000249e+00 1.415698111051475958e-02
5.790000000000000036e+00 1.415698111051475958e-02
5.799999999999999822e+00 1.415698111051475958e-02
5.809999999999999609e+00 1.415698111051475958e-02
5.820000000000000284e+00 1.415698111051475784e-02
5.830000000000000071e+00 1.415698111051475784e-02
5.839999999999999858e+00 1.415698111051475784e-02
5.849999999999999645e+00 1.415698111051475958e-02
5.860000000000000320e+00 1.415698111051475958e-02
5.870000000000000107e+00 1.415698111051476304e-02
5.879999999999999893e+00 1.415698111051476304e-02
5.889999999999999680e+00 1.415698111051476651e-02
5.900000000000000355e+00 1.415698111051476998e-02
5.910000000000000142e+00 1.415698111051477519e-02
5.919999999999999929e+00 1.415698111051477866e-02
5.929999999999999716e+00 1.415698111051478560e-02
5.940000000000000391e+00 1.415698111051479427e-02
5.950000000000000178e+00 1.415698111051480121e-02
5.959999999999999964e+00 1.415698111051480988e-02
5.969999999999999751e+00 1.415698111051482029e-02
5.980000000000000426e+00 1.415698111051482203e-02
5.990000000000000213e+00 1.415698111051482203e-02
6.000000000000000000e+00 1.415698111051481682e-02
6.200000000000000178e+00 1.415698111051480468e-02
6.400000000000000355e+00 1.415698111051478560e-02
6.599999999999999645e+00 1.415698111051476998e-02
6.799999999999999822e+00 1.415698111051475784e-02
7.000000000000000000e+00 0.000000000000000000e+00
