0.000000000000000000e+00 0.000000000000000000e+00
1.000000000000000021e-02 1.416475850565973235e-02
2.000000000000000042e-02 1.418000477353604030e-02
2.999999999999999889e-02 1.421594607746552025e-02
4.000000000000000083e-02 1.428725275552372546e-02
5.000000000000000278e-02 1.440487641570875263e-02
5.999999999999999778e-02 1.456297368476095096e-02
7.000000000000000666e-02 1.472914002644469533e-02
8.000000000000000167e-02 1.485113183915967236e-02
8.999999999999999667e-02 1.488306610198959073e-02
1.000000000000000056e-01 1.481435891130246200e-02
1.100000000000000006e-01 1.467718464658343200e-02
1.199999999999999956e-01 1.452553576628380638e-02
1.300000000000000044e-01 1.440388728636957799e-02
1.400000000000000133e-01 1.432919111171538154e-02
1.499999999999999944e-01 1.429391859748932632e-02
1.600000000000000033e-01 1.428086693720563571e-02
1.700000000000000122e-01 1.427740163377744925e-02
1.799999999999999933e-01 1.428393963141483258e-02
1.900000000000000022e-01 1.431859221438963603e-02
2.000000000000000111e-01 1.442215107671357584e-02
2.099999999999999922e-01 1.466450205781905797e-02
2.200000000000000011e-01 1.514581528599470532e-02
2.300000000000000100e-01 1.597844995387850617e-02
2.399999999999999911e-01 1.723990377688347161e-02
2.500000000000000000e-01 1.891167118988589663e-02
2.600000000000000089e-01 2.085047880614970470e-02
2.700000000000000178e-01 2.284094863145126608e-02
2.800000000000000266e-01 2.472743154922653341e-02
2.899999999999999800e-01 2.654478728861119768e-02
2.999999999999999889e-01 2.853273336631115958e-02
3.099999999999999978e-01 3.097576777900804684e-02
3.200000000000000067e-01 3.394499826883716487e-02
3.300000000000000155e-01 3.716062213038610201e-02
3.400000000000000244e-01 4.026586160366765060e-02
3.499999999999999778e-01 4.375547685208563964e-02
3.599999999999999867e-01 5.058090430619444772e-02
3.699999999999999956e-01 6.786262533870349167e-02
3.800000000000000044e-01 1.069711024025488399e-01
3.900000000000000133e-01 1.792442527086643700e-01
4.000000000000000222e-01 2.862788480756150999e-01
4.099999999999999756e-01 4.097557636469301712e-01
4.199999999999999845e-01 5.116234812751573324e-01
4.299999999999999933e-01 5.513650315443117123e-01
4.400000000000000022e-01 5.112483754975634120e-01
4.500000000000000111e-01 4.087015552944433527e-01
4.600000000000000200e-01 2.842304057635151038e-01
4.699999999999999734e-01 1.759521765969354334e-01
4.799999999999999822e-01 1.021025662153644958e-01
4.899999999999999911e-01 6.113803492869217260e-02
5.000000000000000000e-01 4.225880215441308457e-02
5.100000000000000089e-01 3.489112126095324923e-02
5.200000000000000178e-01 3.233987981601467443e-02
5.300000000000000266e-01 3.133803794711403912e-02
5.400000000000000355e-01 3.054688107882581882e-02
5.500000000000000444e-01 2.950058215167464595e-02
5.600000000000000533e-01 2.811330985501128699e-02
5.699999999999999512e-01 2.646903311342473780e-02
5.799999999999999600e-01 2.471103517003054792e-02
5.899999999999999689e-01 2.298313705129596818e-02
5.999999999999999778e-01 2.141358058846480616e-02
6.099999999999999867e-01 2.011473471653478853e-02
6.199999999999999956e-01 1.916479830484238076e-02
6.300000000000000044e-01 1.856749399851611790e-02
6.400000000000000133e-01 1.822736866872673445e-02
6.500000000000000222e-01 1.798526006350951306e-02
6.600000000000000311e-01 1.770973535607460111e-02
6.700000000000000400e-01 1.737732484358552390e-02
6.800000000000000488e-01 1.707255810296318815e-02
6.899999999999999467e-01 1.691268151012225579e-02
6.999999999999999556e-01 1.697114818464011410e-02
7.099999999999999645e-01 1.726230574100581436e-02
7.199999999999999734e-01 1.777837025763554998e-02
7.299999999999999822e-01 1.851702954599951725e-02
7.399999999999999911e-01 1.945154550244573149e-02
7.500000000000000000e-01 2.046609052276060492e-02
7.600000000000000089e-01 2.134614388564708143e-02
7.700000000000000178e-01 2.188937653538072792e-02
7.800000000000000266e-01 2.207489047776887980e-02
7.900000000000000355e-01 2.213582456944079152e-02
8.000000000000000444e-01 2.246561585777196238e-02
8.100000000000000533e-01 2.348075175161875097e-02
8.199999999999999512e-01 2.563086149113014481e-02
8.299999999999999600e-01 2.957619261681652609e-02
8.399999999999999689e-01 3.627498190231757264e-02
8.499999999999999778e-01 4.661273089372277439e-02
8.599999999999999867e-01 6.049396640841811501e-02
8.699999999999999956e-01 7.593609656204634850e-02
8.800000000000000044e-01 8.910695622357590884e-02
8.900000000000000133e-01 9.579494312475010653e-02
9.000000000000000222e-01 9.361872778343729995e-02
9.100000000000000311e-01 8.345085289433940012e-02
9.200000000000000400e-01 6.898974472094557275e-02
9.300000000000000488e-01 5.482143527807322586e-02
9.399999999999999467e-01 4.435060677874778229e-02
9.499999999999999556e-01 3.879971386918330822e-02
9.599999999999999645e-01 3.747650530561450616e-02
9.699999999999999734e-01 3.870565278830864070e-02
9.799999999999999822e-01 4.073185820894830583e-02
9.899999999999999911e-01 4.226733616993186282e-02
1.000000000000000000e+00 4.268696856743306456e-02
1.010000000000000009e+00 4.198198008471380749e-02
1.020000000000000018e+00 4.056557078524283821e-02
1.030000000000000027e+00 3.900463260768728679e-02
1.040000000000000036e+00 3.777129126305156515e-02
1.050000000000000044e+00 3.716109665231217413e-02
1.060000000000000053e+00 3.758608810985775150e-02
1.070000000000000062e+00 4.047902250780056888e-02
1.080000000000000071e+00 4.997296823579183700e-02
1.090000000000000080e+00 7.521123305791173330e-02
1.100000000000000089e+00 1.324631325335555998e-01
1.110000000000000098e+00 2.455064097933056522e-01
1.120000000000000107e+00 4.432172213243666947e-01
1.129999999999999893e+00 7.559782561163326253e-01
1.139999999999999902e+00 1.215187253413160473e+00
1.149999999999999911e+00 1.857116259302994399e+00
1.159999999999999920e+00 2.721928744221332241e+00
1.169999999999999929e+00 3.832076409396471206e+00
1.179999999999999938e+00 5.148157765730017488e+00
1.189999999999999947e+00 6.530727028029098769e+00
1.199999999999999956e+00 7.750049290647391231e+00
1.209999999999999964e+00 8.555955916224556645e+00
1.219999999999999973e+00 8.770264763834392241e+00
1.229999999999999982e+00 8.347592286263058270e+00
1.239999999999999991e+00 7.380873561697078422e+00
1.250000000000000000e+00 6.064499963674387040e+00
1.260000000000000009e+00 4.636293660614503764e+00
1.270000000000000018e+00 3.313148418892742253e+00
1.280000000000000027e+00 2.237851292224982913e+00
1.290000000000000036e+00 1.458124734845642312e+00
1.300000000000000044e+00 9.446876354859364833e-01
1.310000000000000053e+00 6.313069345324076043e-01
1.320000000000000062e+00 4.505721419943660155e-01
1.330000000000000071e+00 3.508529963852486389e-01
1.340000000000000080e+00 2.971079838191807987e-01
1.350000000000000089e+00 2.658379890052708916e-01
1.360000000000000098e+00 2.414688614450475890e-01
1.370000000000000107e+00 2.152918419059273170e-01
1.379999999999999893e+00 1.848235276319263598e-01
1.389999999999999902e+00 1.519636851080083395e-01
1.399999999999999911e+00 1.202769136562248792e-01
1.409999999999999920e+00 9.272434374307370053e-02
1.419999999999999929e+00 7.068570708443461248e-02
1.429999999999999938e+00 5.411614836951132712e-02
1.439999999999999947e+00 4.217504052295982520e-02
1.449999999999999956e+00 3.379163938933704703e-02
1.459999999999999964e+00 2.798236773867348801e-02
1.469999999999999973e+00 2.396455306206490138e-02
1.479999999999999982e+00 2.116488474460363756e-02
1.489999999999999991e+00 1.918812762951966136e-02
1.500000000000000000e+00 1.777414308888474598e-02
1.510000000000000009e+00 1.675494000527171651e-02
1.520000000000000018e+00 1.601947833391056605e-02
1.530000000000000027e+00 1.549016477046085728e-02
1.540000000000000036e+00 1.510988650663054947e-02
1.550000000000000044e+00 1.483577634246152285e-02
1.560000000000000053e+00 1.463635580097335208e-02
1.570000000000000062e+00 1.448988634062053395e-02
1.580000000000000071e+00 1.438248328998692309e-02
1.590000000000000080e+00 1.430545377193957746e-02
1.600000000000000089e+00 1.425251543468277274e-02
1.610000000000000098e+00 1.421802045549473009e-02
1.620000000000000107e+00 1.419659757494777345e-02
1.629999999999999893e+00 1.418362623576703563e-02
1.639999999999999902e+00 1.417568810347948766e-02
1.649999999999999911e+00 1.417059557425801204e-02
1.659999999999999920e+00 1.416710299257966515e-02
1.669999999999999929e+00 1.416455616000554703e-02
1.679999999999999938e+00 1.416262665998242222e-02
1.689999999999999947e+00 1.416114921258963995e-02
1.699999999999999956e+00 1.416003124383105605e-02
1.709999999999999964e+00 1.415920674420168869e-02
1.719999999999999973e+00 1.415861778812663174e-02
1.729999999999999982e+00 1.415821224484374065e-02
1.739999999999999991e+00 1.415794823875815220e-02
1.750000000000000000e+00 1.415779858009978166e-02
1.760000000000000009e+00 1.415775168923538371e-02
1.770000000000000018e+00 1.415780796464895068e-02
1.780000000000000027e+00 1.415797174865059994e-02
1.790000000000000036e+00 1.415824037205263425e-02
1.800000000000000044e+00 1.415859412383485387e-02
1.810000000000000053e+00 1.415899267994164337e-02
1.820000000000000062e+00 1.415938167720796545e-02
1.830000000000000071e+00 1.415970769315100415e-02
1.840000000000000080e+00 1.415993449059626749e-02
1.850000000000000089e+00 1.416005187185243562e-02
1.860000000000000098e+00 1.416007222641783511e-02
1.870000000000000107e+00 1.416001730947862892e-02
1.879999999999999893e+00 1.415990440128430707e-02
1.889999999999999902e+00 1.415974106682530223e-02
1.899999999999999911e+00 1.415953015924305974e-02
1.909999999999999920e+00 1.415927818850541177e-02
1.919999999999999929e+00 1.415899892826772387e-02
1.929999999999999938e+00 1.415871042397308203e-02
1.939999999999999947e+00 1.415842974282271668e-02
1.949999999999999956e+00 1.415816992894941562e-02
1.959999999999999964e+00 1.415793966488113412e-02
1.969999999999999973e+00 1.415774365735811974e-02
1.979999999999999982e+00 1.415758265677154008e-02
1.989999999999999991e+00 1.415745374087437787e-02
2.000000000000000000e+00 1.415735160233089554e-02
2.009999999999999787e+00 1.415727045310736891e-02
2.020000000000000018e+00 1.415720549244083720e-02
2.029999999999999805e+00 1.415715333335323435e-02
2.040000000000000036e+00 1.415711163848843920e-02
2.049999999999999822e+00 1.415707860321168202e-02
2.060000000000000053e+00 1.415705268851048977e-02
2.069999999999999840e+00 1.415703259104383709e-02
2.080000000000000071e+00 1.415701725786279105e-02
2.089999999999999858e+00 1.415700583800414726e-02
2.100000000000000089e+00 1.415699759825998771e-02
2.109999999999999876e+00 1.415699186718738338e-02
2.120000000000000107e+00 1.415698802899305678e-02
2.129999999999999893e+00 1.415698554662184715e-02
2.140000000000000124e+00 1.415698398528342575e-02
2.149999999999999911e+00 1.415698302037928479e-02
2.160000000000000142e+00 1.415698242784176747e-02
2.169999999999999929e+00 1.415698206304545452e-02
2.180000000000000160e+00 1.415698183679233238e-02
2.189999999999999947e+00 1.415698169498635570e-02
2.200000000000000178e+00 1.415698160471186816e-02
2.209999999999999964e+00 1.415698154599075859e-02
2.220000000000000195e+00 1.415698150701501755e-02
2.229999999999999982e+00 1.415698148102132771e-02
2.240000000000000213e+00 1.415698146403879254e-02
2.250000000000000000e+00 1.415698145342909539e-02
2.259999999999999787e+00 1.415698144718425568e-02
2.270000000000000018e+00 1.415698144373168932e-02
2.279999999999999805e+00 1.415698144192179160e-02
2.290000000000000036e+00 1.415698144099777379e-02
2.299999999999999822e+00 1.415698144050950812e-02
2.310000000000000053e+00 1.415698144021009658e-02
2.319999999999999840e+00 1.415698143997081403e-02
2.330000000000000071e+00 1.415698143972473309e-02
2.339999999999999858e+00 1.415698143943537254e-02
2.350000000000000089e+00 1.415698143908449176e-02
2.359999999999999876e+00 1.415698143867222779e-02
2.370000000000000107e+00 1.415698143822015365e-02
2.379999999999999893e+00 1.415698143776801012e-02
2.390000000000000124e+00 1.415698143736085490e-02
2.399999999999999911e+00 1.415698143703172755e-02
2.410000000000000142e+00 1.415698143678916637e-02
2.419999999999999929e+00 1.415698143661596985e-02
2.430000000000000160e+00 1.415698143647909843e-02
2.439999999999999947e+00 1.415698143634566350e-02
2.450000000000000178e+00 1.415698143619851038e-02
2.459999999999999964e+00 1.415698143604549215e-02
2.470000000000000195e+00 1.415698143591889377e-02
2.479999999999999982e+00 1.415698143586518500e-02
2.490000000000000213e+00 1.415698143592883894e-02
2.500000000000000000e+00 1.415698143613604645e-02
2.509999999999999787e+00 1.415698143648346473e-02
2.520000000000000018e+00 1.415698143693512774e-02
2.529999999999999805e+00 1.415698143742774757e-02
2.540000000000000036e+00 1.415698143788245329e-02
2.549999999999999822e+00 1.415698143821990385e-02
2.560000000000000053e+00 1.415698143837629264e-02
2.569999999999999840e+00 1.415698143831792266e-02
2.580000000000000071e+00 1.415698143805083249e-02
2.589999999999999858e+00 1.415698143762059852e-02
2.600000000000000089e+00 1.415698143709965412e-02
2.609999999999999876e+00 1.415698143656567848e-02
2.620000000000000107e+00 1.415698143608018662e-02
2.629999999999999893e+00 1.415698143567640198e-02
2.640000000000000124e+00 1.415698143535968137e-02
2.649999999999999911e+00 1.415698143511689121e-02
2.660000000000000142e+00 1.415698143492811513e-02
2.669999999999999929e+00 1.415698143477539701e-02
2.680000000000000160e+00 1.415698143464652614e-02
2.689999999999999947e+00 1.415698143453476485e-02
2.700000000000000178e+00 1.415698143443673215e-02
2.709999999999999964e+00 1.415698143435042272e-02
2.720000000000000195e+00 1.415698143427417469e-02
2.729999999999999982e+00 1.415698143420661241e-02
2.740000000000000213e+00 1.415698143414693445e-02
2.750000000000000000e+00 1.415698143409507490e-02
2.759999999999999787e+00 1.415698143405146568e-02
2.770000000000000018e+00 1.415698143401650580e-02
2.779999999999999805e+00 1.415698143399002525e-02
2.790000000000000036e+00 1.415698143397104390e-02
2.799999999999999822e+00 1.415698143395794154e-02
2.810000000000000053e+00 1.415698143394890189e-02
2.819999999999999840e+00 1.415698143394230821e-02
2.830000000000000071e+00 1.415698143393701557e-02
2.839999999999999858e+00 1.415698143393235783e-02
2.850000000000000089e+00 1.415698143392803143e-02
2.859999999999999876e+00 1.415698143392393922e-02
2.870000000000000107e+00 1.415698143392006038e-02
2.879999999999999893e+00 1.415698143391639317e-02
2.890000000000000124e+00 1.415698143391293760e-02
2.899999999999999911e+00 1.415698143390972490e-02
2.910000000000000142e+00 1.415698143390679148e-02
2.919999999999999929e+00 1.415698143390420154e-02
2.930000000000000160e+00 1.415698143390200364e-02
2.939999999999999947e+00 1.415698143390022729e-02
2.950000000000000178e+00 1.415698143389886726e-02
2.959999999999999964e+00 1.415698143389788541e-02
2.970000000000000195e+00 1.415698143389722274e-02
2.979999999999999982e+00 1.415698143389680121e-02
2.990000000000000213e+00 1.415698143389654794e-02
3.000000000000000000e+00 1.415698143389641089e-02
3.009999999999999787e+00 1.415698143389633457e-02
3.020000000000000018e+00 1.415698143389629814e-02
3.029999999999999805e+00 1.415698143389627905e-02
3.040000000000000036e+00 1.415698143389627038e-02
3.049999999999999822e+00 1.415698143389626691e-02
3.060000000000000053e+00 1.415698143389626344e-02
3.069999999999999840e+00 1.415698143389626344e-02
3.080000000000000071e+00 1.415698143389626344e-02
3.089999999999999858e+00 1.415698143389626344e-02
3.100000000000000089e+00 1.415698143389626344e-02
3.109999999999999876e+00 1.415698143389626344e-02
3.120000000000000107e+00 1.415698143389626344e-02
3.129999999999999893e+00 1.415698143389626344e-02
3.140000000000000124e+00 1.415698143389626344e-02
3.149999999999999911e+00 1.415698143389626344e-02
3.160000000000000142e+00 1.415698143389626344e-02
3.169999999999999929e+00 1.415698143389626344e-02
3.180000000000000160e+00 1.415698143389626344e-02
3.189999999999999947e+00 1.415698143389626344e-02
3.200000000000000178e+00 1.415698143389626344e-02
3.209999999999999964e+00 1.415698143389626344e-02
3.220000000000000195e+00 1.415698143389626344e-02
3.229999999999999982e+00 1.415698143389626344e-02
3.240000000000000213e+00 1.415698143389626344e-02
3.250000000000000000e+00 1.415698143389626344e-02
3.259999999999999787e+00 1.415698143389626344e-02
3.270000000000000018e+00 1.415698143389626344e-02
3.279999999999999805e+00 1.415698143389626344e-02
3.290000000000000036e+00 1.415698143389626344e-02
3.299999999999999822e+00 1.415698143389626344e-02
3.310000000000000053e+00 1.415698143389626344e-02
3.319999999999999840e+00 1.415698143389626344e-02
3.330000000000000071e+00 1.415698143389626344e-02
3.339999999999999858e+00 1.415698143389626344e-02
3.350000000000000089e+00 1.415698143389626344e-02
3.359999999999999876e+00 1.415698143389626344e-02
3.370000000000000107e+00 1.415698143389626344e-02
3.379999999999999893e+00 1.415698143389626344e-02
3.390000000000000124e+00 1.415698143389626344e-02
3.399999999999999911e+00 1.415698143389626344e-02
3.410000000000000142e+00 1.415698143389626344e-02
3.419999999999999929e+00 1.415698143389626344e-02
3.430000000000000160e+00 1.415698143389626344e-02
3.439999999999999947e+00 1.415698143389626344e-02
3.450000000000000178e+00 1.415698143389626344e-02
3.459999999999999964e+00 1.415698143389626344e-02
3.470000000000000195e+00 1.415698143389626344e-02
3.479999999999999982e+00 1.415698143389626344e-02
3.490000000000000213e+00 1.415698143389626344e-02
3.500000000000000000e+00 1.415698143389626344e-02
3.509999999999999787e+00 1.415698143389626344e-02
3.520000000000000018e+00 1.415698143389626344e-02
3.529999999999999805e+00 1.415698143389626344e-02
3.540000000000000036e+00 1.415698143389626344e-02
3.549999999999999822e+00 1.415698143389626344e-02
3.560000000000000053e+00 1.415698143389626344e-02
3.569999999999999840e+00 1.415698143389626344e-02
3.580000000000000071e+00 1.415698143389626344e-02
3.589999999999999858e+00 1.415698143389626344e-02
3.600000000000000089e+00 1.415698143389626344e-02
3.609999999999999876e+00 1.415698143389626344e-02
3.620000000000000107e+00 1.415698143389626344e-02
3.629999999999999893e+00 1.415698143389626344e-02
3.640000000000000124e+00 1.415698143389626344e-02
3.649999999999999911e+00 1.415698143389626344e-02
3.660000000000000142e+00 1.415698143389626344e-02
3.669999999999999929e+00 1.415698143389626344e-02
3.680000000000000160e+00 1.415698143389626344e-02
3.689999999999999947e+00 1.415698143389626344e-02
3.700000000000000178e+00 1.415698143389626344e-02
3.709999999999999964e+00 1.415698143389626344e-02
3.720000000000000195e+00 1.415698143389626344e-02
3.729999999999999982e+00 1.415698143389626344e-02
3.740000000000000213e+00 1.415698143389626344e-02
3.750000000000000000e+00 1.415698143389626344e-02
3.759999999999999787e+00 1.415698143389626344e-02
3.770000000000000018e+00 1.415698143389626344e-02
3.779999999999999805e+00 1.415698143389626344e-02
3.790000000000000036e+00 1.415698143389626344e-02
3.799999999999999822e+00 1.415698143389626344e-02
3.810000000000000053e+00 1.415698143389626344e-02
3.819999999999999840e+00 1.415698143389626344e-02
3.830000000000000071e+00 1.415698143389626344e-02
3.839999999999999858e+00 1.415698143389626344e-02
3.850000000000000089e+00 1.415698143389626344e-02
3.859999999999999876e+00 1.415698143389626344e-02
3.870000000000000107e+00 1.415698143389626344e-02
3.879999999999999893e+00 1.415698143389626344e-02
3.890000000000000124e+00 1.415698143389626344e-02
3.899999999999999911e+00 1.415698143389626344e-02
3.910000000000000142e+00 1.415698143389626344e-02
3.919999999999999929e+00 1.415698143389626344e-02
3.930000000000000160e+00 1.415698143389626344e-02
3.939999999999999947e+00 1.415698143389626344e-02
3.950000000000000178e+00 1.415698143389626344e-02
3.959999999999999964e+00 1.415698143389626344e-02
3.970000000000000195e+00 1.415698143389626344e-02
3.979999999999999982e+00 1.415698143389626344e-02
3.990000000000000213e+00 1.415698143389626344e-02
4.000000000000000000e+00 1.415698143389626344e-02
4.009999999999999787e+00 1.415698143389626344e-02
4.019999999999999574e+00 1.415698143389626344e-02
4.030000000000000249e+00 1.415698143389626344e-02
4.040000000000000036e+00 1.415698143389626344e-02
4.049999999999999822e+00 1.415698143389626344e-02
4.059999999999999609e+00 1.415698143389626344e-02
4.070000000000000284e+00 1.415698143389626344e-02
4.080000000000000071e+00 1.415698143389626344e-02
4.089999999999999858e+00 1.415698143389626344e-02
4.099999999999999645e+00 1.415698143389626344e-02
4.110000000000000320e+00 1.415698143389626344e-02
4.120000000000000107e+00 1.415698143389626344e-02
4.129999999999999893e+00 1.415698143389626344e-02
4.139999999999999680e+00 1.415698143389626344e-02
4.150000000000000355e+00 1.415698143389626344e-02
4.160000000000000142e+00 1.415698143389626344e-02
4.169999999999999929e+00 1.415698143389626344e-02
4.179999999999999716e+00 1.415698143389626344e-02
4.190000000000000391e+00 1.415698143389626344e-02
4.200000000000000178e+00 1.415698143389626344e-02
4.209999999999999964e+00 1.415698143389626344e-02
4.219999999999999751e+00 1.415698143389626344e-02
4.230000000000000426e+00 1.415698143389626344e-02
4.240000000000000213e+00 1.415698143389626344e-02
4.250000000000000000e+00 1.415698143389626344e-02
4.259999999999999787e+00 1.415698143389626344e-02
4.269999999999999574e+00 1.415698143389626344e-02
4.280000000000000249e+00 1.415698143389626344e-02
4.290000000000000036e+00 1.415698143389626344e-02
4.299999999999999822e+00 1.415698143389626344e-02
4.309999999999999609e+00 1.415698143389626344e-02
4.320000000000000284e+00 1.415698143389626344e-02
4.330000000000000071e+00 1.415698143389626344e-02
4.339999999999999858e+00 1.415698143389626344e-02
4.349999999999999645e+00 1.415698143389626344e-02
4.360000000000000320e+00 1.415698143389626344e-02
4.370000000000000107e+00 1.415698143389626344e-02
4.379999999999999893e+00 1.415698143389626344e-02
4.389999999999999680e+00 1.415698143389626344e-02
4.400000000000000355e+00 1.415698143389626344e-02
4.410000000000000142e+00 1.415698143389626344e-02
4.419999999999999929e+00 1.415698143389626344e-02
4.429999999999999716e+00 1.415698143389626344e-02
4.440000000000000391e+00 1.415698143389626344e-02
4.450000000000000178e+00 1.415698143389626344e-02
4.459999999999999964e+00 1.415698143389626344e-02
4.469999999999999751e+00 1.415698143389626344e-02
4.480000000000000426e+00 1.415698143389626344e-02
4.490000000000000213e+00 1.415698143389626344e-02
4.500000000000000000e+00 1.415698143389626344e-02
4.509999999999999787e+00 1.415698143389626344e-02
4.519999999999999574e+00 1.415698143389626344e-02
4.530000000000000249e+00 1.415698143389626344e-02
4.540000000000000036e+00 1.415698143389626344e-02
4.549999999999999822e+00 1.415698143389626344e-02
4.559999999999999609e+00 1.415698143389626344e-02
4.570000000000000284e+00 1.415698143389626344e-02
4.580000000000000071e+00 1.415698143389626344e-02
4.589999999999999858e+00 1.415698143389626344e-02
4.599999999999999645e+00 1.415698143389626344e-02
4.610000000000000320e+00 1.415698143389626344e-02
4.620000000000000107e+00 1.415698143389626344e-02
4.629999999999999893e+00 1.415698143389626344e-02
4.639999999999999680e+00 1.415698143389626344e-02
4.650000000000000355e+00 1.415698143389626344e-02
4.660000000000000142e+00 1.415698143389626344e-02
4.669999999999999929e+00 1.415698143389626344e-02
4.679999999999999716e+00 1.415698143389626344e-02
4.690000000000000391e+00 1.415698143389626344e-02
4.700000000000000178e+00 1.415698143389626344e-02
4.709999999999999964e+00 1.415698143389626344e-02
4.719999999999999751e+00 1.415698143389626344e-02
4.730000000000000426e+00 1.415698143389626344e-02
4.740000000000000213e+00 1.415698143389626344e-02
4.750000000000000000e+00 1.415698143389626344e-02
4.759999999999999787e+00 1.415698143389626344e-02
4.769999999999999574e+00 1.415698143389626344e-02
4.780000000000000249e+00 1.415698143389626344e-02
4.790000000000000036e+00 1.415698143389626344e-02
4.799999999999999822e+00 1.415698143389626344e-02
4.809999999999999609e+00 1.415698143389626344e-02
4.820000000000000284e+00 1.415698143389626344e-02
4.830000000000000071e+00 1.415698143389626344e-02
4.839999999999999858e+00 1.415698143389626344e-02
4.849999999999999645e+00 1.415698143389626344e-02
4.860000000000000320e+00 1.415698143389626344e-02
4.870000000000000107e+00 1.415698143389626344e-02
4.879999999999999893e+00 1.415698143389626344e-02
4.889999999999999680e+00 1.415698143389626344e-02
4.900000000000000355e+00 1.415698143389626344e-02
4.910000000000000142e+00 1.415698143389626344e-02
4.919999999999999929e+00 1.415698143389626344e-02
4.929999999999999716e+00 1.415698143389626344e-02
4.940000000000000391e+00 1.415698143389626344e-02
4.950000000000000178e+00 1.415698143389626344e-02
4.959999999999999964e+00 1.415698143389626344e-02
4.969999999999999751e+00 1.415698143389626344e-02
4.980000000000000426e+00 1.415698143389626344e-02
4.990000000000000213e+00 1.415698143389626344e-02
5.000000000000000000e+00 1.415698143389626344e-02
5.009999999999999787e+00 1.415698143389626344e-02
5.019999999999999574e+00 1.415698143389626344e-02
5.030000000000000249e+00 1.415698143389626344e-02
5.040000000000000036e+00 1.415698143389626344e-02
5.049999999999999822e+00 1.415698143389626344e-02
5.059999999999999609e+00 1.415698143389626344e-02
5.070000000000000284e+00 1.415698143389626344e-02
5.080000000000000071e+00 1.415698143389626344e-02
5.089999999999999858e+00 1.415698143389626344e-02
5.099999999999999645e+00 1.415698143389626344e-02
5.110000000000000320e+00 1.415698143389626344e-02
5.120000000000000107e+00 1.415698143389626344e-02
5.129999999999999893e+00 1.415698143389626344e-02
5.139999999999999680e+00 1.415698143389626344e-02
5.150000000000000355e+00 1.415698143389626344e-02
5.160000000000000142e+00 1.415698143389626344e-02
5.169999999999999929e+00 1.415698143389626344e-02
5.179999999999999716e+00 1.415698143389626344e-02
5.190000000000000391e+00 1.415698143389626344e-02
5.200000000000000178e+00 1.415698143389626344e-02
5.209999999999999964e+00 1.415698143389626344e-02
5.219999999999999751e+00 1.415698143389626344e-02
5.230000000000000426e+00 1.415698143389626344e-02
5.240000000000000213e+00 1.415698143389626344e-02
5.250000000000000000e+00 1.415698143389626344e-02
5.259999999999999787e+00 1.415698143389626344e-02
5.269999999999999574e+00 1.415698143389626344e-02
5.280000000000000249e+00 1.415698143389626344e-02
5.290000000000000036e+00 1.415698143389626344e-02
5.299999999999999822e+00 1.415698143389626344e-02
5.309999999999999609e+00 1.415698143389626344e-02
5.320000000000000284e+00 1.415698143389626344e-02
5.330000000000000071e+00 1.415698143389626344e-02
5.339999999999999858e+00 1.415698143389626344e-02
5.349999999999999645e+00 1.415698143389626344e-02
5.360000000000000320e+00 1.415698143389626344e-02
5.370000000000000107e+00 1.415698143389626344e-02
5.379999999999999893e+00 1.415698143389626344e-02
5.389999999999999680e+00 1.415698143389626344e-02
5.400000000000000355e+00 1.415698143389626344e-02
5.410000000000000142e+00 1.415698143389626344e-02
5.419999999999999929e+00 1.415698143389626344e-02
5.429999999999999716e+00 1.415698143389626344e-02
5.440000000000000391e+00 1.415698143389626344e-02
5.450000000000000178e+00 1.415698143389626344e-02
5.459999999999999964e+00 1.415698143389626344e-02
5.469999999999999751e+00 1.415698143389626344e-02
5.480000000000000426e+00 1.415698143389626344e-02
5.490000000000000213e+00 1.415698143389626344e-02
5.500000000000000000e+00 1.415698143389626344e-02
5.509999999999999787e+00 1.415698143389626344e-02
5.519999999999999574e+00 1.415698143389626344e-02
5.530000000000000249e+00 1.415698143389626344e-02
5.540000000000000036e+00 1.415698143389626344e-02
5.549999999999999822e+00 1.415698143389626344e-02
5.559999999999999609e+00 1.415698143389626344e-02
5.570000000000000284e+00 1.415698143389626344e-02
5.580000000000000071e+00 1.415698143389626344e-02
5.589999999999999858e+00 1.415698143389626344e-02
5.599999999999999645e+00 1.415698143389626344e-02
5.610000000000000320e+00 1.415698143389626344e-02
5.620000000000000107e+00 1.415698143389626344e-02
5.629999999999999893e+00 1.415698143389626344e-02
5.639999999999999680e+00 1.415698143389626344e-02
5.650000000000000355e+00 1.415698143389626344e-02
5.660000000000000142e+00 1.415698143389626344e-02
5.669999999999999929e+00 1.415698143389626344e-02
5.679999999999999716e+00 1.415698143389626344e-02
5.690000000000000391e+00 1.415698143389626344e-02
5.700000000000000178e+00 1.415698143389626344e-02
5.709999999999999964e+00 1.415698143389626344e-02
5.719999999999999751e+00 1.415698143389626344e-02
5.730000000000000426e+00 1.415698143389626344e-02
5.740000000000000213e+00 1.415698143389626344e-02
5.750000000000000000e+00 1.415698143389626344e-02
5.759999999999999787e+00 1.415698143389626344e-02
5.769999999999999574e+00 1.415698143389626344e-02
5.780000000000000249e+00 1.415698143389626344e-02
5.790000000000000036e+00 1.415698143389626344e-02
5.799999999999999822e+00 1.415698143389626344e-02
5.809999999999999609e+00 1.415698143389626344e-02
5.820000000000000284e+00 1.415698143389626344e-02
5.830000000000000071e+00 1.415698143389626344e-02
5.839999999999999858e+00 1.415698143389626344e-02
5.849999999999999645e+00 1.415698143389626344e-02
5.860000000000000320e+00 1.415698143389626344e-02
5.870000000000000107e+00 1.415698143389626344e-02
5.879999999999999893e+00 1.415698143389626344e-02
5.889999999999999680e+00 1.415698143389626344e-02
5.900000000000000355e+00 1.415698143389626344e-02
5.910000000000000142e+00 1.415698143389626344e-02
5.919999999999999929e+00 1.415698143389626344e-02
5.929999999999999716e+00 1.415698143389626344e-02
5.940000000000000391e+00 1.415698143389626344e-02
5.950000000000000178e+00 1.415698143389626344e-02
5.959999999999999964e+00 1.415698143389626344e-02
5.969999999999999751e+00 1.415698143389626344e-02
5.980000000000000426e+00 1.415698143389626344e-02
5.990000000000000213e+00 1.415698143389626344e-02
6.000000000000000000e+00 1.415698143389626344e-02
6.200000000000000178e+00 1.415698143389626344e-02
6.400000000000000355e+00 1.415698143389626344e-02
6.599999999999999645e+00 1.415698143389626344e-02
6.799999999999999822e+00 1.415698143389626344e-02
7.000000000000000000e+00 0.000000000000000000e+00
