0.000000000000000000e+00 0.000000000000000000e+00
1.000000000000000021e-02 1.415698111051474743e-02
2.000000000000000042e-02 1.415698111051474743e-02
2.999999999999999889e-02 1.415698111051474743e-02
4.000000000000000083e-02 1.415698111051474743e-02
5.000000000000000278e-02 1.415698111051474743e-02
5.999999999999999778e-02 1.415698111051474743e-02
7.000000000000000666e-02 1.415698111051474743e-02
8.000000000000000167e-02 1.415698111051474743e-02
8.999999999999999667e-02 1.415698111051474743e-02
1.000000000000000056e-01 1.415698111051474743e-02
1.100000000000000006e-01 1.415698111051474743e-02
1.199999999999999956e-01 1.415698111051474743e-02
1.300000000000000044e-01 1.415698111051474743e-02
1.400000000000000133e-01 1.415698111051474743e-02
1.499999999999999944e-01 1.415698111051474743e-02
1.600000000000000033e-01 1.415698111051474743e-02
1.700000000000000122e-01 1.415698111051474743e-02
1.799999999999999933e-01 1.415698111051474743e-02
1.900000000000000022e-01 1.415698111051474743e-02
2.000000000000000111e-01 1.415698111051474743e-02
2.099999999999999922e-01 1.415698111051474743e-02
2.200000000000000011e-01 1.415698111051474743e-02
2.300000000000000100e-01 1.415698111051474743e-02
2.399999999999999911e-01 1.415698111051474743e-02
2.500000000000000000e-01 1.415698111051474743e-02
2.600000000000000089e-01 1.415698111051474743e-02
2.700000000000000178e-01 1.415698111051474743e-02
2.800000000000000266e-01 1.415698111051474743e-02
2.899999999999999800e-01 1.415698111051474743e-02
2.999999999999999889e-01 1.415698111051474743e-02
3.099999999999999978e-01 1.415698111051474743e-02
3.200000000000000067e-01 1.415698111051474743e-02
3.300000000000000155e-01 1.415698111051474743e-02
3.400000000000000244e-01 1.415698111051474743e-02
3.499999999999999778e-01 1.415698111051474743e-02
3.599999999999999867e-01 1.415698111051474743e-02
3.699999999999999956e-01 1.415698111051474743e-02
3.800000000000000044e-01 1.415698111051474743e-02
3.900000000000000133e-01 1.415698111051474743e-02
4.000000000000000222e-01 1.415698111051475090e-02
4.099999999999999756e-01 1.415698111051475090e-02
4.199999999999999845e-01 1.415698111051475090e-02
4.299999999999999933e-01 1.415698111051475264e-02
4.400000000000000022e-01 1.415698111051475611e-02
4.500000000000000111e-01 1.415698111051475958e-02
4.600000000000000200e-01 1.415698111051477519e-02
4.699999999999999734e-01 1.415698111051481856e-02
4.799999999999999822e-01 1.415698111051493825e-02
4.899999999999999911e-01 1.415698111051524703e-02
5.000000000000000000e-01 1.415698111051602245e-02
5.100000000000000089e-01 1.415698111051784738e-02
5.200000000000000178e-01 1.415698111052189623e-02
5.300000000000000266e-01 1.415698111053039637e-02
5.400000000000000355e-01 1.415698111054739666e-02
5.500000000000000444e-01 1.415698111058011702e-02
5.600000000000000533e-01 1.415698111064159909e-02
5.699999999999999512e-01 1.415698111075611859e-02
5.799999999999999600e-01 1.415698111097030490e-02
5.899999999999999689e-01 1.415698111137503670e-02
5.999999999999999778e-01 1.415698111214753162e-02
6.099999999999999867e-01 1.415698111363269604e-02
6.199999999999999956e-01 1.415698111650080630e-02
6.300000000000000044e-01 1.415698112204031092e-02
6.400000000000000133e-01 1.415698113264708853e-02
6.500000000000000222e-01 1.415698115253550583e-02
6.600000000000000311e-01 1.415698118865462915e-02
6.700000000000000400e-01 1.415698125184595979e-02
6.800000000000000488e-01 1.415698135846410986e-02
6.899999999999999467e-01 1.415698153279178716e-02
6.999999999999999556e-01 1.415698181025121759e-02
7.099999999999999645e-01 1.415698224065910227e-02
7.199999999999999734e-01 1.415698289063354112e-02
7.299999999999999822e-01 1.415698384695974858e-02
7.399999999999999911e-01 1.415698523126626175e-02
7.500000000000000000e-01 1.415698725489126023e-02
7.600000000000000089e-01 1.415699037742632060e-02
7.700000000000000178e-01 1.415699568230275283e-02
7.800000000000000266e-01 1.415700560444577497e-02
7.900000000000000355e-01 1.415702501325890629e-02
8.000000000000000444e-01 1.415706223978802081e-02
8.100000000000000533e-01 1.415712909528988803e-02
8.199999999999999512e-01 1.415723891397720723e-02
8.299999999999999600e-01 1.415740281196717874e-02
8.399999999999999689e-01 1.415762615781934221e-02
8.499999999999999778e-01 1.415790777979419705e-02
8.599999999999999867e-01 1.415824241957876380e-02
8.699999999999999956e-01 1.415862397868421566e-02
8.800000000000000044e-01 1.415904643393757836e-02
8.900000000000000133e-01 1.415950187201767997e-02
9.000000000000000222e-01 1.415997817682372942e-02
9.100000000000000311e-01 1.416045929648649532e-02
9.200000000000000400e-01 1.416092853879156142e-02
9.300000000000000488e-01 1.416137259867038950e-02
9.399999999999999467e-01 1.416178360125242182e-02
9.499999999999999556e-01 1.416215852996957972e-02
9.599999999999999645e-01 1.416249755269822011e-02
9.699999999999999734e-01 1.416280259797191195e-02
9.799999999999999822e-01 1.416307596469382028e-02
9.899999999999999911e-01 1.416331869446045208e-02
1.000000000000000000e+00 1.416353020290677008e-02
1.010000000000000009e+00 1.416371122880807909e-02
1.020000000000000018e+00 1.416386970963335983e-02
1.030000000000000027e+00 1.416402574244977376e-02
1.040000000000000036e+00 1.416421068823592658e-02
1.050000000000000044e+00 1.416445830919544659e-02
1.060000000000000053e+00 1.416479130136304512e-02
1.070000000000000062e+00 1.416521066525429882e-02
1.080000000000000071e+00 1.416569369241114235e-02
1.090000000000000080e+00 1.416619899507506192e-02
1.100000000000000089e+00 1.416667094037837860e-02
1.110000000000000098e+00 1.416704027452752104e-02
1.120000000000000107e+00 1.416723214822699847e-02
1.129999999999999893e+00 1.416719933777831411e-02
1.139999999999999902e+00 1.416697854893442070e-02
1.149999999999999911e+00 1.416673443706555936e-02
1.159999999999999920e+00 1.416675097463482302e-02
1.169999999999999929e+00 1.416736822400043935e-02
1.179999999999999938e+00 1.416890478683304616e-02
1.189999999999999947e+00 1.417160951054612962e-02
1.199999999999999956e+00 1.417565892249609931e-02
1.209999999999999964e+00 1.418119389203176955e-02
1.219999999999999973e+00 1.418837890429233521e-02
1.229999999999999982e+00 1.419745746983377271e-02
1.239999999999999991e+00 1.420877113176006491e-02
1.250000000000000000e+00 1.422272708047730289e-02
1.260000000000000009e+00 1.423973880931014152e-02
1.270000000000000018e+00 1.426018698602463108e-02
1.280000000000000027e+00 1.428442043279986792e-02
1.290000000000000036e+00 1.431277047432798384e-02
1.300000000000000044e+00 1.434558032660430624e-02
1.310000000000000053e+00 1.438344450909400177e-02
1.320000000000000062e+00 1.442824771000243353e-02
1.330000000000000071e+00 1.448615517521065037e-02
1.340000000000000080e+00 1.457410774321858324e-02
1.350000000000000089e+00 1.473040040728710622e-02
1.360000000000000098e+00 1.502556382048256950e-02
1.370000000000000107e+00 1.556213152237641978e-02
1.379999999999999893e+00 1.644801401672563515e-02
1.389999999999999902e+00 1.774041727606981769e-02
1.399999999999999911e+00 1.938754997100219229e-02
1.409999999999999920e+00 2.121982645500560330e-02
1.419999999999999929e+00 2.302506112767141802e-02
1.429999999999999938e+00 2.467923235384230848e-02
1.439999999999999947e+00 2.624548153949144563e-02
1.449999999999999956e+00 2.796116638580056074e-02
1.459999999999999964e+00 3.011214233222222342e-02
1.469999999999999973e+00 3.287966884961709968e-02
1.479999999999999982e+00 3.626250199052511586e-02
1.489999999999999991e+00 4.011227815822807768e-02
1.500000000000000000e+00 4.423427453114132935e-02
1.510000000000000009e+00 4.846869070141637120e-02
1.520000000000000018e+00 5.269631159962690631e-02
1.530000000000000027e+00 5.676898377711555449e-02
1.540000000000000036e+00 6.041192743980960955e-02
1.550000000000000044e+00 6.317563480357787919e-02
1.560000000000000053e+00 6.452083269067787619e-02
1.570000000000000062e+00 6.405700683037707233e-02
1.580000000000000071e+00 6.181582208181037735e-02
1.590000000000000080e+00 5.834507407916642019e-02
1.600000000000000089e+00 5.450608208546416089e-02
1.610000000000000098e+00 5.109828122310428739e-02
1.620000000000000107e+00 4.857236435355402615e-02
1.629999999999999893e+00 4.698736525748848508e-02
1.639999999999999902e+00 4.615805246851493321e-02
1.649999999999999911e+00 4.584318634261819181e-02
1.659999999999999920e+00 4.587998594113940065e-02
1.669999999999999929e+00 4.625999783170266222e-02
1.679999999999999938e+00 4.717390734178563555e-02
1.689999999999999947e+00 4.902949121546019279e-02
1.699999999999999956e+00 5.241849347878409227e-02
1.709999999999999964e+00 5.801767404909603798e-02
1.719999999999999973e+00 6.645747321282821640e-02
1.729999999999999982e+00 7.823030657365304119e-02
1.739999999999999991e+00 9.368899440193818873e-02
1.750000000000000000e+00 1.131174988899786571e-01
1.760000000000000009e+00 1.368085680492251710e-01
1.770000000000000018e+00 1.650962553636745322e-01
1.780000000000000027e+00 1.983421677696900753e-01
1.790000000000000036e+00 2.369255085321569643e-01
1.800000000000000044e+00 2.813255386503810684e-01
1.810000000000000053e+00 3.323883651629530589e-01
1.820000000000000062e+00 3.917777042480845018e-01
1.830000000000000071e+00 4.623939567119248473e-01
1.840000000000000080e+00 5.483407822804416965e-01
1.850000000000000089e+00 6.541092656023204110e-01
1.860000000000000098e+00 7.831770057967712972e-01
1.870000000000000107e+00 9.368319287199041723e-01
1.879999999999999893e+00 1.114068244389204931e+00
1.889999999999999902e+00 1.312646587954421573e+00
1.899999999999999911e+00 1.530489009805385381e+00
1.909999999999999920e+00 1.766353101932492953e+00
1.919999999999999929e+00 2.019372979517342959e+00
1.929999999999999938e+00 2.287938106565507113e+00
1.939999999999999947e+00 2.568761931272252497e+00
1.949999999999999956e+00 2.856669046832700509e+00
1.959999999999999964e+00 3.145014257525777346e+00
1.969999999999999973e+00 3.426357347947674548e+00
1.979999999999999982e+00 3.693279597896652167e+00
1.989999999999999991e+00 3.939486714034710513e+00
2.000000000000000000e+00 4.160764511048038017e+00
2.009999999999999787e+00 4.354267560342944599e+00
2.020000000000000018e+00 4.514936479524932267e+00
2.029999999999999805e+00 4.630580437295497731e+00
2.040000000000000036e+00 4.679864190892295994e+00
2.049999999999999822e+00 4.636419111613525601e+00
2.060000000000000053e+00 4.477871395716545244e+00
2.069999999999999840e+00 4.195177427005592818e+00
2.080000000000000071e+00 3.798050551128077768e+00
2.089999999999999858e+00 3.314750718544177577e+00
2.100000000000000089e+00 2.786542349439746324e+00
2.109999999999999876e+00 2.258521694309910899e+00
2.120000000000000107e+00 1.769841439364638225e+00
2.129999999999999893e+00 1.346818468077880082e+00
2.140000000000000124e+00 1.000986113875715233e+00
2.149999999999999911e+00 7.315597357013619018e-01
2.160000000000000142e+00 5.299562908971329200e-01
2.169999999999999929e+00 3.840407582369783634e-01
2.180000000000000160e+00 2.810482967834005974e-01
2.189999999999999947e+00 2.092962450750926462e-01
2.200000000000000178e+00 1.591318424385055330e-01
2.209999999999999964e+00 1.233347358346097988e-01
2.220000000000000195e+00 9.701323480605793248e-02
2.229999999999999982e+00 7.711472127643845265e-02
2.240000000000000213e+00 6.180444540210157378e-02
2.250000000000000000e+00 4.994621667304882662e-02
2.259999999999999787e+00 4.077519937753025514e-02
2.270000000000000018e+00 3.372956960977182422e-02
2.279999999999999805e+00 2.837132681442068941e-02
2.290000000000000036e+00 2.434702666604253787e-02
2.299999999999999822e+00 2.136651523256416496e-02
2.310000000000000053e+00 1.919119840155417839e-02
2.319999999999999840e+00 1.762701251836949756e-02
2.330000000000000071e+00 1.651887019135804199e-02
2.339999999999999858e+00 1.574523326708039683e-02
2.350000000000000089e+00 1.521274698339116112e-02
2.359999999999999876e+00 1.485118089169192544e-02
2.370000000000000107e+00 1.460881081745072328e-02
2.379999999999999893e+00 1.444831172968964218e-02
2.390000000000000124e+00 1.434324484286162056e-02
2.399999999999999911e+00 1.427519629343049212e-02
2.410000000000000142e+00 1.423154586575377939e-02
2.419999999999999929e+00 1.420377948185986595e-02
2.430000000000000160e+00 1.418624168577770073e-02
2.439999999999999947e+00 1.417523293039272929e-02
2.450000000000000178e+00 1.416836803189517290e-02
2.459999999999999964e+00 1.416412577179341700e-02
2.470000000000000195e+00 1.416153804385163716e-02
2.479999999999999982e+00 1.415998374339520229e-02
2.490000000000000213e+00 1.415906070885160177e-02
2.500000000000000000e+00 1.415851032098443263e-02
2.509999999999999787e+00 1.415817168459721637e-02
2.520000000000000018e+00 1.415794980885287310e-02
2.529999999999999805e+00 1.415779145802809058e-02
2.540000000000000036e+00 1.415766784632264443e-02
2.549999999999999822e+00 1.415756389471380106e-02
2.560000000000000053e+00 1.415747233372272214e-02
2.569999999999999840e+00 1.415739039383117487e-02
2.580000000000000071e+00 1.415731759362902527e-02
2.589999999999999858e+00 1.415725416236265390e-02
2.600000000000000089e+00 1.415720011907574231e-02
2.609999999999999876e+00 1.415715498255658289e-02
2.620000000000000107e+00 1.415711789032332059e-02
2.629999999999999893e+00 1.415708783588767380e-02
2.640000000000000124e+00 1.415706382853733868e-02
2.649999999999999911e+00 1.415704493668447535e-02
2.660000000000000142e+00 1.415703027826190584e-02
2.669999999999999929e+00 1.415701902498569739e-02
2.680000000000000160e+00 1.415701043415989319e-02
2.689999999999999947e+00 1.415700388190707128e-02
2.700000000000000178e+00 1.415699887353832551e-02
2.709999999999999964e+00 1.415699502978479823e-02
2.720000000000000195e+00 1.415699206275957550e-02
2.729999999999999982e+00 1.415698975435471414e-02
2.740000000000000213e+00 1.415698794115631022e-02
2.750000000000000000e+00 1.415698650380825714e-02
2.759999999999999787e+00 1.415698535768524467e-02
2.770000000000000018e+00 1.415698444339419729e-02
2.779999999999999805e+00 1.415698371757408147e-02
2.790000000000000036e+00 1.415698314556970358e-02
2.799999999999999822e+00 1.415698269728996733e-02
2.810000000000000053e+00 1.415698234617061499e-02
2.819999999999999840e+00 1.415698206983562538e-02
2.830000000000000071e+00 1.415698185082066816e-02
2.839999999999999858e+00 1.415698167646803861e-02
2.850000000000000089e+00 1.415698153799528451e-02
2.859999999999999876e+00 1.415698142920272101e-02
2.870000000000000107e+00 1.415698134529641203e-02
2.879999999999999893e+00 1.415698128209959099e-02
2.890000000000000124e+00 1.415698123569982675e-02
2.899999999999999911e+00 1.415698120242004157e-02
2.910000000000000142e+00 1.415698117894347886e-02
2.919999999999999929e+00 1.415698116245620725e-02
2.930000000000000160e+00 1.415698115073705902e-02
2.939999999999999947e+00 1.415698114217015489e-02
2.950000000000000178e+00 1.415698113567864617e-02
2.959999999999999964e+00 1.415698113060115740e-02
2.970000000000000195e+00 1.415698112655111064e-02
2.979999999999999982e+00 1.415698112329763503e-02
2.990000000000000213e+00 1.415698112068695599e-02
3.000000000000000000e+00 1.415698111860163103e-02
3.009999999999999787e+00 1.415698111694408540e-02
3.020000000000000018e+00 1.415698111563123973e-02
3.029999999999999805e+00 1.415698111459268334e-02
3.040000000000000036e+00 1.415698111376982940e-02
3.049999999999999822e+00 1.415698111311545007e-02
3.060000000000000053e+00 1.415698111259295483e-02
3.069999999999999840e+00 1.415698111217478239e-02
3.080000000000000071e+00 1.415698111184004668e-02
3.089999999999999858e+00 1.415698111157228864e-02
3.100000000000000089e+00 1.415698111135802080e-02
3.109999999999999876e+00 1.415698111118618430e-02
3.120000000000000107e+00 1.415698111104797888e-02
3.129999999999999893e+00 1.415698111093669116e-02
3.140000000000000124e+00 1.415698111084739454e-02
3.149999999999999911e+00 1.415698111077647557e-02
3.160000000000000142e+00 1.415698111072113095e-02
3.169999999999999929e+00 1.415698111067881758e-02
3.180000000000000160e+00 1.415698111064695418e-02
3.189999999999999947e+00 1.415698111062290397e-02
3.200000000000000178e+00 1.415698111060426610e-02
3.209999999999999964e+00 1.415698111058917748e-02
3.220000000000000195e+00 1.415698111057642899e-02
3.229999999999999982e+00 1.415698111056536493e-02
3.240000000000000213e+00 1.415698111055569385e-02
3.250000000000000000e+00 1.415698111054728391e-02
3.259999999999999787e+00 1.415698111054007266e-02
3.270000000000000018e+00 1.415698111053402888e-02
3.279999999999999805e+00 1.415698111052910921e-02
3.290000000000000036e+00 1.415698111052524077e-02
3.299999999999999822e+00 1.415698111052231603e-02
3.310000000000000053e+00 1.415698111052018059e-02
3.319999999999999840e+00 1.415698111051866791e-02
3.330000000000000071e+00 1.415698111051760799e-02
3.339999999999999858e+00 1.415698111051686726e-02
3.350000000000000089e+00 1.415698111051633470e-02
3.359999999999999876e+00 1.415698111051595133e-02
3.370000000000000107e+00 1.415698111051565990e-02
3.379999999999999893e+00 1.415698111051544653e-02
3.390000000000000124e+00 1.415698111051528867e-02
3.399999999999999911e+00 1.415698111051517591e-02
3.410000000000000142e+00 1.415698111051509091e-02
3.419999999999999929e+00 1.415698111051503540e-02
3.430000000000000160e+00 1.415698111051499029e-02
3.439999999999999947e+00 1.415698111051495907e-02
3.450000000000000178e+00 1.415698111051493478e-02
3.459999999999999964e+00 1.415698111051491223e-02
3.470000000000000195e+00 1.415698111051489488e-02
3.479999999999999982e+00 1.415698111051487927e-02
3.490000000000000213e+00 1.415698111051486539e-02
3.500000000000000000e+00 1.415698111051484978e-02
3.509999999999999787e+00 1.415698111051483764e-02
3.520000000000000018e+00 1.415698111051482549e-02
3.529999999999999805e+00 1.415698111051480988e-02
3.540000000000000036e+00 1.415698111051479947e-02
3.549999999999999822e+00 1.415698111051479080e-02
3.560000000000000053e+00 1.415698111051478213e-02
3.569999999999999840e+00 1.415698111051477866e-02
3.580000000000000071e+00 1.415698111051477519e-02
3.589999999999999858e+00 1.415698111051477519e-02
3.600000000000000089e+00 1.415698111051477866e-02
3.609999999999999876e+00 1.415698111051477866e-02
3.620000000000000107e+00 1.415698111051478213e-02
3.629999999999999893e+00 1.415698111051478386e-02
3.640000000000000124e+00 1.415698111051478386e-02
3.649999999999999911e+00 1.415698111051478386e-02
3.660000000000000142e+00 1.415698111051478386e-02
3.669999999999999929e+00 1.415698111051478386e-02
3.680000000000000160e+00 1.415698111051478213e-02
3.689999999999999947e+00 1.415698111051478213e-02
3.700000000000000178e+00 1.415698111051477866e-02
3.709999999999999964e+00 1.415698111051477866e-02
3.720000000000000195e+00 1.415698111051477519e-02
3.729999999999999982e+00 1.415698111051477519e-02
3.740000000000000213e+00 1.415698111051477172e-02
3.750000000000000000e+00 1.415698111051476825e-02
3.759999999999999787e+00 1.415698111051476825e-02
3.770000000000000018e+00 1.415698111051476651e-02
3.779999999999999805e+00 1.415698111051476304e-02
3.790000000000000036e+00 1.415698111051476304e-02
3.799999999999999822e+00 1.415698111051475958e-02
3.810000000000000053e+00 1.415698111051475611e-02
3.819999999999999840e+00 1.415698111051475611e-02
3.830000000000000071e+00 1.415698111051475264e-02
3.839999999999999858e+00 1.415698111051475264e-02
3.850000000000000089e+00 1.415698111051475264e-02
3.859999999999999876e+00 1.415698111051475090e-02
3.870000000000000107e+00 1.415698111051475090e-02
3.879999999999999893e+00 1.415698111051475090e-02
3.890000000000000124e+00 1.415698111051475090e-02
3.899999999999999911e+00 1.415698111051475090e-02
3.910000000000000142e+00 1.415698111051475090e-02
3.919999999999999929e+00 1.415698111051474743e-02
3.930000000000000160e+00 1.415698111051474743e-02
3.939999999999999947e+00 1.415698111051474743e-02
3.950000000000000178e+00 1.415698111051474743e-02
3.959999999999999964e+00 1.415698111051474743e-02
3.970000000000000195e+00 1.415698111051474743e-02
3.979999999999999982e+00 1.415698111051474743e-02
3.990000000000000213e+00 1.415698111051474743e-02
4.000000000000000000e+00 1.415698111051474743e-02
4.009999999999999787e+00 1.415698111051474743e-02
4.019999999999999574e+00 1.415698111051474743e-02
4.030000000000000249e+00 1.415698111051474743e-02
4.040000000000000036e+00 1.415698111051474743e-02
4.049999999999999822e+00 1.415698111051474743e-02
4.059999999999999609e+00 1.415698111051474743e-02
4.070000000000000284e+00 1.415698111051474743e-02
4.080000000000000071e+00 1.415698111051474743e-02
4.089999999999999858e+00 1.415698111051474743e-02
4.099999999999999645e+00 1.415698111051474743e-02
4.110000000000000320e+00 1.415698111051474743e-02
4.120000000000000107e+00 1.415698111051474743e-02
4.129999999999999893e+00 1.415698111051474743e-02
4.139999999999999680e+00 1.415698111051474743e-02
4.150000000000000355e+00 1.415698111051474743e-02
4.160000000000000142e+00 1.415698111051474743e-02
4.169999999999999929e+00 1.415698111051474743e-02
4.179999999999999716e+00 1.415698111051474743e-02
4.190000000000000391e+00 1.415698111051474743e-02
4.200000000000000178e+00 1.415698111051474743e-02
4.209999999999999964e+00 1.415698111051474743e-02
4.219999999999999751e+00 1.415698111051474743e-02
4.230000000000000426e+00 1.415698111051474743e-02
4.240000000000000213e+00 1.415698111051474743e-02
4.250000000000000000e+00 1.415698111051474743e-02
4.259999999999999787e+00 1.415698111051474743e-02
4.269999999999999574e+00 1.415698111051474743e-02
4.280000000000000249e+00 1.415698111051474743e-02
4.290000000000000036e+00 1.415698111051474743e-02
4.299999999999999822e+00 1.415698111051474743e-02
4.309999999999999609e+00 1.415698111051474743e-02
4.320000000000000284e+00 1.415698111051474743e-02
4.330000000000000071e+00 1.415698111051474743e-02
4.339999999999999858e+00 1.415698111051474743e-02
4.349999999999999645e+00 1.415698111051474743e-02
4.360000000000000320e+00 1.415698111051474743e-02
4.370000000000000107e+00 1.415698111051474743e-02
4.379999999999999893e+00 1.415698111051474743e-02
4.389999999999999680e+00 1.415698111051474743e-02
4.400000000000000355e+00 1.415698111051474743e-02
4.410000000000000142e+00 1.415698111051474743e-02
4.419999999999999929e+00 1.415698111051474743e-02
4.429999999999999716e+00 1.415698111051474743e-02
4.440000000000000391e+00 1.415698111051474743e-02
4.450000000000000178e+00 1.415698111051474743e-02
4.459999999999999964e+00 1.415698111051474743e-02
4.469999999999999751e+00 1.415698111051474743e-02
4.480000000000000426e+00 1.415698111051474743e-02
4.490000000000000213e+00 1.415698111051474743e-02
4.500000000000000000e+00 1.415698111051474743e-02
4.509999999999999787e+00 1.415698111051474743e-02
4.519999999999999574e+00 1.415698111051474743e-02
4.530000000000000249e+00 1.415698111051474743e-02
4.540000000000000036e+00 1.415698111051474743e-02
4.549999999999999822e+00 1.415698111051474743e-02
4.559999999999999609e+00 1.415698111051474743e-02
4.570000000000000284e+00 1.415698111051474743e-02
4.580000000000000071e+00 1.415698111051474743e-02
4.589999999999999858e+00 1.415698111051474743e-02
4.599999999999999645e+00 1.415698111051474743e-02
4.610000000000000320e+00 1.415698111051474743e-02
4.620000000000000107e+00 1.415698111051474743e-02
4.629999999999999893e+00 1.415698111051474743e-02
4.639999999999999680e+00 1.415698111051474743e-02
4.650000000000000355e+00 1.415698111051474743e-02
4.660000000000000142e+00 1.415698111051474743e-02
4.669999999999999929e+00 1.415698111051474743e-02
4.679999999999999716e+00 1.415698111051474743e-02
4.690000000000000391e+00 1.415698111051474743e-02
4.700000000000000178e+00 1.415698111051474743e-02
4.709999999999999964e+00 1.415698111051474743e-02
4.719999999999999751e+00 1.415698111051474743e-02
4.730000000000000426e+00 1.415698111051474743e-02
4.740000000000000213e+00 1.415698111051474743e-02
4.750000000000000000e+00 1.415698111051474743e-02
4.759999999999999787e+00 1.415698111051474743e-02
4.769999999999999574e+00 1.415698111051474743e-02
4.780000000000000249e+00 1.415698111051474743e-02
4.790000000000000036e+00 1.415698111051474743e-02
4.799999999999999822e+00 1.415698111051474743e-02
4.809999999999999609e+00 1.415698111051474743e-02
4.820000000000000284e+00 1.415698111051474743e-02
4.830000000000000071e+00 1.415698111051474743e-02
4.839999999999999858e+00 1.415698111051474743e-02
4.849999999999999645e+00 1.415698111051474743e-02
4.860000000000000320e+00 1.415698111051474743e-02
4.870000000000000107e+00 1.415698111051474743e-02
4.879999999999999893e+00 1.415698111051474743e-02
4.889999999999999680e+00 1.415698111051474743e-02
4.900000000000000355e+00 1.415698111051474743e-02
4.910000000000000142e+00 1.415698111051474743e-02
4.919999999999999929e+00 1.415698111051474743e-02
4.929999999999999716e+00 1.415698111051474743e-02
4.940000000000000391e+00 1.415698111051474743e-02
4.950000000000000178e+00 1.415698111051474743e-02
4.959999999999999964e+00 1.415698111051474743e-02
4.969999999999999751e+00 1.415698111051474743e-02
4.980000000000000426e+00 1.415698111051474743e-02
4.990000000000000213e+00 1.415698111051474743e-02
5.000000000000000000e+00 1.415698111051474743e-02
5.009999999999999787e+00 1.415698111051474743e-02
5.019999999999999574e+00 1.415698111051474743e-02
5.030000000000000249e+00 1.415698111051474743e-02
5.040000000000000036e+00 1.415698111051474743e-02
5.049999999999999822e+00 1.415698111051474743e-02
5.059999999999999609e+00 1.415698111051474743e-02
5.070000000000000284e+00 1.415698111051474743e-02
5.080000000000000071e+00 1.415698111051474743e-02
5.089999999999999858e+00 1.415698111051474743e-02
5.099999999999999645e+00 1.415698111051474743e-02
5.110000000000000320e+00 1.415698111051474743e-02
5.120000000000000107e+00 1.415698111051474743e-02
5.129999999999999893e+00 1.415698111051474743e-02
5.139999999999999680e+00 1.415698111051474743e-02
5.150000000000000355e+00 1.415698111051474743e-02
5.160000000000000142e+00 1.415698111051474743e-02
5.169999999999999929e+00 1.415698111051474743e-02
5.179999999999999716e+00 1.415698111051474743e-02
5.190000000000000391e+00 1.415698111051474743e-02
5.200000000000000178e+00 1.415698111051474743e-02
5.209999999999999964e+00 1.415698111051474743e-02
5.219999999999999751e+00 1.415698111051474743e-02
5.230000000000000426e+00 1.415698111051474743e-02
5.240000000000000213e+00 1.415698111051474743e-02
5.250000000000000000e+00 1.415698111051474743e-02
5.259999999999999787e+00 1.415698111051474743e-02
5.269999999999999574e+00 1.415698111051474743e-02
5.280000000000000249e+00 1.415698111051474743e-02
5.290000000000000036e+00 1.415698111051474743e-02
5.299999999999999822e+00 1.415698111051474743e-02
5.309999999999999609e+00 1.415698111051474743e-02
5.320000000000000284e+00 1.415698111051474743e-02
5.330000000000000071e+00 1.415698111051474743e-02
5.339999999999999858e+00 1.415698111051474743e-02
5.349999999999999645e+00 1.415698111051474743e-02
5.360000000000000320e+00 1.415698111051474743e-02
5.370000000000000107e+00 1.415698111051474743e-02
5.379999999999999893e+00 1.415698111051474743e-02
5.389999999999999680e+00 1.415698111051474743e-02
5.400000000000000355e+00 1.415698111051474743e-02
5.410000000000000142e+00 1.415698111051474743e-02
5.419999999999999929e+00 1.415698111051474743e-02
5.429999999999999716e+00 1.415698111051474743e-02
5.440000000000000391e+00 1.415698111051474743e-02
5.450000000000000178e+00 1.415698111051474743e-02
5.459999999999999964e+00 1.415698111051474743e-02
5.469999999999999751e+00 1.415698111051474743e-02
5.480000000000000426e+00 1.415698111051474743e-02
5.490000000000000213e+00 1.415698111051474743e-02
5.500000000000000000e+00 1.415698111051474743e-02
5.509999999999999787e+00 1.415698111051474743e-02
5.519999999999999574e+00 1.415698111051474743e-02
5.530000000000000249e+00 1.415698111051474743e-02
5.540000000000000036e+00 1.415698111051474743e-02
5.549999999999999822e+00 1.415698111051474743e-02
5.559999999999999609e+00 1.415698111051474743e-02
5.570000000000000284e+00 1.415698111051474743e-02
5.580000000000000071e+00 1.415698111051474743e-02
5.589999999999999858e+00 1.415698111051474743e-02
5.599999999999999645e+00 1.415698111051474743e-02
5.610000000000000320e+00 1.415698111051474743e-02
5.620000000000000107e+00 1.415698111051474743e-02
5.629999999999999893e+00 1.415698111051474743e-02
5.639999999999999680e+00 1.415698111051474743e-02
5.650000000000000355e+00 1.415698111051474743e-02
5.660000000000000142e+00 1.415698111051474743e-02
5.669999999999999929e+00 1.415698111051474743e-02
5.679999999999999716e+00 1.415698111051474743e-02
5.690000000000000391e+00 1.415698111051474743e-02
5.700000000000000178e+00 1.415698111051474743e-02
5.709999999999999964e+00 1.415698111051474743e-02
5.719999999999999751e+00 1.415698111051474743e-02
5.730000000000000426e+00 1.415698111051474743e-02
5.740000000000000213e+00 1.415698111051474743e-02
5.750000000000000000e+00 1.415698111051474743e-02
5.759999999999999787e+00 1.415698111051474743e-02
5.769999999999999574e+00 1.415698111051474743e-02
5.780000000000000249e+00 1.415698111051474743e-02
5.790000000000000036e+00 1.415698111051474743e-02
5.799999999999999822e+00 1.415698111051474743e-02
5.809999999999999609e+00 1.415698111051474743e-02
5.820000000000000284e+00 1.415698111051474743e-02
5.830000000000000071e+00 1.415698111051474743e-02
5.839999999999999858e+00 1.415698111051474743e-02
5.849999999999999645e+00 1.415698111051474743e-02
5.860000000000000320e+00 1.415698111051474743e-02
5.870000000000000107e+00 1.415698111051474743e-02
5.879999999999999893e+00 1.415698111051474743e-02
5.889999999999999680e+00 1.415698111051474743e-02
5.900000000000000355e+00 1.415698111051474743e-02
5.910000000000000142e+00 1.415698111051474743e-02
5.919999999999999929e+00 1.415698111051474743e-02
5.929999999999999716e+00 1.415698111051474743e-02
5.940000000000000391e+00 1.415698111051474743e-02
5.950000000000000178e+00 1.415698111051474743e-02
5.959999999999999964e+00 1.415698111051474743e-02
5.969999999999999751e+00 1.415698111051474743e-02
5.980000000000000426e+00 1.415698111051474743e-02
5.990000000000000213e+00 1.415698111051474743e-02
6.000000000000000000e+00 1.415698111051474743e-02
6.200000000000000178e+00 1.415698111051474743e-02
6.400000000000000355e+00 1.415698111051474743e-02
6.599999999999999645e+00 1.415698111051474743e-02
6.799999999999999822e+00 1.415698111051474743e-02
7.000000000000000000e+00 0.000000000000000000e+00
