0.000000000000000000e+00 0.000000000000000000e+00
1.000000000000000021e-02 1.703106457183503272e-02
2.000000000000000042e-02 1.721050764356812576e-02
2.999999999999999889e-02 1.748226566179085159e-02
4.000000000000000083e-02 1.785237053982039607e-02
5.000000000000000278e-02 1.831671284483520068e-02
5.999999999999999778e-02 1.886866679874578748e-02
7.000000000000000666e-02 1.950531748488506384e-02
8.000000000000000167e-02 2.022456750983682439e-02
8.999999999999999667e-02 2.101516896440337734e-02
1.000000000000000056e-01 2.185147923593147579e-02
1.100000000000000006e-01 2.270107546038729884e-02
1.199999999999999956e-01 2.353937295277118424e-02
1.300000000000000044e-01 2.436034771977083069e-02
1.400000000000000133e-01 2.518248182519003051e-02
1.499999999999999944e-01 2.605458332635753396e-02
1.600000000000000033e-01 2.705504603779608844e-02
1.700000000000000122e-01 2.827172209460081589e-02
1.799999999999999933e-01 2.976923140376676671e-02
1.900000000000000022e-01 3.157410139034496493e-02
2.000000000000000111e-01 3.369599955821385440e-02
2.099999999999999922e-01 3.616401048522797923e-02
2.200000000000000011e-01 3.904497308551901913e-02
2.300000000000000100e-01 4.244519586371140601e-02
2.399999999999999911e-01 4.652358732519446677e-02
2.500000000000000000e-01 5.151591660245793958e-02
2.600000000000000089e-01 5.772453662691960641e-02
2.700000000000000178e-01 6.543786290141971607e-02
2.800000000000000266e-01 7.480860917739737270e-02
2.899999999999999800e-01 8.576403838063413609e-02
2.999999999999999889e-01 9.799645249324613616e-02
3.099999999999999978e-01 1.110239384542106855e-01
3.200000000000000067e-01 1.242870581546696301e-01
3.300000000000000155e-01 1.372656481267300055e-01
3.400000000000000244e-01 1.496057026666433865e-01
3.499999999999999778e-01 1.612104625027764027e-01
3.599999999999999867e-01 1.722298562019057844e-01
3.699999999999999956e-01 1.829459975401862559e-01
3.800000000000000044e-01 1.936590200163007536e-01
3.900000000000000133e-01 2.046963574191198176e-01
4.000000000000000222e-01 2.165369537932204380e-01
4.099999999999999756e-01 2.298762275454811210e-01
4.199999999999999845e-01 2.454572741070002173e-01
4.299999999999999933e-01 2.637076069478775375e-01
4.400000000000000022e-01 2.844456721674846755e-01
4.500000000000000111e-01 3.069019051333131687e-01
4.600000000000000200e-01 3.300366412979819364e-01
4.699999999999999734e-01 3.529173867242658691e-01
4.799999999999999822e-01 3.749655031139145778e-01
4.899999999999999911e-01 3.960796884885373070e-01
5.000000000000000000e-01 4.167141482124843144e-01
5.100000000000000089e-01 4.378745607616953417e-01
5.200000000000000178e-01 4.608926151379750813e-01
5.300000000000000266e-01 4.869221717138039751e-01
5.400000000000000355e-01 5.163300195320057462e-01
5.500000000000000444e-01 5.483433276552508451e-01
5.600000000000000533e-01 5.812610423723381103e-01
5.699999999999999512e-01 6.131725954387455824e-01
5.799999999999999600e-01 6.426917379568473088e-01
5.899999999999999689e-01 6.691541147694451963e-01
5.999999999999999778e-01 6.921986397655239820e-01
6.099999999999999867e-01 7.111962281223328519e-01
6.199999999999999956e-01 7.250339380355728114e-01
6.300000000000000044e-01 7.323571170163513111e-01
6.400000000000000133e-01 7.320592764560873711e-01
6.500000000000000222e-01 7.238376755224321668e-01
6.600000000000000311e-01 7.087100751053830860e-01
6.700000000000000400e-01 6.892597289781106085e-01
6.800000000000000488e-01 6.692571198883112693e-01
6.899999999999999467e-01 6.525529422351337150e-01
6.999999999999999556e-01 6.416841708568553626e-01
7.099999999999999645e-01 6.369894409778678046e-01
7.199999999999999734e-01 6.367928663658828370e-01
7.299999999999999822e-01 6.385190044856936531e-01
7.399999999999999911e-01 6.399937428368968062e-01
7.500000000000000000e-01 6.401354047472427311e-01
7.600000000000000089e-01 6.387585400070394659e-01
7.700000000000000178e-01 6.358747319907478435e-01
7.800000000000000266e-01 6.311709961990711326e-01
7.900000000000000355e-01 6.240815034359398217e-01
8.000000000000000444e-01 6.143023780662933975e-01
8.100000000000000533e-01 6.022248857918252041e-01
8.199999999999999512e-01 5.888869046872878821e-01
8.299999999999999600e-01 5.755102614676734785e-01
8.399999999999999689e-01 5.630309316212877002e-01
8.499999999999999778e-01 5.519415273992216431e-01
8.599999999999999867e-01 5.424245210449192278e-01
8.699999999999999956e-01 5.345453541008846621e-01
8.800000000000000044e-01 5.283290779564813189e-01
8.900000000000000133e-01 5.236900483823431207e-01
9.000000000000000222e-01 5.202737330229039170e-01
9.100000000000000311e-01 5.173273696523239540e-01
9.200000000000000400e-01 5.137570608343065004e-01
9.300000000000000488e-01 5.084637656356861823e-01
9.399999999999999467e-01 5.008515629640347688e-01
9.499999999999999556e-01 4.912138290884495162e-01
9.599999999999999645e-01 4.807149586482387105e-01
9.699999999999999734e-01 4.709340420075327494e-01
9.799999999999999822e-01 4.632467663579091233e-01
9.899999999999999911e-01 4.584260844517656919e-01
1.000000000000000000e+00 4.566325126646255672e-01
1.010000000000000009e+00 4.576410523548861131e-01
1.020000000000000018e+00 4.610348586139466631e-01
1.030000000000000027e+00 4.662643681814514496e-01
1.040000000000000036e+00 4.726836716876410271e-01
1.050000000000000044e+00 4.796921276792865951e-01
1.060000000000000053e+00 4.869616821204280632e-01
1.070000000000000062e+00 4.946209561543279953e-01
1.080000000000000071e+00 5.032948842849411797e-01
1.090000000000000080e+00 5.139823960287854820e-01
1.100000000000000089e+00 5.277789479670904615e-01
1.110000000000000098e+00 5.454274028858392409e-01
1.120000000000000107e+00 5.667456571593187942e-01
1.129999999999999893e+00 5.901881495738215966e-01
1.139999999999999902e+00 6.129393199920479818e-01
1.149999999999999911e+00 6.317078167019941626e-01
1.159999999999999920e+00 6.438542476827950889e-01
1.169999999999999929e+00 6.481574446327420524e-01
1.179999999999999938e+00 6.447930360156463037e-01
1.189999999999999947e+00 6.347108577963952447e-01
1.199999999999999956e+00 6.189570132458230844e-01
1.209999999999999964e+00 5.983428473267378145e-01
1.219999999999999973e+00 5.734854982850490224e-01
1.229999999999999982e+00 5.450012497916386645e-01
1.239999999999999991e+00 5.136368222355585100e-01
1.250000000000000000e+00 4.802635456579235074e-01
1.260000000000000009e+00 4.457863699076733965e-01
1.270000000000000018e+00 4.110564562184002013e-01
1.280000000000000027e+00 3.768325703033499341e-01
1.290000000000000036e+00 3.437760019608377959e-01
1.300000000000000044e+00 3.124420762117147143e-01
1.310000000000000053e+00 2.832536422895638450e-01
1.320000000000000062e+00 2.564729623749191223e-01
1.330000000000000071e+00 2.321957901168277272e-01
1.340000000000000080e+00 2.103744781409403186e-01
1.350000000000000089e+00 1.908581955013306242e-01
1.360000000000000098e+00 1.734347789909150006e-01
1.370000000000000107e+00 1.578670711846625607e-01
1.379999999999999893e+00 1.439240864339595694e-01
1.389999999999999902e+00 1.314080568717785613e-01
1.399999999999999911e+00 1.201746296838104855e-01
1.409999999999999920e+00 1.101389710742314565e-01
1.419999999999999929e+00 1.012596822616042697e-01
1.429999999999999938e+00 9.350082266817073828e-02
1.439999999999999947e+00 8.678863508804793292e-02
1.449999999999999956e+00 8.098938925714009585e-02
1.459999999999999964e+00 7.592375580811769331e-02
1.469999999999999973e+00 7.140754943496824270e-02
1.479999999999999982e+00 6.729201556957813135e-02
1.489999999999999991e+00 6.348269725910293815e-02
1.500000000000000000e+00 5.993434890244438151e-02
1.510000000000000009e+00 5.663296774603883421e-02
1.520000000000000018e+00 5.357912007617364469e-02
1.530000000000000027e+00 5.078367567512091091e-02
1.540000000000000036e+00 4.828028634217399612e-02
1.550000000000000044e+00 4.614701353130939293e-02
1.560000000000000053e+00 4.451570528018969353e-02
1.570000000000000062e+00 4.354513542692515365e-02
1.580000000000000071e+00 4.335500076542123105e-02
1.590000000000000080e+00 4.395360456917189046e-02
1.600000000000000089e+00 4.520875009823899920e-02
1.610000000000000098e+00 4.688459131516829054e-02
1.620000000000000107e+00 4.871782592098337916e-02
1.629999999999999893e+00 5.048270397104270141e-02
1.639999999999999902e+00 5.201461974596513493e-02
1.649999999999999911e+00 5.319870023656150110e-02
1.659999999999999920e+00 5.394871795253811109e-02
1.669999999999999929e+00 5.419738986922176260e-02
1.679999999999999938e+00 5.390541504250640631e-02
1.689999999999999947e+00 5.308333269327807774e-02
1.699999999999999956e+00 5.181052880605348243e-02
1.709999999999999964e+00 5.023407736968651255e-02
1.719999999999999973e+00 4.854086442730098927e-02
1.729999999999999982e+00 4.691413432971959507e-02
1.739999999999999991e+00 4.549591636050593496e-02
1.750000000000000000e+00 4.437080211976553168e-02
1.760000000000000009e+00 4.357036064905028122e-02
1.770000000000000018e+00 4.308537722410474974e-02
1.780000000000000027e+00 4.287383575858168261e-02
1.790000000000000036e+00 4.286339347493508395e-02
1.800000000000000044e+00 4.295722586656527953e-02
1.810000000000000053e+00 4.305119488225277874e-02
1.820000000000000062e+00 4.305839351567243567e-02
1.830000000000000071e+00 4.292688332759339587e-02
1.840000000000000080e+00 4.263996764760646235e-02
1.850000000000000089e+00 4.220232858021441547e-02
1.860000000000000098e+00 4.162502585197147553e-02
1.870000000000000107e+00 4.091925876588138611e-02
1.879999999999999893e+00 4.009867282715244563e-02
1.889999999999999902e+00 3.918352877000309820e-02
1.899999999999999911e+00 3.820133999394470514e-02
1.909999999999999920e+00 3.718369137357470378e-02
1.919999999999999929e+00 3.616213045694571804e-02
1.929999999999999938e+00 3.516529352963957550e-02
1.939999999999999947e+00 3.421709365729574265e-02
1.949999999999999956e+00 3.333501050862346105e-02
1.959999999999999964e+00 3.252896977144997814e-02
1.969999999999999973e+00 3.180295216204400560e-02
1.979999999999999982e+00 3.116086515507300245e-02
1.989999999999999991e+00 3.061475503783654684e-02
2.000000000000000000e+00 3.018940377730566782e-02
2.009999999999999787e+00 2.991710677128529491e-02
2.020000000000000018e+00 2.982267360701753092e-02
2.029999999999999805e+00 2.990756417063253694e-02
2.040000000000000036e+00 3.014460966300762379e-02
2.049999999999999822e+00 3.048709501789514248e-02
2.060000000000000053e+00 3.088540106540584376e-02
2.069999999999999840e+00 3.130097079573282426e-02
2.080000000000000071e+00 3.171216131106072145e-02
2.089999999999999858e+00 3.211280294570455912e-02
2.100000000000000089e+00 3.250696245742016460e-02
2.109999999999999876e+00 3.290294992315460215e-02
2.120000000000000107e+00 3.330833568717698340e-02
2.129999999999999893e+00 3.372670923911259139e-02
2.140000000000000124e+00 3.415625138615119294e-02
2.149999999999999911e+00 3.459002347479745582e-02
2.160000000000000142e+00 3.501800817108716851e-02
2.169999999999999929e+00 3.543063770817465180e-02
2.180000000000000160e+00 3.582255411726332356e-02
2.189999999999999947e+00 3.619473146849560424e-02
2.200000000000000178e+00 3.655410095452327895e-02
2.209999999999999964e+00 3.691185149227667328e-02
2.220000000000000195e+00 3.728241432716443426e-02
2.229999999999999982e+00 3.768365896028470774e-02
2.240000000000000213e+00 3.813667257425626400e-02
2.250000000000000000e+00 3.866332509873861289e-02
2.259999999999999787e+00 3.928206716363377010e-02
2.270000000000000018e+00 4.000451705909055522e-02
2.279999999999999805e+00 4.083489983246307159e-02
2.290000000000000036e+00 4.177212063422142824e-02
2.299999999999999822e+00 4.281314578317926833e-02
2.310000000000000053e+00 4.395770420821221852e-02
2.319999999999999840e+00 4.521682394693568585e-02
2.330000000000000071e+00 4.662986745401830752e-02
2.339999999999999858e+00 4.829453528048399669e-02
2.350000000000000089e+00 5.040584905459987580e-02
2.359999999999999876e+00 5.327769154709350446e-02
2.370000000000000107e+00 5.729734458406175734e-02
2.379999999999999893e+00 6.277986243697948610e-02
2.390000000000000124e+00 6.976854938128540518e-02
2.399999999999999911e+00 7.791442868014517020e-02
2.410000000000000142e+00 8.655774320103076791e-02
2.419999999999999929e+00 9.500671125059381716e-02
2.430000000000000160e+00 1.028700526965306838e-01
2.439999999999999947e+00 1.102616879021904306e-01
2.450000000000000178e+00 1.177604803490391178e-01
2.459999999999999964e+00 1.261130720803006477e-01
2.470000000000000195e+00 1.357795668028051739e-01
2.479999999999999982e+00 1.465250474310353102e-01
2.490000000000000213e+00 1.572988486879384196e-01
2.500000000000000000e+00 1.665390825314682632e-01
2.509999999999999787e+00 1.727977484487756010e-01
2.520000000000000018e+00 1.753561027119825422e-01
2.529999999999999805e+00 1.744862424935603451e-01
2.540000000000000036e+00 1.712472393906502577e-01
2.549999999999999822e+00 1.669968994209323210e-01
2.560000000000000053e+00 1.629250467312691186e-01
2.569999999999999840e+00 1.598136589347086689e-01
2.580000000000000071e+00 1.580350146316549242e-01
2.589999999999999858e+00 1.576747376732980377e-01
2.600000000000000089e+00 1.586666991547550087e-01
2.609999999999999876e+00 1.608922187679202864e-01
2.620000000000000107e+00 1.642453275311608341e-01
2.629999999999999893e+00 1.686708548255045625e-01
2.640000000000000124e+00 1.741689232157199452e-01
2.649999999999999911e+00 1.807607244475092634e-01
2.660000000000000142e+00 1.884287369897683639e-01
2.669999999999999929e+00 1.970571523162731042e-01
2.680000000000000160e+00 2.063905672812815784e-01
2.689999999999999947e+00 2.160148068193553095e-01
2.700000000000000178e+00 2.253642984300821828e-01
2.709999999999999964e+00 2.337710329772873796e-01
2.720000000000000195e+00 2.405674948425468029e-01
2.729999999999999982e+00 2.452341249709229232e-01
2.740000000000000213e+00 2.475570419662569965e-01
2.750000000000000000e+00 2.477440525653663017e-01
2.759999999999999787e+00 2.464376768206865409e-01
2.770000000000000018e+00 2.445810240294793714e-01
2.779999999999999805e+00 2.431593370580977242e-01
2.790000000000000036e+00 2.429297295143344193e-01
2.799999999999999822e+00 2.442808777200435044e-01
2.810000000000000053e+00 2.472850962328135838e-01
2.819999999999999840e+00 2.518788697976563906e-01
2.830000000000000071e+00 2.580454441052199011e-01
2.839999999999999858e+00 2.659109486483741125e-01
2.850000000000000089e+00 2.757409895786446796e-01
2.859999999999999876e+00 2.878654404831362257e-01
2.870000000000000107e+00 3.025586689854197209e-01
2.879999999999999893e+00 3.199029568587298256e-01
2.890000000000000124e+00 3.396891174467298602e-01
2.899999999999999911e+00 3.614288963585745029e-01
2.910000000000000142e+00 3.845148630984773219e-01
2.919999999999999929e+00 4.084660098090687197e-01
2.930000000000000160e+00 4.331184816045495767e-01
2.939999999999999947e+00 4.586380035227567431e-01
2.950000000000000178e+00 4.853401638323739387e-01
2.959999999999999964e+00 5.134277906303011951e-01
2.970000000000000195e+00 5.427977669217184387e-01
2.979999999999999982e+00 5.729945139400286491e-01
2.990000000000000213e+00 6.032613244535832697e-01
3.000000000000000000e+00 6.325891579607075821e-01
3.009999999999999787e+00 6.597294802420188287e-01
3.020000000000000018e+00 6.832353699175431894e-01
3.029999999999999805e+00 7.016188671115789477e-01
3.040000000000000036e+00 7.136510379103205848e-01
3.049999999999999822e+00 7.187397681680983696e-01
3.060000000000000053e+00 7.172400707420495403e-01
3.069999999999999840e+00 7.105045358793414811e-01
3.080000000000000071e+00 7.005320776296835028e-01
3.089999999999999858e+00 6.892928825031939821e-01
3.100000000000000089e+00 6.780898762469853569e-01
3.109999999999999876e+00 6.673605058331018025e-01
3.120000000000000107e+00 6.569917712184996095e-01
3.129999999999999893e+00 6.468118938063360801e-01
3.140000000000000124e+00 6.368447697942015706e-01
3.149999999999999911e+00 6.272079981010570959e-01
3.160000000000000142e+00 6.178708260228918947e-01
3.169999999999999929e+00 6.085564344198076681e-01
3.180000000000000160e+00 5.988668432572022970e-01
3.189999999999999947e+00 5.884774279331513869e-01
3.200000000000000178e+00 5.772218360716708796e-01
3.209999999999999964e+00 5.650422813495636909e-01
3.220000000000000195e+00 5.519059828330467044e-01
3.229999999999999982e+00 5.377679615702857241e-01
3.240000000000000213e+00 5.225715004745428161e-01
3.250000000000000000e+00 5.062441325889048827e-01
3.259999999999999787e+00 4.886868956746734383e-01
3.270000000000000018e+00 4.697922395703397758e-01
3.279999999999999805e+00 4.495041865851219787e-01
3.290000000000000036e+00 4.278834059326225292e-01
3.299999999999999822e+00 4.051280914395424815e-01
3.310000000000000053e+00 3.815402710008351517e-01
3.319999999999999840e+00 3.574666726741897449e-01
3.330000000000000071e+00 3.332496943103570031e-01
3.339999999999999858e+00 3.092086861232453132e-01
3.350000000000000089e+00 2.856512526160191467e-01
3.359999999999999876e+00 2.628927624150308451e-01
3.370000000000000107e+00 2.412530747174393420e-01
3.379999999999999893e+00 2.210191850239962841e-01
3.390000000000000124e+00 2.023961144013490809e-01
3.399999999999999911e+00 1.854782190718460844e-01
3.410000000000000142e+00 1.702508116585301212e-01
3.419999999999999929e+00 1.566097167950243341e-01
3.430000000000000160e+00 1.443888423412469646e-01
3.439999999999999947e+00 1.333988687811628049e-01
3.450000000000000178e+00 1.234760566913083862e-01
3.459999999999999964e+00 1.145189367659323332e-01
3.470000000000000195e+00 1.064840499173669575e-01
3.479999999999999982e+00 9.934089342677225598e-02
3.490000000000000213e+00 9.302351055342079900e-02
3.500000000000000000e+00 8.741631112200648479e-02
3.509999999999999787e+00 8.237517544769565325e-02
3.520000000000000018e+00 7.775752124681237221e-02
3.529999999999999805e+00 7.344349343853492917e-02
3.540000000000000036e+00 6.935239825034385241e-02
3.549999999999999822e+00 6.546074638074388108e-02
3.560000000000000053e+00 6.181060344656616468e-02
3.569999999999999840e+00 5.848930142032165991e-02
3.580000000000000071e+00 5.558242531645899570e-02
3.589999999999999858e+00 5.312931898192344016e-02
3.600000000000000089e+00 5.110871603450441863e-02
3.609999999999999876e+00 4.945308263962928247e-02
3.620000000000000107e+00 4.807018597199961413e-02
3.629999999999999893e+00 4.685911867944431847e-02
3.640000000000000124e+00 4.572628724396053668e-02
3.649999999999999911e+00 4.460748457255914179e-02
3.660000000000000142e+00 4.348540945668465801e-02
3.669999999999999929e+00 4.238379556255628122e-02
3.680000000000000160e+00 4.133655927325347729e-02
3.689999999999999947e+00 4.035509658858466020e-02
3.700000000000000178e+00 3.941791673491194803e-02
3.709999999999999964e+00 3.848338891860964700e-02
3.720000000000000195e+00 3.750822590075112567e-02
3.729999999999999982e+00 3.645938634074540746e-02
3.740000000000000213e+00 3.532159998506914644e-02
3.750000000000000000e+00 3.410555758739099164e-02
3.759999999999999787e+00 3.285203359621290814e-02
3.770000000000000018e+00 3.162217819476684233e-02
3.779999999999999805e+00 3.047484486661129061e-02
3.790000000000000036e+00 2.944604412121262782e-02
3.799999999999999822e+00 2.854399926883736949e-02
3.810000000000000053e+00 2.775732321555072005e-02
3.819999999999999840e+00 2.706403999923226791e-02
3.830000000000000071e+00 2.643563395946697814e-02
3.839999999999999858e+00 2.584092642355236349e-02
3.850000000000000089e+00 2.525458298887079192e-02
3.859999999999999876e+00 2.466611948627027429e-02
3.870000000000000107e+00 2.408079891947136064e-02
3.879999999999999893e+00 2.351055648661930231e-02
3.890000000000000124e+00 2.296283961523019543e-02
3.899999999999999911e+00 2.243619829878027577e-02
3.910000000000000142e+00 2.192362550469322685e-02
3.919999999999999929e+00 2.141822798869335090e-02
3.930000000000000160e+00 2.091678040759680987e-02
3.939999999999999947e+00 2.042107066204563656e-02
3.950000000000000178e+00 1.993849720465999328e-02
3.959999999999999964e+00 1.948155335819099637e-02
3.970000000000000195e+00 1.906467981097645023e-02
3.979999999999999982e+00 1.869900166483152298e-02
3.990000000000000213e+00 1.838822656541486827e-02
4.000000000000000000e+00 1.812852402182372341e-02
4.009999999999999787e+00 1.791180491498806787e-02
4.019999999999999574e+00 1.772946909393658191e-02
4.030000000000000249e+00 1.757450857902877542e-02
4.040000000000000036e+00 1.744198979470607674e-02
4.049999999999999822e+00 1.732887555032862001e-02
4.059999999999999609e+00 1.723363375814798357e-02
4.070000000000000284e+00 1.715548865815826746e-02
4.080000000000000071e+00 1.709338858926891941e-02
4.089999999999999858e+00 1.704528921324843446e-02
4.099999999999999645e+00 1.700825529476296394e-02
4.110000000000000320e+00 1.697918597385760994e-02
4.120000000000000107e+00 1.695551971633928526e-02
4.129999999999999893e+00 1.693550875700099850e-02
4.139999999999999680e+00 1.691813576089416099e-02
4.150000000000000355e+00 1.690293055928715135e-02
4.160000000000000142e+00 1.688980227108300217e-02
4.169999999999999929e+00 1.687884766611676829e-02
4.179999999999999716e+00 1.687012476331129288e-02
4.190000000000000391e+00 1.686348858485905988e-02
4.200000000000000178e+00 1.685858222547136076e-02
4.209999999999999964e+00 1.685495383222064894e-02
4.219999999999999751e+00 1.685218562172310919e-02
4.230000000000000426e+00 1.684995846927183835e-02
4.240000000000000213e+00 1.684805929986933626e-02
4.250000000000000000e+00 1.684637046974641131e-02
4.259999999999999787e+00 1.684485552452733709e-02
4.269999999999999574e+00 1.684353103393251838e-02
4.280000000000000249e+00 1.684242361410364167e-02
4.290000000000000036e+00 1.684153398418615152e-02
4.299999999999999822e+00 1.684082938034432014e-02
4.309999999999999609e+00 1.684026092286383322e-02
4.320000000000000284e+00 1.683978461153438910e-02
4.330000000000000071e+00 1.683937079478311019e-02
4.339999999999999858e+00 1.683900318252619724e-02
4.349999999999999645e+00 1.683867532047781529e-02
4.360000000000000320e+00 1.683838803834756051e-02
4.370000000000000107e+00 1.683814615992301061e-02
4.379999999999999893e+00 1.683795345064728263e-02
4.389999999999999680e+00 1.683780836320870195e-02
4.400000000000000355e+00 1.683770356047482528e-02
4.410000000000000142e+00 1.683762888036435118e-02
4.419999999999999929e+00 1.683757481356376595e-02
4.429999999999999716e+00 1.683753428696855778e-02
4.440000000000000391e+00 1.683750273628651511e-02
4.450000000000000178e+00 1.683747750797125187e-02
4.459999999999999964e+00 1.683745725770493043e-02
4.469999999999999751e+00 1.683744140026267877e-02
4.480000000000000426e+00 1.683742956376817201e-02
4.490000000000000213e+00 1.683742119828197242e-02
4.500000000000000000e+00 1.683741550358372474e-02
4.509999999999999787e+00 1.683741161419249205e-02
4.519999999999999574e+00 1.683740881598001782e-02
4.530000000000000249e+00 1.683740663778516417e-02
4.540000000000000036e+00 1.683740482371723704e-02
4.549999999999999822e+00 1.683740326487613917e-02
4.559999999999999609e+00 1.683740193900776227e-02
4.570000000000000284e+00 1.683740086155541271e-02
4.580000000000000071e+00 1.683740004402772480e-02
4.589999999999999858e+00 1.683739946871299492e-02
4.599999999999999645e+00 1.683739908869147719e-02
4.610000000000000320e+00 1.683739884597703490e-02
4.620000000000000107e+00 1.683739869024543367e-02
4.629999999999999893e+00 1.683739858688084595e-02
4.639999999999999680e+00 1.683739851531162318e-02
4.650000000000000355e+00 1.683739846404079185e-02
4.660000000000000142e+00 1.683739842666961972e-02
4.669999999999999929e+00 1.683739839959782006e-02
4.679999999999999716e+00 1.683739838063673042e-02
4.690000000000000391e+00 1.683739836809188678e-02
4.700000000000000178e+00 1.683739836033324930e-02
4.709999999999999964e+00 1.683739835581141847e-02
4.719999999999999751e+00 1.683739835325158071e-02
4.730000000000000426e+00 1.683739835176770519e-02
4.740000000000000213e+00 1.683739835083227637e-02
4.750000000000000000e+00 1.683739835017281083e-02
4.759999999999999787e+00 1.683739834966997001e-02
4.769999999999999574e+00 1.683739834928298096e-02
4.780000000000000249e+00 1.683739834899991919e-02
4.790000000000000036e+00 1.683739834880917594e-02
4.799999999999999822e+00 1.683739834869055207e-02
4.809999999999999609e+00 1.683739834861947005e-02
4.820000000000000284e+00 1.683739834857419029e-02
4.830000000000000071e+00 1.683739834853949929e-02
4.839999999999999858e+00 1.683739834850666792e-02
4.849999999999999645e+00 1.683739834847233427e-02
4.860000000000000320e+00 1.683739834843738306e-02
4.870000000000000107e+00 1.683739834840530802e-02
4.879999999999999893e+00 1.683739834837973473e-02
4.889999999999999680e+00 1.683739834836232505e-02
4.900000000000000355e+00 1.683739834835220467e-02
4.910000000000000142e+00 1.683739834834686172e-02
4.919999999999999929e+00 1.683739834834345472e-02
4.929999999999999716e+00 1.683739834833960017e-02
4.940000000000000391e+00 1.683739834833374374e-02
4.950000000000000178e+00 1.683739834832539278e-02
4.959999999999999964e+00 1.683739834831520996e-02
4.969999999999999751e+00 1.683739834830468365e-02
4.980000000000000426e+00 1.683739834829533003e-02
4.990000000000000213e+00 1.683739834828799908e-02
5.000000000000000000e+00 1.683739834828264573e-02
5.009999999999999787e+00 1.683739834827872178e-02
5.019999999999999574e+00 1.683739834827559234e-02
5.030000000000000249e+00 1.683739834827283760e-02
5.040000000000000036e+00 1.683739834827026327e-02
5.049999999999999822e+00 1.683739834826785201e-02
5.059999999999999609e+00 1.683739834826568360e-02
5.070000000000000284e+00 1.683739834826386561e-02
5.080000000000000071e+00 1.683739834826248477e-02
5.089999999999999858e+00 1.683739834826152720e-02
5.099999999999999645e+00 1.683739834826092699e-02
5.110000000000000320e+00 1.683739834826056617e-02
5.120000000000000107e+00 1.683739834826035453e-02
5.129999999999999893e+00 1.683739834826022269e-02
5.139999999999999680e+00 1.683739834826013596e-02
5.150000000000000355e+00 1.683739834826007697e-02
5.160000000000000142e+00 1.683739834826003187e-02
5.169999999999999929e+00 1.683739834826000065e-02
5.179999999999999716e+00 1.683739834825997983e-02
5.190000000000000391e+00 1.683739834825996595e-02
5.200000000000000178e+00 1.683739834825996248e-02
5.209999999999999964e+00 1.683739834825995901e-02
5.219999999999999751e+00 1.683739834825995554e-02
5.230000000000000426e+00 1.683739834825995207e-02
5.240000000000000213e+00 1.683739834825995207e-02
5.250000000000000000e+00 1.683739834825995207e-02
5.259999999999999787e+00 1.683739834825995207e-02
5.269999999999999574e+00 1.683739834825994861e-02
5.280000000000000249e+00 1.683739834825994861e-02
5.290000000000000036e+00 1.683739834825994861e-02
5.299999999999999822e+00 1.683739834825994861e-02
5.309999999999999609e+00 1.683739834825994861e-02
5.320000000000000284e+00 1.683739834825994861e-02
5.330000000000000071e+00 1.683739834825994861e-02
5.339999999999999858e+00 1.683739834825994861e-02
5.349999999999999645e+00 1.683739834825994861e-02
5.360000000000000320e+00 1.683739834825994861e-02
5.370000000000000107e+00 1.683739834825994861e-02
5.379999999999999893e+00 1.683739834825994861e-02
5.389999999999999680e+00 1.683739834825994861e-02
5.400000000000000355e+00 1.683739834825994861e-02
5.410000000000000142e+00 1.683739834825994861e-02
5.419999999999999929e+00 1.683739834825994861e-02
5.429999999999999716e+00 1.683739834825994861e-02
5.440000000000000391e+00 1.683739834825994861e-02
5.450000000000000178e+00 1.683739834825994861e-02
5.459999999999999964e+00 1.683739834825994861e-02
5.469999999999999751e+00 1.683739834825994861e-02
5.480000000000000426e+00 1.683739834825994861e-02
5.490000000000000213e+00 1.683739834825994861e-02
5.500000000000000000e+00 1.683739834825994861e-02
5.509999999999999787e+00 1.683739834825994861e-02
5.519999999999999574e+00 1.683739834825994861e-02
5.530000000000000249e+00 1.683739834825994861e-02
5.540000000000000036e+00 1.683739834825994861e-02
5.549999999999999822e+00 1.683739834825994861e-02
5.559999999999999609e+00 1.683739834825994861e-02
5.570000000000000284e+00 1.683739834825994861e-02
5.580000000000000071e+00 1.683739834825994861e-02
5.589999999999999858e+00 1.683739834825994861e-02
5.599999999999999645e+00 1.683739834825994861e-02
5.610000000000000320e+00 1.683739834825994861e-02
5.620000000000000107e+00 1.683739834825994861e-02
5.629999999999999893e+00 1.683739834825994861e-02
5.639999999999999680e+00 1.683739834825994861e-02
5.650000000000000355e+00 1.683739834825994861e-02
5.660000000000000142e+00 1.683739834825994861e-02
5.669999999999999929e+00 1.683739834825994861e-02
5.679999999999999716e+00 1.683739834825994861e-02
5.690000000000000391e+00 1.683739834825994861e-02
5.700000000000000178e+00 1.683739834825994861e-02
5.709999999999999964e+00 1.683739834825994861e-02
5.719999999999999751e+00 1.683739834825994861e-02
5.730000000000000426e+00 1.683739834825994861e-02
5.740000000000000213e+00 1.683739834825994861e-02
5.750000000000000000e+00 1.683739834825994861e-02
5.759999999999999787e+00 1.683739834825994861e-02
5.769999999999999574e+00 1.683739834825994861e-02
5.780000000000000249e+00 1.683739834825994861e-02
5.790000000000000036e+00 1.683739834825994861e-02
5.799999999999999822e+00 1.683739834825994861e-02
5.809999999999999609e+00 1.683739834825994861e-02
5.820000000000000284e+00 1.683739834825994861e-02
5.830000000000000071e+00 1.683739834825994861e-02
5.839999999999999858e+00 1.683739834825994861e-02
5.849999999999999645e+00 1.683739834825994861e-02
5.860000000000000320e+00 1.683739834825994861e-02
5.870000000000000107e+00 1.683739834825994861e-02
5.879999999999999893e+00 1.683739834825994861e-02
5.889999999999999680e+00 1.683739834825994861e-02
5.900000000000000355e+00 1.683739834825994861e-02
5.910000000000000142e+00 1.683739834825994861e-02
5.919999999999999929e+00 1.683739834825994861e-02
5.929999999999999716e+00 1.683739834825994861e-02
5.940000000000000391e+00 1.683739834825994861e-02
5.950000000000000178e+00 1.683739834825994861e-02
5.959999999999999964e+00 1.683739834825994861e-02
5.969999999999999751e+00 1.683739834825994861e-02
5.980000000000000426e+00 1.683739834825994861e-02
5.990000000000000213e+00 1.683739834825994861e-02
6.000000000000000000e+00 1.683739834825994861e-02
6.200000000000000178e+00 1.683739834825994861e-02
6.400000000000000355e+00 1.683739834825994861e-02
6.599999999999999645e+00 1.683739834825994861e-02
6.799999999999999822e+00 1.683739834825994861e-02
7.000000000000000000e+00 0.000000000000000000e+00
