0.000000000000000000e+00 0.000000000000000000e+00
1.000000000000000021e-02 1.415698111616894676e-02
2.000000000000000042e-02 1.415698112622263555e-02
2.999999999999999889e-02 1.415698114888110266e-02
4.000000000000000083e-02 1.415698119391360643e-02
5.000000000000000278e-02 1.415698127439034802e-02
5.999999999999999778e-02 1.415698140722520051e-02
7.000000000000000666e-02 1.415698161658236059e-02
8.000000000000000167e-02 1.415698194255985212e-02
8.999999999999999667e-02 1.415698245662358468e-02
1.000000000000000056e-01 1.415698328399276305e-02
1.100000000000000006e-01 1.415698463114757957e-02
1.199999999999999956e-01 1.415698681249885453e-02
1.300000000000000044e-01 1.415699026579283169e-02
1.400000000000000133e-01 1.415699554805280487e-02
1.499999999999999944e-01 1.415700331837960527e-02
1.600000000000000033e-01 1.415701433458155072e-02
1.700000000000000122e-01 1.415702950138868904e-02
1.799999999999999933e-01 1.415704999772275825e-02
1.900000000000000022e-01 1.415707747684163444e-02
2.000000000000000111e-01 1.415711427444385322e-02
2.099999999999999922e-01 1.415716349543385232e-02
2.200000000000000011e-01 1.415722886397222970e-02
2.300000000000000100e-01 1.415731440754845402e-02
2.399999999999999911e-01 1.415742431467409412e-02
2.500000000000000000e-01 1.415756333577609591e-02
2.600000000000000089e-01 1.415773770938724696e-02
2.700000000000000178e-01 1.415795615128248586e-02
2.800000000000000266e-01 1.415823049215659754e-02
2.899999999999999800e-01 1.415857598717579387e-02
2.999999999999999889e-01 1.415901140953190057e-02
3.099999999999999978e-01 1.415955856893441785e-02
3.200000000000000067e-01 1.416024074224282205e-02
3.300000000000000155e-01 1.416108036440919156e-02
3.400000000000000244e-01 1.416209733371380335e-02
3.499999999999999778e-01 1.416330895098215706e-02
3.599999999999999867e-01 1.416473106464450314e-02
3.699999999999999956e-01 1.416637940219882263e-02
3.800000000000000044e-01 1.416827123924357598e-02
3.900000000000000133e-01 1.417042891719963622e-02
4.000000000000000222e-01 1.417288645514680132e-02
4.099999999999999756e-01 1.417569868345890625e-02
4.199999999999999845e-01 1.417894985631540893e-02
4.299999999999999933e-01 1.418275626373527616e-02
4.400000000000000022e-01 1.418725753394677221e-02
4.500000000000000111e-01 1.419259871543789540e-02
4.600000000000000200e-01 1.419891863535968982e-02
4.699999999999999734e-01 1.420636560028207436e-02
4.799999999999999822e-01 1.421514526560685443e-02
4.899999999999999911e-01 1.422557735268047130e-02
5.000000000000000000e-01 1.423812847407153991e-02
5.100000000000000089e-01 1.425340965445158134e-02
5.200000000000000178e-01 1.427215223990849213e-02
5.300000000000000266e-01 1.429517722790084322e-02
5.400000000000000355e-01 1.432336289796226972e-02
5.500000000000000444e-01 1.435761807241126009e-02
5.600000000000000533e-01 1.439887032572601325e-02
5.699999999999999512e-01 1.444805365900589042e-02
5.799999999999999600e-01 1.450605042777481334e-02
5.899999999999999689e-01 1.457355997421429065e-02
5.999999999999999778e-01 1.465092938346671501e-02
6.099999999999999867e-01 1.473802081894061075e-02
6.199999999999999956e-01 1.483416580083058225e-02
6.300000000000000044e-01 1.493822662831866335e-02
6.400000000000000133e-01 1.504882458366830003e-02
6.500000000000000222e-01 1.516486505856891320e-02
6.600000000000000311e-01 1.528642837186950862e-02
6.700000000000000400e-01 1.541578755514554436e-02
6.800000000000000488e-01 1.555792505159236082e-02
6.899999999999999467e-01 1.571989245740723629e-02
6.999999999999999556e-01 1.590898489378982442e-02
7.099999999999999645e-01 1.613062381176060683e-02
7.199999999999999734e-01 1.638721148374958775e-02
7.299999999999999822e-01 1.667859333220890819e-02
7.399999999999999911e-01 1.700366844003096262e-02
7.500000000000000000e-01 1.736206790548592421e-02
7.600000000000000089e-01 1.775502976819677559e-02
7.700000000000000178e-01 1.818522003651414087e-02
7.800000000000000266e-01 1.865580507052152712e-02
7.900000000000000355e-01 1.916948521806923281e-02
8.000000000000000444e-01 1.972837890470455907e-02
8.100000000000000533e-01 2.033523397990690679e-02
8.199999999999999512e-01 2.099533642968383698e-02
8.299999999999999600e-01 2.171746406142919389e-02
8.399999999999999689e-01 2.251244454527135536e-02
8.499999999999999778e-01 2.338955394088824274e-02
8.599999999999999867e-01 2.435288588140295182e-02
8.699999999999999956e-01 2.540017305945536930e-02
8.800000000000000044e-01 2.652479396584433297e-02
8.900000000000000133e-01 2.771929354739453844e-02
9.000000000000000222e-01 2.897790830621633715e-02
9.100000000000000311e-01 3.029701082941957738e-02
9.200000000000000400e-01 3.167450826300215183e-02
9.300000000000000488e-01 3.311007233360083180e-02
9.399999999999999467e-01 3.460723762003380111e-02
9.499999999999999556e-01 3.617672198632348318e-02
9.599999999999999645e-01 3.783872505028221950e-02
9.699999999999999734e-01 3.962152704177812623e-02
9.799999999999999822e-01 4.155552356541663411e-02
9.899999999999999911e-01 4.366511635569373523e-02
1.000000000000000000e+00 4.596249361372134468e-02
1.010000000000000009e+00 4.844536436263997825e-02
1.020000000000000018e+00 5.109781558371569860e-02
1.030000000000000027e+00 5.389380057415152359e-02
1.040000000000000036e+00 5.680571382974877043e-02
1.050000000000000044e+00 5.982077968853548311e-02
1.060000000000000053e+00 6.296324031799546694e-02
1.070000000000000062e+00 6.631522581636466185e-02
1.080000000000000071e+00 7.002883970293402593e-02
1.090000000000000080e+00 7.432382061439932186e-02
1.100000000000000089e+00 7.946284688015776976e-02
1.110000000000000098e+00 8.569368394744741879e-02
1.120000000000000107e+00 9.315931482111187989e-02
1.129999999999999893e+00 1.018090375484373838e-01
1.139999999999999902e+00 1.113688381455371496e-01
1.149999999999999911e+00 1.214101086178334538e-01
1.159999999999999920e+00 1.314929062627772371e-01
1.169999999999999929e+00 1.413064476131546399e-01
1.179999999999999938e+00 1.507354799765273368e-01
1.189999999999999947e+00 1.598370572896893327e-01
1.199999999999999956e+00 1.687645066318936293e-01
1.209999999999999964e+00 1.776883092930124919e-01
1.219999999999999973e+00 1.867460894885943357e-01
1.229999999999999982e+00 1.960309491258442338e-01
1.239999999999999991e+00 2.056096975767960355e-01
1.250000000000000000e+00 2.155502948363027804e-01
1.260000000000000009e+00 2.259357911629876758e-01
1.270000000000000018e+00 2.368547418481199429e-01
1.280000000000000027e+00 2.483774390717765623e-01
1.290000000000000036e+00 2.605384634552783685e-01
1.300000000000000044e+00 2.733421181130052391e-01
1.310000000000000053e+00 2.867898164501295200e-01
1.320000000000000062e+00 3.009033559315112405e-01
1.330000000000000071e+00 3.157054702695519244e-01
1.340000000000000080e+00 3.311499453253312075e-01
1.350000000000000089e+00 3.470601878548571495e-01
1.360000000000000098e+00 3.631611874751209945e-01
1.370000000000000107e+00 3.792137706185722545e-01
1.379999999999999893e+00 3.951478142584691766e-01
1.389999999999999902e+00 4.110787073086178411e-01
1.399999999999999911e+00 4.271993511998199433e-01
1.409999999999999920e+00 4.436412122672515612e-01
1.419999999999999929e+00 4.603932478508556136e-01
1.429999999999999938e+00 4.772971114717817764e-01
1.439999999999999947e+00 4.940895039214194262e-01
1.449999999999999956e+00 5.104601531909100931e-01
1.459999999999999964e+00 5.261053376446502838e-01
1.469999999999999973e+00 5.407634471638345097e-01
1.479999999999999982e+00 5.542269590412819413e-01
1.489999999999999991e+00 5.663375859633803522e-01
1.500000000000000000e+00 5.769785737243962043e-01
1.510000000000000009e+00 5.860723114536511291e-01
1.520000000000000018e+00 5.935787869482646029e-01
1.530000000000000027e+00 5.994854781473214489e-01
1.540000000000000036e+00 6.037880716202577158e-01
1.550000000000000044e+00 6.064742893905785692e-01
1.560000000000000053e+00 6.075258556753710959e-01
1.570000000000000062e+00 6.069422467039092828e-01
1.580000000000000071e+00 6.047734656301758660e-01
1.590000000000000080e+00 6.011416761937848907e-01
1.600000000000000089e+00 5.962394459606717989e-01
1.610000000000000098e+00 5.903067086836613075e-01
1.620000000000000107e+00 5.835950291354852215e-01
1.629999999999999893e+00 5.763266787309484496e-01
1.639999999999999902e+00 5.686619379092542337e-01
1.649999999999999911e+00 5.607016811869399708e-01
1.659999999999999920e+00 5.525477353863836871e-01
1.669999999999999929e+00 5.444010405537740294e-01
1.679999999999999938e+00 5.366238619912293561e-01
1.689999999999999947e+00 5.296873685147609478e-01
1.699999999999999956e+00 5.239994913747263450e-01
1.709999999999999964e+00 5.197098422353887415e-01
1.719999999999999973e+00 5.166214690468923232e-01
1.729999999999999982e+00 5.142626053935193120e-01
1.739999999999999991e+00 5.120567443272424635e-01
1.750000000000000000e+00 5.094824543312336251e-01
1.760000000000000009e+00 5.061585873206664310e-01
1.770000000000000018e+00 5.018603755876639427e-01
1.780000000000000027e+00 4.965046176412623025e-01
1.790000000000000036e+00 4.901335839020109497e-01
1.800000000000000044e+00 4.829059934946529076e-01
1.810000000000000053e+00 4.750873946447201068e-01
1.820000000000000062e+00 4.670222536611847164e-01
1.830000000000000071e+00 4.590694097723643785e-01
1.840000000000000080e+00 4.515031486655112225e-01
1.850000000000000089e+00 4.444197964586911187e-01
1.860000000000000098e+00 4.377084542969820746e-01
1.870000000000000107e+00 4.311127082285317602e-01
1.879999999999999893e+00 4.243498274421879657e-01
1.889999999999999902e+00 4.172222263313831170e-01
1.899999999999999911e+00 4.096749156476852116e-01
1.909999999999999920e+00 4.017896000255797850e-01
1.919999999999999929e+00 3.937277941690762173e-01
1.929999999999999938e+00 3.856463001301717042e-01
1.939999999999999947e+00 3.776214154679366497e-01
1.949999999999999956e+00 3.696201696349915577e-01
1.959999999999999964e+00 3.615304201858239308e-01
1.969999999999999973e+00 3.532231358226607387e-01
1.979999999999999982e+00 3.446062122561286967e-01
1.989999999999999991e+00 3.356500135820313924e-01
2.000000000000000000e+00 3.263935044483685655e-01
2.009999999999999787e+00 3.169464885661652520e-01
2.020000000000000018e+00 3.074862474076960894e-01
2.029999999999999805e+00 2.982296760750474673e-01
2.040000000000000036e+00 2.893698085274191145e-01
2.049999999999999822e+00 2.809979342915346345e-01
2.060000000000000053e+00 2.730579930765485996e-01
2.069999999999999840e+00 2.653670196567899930e-01
2.080000000000000071e+00 2.576913737579337171e-01
2.089999999999999858e+00 2.498347215843752800e-01
2.100000000000000089e+00 2.416981490528551657e-01
2.109999999999999876e+00 2.333013281195898403e-01
2.120000000000000107e+00 2.247738830089628659e-01
2.129999999999999893e+00 2.163254493844370407e-01
2.140000000000000124e+00 2.081961221205451962e-01
2.149999999999999911e+00 2.005940856192124921e-01
2.160000000000000142e+00 1.936412172378170760e-01
2.169999999999999929e+00 1.873501332372942141e-01
2.180000000000000160e+00 1.816386076839157648e-01
2.189999999999999947e+00 1.763662415930027372e-01
2.200000000000000178e+00 1.713734347904204425e-01
2.209999999999999964e+00 1.665118153016698632e-01
2.220000000000000195e+00 1.616634811609506672e-01
2.229999999999999982e+00 1.567490040786233274e-01
2.240000000000000213e+00 1.517261637939972818e-01
2.250000000000000000e+00 1.465842610616746866e-01
2.259999999999999787e+00 1.413399703792086459e-01
2.270000000000000018e+00 1.360403423690132729e-01
2.279999999999999805e+00 1.307781103727810312e-01
2.290000000000000036e+00 1.257202132162539288e-01
2.299999999999999822e+00 1.211373004561336897e-01
2.310000000000000053e+00 1.174060092374003827e-01
2.319999999999999840e+00 1.149574035817951118e-01
2.330000000000000071e+00 1.141767974552312243e-01
2.339999999999999858e+00 1.152995530863100415e-01
2.350000000000000089e+00 1.183514973244088886e-01
2.359999999999999876e+00 1.231451118292359592e-01
2.370000000000000107e+00 1.293104227392625483e-01
2.379999999999999893e+00 1.363473646754716218e-01
2.390000000000000124e+00 1.437057575394737330e-01
2.399999999999999911e+00 1.508875128028020485e-01
2.410000000000000142e+00 1.575370928588007702e-01
2.419999999999999929e+00 1.634847153613047110e-01
2.430000000000000160e+00 1.687350206992417334e-01
2.439999999999999947e+00 1.734160272847569406e-01
2.450000000000000178e+00 1.777045158679906867e-01
2.459999999999999964e+00 1.817441311879954835e-01
2.470000000000000195e+00 1.855835565460364767e-01
2.479999999999999982e+00 1.891671166562534090e-01
2.490000000000000213e+00 1.923886941193834743e-01
2.500000000000000000e+00 1.951795636058627770e-01
2.509999999999999787e+00 1.975751394069210354e-01
2.520000000000000018e+00 1.997201369037149010e-01
2.529999999999999805e+00 2.018151583646718705e-01
2.540000000000000036e+00 2.040432372567356489e-01
2.549999999999999822e+00 2.065172553487805152e-01
2.560000000000000053e+00 2.092654252694970685e-01
2.569999999999999840e+00 2.122467634734823139e-01
2.580000000000000071e+00 2.153785720407208060e-01
2.589999999999999858e+00 2.185629173115581358e-01
2.600000000000000089e+00 2.217079905063991385e-01
2.609999999999999876e+00 2.247438407594312959e-01
2.620000000000000107e+00 2.276301509950193480e-01
2.629999999999999893e+00 2.303528909471937725e-01
2.640000000000000124e+00 2.329109289487497902e-01
2.649999999999999911e+00 2.352997923635086752e-01
2.660000000000000142e+00 2.375012510843319546e-01
2.669999999999999929e+00 2.394820756287198982e-01
2.680000000000000160e+00 2.411977229255627408e-01
2.689999999999999947e+00 2.425934939615007335e-01
2.700000000000000178e+00 2.435996774420206845e-01
2.709999999999999964e+00 2.441255582366568255e-01
2.720000000000000195e+00 2.440640468446187428e-01
2.729999999999999982e+00 2.433179666252467677e-01
2.740000000000000213e+00 2.418470080145365686e-01
2.750000000000000000e+00 2.397144844636484029e-01
2.759999999999999787e+00 2.370996921573084726e-01
2.770000000000000018e+00 2.342526435863909184e-01
2.779999999999999805e+00 2.314042917948037625e-01
2.790000000000000036e+00 2.286805855059144132e-01
2.799999999999999822e+00 2.260695988468648110e-01
2.810000000000000053e+00 2.234541798100512788e-01
2.819999999999999840e+00 2.206811746935584961e-01
2.830000000000000071e+00 2.176268347913554446e-01
2.839999999999999858e+00 2.142385212986916976e-01
2.850000000000000089e+00 2.105597751499312664e-01
2.859999999999999876e+00 2.067545232308669878e-01
2.870000000000000107e+00 2.031303378949529670e-01
2.879999999999999893e+00 2.001340159988093670e-01
2.890000000000000124e+00 1.982841624568365824e-01
2.899999999999999911e+00 1.980383859927598300e-01
2.910000000000000142e+00 1.996503820084087055e-01
2.919999999999999929e+00 2.030967336592421901e-01
2.930000000000000160e+00 2.081088951210076921e-01
2.939999999999999947e+00 2.142731734214413097e-01
2.950000000000000178e+00 2.211337439449806985e-01
2.959999999999999964e+00 2.282654799393942779e-01
2.970000000000000195e+00 2.353222401044631762e-01
2.979999999999999982e+00 2.420703053268073446e-01
2.990000000000000213e+00 2.484001298462266694e-01
3.000000000000000000e+00 2.543065290161659053e-01
3.009999999999999787e+00 2.598432797148783058e-01
3.020000000000000018e+00 2.650722524289725879e-01
3.029999999999999805e+00 2.700256213646861636e-01
3.040000000000000036e+00 2.746884973657520712e-01
3.049999999999999822e+00 2.790006758874737924e-01
3.060000000000000053e+00 2.828731967711589634e-01
3.069999999999999840e+00 2.862134683284124903e-01
3.080000000000000071e+00 2.889496990174162394e-01
3.089999999999999858e+00 2.910450488643503975e-01
3.100000000000000089e+00 2.924973563850860603e-01
3.109999999999999876e+00 2.933282799929712303e-01
3.120000000000000107e+00 2.935700544098319154e-01
3.129999999999999893e+00 2.932567588487358656e-01
3.140000000000000124e+00 2.924229752340826161e-01
3.149999999999999911e+00 2.911091118946989020e-01
3.160000000000000142e+00 2.893700909788882170e-01
3.169999999999999929e+00 2.872824916041543664e-01
3.180000000000000160e+00 2.849457484178755107e-01
3.189999999999999947e+00 2.824763269457925552e-01
3.200000000000000178e+00 2.799973451313931272e-01
3.209999999999999964e+00 2.776254392288806105e-01
3.220000000000000195e+00 2.754519145445862849e-01
3.229999999999999982e+00 2.735141554452890644e-01
3.240000000000000213e+00 2.717632513853954213e-01
3.250000000000000000e+00 2.700493889184390484e-01
3.259999999999999787e+00 2.681498044007052384e-01
3.270000000000000018e+00 2.658427139306258069e-01
3.279999999999999805e+00 2.629962247929878982e-01
3.290000000000000036e+00 2.596233994088814057e-01
3.299999999999999822e+00 2.558720549177528336e-01
3.310000000000000053e+00 2.519575602916171997e-01
3.319999999999999840e+00 2.480774286534184470e-01
3.330000000000000071e+00 2.443495250706249622e-01
3.339999999999999858e+00 2.407978237273269706e-01
3.350000000000000089e+00 2.373861310931566493e-01
3.359999999999999876e+00 2.340788414795429428e-01
3.370000000000000107e+00 2.308929974117744921e-01
3.379999999999999893e+00 2.279074683447331329e-01
3.390000000000000124e+00 2.252200431556319604e-01
3.399999999999999911e+00 2.228799067069563711e-01
3.410000000000000142e+00 2.208432395549997929e-01
3.419999999999999929e+00 2.189843780945684437e-01
3.430000000000000160e+00 2.171544788723384911e-01
3.439999999999999947e+00 2.152456261859458653e-01
3.450000000000000178e+00 2.132154396654646344e-01
3.459999999999999964e+00 2.110540536692759317e-01
3.470000000000000195e+00 2.087110869023492132e-01
3.479999999999999982e+00 2.060254935144097688e-01
3.490000000000000213e+00 2.027087121662931590e-01
3.500000000000000000e+00 1.984187824419522683e-01
3.509999999999999787e+00 1.929244580602555992e-01
3.520000000000000018e+00 1.862974410202931919e-01
3.529999999999999805e+00 1.790216589398882785e-01
3.540000000000000036e+00 1.719242164176293386e-01
3.549999999999999822e+00 1.659298555364817906e-01
3.560000000000000053e+00 1.617577317194085207e-01
3.569999999999999840e+00 1.597185678283098154e-01
3.580000000000000071e+00 1.596968280559094844e-01
3.589999999999999858e+00 1.612830752808834256e-01
3.600000000000000089e+00 1.639533630618136006e-01
3.609999999999999876e+00 1.672088780984797296e-01
3.620000000000000107e+00 1.706476196104529941e-01
3.629999999999999893e+00 1.739840528352841198e-01
3.640000000000000124e+00 1.770427144384194851e-01
3.649999999999999911e+00 1.797420232925705519e-01
3.660000000000000142e+00 1.820741567902351976e-01
3.669999999999999929e+00 1.840827874825634314e-01
3.680000000000000160e+00 1.858404767059009810e-01
3.689999999999999947e+00 1.874282999135976346e-01
3.700000000000000178e+00 1.889203629942731166e-01
3.709999999999999964e+00 1.903746442635117775e-01
3.720000000000000195e+00 1.918294900361837696e-01
3.729999999999999982e+00 1.933039568075250736e-01
3.740000000000000213e+00 1.948011516446236657e-01
3.750000000000000000e+00 1.963151765522793413e-01
3.759999999999999787e+00 1.978416857308189503e-01
3.770000000000000018e+00 1.993891672791712200e-01
3.779999999999999805e+00 2.009854215666274924e-01
3.790000000000000036e+00 2.026742926925693689e-01
3.799999999999999822e+00 2.045021508700927693e-01
3.810000000000000053e+00 2.064993309980167058e-01
3.819999999999999840e+00 2.086646985674420751e-01
3.830000000000000071e+00 2.109596105499571828e-01
3.839999999999999858e+00 2.133124525410838579e-01
3.850000000000000089e+00 2.156307436787526788e-01
3.859999999999999876e+00 2.178171109571541419e-01
3.870000000000000107e+00 2.197868310968937311e-01
3.879999999999999893e+00 2.214847849153078752e-01
3.890000000000000124e+00 2.228979154039666122e-01
3.899999999999999911e+00 2.240586040267559531e-01
3.910000000000000142e+00 2.250371186112499755e-01
3.919999999999999929e+00 2.259256529018715542e-01
3.930000000000000160e+00 2.268187452003007643e-01
3.939999999999999947e+00 2.277940982420258720e-01
3.950000000000000178e+00 2.288966833312921778e-01
3.959999999999999964e+00 2.301295381277948249e-01
3.970000000000000195e+00 2.314549792699724107e-01
3.979999999999999982e+00 2.328069826555402011e-01
3.990000000000000213e+00 2.341101481200032475e-01
4.000000000000000000e+00 2.352975730013655842e-01
4.009999999999999787e+00 2.363217803584683474e-01
4.019999999999999574e+00 2.371573949252815117e-01
4.030000000000000249e+00 2.377976581469944117e-01
4.040000000000000036e+00 2.382476188530404937e-01
4.049999999999999822e+00 2.385161541579438604e-01
4.059999999999999609e+00 2.386085196496136318e-01
4.070000000000000284e+00 2.385211953992788791e-01
4.080000000000000071e+00 2.382407347357613503e-01
4.089999999999999858e+00 2.377478379741541081e-01
4.099999999999999645e+00 2.370267836342170031e-01
4.110000000000000320e+00 2.360779313469851537e-01
4.120000000000000107e+00 2.349276477897205839e-01
4.129999999999999893e+00 2.336287663231327028e-01
4.139999999999999680e+00 2.322486203228961432e-01
4.150000000000000355e+00 2.308494144021926431e-01
4.160000000000000142e+00 2.294713211597524949e-01
4.169999999999999929e+00 2.281268279983608427e-01
4.179999999999999716e+00 2.268063011701687282e-01
4.190000000000000391e+00 2.254869454545767871e-01
4.200000000000000178e+00 2.241374285080139639e-01
4.209999999999999964e+00 2.227173346405972032e-01
4.219999999999999751e+00 2.211764448548858564e-01
4.230000000000000426e+00 2.194581927933706988e-01
4.240000000000000213e+00 2.175069459721380438e-01
4.250000000000000000e+00 2.152761803441769484e-01
4.259999999999999787e+00 2.127364776458698647e-01
4.269999999999999574e+00 2.098846701500106382e-01
4.280000000000000249e+00 2.067537029187710151e-01
4.290000000000000036e+00 2.034180645590791259e-01
4.299999999999999822e+00 1.999877622234789154e-01
4.309999999999999609e+00 1.965878220618489935e-01
4.320000000000000284e+00 1.933274710100977845e-01
4.330000000000000071e+00 1.902690462231588220e-01
4.339999999999999858e+00 1.874086719415868074e-01
4.349999999999999645e+00 1.846778780056241021e-01
4.360000000000000320e+00 1.819677858735798126e-01
4.370000000000000107e+00 1.791675087786319398e-01
4.379999999999999893e+00 1.762008763261116995e-01
4.389999999999999680e+00 1.730459079581092852e-01
4.400000000000000355e+00 1.697308161953944017e-01
4.410000000000000142e+00 1.663128949837417991e-01
4.419999999999999929e+00 1.628537682492234573e-01
4.429999999999999716e+00 1.594023650180700913e-01
4.440000000000000391e+00 1.559893278276809625e-01
4.450000000000000178e+00 1.526298325767710684e-01
4.459999999999999964e+00 1.493295567120992706e-01
4.469999999999999751e+00 1.460899030432305790e-01
4.480000000000000426e+00 1.429108726180000066e-01
4.490000000000000213e+00 1.397917007082142560e-01
4.500000000000000000e+00 1.367304886798791919e-01
4.509999999999999787e+00 1.337243833779344360e-01
4.519999999999999574e+00 1.307709263252408161e-01
4.530000000000000249e+00 1.278696909743632648e-01
4.540000000000000036e+00 1.250228268378201779e-01
4.549999999999999822e+00 1.222341511621659743e-01
4.559999999999999609e+00 1.195077088561752876e-01
4.570000000000000284e+00 1.168468227725397435e-01
4.580000000000000071e+00 1.142536782245442556e-01
4.589999999999999858e+00 1.117287731733823258e-01
4.599999999999999645e+00 1.092699687790412710e-01
4.610000000000000320e+00 1.068717961399487798e-01
4.620000000000000107e+00 1.045259754438292721e-01
4.629999999999999893e+00 1.022234717805621390e-01
4.639999999999999680e+00 9.995744016873743532e-02
4.650000000000000355e+00 9.772573104163392865e-02
4.660000000000000142e+00 9.553154463557368692e-02
4.669999999999999929e+00 9.338153308664076668e-02
4.679999999999999716e+00 9.128202419782645294e-02
4.690000000000000391e+00 8.923523556970731907e-02
4.700000000000000178e+00 8.723737557722865965e-02
4.709999999999999964e+00 8.527939462833900031e-02
4.719999999999999751e+00 8.334985816757829735e-02
4.730000000000000426e+00 8.143877057340195846e-02
4.740000000000000213e+00 7.954111441916980607e-02
4.750000000000000000e+00 7.765896154741970536e-02
4.759999999999999787e+00 7.580125234321030692e-02
4.769999999999999574e+00 7.398108693889740572e-02
4.780000000000000249e+00 7.221156668521359900e-02
4.790000000000000036e+00 7.050198179581630697e-02
4.799999999999999822e+00 6.885564993926558686e-02
4.809999999999999609e+00 6.726942269167991706e-02
4.820000000000000284e+00 6.573412282572187182e-02
4.830000000000000071e+00 6.423555272460948484e-02
4.839999999999999858e+00 6.275645361474456452e-02
4.849999999999999645e+00 6.127979394723271495e-02
4.860000000000000320e+00 5.979283930937961261e-02
4.870000000000000107e+00 5.829049106153407628e-02
4.879999999999999893e+00 5.677638428460025921e-02
4.889999999999999680e+00 5.526130876039750395e-02
4.900000000000000355e+00 5.375983136215095604e-02
4.910000000000000142e+00 5.228668748711585990e-02
4.919999999999999929e+00 5.085431862450063428e-02
4.929999999999999716e+00 4.947211816740226809e-02
4.940000000000000391e+00 4.814696296998928482e-02
4.950000000000000178e+00 4.688395345387829510e-02
4.959999999999999964e+00 4.568633322316027756e-02
4.969999999999999751e+00 4.455431641475511573e-02
4.980000000000000426e+00 4.348354210588678548e-02
4.990000000000000213e+00 4.246436711602762787e-02
5.000000000000000000e+00 4.148278871046034988e-02
5.009999999999999787e+00 4.052280475391337178e-02
5.019999999999999574e+00 3.956928077223446222e-02
5.030000000000000249e+00 3.861038567024949186e-02
5.040000000000000036e+00 3.763916165772852179e-02
5.049999999999999822e+00 3.665424485140825889e-02
5.059999999999999609e+00 3.565981087124073245e-02
5.070000000000000284e+00 3.466459899003081213e-02
5.080000000000000071e+00 3.367976987129742139e-02
5.089999999999999858e+00 3.271572513466982496e-02
5.099999999999999645e+00 3.177881316775919840e-02
5.110000000000000320e+00 3.086944134308889851e-02
5.120000000000000107e+00 2.998272758505508145e-02
5.129999999999999893e+00 2.911145743060432681e-02
5.139999999999999680e+00 2.824983028415964728e-02
5.150000000000000355e+00 2.739630097884988846e-02
5.160000000000000142e+00 2.655463322285576272e-02
5.169999999999999929e+00 2.573321652678517424e-02
5.179999999999999716e+00 2.494321338252552048e-02
5.190000000000000391e+00 2.419622861717737536e-02
5.200000000000000178e+00 2.350211328277658149e-02
5.209999999999999964e+00 2.286734471869438651e-02
5.219999999999999751e+00 2.229423500527724297e-02
5.230000000000000426e+00 2.178103693959502693e-02
5.240000000000000213e+00 2.132281509352708382e-02
5.250000000000000000e+00 2.091273949415439065e-02
5.259999999999999787e+00 2.054334270227601775e-02
5.269999999999999574e+00 2.020737694131889001e-02
5.280000000000000249e+00 1.989819897835756746e-02
5.290000000000000036e+00 1.960988967026811025e-02
5.299999999999999822e+00 1.933736633208272757e-02
5.309999999999999609e+00 1.907657880039687753e-02
5.320000000000000284e+00 1.882470241212342785e-02
5.330000000000000071e+00 1.858020841463104908e-02
5.339999999999999858e+00 1.834276971414388474e-02
5.349999999999999645e+00 1.811302638073096494e-02
5.360000000000000320e+00 1.789224231670251061e-02
5.370000000000000107e+00 1.768188454275485683e-02
5.379999999999999893e+00 1.748320001199948903e-02
5.389999999999999680e+00 1.729690927760389740e-02
5.400000000000000355e+00 1.712310276188043143e-02
5.410000000000000142e+00 1.696132363803405652e-02
5.419999999999999929e+00 1.681074684879551098e-02
5.429999999999999716e+00 1.667037098838387507e-02
5.440000000000000391e+00 1.653918560313481084e-02
5.450000000000000178e+00 1.641629573755342200e-02
5.459999999999999964e+00 1.630097419015278520e-02
5.469999999999999751e+00 1.619261912873512510e-02
5.480000000000000426e+00 1.609064685888468918e-02
5.490000000000000213e+00 1.599440223812252301e-02
5.500000000000000000e+00 1.590315784119213788e-02
5.509999999999999787e+00 1.581620154410558199e-02
5.519999999999999574e+00 1.573295178647414819e-02
5.530000000000000249e+00 1.565303885644325071e-02
5.540000000000000036e+00 1.557632739667097824e-02
5.549999999999999822e+00 1.550288306672730106e-02
5.559999999999999609e+00 1.543289167331446908e-02
5.570000000000000284e+00 1.536654445290728914e-02
5.580000000000000071e+00 1.530392353894412250e-02
5.589999999999999858e+00 1.524493641677583840e-02
5.599999999999999645e+00 1.518932827545508603e-02
5.610000000000000320e+00 1.513675534887390893e-02
5.620000000000000107e+00 1.508687218211353376e-02
5.629999999999999893e+00 1.503939443324791257e-02
5.639999999999999680e+00 1.499412746390917615e-02
5.650000000000000355e+00 1.495096838415892887e-02
5.660000000000000142e+00 1.490988768016577107e-02
5.669999999999999929e+00 1.487089259997674030e-02
5.679999999999999716e+00 1.483398165139189831e-02
5.690000000000000391e+00 1.479910925275396485e-02
5.700000000000000178e+00 1.476617490154958495e-02
5.709999999999999964e+00 1.473503393462631018e-02
5.719999999999999751e+00 1.470551613898985442e-02
5.730000000000000426e+00 1.467744365876444239e-02
5.740000000000000213e+00 1.465064963814566475e-02
5.750000000000000000e+00 1.462499949692463649e-02
5.759999999999999787e+00 1.460040843124225940e-02
5.769999999999999574e+00 1.457684454116124281e-02
5.780000000000000249e+00 1.455431454754857121e-02
5.790000000000000036e+00 1.453284078634899112e-02
5.799999999999999822e+00 1.451244124857747377e-02
5.809999999999999609e+00 1.449311759863837652e-02
5.820000000000000284e+00 1.447484953510153223e-02
5.830000000000000071e+00 1.445759398659355807e-02
5.839999999999999858e+00 1.444129019521290733e-02
5.849999999999999645e+00 1.442587045344252174e-02
5.860000000000000320e+00 1.441127206096516275e-02
5.870000000000000107e+00 1.439744528313432678e-02
5.879999999999999893e+00 1.438435730291248715e-02
5.889999999999999680e+00 1.437199713018044202e-02
5.900000000000000355e+00 1.436038282109285483e-02
5.910000000000000142e+00 1.434956176688310416e-02
5.919999999999999929e+00 1.433958997498143047e-02
5.929999999999999716e+00 1.433048597280200086e-02
5.940000000000000391e+00 1.432216888434824018e-02
5.950000000000000178e+00 1.431438805252488108e-02
5.959999999999999964e+00 1.430663862883642390e-02
5.969999999999999751e+00 1.429808159297860266e-02
5.980000000000000426e+00 1.428757647244563271e-02
5.990000000000000213e+00 1.427399717682269892e-02
6.000000000000000000e+00 1.425685480724642705e-02
6.200000000000000178e+00 1.423689482489202789e-02
6.400000000000000355e+00 1.421613153519084120e-02
6.599999999999999645e+00 1.419710639480697804e-02
6.799999999999999822e+00 1.418180698384684593e-02
7.000000000000000000e+00 0.000000000000000000e+00
