0.000000000000000000e+00 0.000000000000000000e+00
1.000000000000000021e-02 1.712333758354334448e-02
2.000000000000000042e-02 1.738077626587355984e-02
2.999999999999999889e-02 1.778612262451919820e-02
4.000000000000000083e-02 1.838532222623447468e-02
5.000000000000000278e-02 1.924211937907023204e-02
5.999999999999999778e-02 2.045729980795037151e-02
7.000000000000000666e-02 2.217838080900241468e-02
8.000000000000000167e-02 2.457609850276654476e-02
8.999999999999999667e-02 2.777890044465861075e-02
1.000000000000000056e-01 3.178839814910425221e-02
1.100000000000000006e-01 3.641963762007540545e-02
1.199999999999999956e-01 4.130086969803473812e-02
1.300000000000000044e-01 4.594184541064461058e-02
1.400000000000000133e-01 4.985667168152524420e-02
1.499999999999999944e-01 5.270171539816174977e-02
1.600000000000000033e-01 5.436479303562077176e-02
1.700000000000000122e-01 5.495940352989388961e-02
1.799999999999999933e-01 5.474752997515827668e-02
1.900000000000000022e-01 5.406431545449223025e-02
2.000000000000000111e-01 5.328406234572721084e-02
2.099999999999999922e-01 5.279682399974492540e-02
2.200000000000000011e-01 5.294953069070074125e-02
2.300000000000000100e-01 5.395395591179486666e-02
2.399999999999999911e-01 5.581251650089540106e-02
2.500000000000000000e-01 5.831750348050220023e-02
2.600000000000000089e-01 6.113962408454839265e-02
2.700000000000000178e-01 6.396279540846994127e-02
2.800000000000000266e-01 6.659163704528189842e-02
2.899999999999999800e-01 6.899232013418073184e-02
2.999999999999999889e-01 7.129146569058213145e-02
3.099999999999999978e-01 7.377305373561644786e-02
3.200000000000000067e-01 7.686345066422241301e-02
3.300000000000000155e-01 8.105092813550149322e-02
3.400000000000000244e-01 8.671464176034081317e-02
3.499999999999999778e-01 9.392581475328461160e-02
3.599999999999999867e-01 1.023560831154041867e-01
3.699999999999999956e-01 1.114111564903246532e-01
3.800000000000000044e-01 1.205960590512365760e-01
3.900000000000000133e-01 1.299898128814956366e-01
4.000000000000000222e-01 1.406337434183087820e-01
4.099999999999999756e-01 1.545995583127563466e-01
4.199999999999999845e-01 1.745162179290908055e-01
4.299999999999999933e-01 2.025805052467123946e-01
4.400000000000000022e-01 2.396024273644562497e-01
4.500000000000000111e-01 2.849266350726936681e-01
4.600000000000000200e-01 3.374586898906419274e-01
4.699999999999999734e-01 3.967938145604076872e-01
4.799999999999999822e-01 4.629690798237230953e-01
4.899999999999999911e-01 5.346104079628144490e-01
5.000000000000000000e-01 6.073015402740234991e-01
5.100000000000000089e-01 6.745567828931503529e-01
5.200000000000000178e-01 7.316864117608523621e-01
5.300000000000000266e-01 7.799826052229734685e-01
5.400000000000000355e-01 8.281164746874332128e-01
5.500000000000000444e-01 8.899349241437504165e-01
5.600000000000000533e-01 9.804353684113590317e-01
5.699999999999999512e-01 1.112321210389106030e+00
5.799999999999999600e-01 1.294314176402872718e+00
5.899999999999999689e-01 1.530705513115328431e+00
5.999999999999999778e-01 1.820697542799779800e+00
6.099999999999999867e-01 2.156559275137291731e+00
6.199999999999999956e-01 2.521237834462215499e+00
6.300000000000000044e-01 2.887659002184480350e+00
6.400000000000000133e-01 3.222103213088631346e+00
6.500000000000000222e-01 3.492048745296208789e+00
6.600000000000000311e-01 3.675580626358258662e+00
6.700000000000000400e-01 3.767392671775302126e+00
6.800000000000000488e-01 3.777974564462294627e+00
6.899999999999999467e-01 3.727185344398121103e+00
6.999999999999999556e-01 3.637024618769874706e+00
7.099999999999999645e-01 3.527477192978369036e+00
7.199999999999999734e-01 3.415100745834063645e+00
7.299999999999999822e-01 3.311356230262225697e+00
7.399999999999999911e-01 3.219099527613149547e+00
7.500000000000000000e-01 3.128981962554945540e+00
7.600000000000000089e-01 3.019451744703387508e+00
7.700000000000000178e-01 2.863413310604889794e+00
7.800000000000000266e-01 2.641128179961369948e+00
7.900000000000000355e-01 2.353221647311573683e+00
8.000000000000000444e-01 2.024272125176953985e+00
8.100000000000000533e-01 1.692453615901872155e+00
8.199999999999999512e-01 1.391895985133478897e+00
8.299999999999999600e-01 1.140401814442577821e+00
8.399999999999999689e-01 9.392215572730401307e-01
8.499999999999999778e-01 7.808989531353969227e-01
8.599999999999999867e-01 6.568992179237955753e-01
8.699999999999999956e-01 5.605946130758320267e-01
8.800000000000000044e-01 4.866664791683397717e-01
8.900000000000000133e-01 4.298975893922766245e-01
9.000000000000000222e-01 3.849886998867697585e-01
9.100000000000000311e-01 3.472287391358563347e-01
9.200000000000000400e-01 3.132069061680204380e-01
9.300000000000000488e-01 2.810763118526717341e-01
9.399999999999999467e-01 2.503538663210755355e-01
9.499999999999999556e-01 2.214571327356014974e-01
9.599999999999999645e-01 1.951819863775995645e-01
9.699999999999999734e-01 1.722718239059288503e-01
9.799999999999999822e-01 1.531760390778543479e-01
9.899999999999999911e-01 1.380114063283982839e-01
1.000000000000000000e+00 1.266309463682199765e-01
1.010000000000000009e+00 1.186663484511957106e-01
1.020000000000000018e+00 1.135034503486725549e-01
1.030000000000000027e+00 1.102815507175597259e-01
1.040000000000000036e+00 1.080221515134250632e-01
1.050000000000000044e+00 1.058709178636944581e-01
1.060000000000000053e+00 1.033148226558851940e-01
1.070000000000000062e+00 1.002417009188350666e-01
1.080000000000000071e+00 9.682626233674435090e-02
1.090000000000000080e+00 9.333767546107452073e-02
1.100000000000000089e+00 8.998343726604467185e-02
1.110000000000000098e+00 8.684608551933856169e-02
1.120000000000000107e+00 8.390074341892812815e-02
1.129999999999999893e+00 8.106790665797442008e-02
1.139999999999999902e+00 7.825968764026700053e-02
1.149999999999999911e+00 7.540170567932931445e-02
1.159999999999999920e+00 7.243754061698216840e-02
1.169999999999999929e+00 6.933157478797606632e-02
1.179999999999999938e+00 6.607622893923355278e-02
1.189999999999999947e+00 6.269701703651732461e-02
1.199999999999999956e+00 5.924991670332988014e-02
1.209999999999999964e+00 5.581568130425342000e-02
1.219999999999999973e+00 5.249684862745213065e-02
1.229999999999999982e+00 4.941131406712667706e-02
1.239999999999999991e+00 4.666975739757243252e-02
1.250000000000000000e+00 4.433838335105368816e-02
1.260000000000000009e+00 4.241017671791823263e-02
1.270000000000000018e+00 4.080871044632019412e-02
1.280000000000000027e+00 3.942360094872134763e-02
1.290000000000000036e+00 3.815311452205390197e-02
1.300000000000000044e+00 3.693045717252063653e-02
1.310000000000000053e+00 3.572828517768893847e-02
1.320000000000000062e+00 3.454929197902720933e-02
1.330000000000000071e+00 3.341177225798697831e-02
1.340000000000000080e+00 3.233537838991036584e-02
1.350000000000000089e+00 3.133048898146233163e-02
1.360000000000000098e+00 3.039395429137214596e-02
1.370000000000000107e+00 2.951197595593461898e-02
1.379999999999999893e+00 2.866790604876079743e-02
1.389999999999999902e+00 2.785076947224045946e-02
1.399999999999999911e+00 2.706034403382974463e-02
1.409999999999999920e+00 2.630649119755684023e-02
1.419999999999999929e+00 2.560336760714655019e-02
1.429999999999999938e+00 2.496185729418690102e-02
1.439999999999999947e+00 2.438442414115299384e-02
1.449999999999999956e+00 2.386489472028430550e-02
1.459999999999999964e+00 2.339259406774932964e-02
1.469999999999999973e+00 2.295792496802860280e-02
1.479999999999999982e+00 2.255624232871962162e-02
1.489999999999999991e+00 2.218842436049520486e-02
1.500000000000000000e+00 2.185860230454089032e-02
1.510000000000000009e+00 2.157086483107292438e-02
1.520000000000000018e+00 2.132681879857500559e-02
1.530000000000000027e+00 2.112487777890567284e-02
1.540000000000000036e+00 2.096090054590305299e-02
1.550000000000000044e+00 2.082917563932762395e-02
1.560000000000000053e+00 2.072300116129899630e-02
1.570000000000000062e+00 2.063482180491683568e-02
1.580000000000000071e+00 2.055641708407979565e-02
1.590000000000000080e+00 2.047960032968581742e-02
1.600000000000000089e+00 2.039737741291344775e-02
1.610000000000000098e+00 2.030500779686464363e-02
1.620000000000000107e+00 2.020037385780496311e-02
1.629999999999999893e+00 2.008350442282532539e-02
1.639999999999999902e+00 1.995559628345602854e-02
1.649999999999999911e+00 1.981808233519009518e-02
1.659999999999999920e+00 1.967220661501574777e-02
1.669999999999999929e+00 1.951932201095251188e-02
1.679999999999999938e+00 1.936180456645423403e-02
1.689999999999999947e+00 1.920418086616420064e-02
1.699999999999999956e+00 1.905388367674488298e-02
1.709999999999999964e+00 1.892093252486877833e-02
1.719999999999999973e+00 1.881586984922289235e-02
1.729999999999999982e+00 1.874600646155553593e-02
1.739999999999999991e+00 1.871161430994022767e-02
1.750000000000000000e+00 1.870478670513536779e-02
1.760000000000000009e+00 1.871241249288279826e-02
1.770000000000000018e+00 1.872159923682986671e-02
1.780000000000000027e+00 1.872402413889921735e-02
1.790000000000000036e+00 1.871700915750654573e-02
1.800000000000000044e+00 1.870192372505178474e-02
1.810000000000000053e+00 1.868192901082485133e-02
1.820000000000000062e+00 1.866041083317027810e-02
1.830000000000000071e+00 1.864019996505736007e-02
1.840000000000000080e+00 1.862320453686294036e-02
1.850000000000000089e+00 1.861034573229787548e-02
1.860000000000000098e+00 1.860191030698832987e-02
1.870000000000000107e+00 1.859819900890586838e-02
1.879999999999999893e+00 1.859995793296950056e-02
1.889999999999999902e+00 1.860804346455408043e-02
1.899999999999999911e+00 1.862223326756607539e-02
1.909999999999999920e+00 1.863973372558946212e-02
1.919999999999999929e+00 1.865428655274611533e-02
1.929999999999999938e+00 1.865659113178275846e-02
1.939999999999999947e+00 1.863612737254444207e-02
1.949999999999999956e+00 1.858375573279895387e-02
1.959999999999999964e+00 1.849412092425468598e-02
1.969999999999999973e+00 1.836710735440620634e-02
1.979999999999999982e+00 1.820818526526514491e-02
1.989999999999999991e+00 1.802792531540330784e-02
2.000000000000000000e+00 1.784083433467363589e-02
2.009999999999999787e+00 1.766319732733781511e-02
2.020000000000000018e+00 1.750966609462725407e-02
2.029999999999999805e+00 1.738942260921030533e-02
2.040000000000000036e+00 1.730391097767469341e-02
2.049999999999999822e+00 1.724770441163667525e-02
2.060000000000000053e+00 1.721197206860688653e-02
2.069999999999999840e+00 1.718827151745686357e-02
2.080000000000000071e+00 1.717069014764169982e-02
2.089999999999999858e+00 1.715602474183780882e-02
2.100000000000000089e+00 1.714291938752657632e-02
2.109999999999999876e+00 1.713093238317780695e-02
2.120000000000000107e+00 1.711994720041500051e-02
2.129999999999999893e+00 1.710990856838599458e-02
2.140000000000000124e+00 1.710074457445585894e-02
2.149999999999999911e+00 1.709237339098243144e-02
2.160000000000000142e+00 1.708473886756917484e-02
2.169999999999999929e+00 1.707783817464640988e-02
2.180000000000000160e+00 1.707171935976004376e-02
2.189999999999999947e+00 1.706644905245298036e-02
2.200000000000000178e+00 1.706206938915195287e-02
2.209999999999999964e+00 1.705856768616155136e-02
2.220000000000000195e+00 1.705587499415549615e-02
2.229999999999999982e+00 1.705389683182932312e-02
2.240000000000000213e+00 1.705256433354190859e-02
2.250000000000000000e+00 1.705188126360624237e-02
2.259999999999999787e+00 1.705193999409182481e-02
2.270000000000000018e+00 1.705289320952696475e-02
2.279999999999999805e+00 1.705489187425705822e-02
2.290000000000000036e+00 1.705801653964863704e-02
2.299999999999999822e+00 1.706222664837166517e-02
2.310000000000000053e+00 1.706733994743923205e-02
2.319999999999999840e+00 1.707304740119872447e-02
2.330000000000000071e+00 1.707896722858834315e-02
2.339999999999999858e+00 1.708473139036614102e-02
2.350000000000000089e+00 1.709007768486582590e-02
2.359999999999999876e+00 1.709490861063219999e-02
2.370000000000000107e+00 1.709929215007613412e-02
2.379999999999999893e+00 1.710341371822001258e-02
2.390000000000000124e+00 1.710751298857272548e-02
2.399999999999999911e+00 1.711183162956196255e-02
2.410000000000000142e+00 1.711657161917194692e-02
2.419999999999999929e+00 1.712185271164455916e-02
2.430000000000000160e+00 1.712767347259126771e-02
2.439999999999999947e+00 1.713390059032596571e-02
2.450000000000000178e+00 1.714031130654200541e-02
2.459999999999999964e+00 1.714669820267509734e-02
2.470000000000000195e+00 1.715303919291320811e-02
2.479999999999999982e+00 1.715974034616091562e-02
2.490000000000000213e+00 1.716792128160488443e-02
2.500000000000000000e+00 1.717957317158069763e-02
2.509999999999999787e+00 1.719726005449905698e-02
2.520000000000000018e+00 1.722313393648544980e-02
2.529999999999999805e+00 1.725756724784620333e-02
2.540000000000000036e+00 1.729830044070651551e-02
2.549999999999999822e+00 1.734092465787640328e-02
2.560000000000000053e+00 1.738059952264395247e-02
2.569999999999999840e+00 1.741396004504017908e-02
2.580000000000000071e+00 1.744009369227913706e-02
2.589999999999999858e+00 1.746021295929984715e-02
2.600000000000000089e+00 1.747644152152320191e-02
2.609999999999999876e+00 1.749045246932100922e-02
2.620000000000000107e+00 1.750259253005890039e-02
2.629999999999999893e+00 1.751182592742358407e-02
2.640000000000000124e+00 1.751646049689869339e-02
2.649999999999999911e+00 1.751526517065970026e-02
2.660000000000000142e+00 1.750839499808954508e-02
2.669999999999999929e+00 1.749763645704326132e-02
2.680000000000000160e+00 1.748586911583011397e-02
2.689999999999999947e+00 1.747611610272988350e-02
2.700000000000000178e+00 1.747079662952812779e-02
2.709999999999999964e+00 1.747157814964736197e-02
2.720000000000000195e+00 1.747971505557885386e-02
2.729999999999999982e+00 1.749640418564081881e-02
2.740000000000000213e+00 1.752276445098491231e-02
2.750000000000000000e+00 1.755942275040753633e-02
2.759999999999999787e+00 1.760602575469682324e-02
2.770000000000000018e+00 1.766105887998328794e-02
2.779999999999999805e+00 1.772211994678909650e-02
2.790000000000000036e+00 1.778647216876577328e-02
2.799999999999999822e+00 1.785156330830290489e-02
2.810000000000000053e+00 1.791530705236957233e-02
2.819999999999999840e+00 1.797608906109800925e-02
2.830000000000000071e+00 1.803252194147522691e-02
2.839999999999999858e+00 1.808299156158981943e-02
2.850000000000000089e+00 1.812515604936803040e-02
2.859999999999999876e+00 1.815573477442357017e-02
2.870000000000000107e+00 1.817089037383192926e-02
2.879999999999999893e+00 1.816712743093452931e-02
2.890000000000000124e+00 1.814222440718055857e-02
2.899999999999999911e+00 1.809573056134748323e-02
2.910000000000000142e+00 1.802895626918084304e-02
2.919999999999999929e+00 1.794468951138782423e-02
2.930000000000000160e+00 1.784683917600922431e-02
2.939999999999999947e+00 1.774004785259038555e-02
2.950000000000000178e+00 1.762927150645968860e-02
2.959999999999999964e+00 1.751936145051248561e-02
2.970000000000000195e+00 1.741468611543995140e-02
2.979999999999999982e+00 1.731880197523096021e-02
2.990000000000000213e+00 1.723419019526643489e-02
3.000000000000000000e+00 1.716210354237493116e-02
3.009999999999999787e+00 1.710256101941618617e-02
3.020000000000000018e+00 1.705450095674883662e-02
3.029999999999999805e+00 1.701610349492441165e-02
3.040000000000000036e+00 1.698527979030543811e-02
3.049999999999999822e+00 1.696022115786244636e-02
3.060000000000000053e+00 1.693977112737289625e-02
3.069999999999999840e+00 1.692341782210895346e-02
3.080000000000000071e+00 1.691095545241040263e-02
3.089999999999999858e+00 1.690210568156965201e-02
3.100000000000000089e+00 1.689636498449998206e-02
3.109999999999999876e+00 1.689309277162394721e-02
3.120000000000000107e+00 1.689166029780717060e-02
3.129999999999999893e+00 1.689151597275225306e-02
3.140000000000000124e+00 1.689218052699181100e-02
3.149999999999999911e+00 1.689325731556612017e-02
3.160000000000000142e+00 1.689447428313411645e-02
3.169999999999999929e+00 1.689569226739173410e-02
3.180000000000000160e+00 1.689683861855963143e-02
3.189999999999999947e+00 1.689781424414140906e-02
3.200000000000000178e+00 1.689845200866240196e-02
3.209999999999999964e+00 1.689854581478712758e-02
3.220000000000000195e+00 1.689790828112431448e-02
3.229999999999999982e+00 1.689641666243329662e-02
3.240000000000000213e+00 1.689404379082231830e-02
3.250000000000000000e+00 1.689088237993336544e-02
3.259999999999999787e+00 1.688714629554970148e-02
3.270000000000000018e+00 1.688311969959297582e-02
3.279999999999999805e+00 1.687906250987127044e-02
3.290000000000000036e+00 1.687513152696653099e-02
3.299999999999999822e+00 1.687137039533245092e-02
3.310000000000000053e+00 1.686775879369029757e-02
3.319999999999999840e+00 1.686426754272932205e-02
3.330000000000000071e+00 1.686088563434655699e-02
3.339999999999999858e+00 1.685762845919368605e-02
3.350000000000000089e+00 1.685454696448232190e-02
3.359999999999999876e+00 1.685173258201699831e-02
3.370000000000000107e+00 1.684929664039335265e-02
3.379999999999999893e+00 1.684732396380953304e-02
3.390000000000000124e+00 1.684583232905952424e-02
3.399999999999999911e+00 1.684476797382083654e-02
3.410000000000000142e+00 1.684403326633039308e-02
3.419999999999999929e+00 1.684351902436880336e-02
3.430000000000000160e+00 1.684312419234465161e-02
3.439999999999999947e+00 1.684276781206638096e-02
3.450000000000000178e+00 1.684240244964207642e-02
3.459999999999999964e+00 1.684202393243023482e-02
3.470000000000000195e+00 1.684166352319287768e-02
3.479999999999999982e+00 1.684136108591799061e-02
3.490000000000000213e+00 1.684113715084647328e-02
3.500000000000000000e+00 1.684098284129715087e-02
3.509999999999999787e+00 1.684086843053047081e-02
3.520000000000000018e+00 1.684075719873947413e-02
3.529999999999999805e+00 1.684061516772800138e-02
3.540000000000000036e+00 1.684041823849070224e-02
3.549999999999999822e+00 1.684016014960436347e-02
3.560000000000000053e+00 1.683985737898915924e-02
3.569999999999999840e+00 1.683954355511549372e-02
3.580000000000000071e+00 1.683925361674122947e-02
3.589999999999999858e+00 1.683900835337755544e-02
3.600000000000000089e+00 1.683880978486680322e-02
3.609999999999999876e+00 1.683864738850217313e-02
3.620000000000000107e+00 1.683850717610756859e-02
3.629999999999999893e+00 1.683837737846181903e-02
3.640000000000000124e+00 1.683825060382744196e-02
3.649999999999999911e+00 1.683812482671234040e-02
3.660000000000000142e+00 1.683800358588601401e-02
3.669999999999999929e+00 1.683789399160610240e-02
3.680000000000000160e+00 1.683780259192683634e-02
3.689999999999999947e+00 1.683773172215378283e-02
3.700000000000000178e+00 1.683767888348619221e-02
3.709999999999999964e+00 1.683763891549273917e-02
3.720000000000000195e+00 1.683760666009128520e-02
3.729999999999999982e+00 1.683757840252252808e-02
3.740000000000000213e+00 1.683755211065090726e-02
3.750000000000000000e+00 1.683752724906777132e-02
3.759999999999999787e+00 1.683750450120180889e-02
3.770000000000000018e+00 1.683748522945042667e-02
3.779999999999999805e+00 1.683747066445647964e-02
3.790000000000000036e+00 1.683746124726042195e-02
3.799999999999999822e+00 1.683745652157658118e-02
3.810000000000000053e+00 1.683745547774295401e-02
3.819999999999999840e+00 1.683745692718538814e-02
3.830000000000000071e+00 1.683745968083805167e-02
3.839999999999999858e+00 1.683746266807219227e-02
3.850000000000000089e+00 1.683746517653946992e-02
3.859999999999999876e+00 1.683746710212893904e-02
3.870000000000000107e+00 1.683746890390765832e-02
3.879999999999999893e+00 1.683747118028023487e-02
3.890000000000000124e+00 1.683747417760677809e-02
3.899999999999999911e+00 1.683747760507503521e-02
3.910000000000000142e+00 1.683748079439703962e-02
3.919999999999999929e+00 1.683748295862223451e-02
3.930000000000000160e+00 1.683748338116597756e-02
3.939999999999999947e+00 1.683748159649629816e-02
3.950000000000000178e+00 1.683747763706568840e-02
3.959999999999999964e+00 1.683747219477411614e-02
3.970000000000000195e+00 1.683746643613085944e-02
3.979999999999999982e+00 1.683746146771247787e-02
3.990000000000000213e+00 1.683745781289661472e-02
4.000000000000000000e+00 1.683745527069401698e-02
4.009999999999999787e+00 1.683745316914401699e-02
4.019999999999999574e+00 1.683745073891593919e-02
4.030000000000000249e+00 1.683744738465485849e-02
4.040000000000000036e+00 1.683744283467669689e-02
4.049999999999999822e+00 1.683743722029838394e-02
4.059999999999999609e+00 1.683743105804041962e-02
4.070000000000000284e+00 1.683742507177563019e-02
4.080000000000000071e+00 1.683741990120768070e-02
4.089999999999999858e+00 1.683741587043244975e-02
4.099999999999999645e+00 1.683741295660667533e-02
4.110000000000000320e+00 1.683741093008864209e-02
4.120000000000000107e+00 1.683740952462190604e-02
4.129999999999999893e+00 1.683740853283671735e-02
4.139999999999999680e+00 1.683740782110702480e-02
4.150000000000000355e+00 1.683740730847657976e-02
4.160000000000000142e+00 1.683740694429678580e-02
4.169999999999999929e+00 1.683740669394690956e-02
4.179999999999999716e+00 1.683740653052740247e-02
4.190000000000000391e+00 1.683740643062161396e-02
4.200000000000000178e+00 1.683740637355250411e-02
4.209999999999999964e+00 1.683740634262604133e-02
4.219999999999999751e+00 1.683740632614371194e-02
4.230000000000000426e+00 1.683740631704530935e-02
4.240000000000000213e+00 1.683740631158685969e-02
4.250000000000000000e+00 1.683740630796424359e-02
4.259999999999999787e+00 1.683740630536859420e-02
4.269999999999999574e+00 1.683740630346012082e-02
4.280000000000000249e+00 1.683740630208813496e-02
4.290000000000000036e+00 1.683740630114727993e-02
4.299999999999999822e+00 1.683740630052724813e-02
4.309999999999999609e+00 1.683740630011992465e-02
4.320000000000000284e+00 1.683740629984089784e-02
4.330000000000000071e+00 1.683740629963774785e-02
4.339999999999999858e+00 1.683740629948346501e-02
4.349999999999999645e+00 1.683740629936541708e-02
4.360000000000000320e+00 1.683740629927719251e-02
4.370000000000000107e+00 1.683740629921433654e-02
4.379999999999999893e+00 1.683740629917247766e-02
4.389999999999999680e+00 1.683740629914674825e-02
4.400000000000000355e+00 1.683740629913219738e-02
4.410000000000000142e+00 1.683740629912452644e-02
4.419999999999999929e+00 1.683740629912063719e-02
4.429999999999999716e+00 1.683740629911866307e-02
4.440000000000000391e+00 1.683740629911760836e-02
4.450000000000000178e+00 1.683740629911701855e-02
4.459999999999999964e+00 1.683740629911666467e-02
4.469999999999999751e+00 1.683740629911645303e-02
4.480000000000000426e+00 1.683740629911632466e-02
4.490000000000000213e+00 1.683740629911625181e-02
4.500000000000000000e+00 1.683740629911621364e-02
4.509999999999999787e+00 1.683740629911619283e-02
4.519999999999999574e+00 1.683740629911618589e-02
4.530000000000000249e+00 1.683740629911617895e-02
4.540000000000000036e+00 1.683740629911617548e-02
4.549999999999999822e+00 1.683740629911617201e-02
4.559999999999999609e+00 1.683740629911616854e-02
4.570000000000000284e+00 1.683740629911616854e-02
4.580000000000000071e+00 1.683740629911616507e-02
4.589999999999999858e+00 1.683740629911616507e-02
4.599999999999999645e+00 1.683740629911616507e-02
4.610000000000000320e+00 1.683740629911616507e-02
4.620000000000000107e+00 1.683740629911616507e-02
4.629999999999999893e+00 1.683740629911616507e-02
4.639999999999999680e+00 1.683740629911616507e-02
4.650000000000000355e+00 1.683740629911616507e-02
4.660000000000000142e+00 1.683740629911616507e-02
4.669999999999999929e+00 1.683740629911616507e-02
4.679999999999999716e+00 1.683740629911616507e-02
4.690000000000000391e+00 1.683740629911616507e-02
4.700000000000000178e+00 1.683740629911616507e-02
4.709999999999999964e+00 1.683740629911616507e-02
4.719999999999999751e+00 1.683740629911616507e-02
4.730000000000000426e+00 1.683740629911616507e-02
4.740000000000000213e+00 1.683740629911616507e-02
4.750000000000000000e+00 1.683740629911616507e-02
4.759999999999999787e+00 1.683740629911616507e-02
4.769999999999999574e+00 1.683740629911616507e-02
4.780000000000000249e+00 1.683740629911616507e-02
4.790000000000000036e+00 1.683740629911616507e-02
4.799999999999999822e+00 1.683740629911616507e-02
4.809999999999999609e+00 1.683740629911616507e-02
4.820000000000000284e+00 1.683740629911616507e-02
4.830000000000000071e+00 1.683740629911616507e-02
4.839999999999999858e+00 1.683740629911616507e-02
4.849999999999999645e+00 1.683740629911616507e-02
4.860000000000000320e+00 1.683740629911616507e-02
4.870000000000000107e+00 1.683740629911616507e-02
4.879999999999999893e+00 1.683740629911616507e-02
4.889999999999999680e+00 1.683740629911616507e-02
4.900000000000000355e+00 1.683740629911616507e-02
4.910000000000000142e+00 1.683740629911616507e-02
4.919999999999999929e+00 1.683740629911616507e-02
4.929999999999999716e+00 1.683740629911616507e-02
4.940000000000000391e+00 1.683740629911616507e-02
4.950000000000000178e+00 1.683740629911616507e-02
4.959999999999999964e+00 1.683740629911616507e-02
4.969999999999999751e+00 1.683740629911616507e-02
4.980000000000000426e+00 1.683740629911616507e-02
4.990000000000000213e+00 1.683740629911616507e-02
5.000000000000000000e+00 1.683740629911616507e-02
5.009999999999999787e+00 1.683740629911616507e-02
5.019999999999999574e+00 1.683740629911616507e-02
5.030000000000000249e+00 1.683740629911616507e-02
5.040000000000000036e+00 1.683740629911616507e-02
5.049999999999999822e+00 1.683740629911616507e-02
5.059999999999999609e+00 1.683740629911616507e-02
5.070000000000000284e+00 1.683740629911616507e-02
5.080000000000000071e+00 1.683740629911616507e-02
5.089999999999999858e+00 1.683740629911616507e-02
5.099999999999999645e+00 1.683740629911616507e-02
5.110000000000000320e+00 1.683740629911616507e-02
5.120000000000000107e+00 1.683740629911616507e-02
5.129999999999999893e+00 1.683740629911616507e-02
5.139999999999999680e+00 1.683740629911616507e-02
5.150000000000000355e+00 1.683740629911616507e-02
5.160000000000000142e+00 1.683740629911616507e-02
5.169999999999999929e+00 1.683740629911616507e-02
5.179999999999999716e+00 1.683740629911616507e-02
5.190000000000000391e+00 1.683740629911616507e-02
5.200000000000000178e+00 1.683740629911616507e-02
5.209999999999999964e+00 1.683740629911616507e-02
5.219999999999999751e+00 1.683740629911616507e-02
5.230000000000000426e+00 1.683740629911616507e-02
5.240000000000000213e+00 1.683740629911616507e-02
5.250000000000000000e+00 1.683740629911616507e-02
5.259999999999999787e+00 1.683740629911616507e-02
5.269999999999999574e+00 1.683740629911616507e-02
5.280000000000000249e+00 1.683740629911616507e-02
5.290000000000000036e+00 1.683740629911616507e-02
5.299999999999999822e+00 1.683740629911616507e-02
5.309999999999999609e+00 1.683740629911616507e-02
5.320000000000000284e+00 1.683740629911616507e-02
5.330000000000000071e+00 1.683740629911616507e-02
5.339999999999999858e+00 1.683740629911616507e-02
5.349999999999999645e+00 1.683740629911616507e-02
5.360000000000000320e+00 1.683740629911616507e-02
5.370000000000000107e+00 1.683740629911616507e-02
5.379999999999999893e+00 1.683740629911616507e-02
5.389999999999999680e+00 1.683740629911616507e-02
5.400000000000000355e+00 1.683740629911616507e-02
5.410000000000000142e+00 1.683740629911616507e-02
5.419999999999999929e+00 1.683740629911616507e-02
5.429999999999999716e+00 1.683740629911616507e-02
5.440000000000000391e+00 1.683740629911616507e-02
5.450000000000000178e+00 1.683740629911616507e-02
5.459999999999999964e+00 1.683740629911616507e-02
5.469999999999999751e+00 1.683740629911616507e-02
5.480000000000000426e+00 1.683740629911616507e-02
5.490000000000000213e+00 1.683740629911616507e-02
5.500000000000000000e+00 1.683740629911616507e-02
5.509999999999999787e+00 1.683740629911616507e-02
5.519999999999999574e+00 1.683740629911616507e-02
5.530000000000000249e+00 1.683740629911616507e-02
5.540000000000000036e+00 1.683740629911616507e-02
5.549999999999999822e+00 1.683740629911616507e-02
5.559999999999999609e+00 1.683740629911616507e-02
5.570000000000000284e+00 1.683740629911616507e-02
5.580000000000000071e+00 1.683740629911616507e-02
5.589999999999999858e+00 1.683740629911616507e-02
5.599999999999999645e+00 1.683740629911616507e-02
5.610000000000000320e+00 1.683740629911616507e-02
5.620000000000000107e+00 1.683740629911616507e-02
5.629999999999999893e+00 1.683740629911616507e-02
5.639999999999999680e+00 1.683740629911616507e-02
5.650000000000000355e+00 1.683740629911616507e-02
5.660000000000000142e+00 1.683740629911616507e-02
5.669999999999999929e+00 1.683740629911616507e-02
5.679999999999999716e+00 1.683740629911616507e-02
5.690000000000000391e+00 1.683740629911616507e-02
5.700000000000000178e+00 1.683740629911616507e-02
5.709999999999999964e+00 1.683740629911616507e-02
5.719999999999999751e+00 1.683740629911616507e-02
5.730000000000000426e+00 1.683740629911616507e-02
5.740000000000000213e+00 1.683740629911616507e-02
5.750000000000000000e+00 1.683740629911616507e-02
5.759999999999999787e+00 1.683740629911616507e-02
5.769999999999999574e+00 1.683740629911616507e-02
5.780000000000000249e+00 1.683740629911616507e-02
5.790000000000000036e+00 1.683740629911616507e-02
5.799999999999999822e+00 1.683740629911616507e-02
5.809999999999999609e+00 1.683740629911616507e-02
5.820000000000000284e+00 1.683740629911616507e-02
5.830000000000000071e+00 1.683740629911616507e-02
5.839999999999999858e+00 1.683740629911616507e-02
5.849999999999999645e+00 1.683740629911616507e-02
5.860000000000000320e+00 1.683740629911616507e-02
5.870000000000000107e+00 1.683740629911616507e-02
5.879999999999999893e+00 1.683740629911616507e-02
5.889999999999999680e+00 1.683740629911616507e-02
5.900000000000000355e+00 1.683740629911616507e-02
5.910000000000000142e+00 1.683740629911616507e-02
5.919999999999999929e+00 1.683740629911616507e-02
5.929999999999999716e+00 1.683740629911616507e-02
5.940000000000000391e+00 1.683740629911616507e-02
5.950000000000000178e+00 1.683740629911616507e-02
5.959999999999999964e+00 1.683740629911616507e-02
5.969999999999999751e+00 1.683740629911616507e-02
5.980000000000000426e+00 1.683740629911616507e-02
5.990000000000000213e+00 1.683740629911616507e-02
6.000000000000000000e+00 1.683740629911616507e-02
6.200000000000000178e+00 1.683740629911616507e-02
6.400000000000000355e+00 1.683740629911616507e-02
6.599999999999999645e+00 1.683740629911616507e-02
6.799999999999999822e+00 1.683740629911616507e-02
7.000000000000000000e+00 0.000000000000000000e+00
