0.000000000000000000e+00 0.000000000000000000e+00
1.000000000000000021e-02 1.683738335740323985e-02
2.000000000000000042e-02 1.683738335740323985e-02
2.999999999999999889e-02 1.683738335740323985e-02
4.000000000000000083e-02 1.683738335740323985e-02
5.000000000000000278e-02 1.683738335740323985e-02
5.999999999999999778e-02 1.683738335740323985e-02
7.000000000000000666e-02 1.683738335740323985e-02
8.000000000000000167e-02 1.683738335740323985e-02
8.999999999999999667e-02 1.683738335740323985e-02
1.000000000000000056e-01 1.683738335740323985e-02
1.100000000000000006e-01 1.683738335740323985e-02
1.199999999999999956e-01 1.683738335740323985e-02
1.300000000000000044e-01 1.683738335740323985e-02
1.400000000000000133e-01 1.683738335740323985e-02
1.499999999999999944e-01 1.683738335740323985e-02
1.600000000000000033e-01 1.683738335740323985e-02
1.700000000000000122e-01 1.683738335740323985e-02
1.799999999999999933e-01 1.683738335740323985e-02
1.900000000000000022e-01 1.683738335740323985e-02
2.000000000000000111e-01 1.683738335740323985e-02
2.099999999999999922e-01 1.683738335740323985e-02
2.200000000000000011e-01 1.683738335740323985e-02
2.300000000000000100e-01 1.683738335740323985e-02
2.399999999999999911e-01 1.683738335740323985e-02
2.500000000000000000e-01 1.683738335740323985e-02
2.600000000000000089e-01 1.683738335740323985e-02
2.700000000000000178e-01 1.683738335740323985e-02
2.800000000000000266e-01 1.683738335740323985e-02
2.899999999999999800e-01 1.683738335740323985e-02
2.999999999999999889e-01 1.683738335740323985e-02
3.099999999999999978e-01 1.683738335740323985e-02
3.200000000000000067e-01 1.683738335740323985e-02
3.300000000000000155e-01 1.683738335740323985e-02
3.400000000000000244e-01 1.683738335740323985e-02
3.499999999999999778e-01 1.683738335740323985e-02
3.599999999999999867e-01 1.683738335740323985e-02
3.699999999999999956e-01 1.683738335740323985e-02
3.800000000000000044e-01 1.683738335740323985e-02
3.900000000000000133e-01 1.683738335740323985e-02
4.000000000000000222e-01 1.683738335740323985e-02
4.099999999999999756e-01 1.683738335740323985e-02
4.199999999999999845e-01 1.683738335740323985e-02
4.299999999999999933e-01 1.683738335740323985e-02
4.400000000000000022e-01 1.683738335740323985e-02
4.500000000000000111e-01 1.683738335740323985e-02
4.600000000000000200e-01 1.683738335740323985e-02
4.699999999999999734e-01 1.683738335740323985e-02
4.799999999999999822e-01 1.683738335740323985e-02
4.899999999999999911e-01 1.683738335740323985e-02
5.000000000000000000e-01 1.683738335740323985e-02
5.100000000000000089e-01 1.683738335740323985e-02
5.200000000000000178e-01 1.683738335740323985e-02
5.300000000000000266e-01 1.683738335740323985e-02
5.400000000000000355e-01 1.683738335740323985e-02
5.500000000000000444e-01 1.683738335740323985e-02
5.600000000000000533e-01 1.683738335740323985e-02
5.699999999999999512e-01 1.683738335740323985e-02
5.799999999999999600e-01 1.683738335740323985e-02
5.899999999999999689e-01 1.683738335740323985e-02
5.999999999999999778e-01 1.683738335740323985e-02
6.099999999999999867e-01 1.683738335740323985e-02
6.199999999999999956e-01 1.683738335740323985e-02
6.300000000000000044e-01 1.683738335740323985e-02
6.400000000000000133e-01 1.683738335740323985e-02
6.500000000000000222e-01 1.683738335740323985e-02
6.600000000000000311e-01 1.683738335740323985e-02
6.700000000000000400e-01 1.683738335740323985e-02
6.800000000000000488e-01 1.683738335740323985e-02
6.899999999999999467e-01 1.683738335740323985e-02
6.999999999999999556e-01 1.683738335740323985e-02
7.099999999999999645e-01 1.683738335740323985e-02
7.199999999999999734e-01 1.683738335740323985e-02
7.299999999999999822e-01 1.683738335740323985e-02
7.399999999999999911e-01 1.683738335740323985e-02
7.500000000000000000e-01 1.683738335740323985e-02
7.600000000000000089e-01 1.683738335740323985e-02
7.700000000000000178e-01 1.683738335740323985e-02
7.800000000000000266e-01 1.683738335740323985e-02
7.900000000000000355e-01 1.683738335740323985e-02
8.000000000000000444e-01 1.683738335740323985e-02
8.100000000000000533e-01 1.683738335740323985e-02
8.199999999999999512e-01 1.683738335740323985e-02
8.299999999999999600e-01 1.683738335740323985e-02
8.399999999999999689e-01 1.683738335740323985e-02
8.499999999999999778e-01 1.683738335740323985e-02
8.599999999999999867e-01 1.683738335740323985e-02
8.699999999999999956e-01 1.683738335740323985e-02
8.800000000000000044e-01 1.683738335740323985e-02
8.900000000000000133e-01 1.683738335740323985e-02
9.000000000000000222e-01 1.683738335740323985e-02
9.100000000000000311e-01 1.683738335740323985e-02
9.200000000000000400e-01 1.683738335740323985e-02
9.300000000000000488e-01 1.683738335740323985e-02
9.399999999999999467e-01 1.683738335740323985e-02
9.499999999999999556e-01 1.683738335740323985e-02
9.599999999999999645e-01 1.683738335740323985e-02
9.699999999999999734e-01 1.683738335740323985e-02
9.799999999999999822e-01 1.683738335740323985e-02
9.899999999999999911e-01 1.683738335740323985e-02
1.000000000000000000e+00 1.683738335740323985e-02
1.010000000000000009e+00 1.683738335740323985e-02
1.020000000000000018e+00 1.683738335740323985e-02
1.030000000000000027e+00 1.683738335740323985e-02
1.040000000000000036e+00 1.683738335740323985e-02
1.050000000000000044e+00 1.683738335740323985e-02
1.060000000000000053e+00 1.683738335740323985e-02
1.070000000000000062e+00 1.683738335740323985e-02
1.080000000000000071e+00 1.683738335740323985e-02
1.090000000000000080e+00 1.683738335740323985e-02
1.100000000000000089e+00 1.683738335740323985e-02
1.110000000000000098e+00 1.683738335740323985e-02
1.120000000000000107e+00 1.683738335740323985e-02
1.129999999999999893e+00 1.683738335740323985e-02
1.139999999999999902e+00 1.683738335740323985e-02
1.149999999999999911e+00 1.683738335740323985e-02
1.159999999999999920e+00 1.683738335740323985e-02
1.169999999999999929e+00 1.683738335740323985e-02
1.179999999999999938e+00 1.683738335740323985e-02
1.189999999999999947e+00 1.683738335740323985e-02
1.199999999999999956e+00 1.683738335740323985e-02
1.209999999999999964e+00 1.683738335740323985e-02
1.219999999999999973e+00 1.683738335740323985e-02
1.229999999999999982e+00 1.683738335740323985e-02
1.239999999999999991e+00 1.683738335740323985e-02
1.250000000000000000e+00 1.683738335740323985e-02
1.260000000000000009e+00 1.683738335740323985e-02
1.270000000000000018e+00 1.683738335740323985e-02
1.280000000000000027e+00 1.683738335740323985e-02
1.290000000000000036e+00 1.683738335740323985e-02
1.300000000000000044e+00 1.683738335740323985e-02
1.310000000000000053e+00 1.683738335740323985e-02
1.320000000000000062e+00 1.683738335740323985e-02
1.330000000000000071e+00 1.683738335740323985e-02
1.340000000000000080e+00 1.683738335740323985e-02
1.350000000000000089e+00 1.683738335740323985e-02
1.360000000000000098e+00 1.683738335740323985e-02
1.370000000000000107e+00 1.683738335740323985e-02
1.379999999999999893e+00 1.683738335740323985e-02
1.389999999999999902e+00 1.683738335740323985e-02
1.399999999999999911e+00 1.683738335740323985e-02
1.409999999999999920e+00 1.683738335740323985e-02
1.419999999999999929e+00 1.683738335740323985e-02
1.429999999999999938e+00 1.683738335740323985e-02
1.439999999999999947e+00 1.683738335740323985e-02
1.449999999999999956e+00 1.683738335740323985e-02
1.459999999999999964e+00 1.683738335740323985e-02
1.469999999999999973e+00 1.683738335740323985e-02
1.479999999999999982e+00 1.683738335740323985e-02
1.489999999999999991e+00 1.683738335740323985e-02
1.500000000000000000e+00 1.683738335740323985e-02
1.510000000000000009e+00 1.683738335740323985e-02
1.520000000000000018e+00 1.683738335740323985e-02
1.530000000000000027e+00 1.683738335740323985e-02
1.540000000000000036e+00 1.683738335740323985e-02
1.550000000000000044e+00 1.683738335740323985e-02
1.560000000000000053e+00 1.683738335740323985e-02
1.570000000000000062e+00 1.683738335740323985e-02
1.580000000000000071e+00 1.683738335740323985e-02
1.590000000000000080e+00 1.683738335740323985e-02
1.600000000000000089e+00 1.683738335740323985e-02
1.610000000000000098e+00 1.683738335740323985e-02
1.620000000000000107e+00 1.683738335740323985e-02
1.629999999999999893e+00 1.683738335740323985e-02
1.639999999999999902e+00 1.683738335740323985e-02
1.649999999999999911e+00 1.683738335740323985e-02
1.659999999999999920e+00 1.683738335740323985e-02
1.669999999999999929e+00 1.683738335740323985e-02
1.679999999999999938e+00 1.683738335740323985e-02
1.689999999999999947e+00 1.683738335740324679e-02
1.699999999999999956e+00 1.683738335740334047e-02
1.709999999999999964e+00 1.683738335740487396e-02
1.719999999999999973e+00 1.683738335742648862e-02
1.729999999999999982e+00 1.683738335769350419e-02
1.739999999999999991e+00 1.683738336059898213e-02
1.750000000000000000e+00 1.683738338848914454e-02
1.760000000000000009e+00 1.683738362393225052e-02
1.770000000000000018e+00 1.683738536072374239e-02
1.780000000000000027e+00 1.683739647014607238e-02
1.790000000000000036e+00 1.683745764667304509e-02
1.800000000000000044e+00 1.683774605530803659e-02
1.810000000000000053e+00 1.683890626159658538e-02
1.820000000000000062e+00 1.684288710799164770e-02
1.830000000000000071e+00 1.685457618539737065e-02
1.840000000000000080e+00 1.688420687265341016e-02
1.850000000000000089e+00 1.695010286314167433e-02
1.860000000000000098e+00 1.708178782707480900e-02
1.870000000000000107e+00 1.732464204826711374e-02
1.879999999999999893e+00 1.774494534762652634e-02
1.889999999999999902e+00 1.842456337134503949e-02
1.899999999999999911e+00 1.942796371445465464e-02
1.909999999999999920e+00 2.074291039968335568e-02
1.919999999999999929e+00 2.223707978258973247e-02
1.929999999999999938e+00 2.368551500169101959e-02
1.939999999999999947e+00 2.487007491023068145e-02
1.949999999999999956e+00 2.568076115089356140e-02
1.959999999999999964e+00 2.614717623322734136e-02
1.969999999999999973e+00 2.639805221258523932e-02
1.979999999999999982e+00 2.660137184059796836e-02
1.989999999999999991e+00 2.692526002206877683e-02
2.000000000000000000e+00 2.751861633461700346e-02
2.009999999999999787e+00 2.849647345362833067e-02
2.020000000000000018e+00 2.993226474209104149e-02
2.029999999999999805e+00 3.187357264339366059e-02
2.040000000000000036e+00 3.438803087158923827e-02
2.049999999999999822e+00 3.762161278987994489e-02
2.060000000000000053e+00 4.183454550903081132e-02
2.069999999999999840e+00 4.738469317621468030e-02
2.080000000000000071e+00 5.465625696271018963e-02
2.089999999999999858e+00 6.396900654250034512e-02
2.100000000000000089e+00 7.552100305212711140e-02
2.109999999999999876e+00 8.939649388906181771e-02
2.120000000000000107e+00 1.056259617198193335e-01
2.129999999999999893e+00 1.242533671780800125e-01
2.140000000000000124e+00 1.453666571825369958e-01
2.149999999999999911e+00 1.690744315595751612e-01
2.160000000000000142e+00 1.954430176559810162e-01
2.169999999999999929e+00 2.244232284583360937e-01
2.180000000000000160e+00 2.557901524924223735e-01
2.189999999999999947e+00 2.891125311233460615e-01
2.200000000000000178e+00 3.237789986610201676e-01
2.209999999999999964e+00 3.591149015954042678e-01
2.220000000000000195e+00 3.945820599489296976e-01
2.229999999999999982e+00 4.299721659077310187e-01
2.240000000000000213e+00 4.654649762938979363e-01
2.250000000000000000e+00 5.014962117080865589e-01
2.259999999999999787e+00 5.385212164815065261e-01
2.270000000000000018e+00 5.768304568945612498e-01
2.279999999999999805e+00 6.164995881802965982e-01
2.290000000000000036e+00 6.574313805161118296e-01
2.299999999999999822e+00 6.994090408920891067e-01
2.310000000000000053e+00 7.421389267936718825e-01
2.319999999999999840e+00 7.853037494094238236e-01
2.330000000000000071e+00 8.286139218715873334e-01
2.339999999999999858e+00 8.718002155147573928e-01
2.350000000000000089e+00 9.145247541047193396e-01
2.359999999999999876e+00 9.562832820068732920e-01
2.370000000000000107e+00 9.964132452708532872e-01
2.379999999999999893e+00 1.034242557841618559e+00
2.390000000000000124e+00 1.069301996362853169e+00
2.399999999999999911e+00 1.101508755385690375e+00
2.410000000000000142e+00 1.131292311089014069e+00
2.419999999999999929e+00 1.159657847200981973e+00
2.430000000000000160e+00 1.188143341772905703e+00
2.439999999999999947e+00 1.218614743746069040e+00
2.450000000000000178e+00 1.252910372748640366e+00
2.459999999999999964e+00 1.292432382018306791e+00
2.470000000000000195e+00 1.337803921376785166e+00
2.479999999999999982e+00 1.388659169094352608e+00
2.490000000000000213e+00 1.443596354415596528e+00
2.500000000000000000e+00 1.500357039493859013e+00
2.509999999999999787e+00 1.556305294764335434e+00
2.520000000000000018e+00 1.609136186181030270e+00
2.529999999999999805e+00 1.657508126671331183e+00
2.540000000000000036e+00 1.701225317164128281e+00
2.549999999999999822e+00 1.740850093177233049e+00
2.560000000000000053e+00 1.777026266954385703e+00
2.569999999999999840e+00 1.809977722819932300e+00
2.580000000000000071e+00 1.839439284907205208e+00
2.589999999999999858e+00 1.864899393714416487e+00
2.600000000000000089e+00 1.885850425729673985e+00
2.609999999999999876e+00 1.901863165890167018e+00
2.620000000000000107e+00 1.912528065092326868e+00
2.629999999999999893e+00 1.917407091103348726e+00
2.640000000000000124e+00 1.916071519408228951e+00
2.649999999999999911e+00 1.908182570197351380e+00
2.660000000000000142e+00 1.893536276948755814e+00
2.669999999999999929e+00 1.872053425943463800e+00
2.680000000000000160e+00 1.843753076906292421e+00
2.689999999999999947e+00 1.808743799988298484e+00
2.700000000000000178e+00 1.767238535681690204e+00
2.709999999999999964e+00 1.719586554101521170e+00
2.720000000000000195e+00 1.666304809135880305e+00
2.729999999999999982e+00 1.608074391146674165e+00
2.740000000000000213e+00 1.545674577404263950e+00
2.750000000000000000e+00 1.479871817117102362e+00
2.759999999999999787e+00 1.411332794295383497e+00
2.770000000000000018e+00 1.340631744040618800e+00
2.779999999999999805e+00 1.268347069951558881e+00
2.790000000000000036e+00 1.195153957708263492e+00
2.799999999999999822e+00 1.121818620513192366e+00
2.810000000000000053e+00 1.049093101061551181e+00
2.819999999999999840e+00 9.775947647464372503e-01
2.830000000000000071e+00 9.077525747790895494e-01
2.839999999999999858e+00 8.398389999560968988e-01
2.850000000000000089e+00 7.740525411717644744e-01
2.859999999999999876e+00 7.106022688176381052e-01
2.870000000000000107e+00 6.497563754985182793e-01
2.879999999999999893e+00 5.918329662735470897e-01
2.890000000000000124e+00 5.371365825625928903e-01
2.899999999999999911e+00 4.858782565347810056e-01
2.910000000000000142e+00 4.381318691099028162e-01
2.919999999999999929e+00 3.938514784140670355e-01
2.930000000000000160e+00 3.529269405775977142e-01
2.939999999999999947e+00 3.152350507078024444e-01
2.950000000000000178e+00 2.806621408459748501e-01
2.959999999999999964e+00 2.491029175039306542e-01
2.970000000000000195e+00 2.204519386868380448e-01
2.979999999999999982e+00 1.945974113238258529e-01
2.990000000000000213e+00 1.714166841965520938e-01
3.000000000000000000e+00 1.507700670390770270e-01
3.009999999999999787e+00 1.324941106470448327e-01
3.020000000000000018e+00 1.164000044604160677e-01
3.029999999999999805e+00 1.022817827176059069e-01
3.040000000000000036e+00 8.993317799745072227e-02
3.049999999999999822e+00 7.916582469488403495e-02
3.060000000000000053e+00 6.981952984940044404e-02
3.069999999999999840e+00 6.175936915237887487e-02
3.080000000000000071e+00 5.486245819318880806e-02
3.089999999999999858e+00 4.900368083725427371e-02
3.100000000000000089e+00 4.404929596982282147e-02
3.109999999999999876e+00 3.986107415504741569e-02
3.120000000000000107e+00 3.630717393884062144e-02
3.129999999999999893e+00 3.327348726305065507e-02
3.140000000000000124e+00 3.067042856006417517e-02
3.149999999999999911e+00 2.843307654460280540e-02
3.160000000000000142e+00 2.651563451822405715e-02
3.169999999999999929e+00 2.488330855891635746e-02
3.180000000000000160e+00 2.350522209409457858e-02
3.189999999999999947e+00 2.235077532691510591e-02
3.200000000000000178e+00 2.138959472596757214e-02
3.209999999999999964e+00 2.059329398519571530e-02
3.220000000000000195e+00 1.993690435012709233e-02
3.229999999999999982e+00 1.939895339576002201e-02
3.240000000000000213e+00 1.896056655733830906e-02
3.250000000000000000e+00 1.860457126091083144e-02
3.259999999999999787e+00 1.831526524557517896e-02
3.270000000000000018e+00 1.807881340989142202e-02
3.279999999999999805e+00 1.788377861181937589e-02
3.290000000000000036e+00 1.772132465378637584e-02
3.299999999999999822e+00 1.758496345410205317e-02
3.310000000000000053e+00 1.747000642782536861e-02
3.319999999999999840e+00 1.737295761594444266e-02
3.330000000000000071e+00 1.729102001813814793e-02
3.339999999999999858e+00 1.722179731298635261e-02
3.350000000000000089e+00 1.716319879971442766e-02
3.359999999999999876e+00 1.711347930509930781e-02
3.370000000000000107e+00 1.707129035448411158e-02
3.379999999999999893e+00 1.703564209320991910e-02
3.390000000000000124e+00 1.700577145206694230e-02
3.399999999999999911e+00 1.698099135475667279e-02
3.410000000000000142e+00 1.696059477825391862e-02
3.419999999999999929e+00 1.694383695830695841e-02
3.430000000000000160e+00 1.692997910435539016e-02
3.439999999999999947e+00 1.691836202265865896e-02
3.450000000000000178e+00 1.690847223922127204e-02
3.459999999999999964e+00 1.689996563885245301e-02
3.470000000000000195e+00 1.689263553314863942e-02
3.479999999999999982e+00 1.688634666875883650e-02
3.490000000000000213e+00 1.688097629563077920e-02
3.500000000000000000e+00 1.687639023654463263e-02
3.509999999999999787e+00 1.687245085257992397e-02
3.520000000000000018e+00 1.686903515619040880e-02
3.529999999999999805e+00 1.686604624724519566e-02
3.540000000000000036e+00 1.686341539505678555e-02
3.549999999999999822e+00 1.686109870961672794e-02
3.560000000000000053e+00 1.685906998907587759e-02
3.569999999999999840e+00 1.685730927354970113e-02
3.580000000000000071e+00 1.685579023728673784e-02
3.589999999999999858e+00 1.685447362387734391e-02
3.600000000000000089e+00 1.685331103883235329e-02
3.609999999999999876e+00 1.685225542746721442e-02
3.620000000000000107e+00 1.685127043232851479e-02
3.629999999999999893e+00 1.685033431320577188e-02
3.640000000000000124e+00 1.684943991154566612e-02
3.649999999999999911e+00 1.684859377123887683e-02
3.660000000000000142e+00 1.684781462265176263e-02
3.669999999999999929e+00 1.684712883458542448e-02
3.680000000000000160e+00 1.684656193635228338e-02
3.689999999999999947e+00 1.684612919296526665e-02
3.700000000000000178e+00 1.684582980957034445e-02
3.709999999999999964e+00 1.684564708081293452e-02
3.720000000000000195e+00 1.684555336338505738e-02
3.729999999999999982e+00 1.684551701275438865e-02
3.740000000000000213e+00 1.684550879110566571e-02
3.750000000000000000e+00 1.684550637106172963e-02
3.759999999999999787e+00 1.684549619297454406e-02
3.770000000000000018e+00 1.684547230116681046e-02
3.779999999999999805e+00 1.684543284304866953e-02
3.790000000000000036e+00 1.684537624205373688e-02
3.799999999999999822e+00 1.684529903486072649e-02
3.810000000000000053e+00 1.684519582495154835e-02
3.819999999999999840e+00 1.684506051262692206e-02
3.830000000000000071e+00 1.684488803346708558e-02
3.839999999999999858e+00 1.684467638438116172e-02
3.850000000000000089e+00 1.684442848874605561e-02
3.859999999999999876e+00 1.684415271000350503e-02
3.870000000000000107e+00 1.684386100257333554e-02
3.879999999999999893e+00 1.684356532965879810e-02
3.890000000000000124e+00 1.684327453234073929e-02
3.899999999999999911e+00 1.684299341497228972e-02
3.910000000000000142e+00 1.684272382523274367e-02
3.919999999999999929e+00 1.684246619416205140e-02
3.930000000000000160e+00 1.684222048120087578e-02
3.939999999999999947e+00 1.684198662916736380e-02
3.950000000000000178e+00 1.684176494615282488e-02
3.959999999999999964e+00 1.684155621742838144e-02
3.970000000000000195e+00 1.684136101668480198e-02
3.979999999999999982e+00 1.684117840833037130e-02
3.990000000000000213e+00 1.684100517060295107e-02
4.000000000000000000e+00 1.684083644654885484e-02
4.009999999999999787e+00 1.684066746277734783e-02
4.019999999999999574e+00 1.684049514140056880e-02
4.030000000000000249e+00 1.684031886003470660e-02
4.040000000000000036e+00 1.684014049047697151e-02
4.049999999999999822e+00 1.683996406741017360e-02
4.059999999999999609e+00 1.683979499176186528e-02
4.070000000000000284e+00 1.683963850213521934e-02
4.080000000000000071e+00 1.683949780053975095e-02
4.089999999999999858e+00 1.683937294317989705e-02
4.099999999999999645e+00 1.683926128282635382e-02
4.110000000000000320e+00 1.683915904491488022e-02
4.120000000000000107e+00 1.683906286104741579e-02
4.129999999999999893e+00 1.683897048773506586e-02
4.139999999999999680e+00 1.683888083147330739e-02
4.150000000000000355e+00 1.683879376691363103e-02
4.160000000000000142e+00 1.683870990936852871e-02
4.169999999999999929e+00 1.683863016204217855e-02
4.179999999999999716e+00 1.683855504564288341e-02
4.190000000000000391e+00 1.683848422756962365e-02
4.200000000000000178e+00 1.683841662739366321e-02
4.209999999999999964e+00 1.683835096383224858e-02
4.219999999999999751e+00 1.683828626915858870e-02
4.230000000000000426e+00 1.683822208844997989e-02
4.240000000000000213e+00 1.683815846226452417e-02
4.250000000000000000e+00 1.683809588983804437e-02
4.259999999999999787e+00 1.683803526894616515e-02
4.269999999999999574e+00 1.683797767182951266e-02
4.280000000000000249e+00 1.683792397395836651e-02
4.290000000000000036e+00 1.683787458459616582e-02
4.299999999999999822e+00 1.683782947659519941e-02
4.309999999999999609e+00 1.683778841471552171e-02
4.320000000000000284e+00 1.683775112085240597e-02
4.330000000000000071e+00 1.683771726850953609e-02
4.339999999999999858e+00 1.683768643236676146e-02
4.349999999999999645e+00 1.683765814538025485e-02
4.360000000000000320e+00 1.683763204368450214e-02
4.370000000000000107e+00 1.683760794792024673e-02
4.379999999999999893e+00 1.683758579800236424e-02
4.389999999999999680e+00 1.683756552302998616e-02
4.400000000000000355e+00 1.683754697760250774e-02
4.410000000000000142e+00 1.683752997457239886e-02
4.419999999999999929e+00 1.683751434646007378e-02
4.429999999999999716e+00 1.683749997853694821e-02
4.440000000000000391e+00 1.683748681823491952e-02
4.450000000000000178e+00 1.683747488261158956e-02
4.459999999999999964e+00 1.683746425327103946e-02
4.469999999999999751e+00 1.683745503123892234e-02
4.480000000000000426e+00 1.683744725852608787e-02
4.490000000000000213e+00 1.683744085727953768e-02
4.500000000000000000e+00 1.683743563072033142e-02
4.509999999999999787e+00 1.683743131754550371e-02
4.519999999999999574e+00 1.683742765514736894e-02
4.530000000000000249e+00 1.683742442010690774e-02
4.540000000000000036e+00 1.683742144742456093e-02
4.549999999999999822e+00 1.683741864123926291e-02
4.559999999999999609e+00 1.683741597603936879e-02
4.570000000000000284e+00 1.683741347727835125e-02
4.580000000000000071e+00 1.683741118304650508e-02
4.589999999999999858e+00 1.683740910850434550e-02
4.599999999999999645e+00 1.683740723422446142e-02
4.610000000000000320e+00 1.683740551798940804e-02
4.620000000000000107e+00 1.683740391323795479e-02
4.629999999999999893e+00 1.683740238155768260e-02
4.639999999999999680e+00 1.683740089944339366e-02
4.650000000000000355e+00 1.683739946344272459e-02
4.660000000000000142e+00 1.683739809170939350e-02
4.669999999999999929e+00 1.683739681630050389e-02
4.679999999999999716e+00 1.683739566702907239e-02
4.690000000000000391e+00 1.683739465681855646e-02
4.700000000000000178e+00 1.683739377792625030e-02
4.709999999999999964e+00 1.683739300847604883e-02
4.719999999999999751e+00 1.683739232160013158e-02
4.730000000000000426e+00 1.683739169178794653e-02
4.740000000000000213e+00 1.683739109893812522e-02
4.750000000000000000e+00 1.683739053204386105e-02
4.759999999999999787e+00 1.683738999123497032e-02
4.769999999999999574e+00 1.683738948511449493e-02
4.780000000000000249e+00 1.683738902358496159e-02
4.790000000000000036e+00 1.683738861091924749e-02
4.799999999999999822e+00 1.683738824366845521e-02
4.809999999999999609e+00 1.683738791327005560e-02
4.820000000000000284e+00 1.683738760977130516e-02
4.830000000000000071e+00 1.683738732417584122e-02
4.839999999999999858e+00 1.683738704980052708e-02
4.849999999999999645e+00 1.683738678376817469e-02
4.860000000000000320e+00 1.683738652812584446e-02
4.870000000000000107e+00 1.683738628891769465e-02
4.879999999999999893e+00 1.683738607283181282e-02
4.889999999999999680e+00 1.683738588338595452e-02
4.900000000000000355e+00 1.683738571912825333e-02
4.910000000000000142e+00 1.683738557447637951e-02
4.919999999999999929e+00 1.683738544191073702e-02
4.929999999999999716e+00 1.683738531414130657e-02
4.940000000000000391e+00 1.683738518589836253e-02
4.950000000000000178e+00 1.683738505539082025e-02
4.959999999999999964e+00 1.683738492485191071e-02
4.969999999999999751e+00 1.683738479931788309e-02
4.980000000000000426e+00 1.683738468389949297e-02
4.990000000000000213e+00 1.683738458124406021e-02
5.000000000000000000e+00 1.683738449077291574e-02
5.009999999999999787e+00 1.683738440966529165e-02
5.019999999999999574e+00 1.683738433435746917e-02
5.030000000000000249e+00 1.683738426162488186e-02
5.040000000000000036e+00 1.683738418923754268e-02
5.049999999999999822e+00 1.683738411646260036e-02
5.059999999999999609e+00 1.683738404426278826e-02
5.070000000000000284e+00 1.683738397479209517e-02
5.080000000000000071e+00 1.683738391025831407e-02
5.089999999999999858e+00 1.683738385187098438e-02
5.099999999999999645e+00 1.683738379955458664e-02
5.110000000000000320e+00 1.683738375240289784e-02
5.120000000000000107e+00 1.683738370932171685e-02
5.129999999999999893e+00 1.683738366943298564e-02
5.139999999999999680e+00 1.683738363222612652e-02
5.150000000000000355e+00 1.683738359761113856e-02
5.160000000000000142e+00 1.683738356589866217e-02
5.169999999999999929e+00 1.683738353762001538e-02
5.179999999999999716e+00 1.683738351320570800e-02
5.190000000000000391e+00 1.683738349271488716e-02
5.200000000000000178e+00 1.683738347579254516e-02
5.209999999999999964e+00 1.683738346183177859e-02
5.219999999999999751e+00 1.683738345017640747e-02
5.230000000000000426e+00 1.683738344024596906e-02
5.240000000000000213e+00 1.683738343158706213e-02
5.250000000000000000e+00 1.683738342389947892e-02
5.259999999999999787e+00 1.683738341704364705e-02
5.269999999999999574e+00 1.683738341100226785e-02
5.280000000000000249e+00 1.683738340579976275e-02
5.290000000000000036e+00 1.683738340143140638e-02
5.299999999999999822e+00 1.683738339784524377e-02
5.309999999999999609e+00 1.683738339496090169e-02
5.320000000000000284e+00 1.683738339267871337e-02
5.330000000000000071e+00 1.683738339086628816e-02
5.339999999999999858e+00 1.683738338935594769e-02
5.349999999999999645e+00 1.683738338798088097e-02
5.360000000000000320e+00 1.683738338662859116e-02
5.370000000000000107e+00 1.683738338526218764e-02
5.379999999999999893e+00 1.683738338389074995e-02
5.389999999999999680e+00 1.683738338252119618e-02
5.400000000000000355e+00 1.683738338113487110e-02
5.410000000000000142e+00 1.683738337969784699e-02
5.419999999999999929e+00 1.683738337818272215e-02
5.429999999999999716e+00 1.683738337658202341e-02
5.440000000000000391e+00 1.683738337491244227e-02
5.450000000000000178e+00 1.683738337321637538e-02
5.459999999999999964e+00 1.683738337155884709e-02
5.469999999999999751e+00 1.683738337001284072e-02
5.480000000000000426e+00 1.683738336863505741e-02
5.490000000000000213e+00 1.683738336744691061e-02
5.500000000000000000e+00 1.683738336643366210e-02
5.509999999999999787e+00 1.683738336555922963e-02
5.519999999999999574e+00 1.683738336478356190e-02
5.530000000000000249e+00 1.683738336407325856e-02
5.540000000000000036e+00 1.683738336340577860e-02
5.549999999999999822e+00 1.683738336277107450e-02
5.559999999999999609e+00 1.683738336217130774e-02
5.570000000000000284e+00 1.683738336161656052e-02
5.580000000000000071e+00 1.683738336111700179e-02
5.589999999999999858e+00 1.683738336067618427e-02
5.599999999999999645e+00 1.683738336028964971e-02
5.610000000000000320e+00 1.683738335994841920e-02
5.620000000000000107e+00 1.683738335964332991e-02
5.629999999999999893e+00 1.683738335936743949e-02
5.639999999999999680e+00 1.683738335911649786e-02
5.650000000000000355e+00 1.683738335888886398e-02
5.660000000000000142e+00 1.683738335868512070e-02
5.669999999999999929e+00 1.683738335850700624e-02
5.679999999999999716e+00 1.683738335835559263e-02
5.690000000000000391e+00 1.683738335822985294e-02
5.700000000000000178e+00 1.683738335812653628e-02
5.709999999999999964e+00 1.683738335804119829e-02
5.719999999999999751e+00 1.683738335796941890e-02
5.730000000000000426e+00 1.683738335790750662e-02
5.740000000000000213e+00 1.683738335785273793e-02
5.750000000000000000e+00 1.683738335780340586e-02
5.759999999999999787e+00 1.683738335775879572e-02
5.769999999999999574e+00 1.683738335771886585e-02
5.780000000000000249e+00 1.683738335768373770e-02
5.790000000000000036e+00 1.683738335765322044e-02
5.799999999999999822e+00 1.683738335762669652e-02
5.809999999999999609e+00 1.683738335760331592e-02
5.820000000000000284e+00 1.683738335758228066e-02
5.830000000000000071e+00 1.683738335756296625e-02
5.839999999999999858e+00 1.683738335754500492e-02
5.849999999999999645e+00 1.683738335752826137e-02
5.860000000000000320e+00 1.683738335751280499e-02
5.870000000000000107e+00 1.683738335749885087e-02
5.879999999999999893e+00 1.683738335748658638e-02
5.889999999999999680e+00 1.683738335747604273e-02
5.900000000000000355e+00 1.683738335746707421e-02
5.910000000000000142e+00 1.683738335745943449e-02
5.919999999999999929e+00 1.683738335745285641e-02
5.929999999999999716e+00 1.683738335744710060e-02
5.940000000000000391e+00 1.683738335744198664e-02
5.950000000000000178e+00 1.683738335743736533e-02
5.959999999999999964e+00 1.683738335743311873e-02
5.969999999999999751e+00 1.683738335742912193e-02
5.980000000000000426e+00 1.683738335742522227e-02
5.990000000000000213e+00 1.683738335742126710e-02
6.000000000000000000e+00 1.683738335741722866e-02
6.200000000000000178e+00 1.683738335741328390e-02
6.400000000000000355e+00 1.683738335740977629e-02
6.599999999999999645e+00 1.683738335740702849e-02
6.799999999999999822e+00 1.683738335740516887e-02
7.000000000000000000e+00 0.000000000000000000e+00
