0.000000000000000000e+00 0.000000000000000000e+00
1.000000000000000021e-02 1.415698111051474743e-02
2.000000000000000042e-02 1.415698111051474743e-02
2.999999999999999889e-02 1.415698111051474743e-02
4.000000000000000083e-02 1.415698111051474743e-02
5.000000000000000278e-02 1.415698111051474743e-02
5.999999999999999778e-02 1.415698111051474743e-02
7.000000000000000666e-02 1.415698111051474743e-02
8.000000000000000167e-02 1.415698111051474743e-02
8.999999999999999667e-02 1.415698111051474743e-02
1.000000000000000056e-01 1.415698111051474743e-02
1.100000000000000006e-01 1.415698111051474743e-02
1.199999999999999956e-01 1.415698111051474743e-02
1.300000000000000044e-01 1.415698111051474743e-02
1.400000000000000133e-01 1.415698111051474743e-02
1.499999999999999944e-01 1.415698111051474743e-02
1.600000000000000033e-01 1.415698111051474743e-02
1.700000000000000122e-01 1.415698111051474743e-02
1.799999999999999933e-01 1.415698111051474743e-02
1.900000000000000022e-01 1.415698111051474743e-02
2.000000000000000111e-01 1.415698111051474743e-02
2.099999999999999922e-01 1.415698111051474743e-02
2.200000000000000011e-01 1.415698111051474743e-02
2.300000000000000100e-01 1.415698111051474743e-02
2.399999999999999911e-01 1.415698111051474743e-02
2.500000000000000000e-01 1.415698111051474743e-02
2.600000000000000089e-01 1.415698111051474743e-02
2.700000000000000178e-01 1.415698111051474743e-02
2.800000000000000266e-01 1.415698111051474743e-02
2.899999999999999800e-01 1.415698111051474743e-02
2.999999999999999889e-01 1.415698111051474743e-02
3.099999999999999978e-01 1.415698111051474743e-02
3.200000000000000067e-01 1.415698111051474743e-02
3.300000000000000155e-01 1.415698111051474743e-02
3.400000000000000244e-01 1.415698111051474743e-02
3.499999999999999778e-01 1.415698111051474743e-02
3.599999999999999867e-01 1.415698111051474743e-02
3.699999999999999956e-01 1.415698111051474743e-02
3.800000000000000044e-01 1.415698111051474743e-02
3.900000000000000133e-01 1.415698111051474743e-02
4.000000000000000222e-01 1.415698111051474743e-02
4.099999999999999756e-01 1.415698111051474743e-02
4.199999999999999845e-01 1.415698111051474743e-02
4.299999999999999933e-01 1.415698111051474743e-02
4.400000000000000022e-01 1.415698111051474743e-02
4.500000000000000111e-01 1.415698111051474743e-02
4.600000000000000200e-01 1.415698111051474743e-02
4.699999999999999734e-01 1.415698111051474743e-02
4.799999999999999822e-01 1.415698111051474743e-02
4.899999999999999911e-01 1.415698111051474743e-02
5.000000000000000000e-01 1.415698111051474743e-02
5.100000000000000089e-01 1.415698111051474743e-02
5.200000000000000178e-01 1.415698111051474743e-02
5.300000000000000266e-01 1.415698111051474743e-02
5.400000000000000355e-01 1.415698111051474743e-02
5.500000000000000444e-01 1.415698111051474743e-02
5.600000000000000533e-01 1.415698111051474743e-02
5.699999999999999512e-01 1.415698111051474743e-02
5.799999999999999600e-01 1.415698111051474743e-02
5.899999999999999689e-01 1.415698111051474743e-02
5.999999999999999778e-01 1.415698111051474743e-02
6.099999999999999867e-01 1.415698111051474743e-02
6.199999999999999956e-01 1.415698111051474743e-02
6.300000000000000044e-01 1.415698111051474743e-02
6.400000000000000133e-01 1.415698111051474743e-02
6.500000000000000222e-01 1.415698111051474743e-02
6.600000000000000311e-01 1.415698111051474743e-02
6.700000000000000400e-01 1.415698111051474743e-02
6.800000000000000488e-01 1.415698111051474743e-02
6.899999999999999467e-01 1.415698111051474743e-02
6.999999999999999556e-01 1.415698111051474743e-02
7.099999999999999645e-01 1.415698111051474743e-02
7.199999999999999734e-01 1.415698111051474743e-02
7.299999999999999822e-01 1.415698111051474743e-02
7.399999999999999911e-01 1.415698111051474743e-02
7.500000000000000000e-01 1.415698111051474743e-02
7.600000000000000089e-01 1.415698111051474743e-02
7.700000000000000178e-01 1.415698111051474743e-02
7.800000000000000266e-01 1.415698111051474743e-02
7.900000000000000355e-01 1.415698111051474743e-02
8.000000000000000444e-01 1.415698111051474743e-02
8.100000000000000533e-01 1.415698111051474743e-02
8.199999999999999512e-01 1.415698111051474743e-02
8.299999999999999600e-01 1.415698111051474743e-02
8.399999999999999689e-01 1.415698111051474743e-02
8.499999999999999778e-01 1.415698111051474743e-02
8.599999999999999867e-01 1.415698111051474743e-02
8.699999999999999956e-01 1.415698111051474743e-02
8.800000000000000044e-01 1.415698111051474743e-02
8.900000000000000133e-01 1.415698111051474743e-02
9.000000000000000222e-01 1.415698111051474743e-02
9.100000000000000311e-01 1.415698111051474743e-02
9.200000000000000400e-01 1.415698111051474743e-02
9.300000000000000488e-01 1.415698111051474743e-02
9.399999999999999467e-01 1.415698111051474743e-02
9.499999999999999556e-01 1.415698111051474743e-02
9.599999999999999645e-01 1.415698111051474743e-02
9.699999999999999734e-01 1.415698111051474743e-02
9.799999999999999822e-01 1.415698111051474743e-02
9.899999999999999911e-01 1.415698111051474743e-02
1.000000000000000000e+00 1.415698111051474743e-02
1.010000000000000009e+00 1.415698111051474743e-02
1.020000000000000018e+00 1.415698111051474743e-02
1.030000000000000027e+00 1.415698111051474743e-02
1.040000000000000036e+00 1.415698111051474743e-02
1.050000000000000044e+00 1.415698111051474743e-02
1.060000000000000053e+00 1.415698111051474743e-02
1.070000000000000062e+00 1.415698111051474743e-02
1.080000000000000071e+00 1.415698111051474743e-02
1.090000000000000080e+00 1.415698111051474743e-02
1.100000000000000089e+00 1.415698111051474743e-02
1.110000000000000098e+00 1.415698111051474743e-02
1.120000000000000107e+00 1.415698111051474743e-02
1.129999999999999893e+00 1.415698111051474743e-02
1.139999999999999902e+00 1.415698111051474743e-02
1.149999999999999911e+00 1.415698111051474743e-02
1.159999999999999920e+00 1.415698111051474743e-02
1.169999999999999929e+00 1.415698111051474743e-02
1.179999999999999938e+00 1.415698111051474743e-02
1.189999999999999947e+00 1.415698111051474743e-02
1.199999999999999956e+00 1.415698111051474743e-02
1.209999999999999964e+00 1.415698111051474743e-02
1.219999999999999973e+00 1.415698111051474743e-02
1.229999999999999982e+00 1.415698111051474743e-02
1.239999999999999991e+00 1.415698111051474743e-02
1.250000000000000000e+00 1.415698111051474743e-02
1.260000000000000009e+00 1.415698111051474743e-02
1.270000000000000018e+00 1.415698111051474743e-02
1.280000000000000027e+00 1.415698111051474743e-02
1.290000000000000036e+00 1.415698111051474743e-02
1.300000000000000044e+00 1.415698111051474743e-02
1.310000000000000053e+00 1.415698111051474743e-02
1.320000000000000062e+00 1.415698111051474743e-02
1.330000000000000071e+00 1.415698111051474743e-02
1.340000000000000080e+00 1.415698111051474743e-02
1.350000000000000089e+00 1.415698111051474743e-02
1.360000000000000098e+00 1.415698111051474743e-02
1.370000000000000107e+00 1.415698111051474743e-02
1.379999999999999893e+00 1.415698111051475958e-02
1.389999999999999902e+00 1.415698111051487927e-02
1.399999999999999911e+00 1.415698111051584204e-02
1.409999999999999920e+00 1.415698111052248083e-02
1.419999999999999929e+00 1.415698111056190762e-02
1.429999999999999938e+00 1.415698111076604641e-02
1.439999999999999947e+00 1.415698111171183847e-02
1.449999999999999956e+00 1.415698111579073021e-02
1.459999999999999964e+00 1.415698113293795482e-02
1.469999999999999973e+00 1.415698120521265493e-02
1.479999999999999982e+00 1.415698150696315279e-02
1.489999999999999991e+00 1.415698270347320355e-02
1.500000000000000000e+00 1.415698701695844962e-02
1.510000000000000009e+00 1.415700073249594008e-02
1.520000000000000018e+00 1.415703855902597855e-02
1.530000000000000027e+00 1.415712841386962059e-02
1.540000000000000036e+00 1.415731223733204466e-02
1.550000000000000044e+00 1.415763784724406553e-02
1.560000000000000053e+00 1.415814217909478617e-02
1.570000000000000062e+00 1.415883393641681649e-02
1.580000000000000071e+00 1.415968434802374054e-02
1.590000000000000080e+00 1.416062802652622715e-02
1.600000000000000089e+00 1.416157355461557937e-02
1.610000000000000098e+00 1.416242711799416826e-02
1.620000000000000107e+00 1.416312703168780968e-02
1.629999999999999893e+00 1.416367088277495009e-02
1.639999999999999902e+00 1.416411401130148080e-02
1.649999999999999911e+00 1.416453889072692707e-02
1.659999999999999920e+00 1.416501648644050149e-02
1.669999999999999929e+00 1.416558055033590759e-02
1.679999999999999938e+00 1.416622123583936681e-02
1.689999999999999947e+00 1.416689377812042905e-02
1.699999999999999956e+00 1.416753594778479529e-02
1.709999999999999964e+00 1.416808844438669814e-02
1.719999999999999973e+00 1.416851212144129915e-02
1.729999999999999982e+00 1.416879686825160689e-02
1.739999999999999991e+00 1.416896034229380222e-02
1.750000000000000000e+00 1.416903840202671586e-02
1.760000000000000009e+00 1.416907035874358928e-02
1.770000000000000018e+00 1.416908140944348610e-02
1.780000000000000027e+00 1.416906523666211677e-02
1.790000000000000036e+00 1.416897385419176383e-02
1.800000000000000044e+00 1.416872514664959185e-02
1.810000000000000053e+00 1.416823292440477430e-02
1.820000000000000062e+00 1.416744864728495916e-02
1.830000000000000071e+00 1.416639117486372459e-02
1.840000000000000080e+00 1.416514590540171765e-02
1.850000000000000089e+00 1.416383544990493758e-02
1.860000000000000098e+00 1.416258187585721189e-02
1.870000000000000107e+00 1.416148080358733095e-02
1.879999999999999893e+00 1.416059369268958881e-02
1.889999999999999902e+00 1.415995115602012092e-02
1.899999999999999911e+00 1.415955743574992196e-02
1.909999999999999920e+00 1.415939298274991251e-02
1.919999999999999929e+00 1.415941924123758668e-02
1.929999999999999938e+00 1.415958963747226268e-02
1.939999999999999947e+00 1.415986443998999353e-02
1.949999999999999956e+00 1.416022226268011733e-02
1.959999999999999964e+00 1.416066282625152301e-02
1.969999999999999973e+00 1.416120191985967974e-02
1.979999999999999982e+00 1.416186443134116214e-02
1.989999999999999991e+00 1.416268199093237076e-02
2.000000000000000000e+00 1.416369980636901331e-02
2.009999999999999787e+00 1.416499494252343797e-02
2.020000000000000018e+00 1.416670515273867233e-02
2.029999999999999805e+00 1.416906153073892519e-02
2.040000000000000036e+00 1.417241165464585943e-02
2.049999999999999822e+00 1.417722015848192976e-02
2.060000000000000053e+00 1.418404597279441376e-02
2.069999999999999840e+00 1.419351182469455290e-02
2.080000000000000071e+00 1.420628587358644355e-02
2.089999999999999858e+00 1.422308357802307133e-02
2.100000000000000089e+00 1.424468398077067231e-02
2.109999999999999876e+00 1.427194828326526152e-02
2.120000000000000107e+00 1.430581841437652581e-02
2.129999999999999893e+00 1.434724951710091359e-02
2.140000000000000124e+00 1.439702280734453561e-02
2.149999999999999911e+00 1.445544684339084875e-02
2.160000000000000142e+00 1.452207393390645210e-02
2.169999999999999929e+00 1.459562123831328016e-02
2.180000000000000160e+00 1.467421541092916309e-02
2.189999999999999947e+00 1.475598453805311225e-02
2.200000000000000178e+00 1.484005562841183602e-02
2.209999999999999964e+00 1.492804860501684323e-02
2.220000000000000195e+00 1.502581614702879105e-02
2.229999999999999982e+00 1.514446820918242953e-02
2.240000000000000213e+00 1.529946479467217575e-02
2.250000000000000000e+00 1.550766462637693036e-02
2.259999999999999787e+00 1.578415590855026737e-02
2.270000000000000018e+00 1.614142981495264931e-02
2.279999999999999805e+00 1.659179121238062507e-02
2.290000000000000036e+00 1.715140630581612341e-02
2.299999999999999822e+00 1.784368863006567316e-02
2.310000000000000053e+00 1.870116230110858979e-02
2.319999999999999840e+00 1.976631883154244401e-02
2.330000000000000071e+00 2.109165051262757232e-02
2.339999999999999858e+00 2.273807468826899089e-02
2.350000000000000089e+00 2.477165120911363136e-02
2.359999999999999876e+00 2.726074904324983159e-02
2.370000000000000107e+00 3.027623000470936604e-02
2.379999999999999893e+00 3.389363269300844916e-02
2.390000000000000124e+00 3.819246433657554063e-02
2.399999999999999911e+00 4.324918858782456077e-02
2.410000000000000142e+00 4.912606124384686496e-02
2.419999999999999929e+00 5.585954513226849827e-02
2.430000000000000160e+00 6.344651923363445190e-02
2.439999999999999947e+00 7.182371379144641965e-02
2.450000000000000178e+00 8.084791354371169414e-02
2.459999999999999964e+00 9.030396078013194772e-02
2.470000000000000195e+00 9.996523761219969217e-02
2.479999999999999982e+00 1.096921105034589922e-01
2.490000000000000213e+00 1.195095218657040437e-01
2.500000000000000000e+00 1.296053968425173453e-01
2.509999999999999787e+00 1.402427303559984628e-01
2.520000000000000018e+00 1.516337270997099029e-01
2.529999999999999805e+00 1.638400397274683840e-01
2.540000000000000036e+00 1.767381305467414787e-01
2.549999999999999822e+00 1.900527536810254770e-01
2.560000000000000053e+00 2.034378410240894608e-01
2.569999999999999840e+00 2.165708868054672387e-01
2.580000000000000071e+00 2.292172036503513366e-01
2.589999999999999858e+00 2.412302893652597258e-01
2.600000000000000089e+00 2.525003022447763201e-01
2.609999999999999876e+00 2.629096200858166421e-01
2.620000000000000107e+00 2.723407114365578030e-01
2.629999999999999893e+00 2.807104841530233541e-01
2.640000000000000124e+00 2.879634876737671156e-01
2.649999999999999911e+00 2.940067029707106872e-01
2.660000000000000142e+00 2.986596443552501645e-01
2.669999999999999929e+00 3.017156741235471618e-01
2.680000000000000160e+00 3.031352105678555287e-01
2.689999999999999947e+00 3.033097723001622614e-01
2.700000000000000178e+00 3.033332098933024246e-01
2.709999999999999964e+00 3.052474221652400899e-01
2.720000000000000195e+00 3.121819917364939689e-01
2.729999999999999982e+00 3.281991236285621838e-01
2.740000000000000213e+00 3.576835575229760367e-01
2.750000000000000000e+00 4.044051411881999791e-01
2.759999999999999787e+00 4.707149919974801811e-01
2.770000000000000018e+00 5.573280903769369798e-01
2.779999999999999805e+00 6.637338172568483241e-01
2.790000000000000036e+00 7.888606491331491277e-01
2.799999999999999822e+00 9.315809851185089530e-01
2.810000000000000053e+00 1.090908250211031438e+00
2.819999999999999840e+00 1.265981715699370014e+00
2.830000000000000071e+00 1.455981765011397533e+00
2.839999999999999858e+00 1.660019079738482395e+00
2.850000000000000089e+00 1.876889689798333816e+00
2.859999999999999876e+00 2.104498191828435338e+00
2.870000000000000107e+00 2.338913659391506528e+00
2.879999999999999893e+00 2.573503723062063209e+00
2.890000000000000124e+00 2.799044736770386343e+00
2.899999999999999911e+00 3.005525328283708220e+00
2.910000000000000142e+00 3.185291729588241694e+00
2.919999999999999929e+00 3.335786082969382615e+00
2.930000000000000160e+00 3.459651512331375134e+00
2.939999999999999947e+00 3.561415206932351918e+00
2.950000000000000178e+00 3.642651217376844830e+00
2.959999999999999964e+00 3.699049026119885841e+00
2.970000000000000195e+00 3.721419356471405759e+00
2.979999999999999982e+00 3.699611464209445533e+00
2.990000000000000213e+00 3.626530500567197723e+00
3.000000000000000000e+00 3.500135520750441209e+00
3.009999999999999787e+00 3.323156983193627401e+00
3.020000000000000018e+00 3.101611085702420390e+00
3.029999999999999805e+00 2.843456182264258558e+00
3.040000000000000036e+00 2.558158794317276552e+00
3.049999999999999822e+00 2.256939034698364654e+00
3.060000000000000053e+00 1.952689623425799770e+00
3.069999999999999840e+00 1.658702180350113631e+00
3.080000000000000071e+00 1.386408613374195298e+00
3.089999999999999858e+00 1.143363508479729562e+00
3.100000000000000089e+00 9.326068199744271814e-01
3.109999999999999876e+00 7.535027524637274432e-01
3.120000000000000107e+00 6.032647354810791729e-01
3.129999999999999893e+00 4.783355568674447778e-01
3.140000000000000124e+00 3.752733345234569584e-01
3.149999999999999911e+00 2.911754112199245736e-01
3.160000000000000142e+00 2.237514416897570246e-01
3.169999999999999929e+00 1.711200614330486425e-01
3.180000000000000160e+00 1.314427917600609896e-01
3.189999999999999947e+00 1.026080258142029328e-01
3.200000000000000178e+00 8.218233631353481783e-02
3.209999999999999964e+00 6.767781711257546406e-02
3.220000000000000195e+00 5.695920891924621116e-02
3.229999999999999982e+00 4.852959247056137793e-02
3.240000000000000213e+00 4.155270048014573364e-02
3.250000000000000000e+00 3.566576057578444564e-02
3.259999999999999787e+00 3.073952783459456273e-02
3.270000000000000018e+00 2.670658568718830422e-02
3.279999999999999805e+00 2.348623375403747701e-02
3.290000000000000036e+00 2.097366099415413562e-02
3.299999999999999822e+00 1.905321094500011386e-02
3.310000000000000053e+00 1.761271817301887643e-02
3.319999999999999840e+00 1.655186028159044698e-02
3.330000000000000071e+00 1.578504716626048798e-02
3.339999999999999858e+00 1.524131931466875083e-02
3.350000000000000089e+00 1.486324556811285252e-02
3.359999999999999876e+00 1.460562828553347431e-02
3.370000000000000107e+00 1.443397173123830805e-02
3.379999999999999893e+00 1.432259060662585855e-02
3.390000000000000124e+00 1.425260537773944715e-02
3.399999999999999911e+00 1.421024240473985241e-02
3.410000000000000142e+00 1.418561997379771608e-02
3.419999999999999929e+00 1.417189055388049131e-02
3.430000000000000160e+00 1.416453801828794663e-02
3.439999999999999947e+00 1.416074511664235439e-02
3.450000000000000178e+00 1.415885001447518901e-02
3.459999999999999964e+00 1.415792458103161573e-02
3.470000000000000195e+00 1.415747730648975709e-02
3.479999999999999982e+00 1.415726029913434020e-02
3.490000000000000213e+00 1.415715309975441524e-02
3.500000000000000000e+00 1.415709820577589276e-02
3.509999999999999787e+00 1.415706815169916200e-02
3.520000000000000018e+00 1.415704976756161290e-02
3.529999999999999805e+00 1.415703680955044189e-02
3.540000000000000036e+00 1.415702643248934432e-02
3.549999999999999822e+00 1.415701746669764151e-02
3.560000000000000053e+00 1.415700956834037814e-02
3.569999999999999840e+00 1.415700275994815661e-02
3.580000000000000071e+00 1.415699713885890804e-02
3.589999999999999858e+00 1.415699270935138858e-02
3.600000000000000089e+00 1.415698934618582830e-02
3.609999999999999876e+00 1.415698685132555507e-02
3.620000000000000107e+00 1.415698502700087590e-02
3.629999999999999893e+00 1.415698371306736703e-02
3.640000000000000124e+00 1.415698278776083945e-02
3.649999999999999911e+00 1.415698215561766657e-02
3.660000000000000142e+00 1.415698173902043416e-02
3.669999999999999929e+00 1.415698147530036928e-02
3.680000000000000160e+00 1.415698131561033031e-02
3.689999999999999947e+00 1.415698122338265169e-02
3.700000000000000178e+00 1.415698117244309356e-02
3.709999999999999964e+00 1.415698114516936168e-02
3.720000000000000195e+00 1.415698113063141271e-02
3.729999999999999982e+00 1.415698112265357383e-02
3.740000000000000213e+00 1.415698111803326623e-02
3.750000000000000000e+00 1.415698111520176904e-02
3.759999999999999787e+00 1.415698111339911552e-02
3.770000000000000018e+00 1.415698111224044688e-02
3.779999999999999805e+00 1.415698111150965298e-02
3.790000000000000036e+00 1.415698111106702267e-02
3.799999999999999822e+00 1.415698111081223863e-02
3.810000000000000053e+00 1.415698111067251533e-02
3.819999999999999840e+00 1.415698111059850509e-02
3.830000000000000071e+00 1.415698111055989535e-02
3.839999999999999858e+00 1.415698111053970316e-02
3.850000000000000089e+00 1.415698111052898604e-02
3.859999999999999876e+00 1.415698111052317819e-02
3.870000000000000107e+00 1.415698111051995507e-02
3.879999999999999893e+00 1.415698111051813188e-02
3.890000000000000124e+00 1.415698111051708584e-02
3.899999999999999911e+00 1.415698111051647001e-02
3.910000000000000142e+00 1.415698111051608490e-02
3.919999999999999929e+00 1.415698111051581602e-02
3.930000000000000160e+00 1.415698111051559745e-02
3.939999999999999947e+00 1.415698111051541010e-02
3.950000000000000178e+00 1.415698111051524183e-02
3.959999999999999964e+00 1.415698111051509438e-02
3.970000000000000195e+00 1.415698111051497468e-02
3.979999999999999982e+00 1.415698111051488794e-02
3.990000000000000213e+00 1.415698111051482896e-02
4.000000000000000000e+00 1.415698111051479080e-02
4.009999999999999787e+00 1.415698111051476825e-02
4.019999999999999574e+00 1.415698111051475958e-02
4.030000000000000249e+00 1.415698111051475264e-02
4.040000000000000036e+00 1.415698111051475090e-02
4.049999999999999822e+00 1.415698111051475090e-02
4.059999999999999609e+00 1.415698111051474743e-02
4.070000000000000284e+00 1.415698111051474743e-02
4.080000000000000071e+00 1.415698111051474743e-02
4.089999999999999858e+00 1.415698111051474743e-02
4.099999999999999645e+00 1.415698111051474743e-02
4.110000000000000320e+00 1.415698111051474743e-02
4.120000000000000107e+00 1.415698111051474743e-02
4.129999999999999893e+00 1.415698111051474743e-02
4.139999999999999680e+00 1.415698111051474743e-02
4.150000000000000355e+00 1.415698111051474743e-02
4.160000000000000142e+00 1.415698111051474743e-02
4.169999999999999929e+00 1.415698111051474743e-02
4.179999999999999716e+00 1.415698111051474743e-02
4.190000000000000391e+00 1.415698111051474743e-02
4.200000000000000178e+00 1.415698111051474743e-02
4.209999999999999964e+00 1.415698111051474743e-02
4.219999999999999751e+00 1.415698111051474743e-02
4.230000000000000426e+00 1.415698111051474743e-02
4.240000000000000213e+00 1.415698111051474743e-02
4.250000000000000000e+00 1.415698111051474743e-02
4.259999999999999787e+00 1.415698111051474743e-02
4.269999999999999574e+00 1.415698111051474743e-02
4.280000000000000249e+00 1.415698111051474743e-02
4.290000000000000036e+00 1.415698111051474743e-02
4.299999999999999822e+00 1.415698111051474743e-02
4.309999999999999609e+00 1.415698111051474743e-02
4.320000000000000284e+00 1.415698111051474743e-02
4.330000000000000071e+00 1.415698111051474743e-02
4.339999999999999858e+00 1.415698111051474743e-02
4.349999999999999645e+00 1.415698111051474743e-02
4.360000000000000320e+00 1.415698111051474743e-02
4.370000000000000107e+00 1.415698111051474743e-02
4.379999999999999893e+00 1.415698111051474743e-02
4.389999999999999680e+00 1.415698111051474743e-02
4.400000000000000355e+00 1.415698111051474743e-02
4.410000000000000142e+00 1.415698111051474743e-02
4.419999999999999929e+00 1.415698111051474743e-02
4.429999999999999716e+00 1.415698111051474743e-02
4.440000000000000391e+00 1.415698111051474743e-02
4.450000000000000178e+00 1.415698111051474743e-02
4.459999999999999964e+00 1.415698111051474743e-02
4.469999999999999751e+00 1.415698111051474743e-02
4.480000000000000426e+00 1.415698111051474743e-02
4.490000000000000213e+00 1.415698111051474743e-02
4.500000000000000000e+00 1.415698111051474743e-02
4.509999999999999787e+00 1.415698111051474743e-02
4.519999999999999574e+00 1.415698111051474743e-02
4.530000000000000249e+00 1.415698111051474743e-02
4.540000000000000036e+00 1.415698111051474743e-02
4.549999999999999822e+00 1.415698111051474743e-02
4.559999999999999609e+00 1.415698111051474743e-02
4.570000000000000284e+00 1.415698111051474743e-02
4.580000000000000071e+00 1.415698111051474743e-02
4.589999999999999858e+00 1.415698111051474743e-02
4.599999999999999645e+00 1.415698111051474743e-02
4.610000000000000320e+00 1.415698111051474743e-02
4.620000000000000107e+00 1.415698111051474743e-02
4.629999999999999893e+00 1.415698111051474743e-02
4.639999999999999680e+00 1.415698111051474743e-02
4.650000000000000355e+00 1.415698111051474743e-02
4.660000000000000142e+00 1.415698111051474743e-02
4.669999999999999929e+00 1.415698111051474743e-02
4.679999999999999716e+00 1.415698111051474743e-02
4.690000000000000391e+00 1.415698111051474743e-02
4.700000000000000178e+00 1.415698111051474743e-02
4.709999999999999964e+00 1.415698111051474743e-02
4.719999999999999751e+00 1.415698111051474743e-02
4.730000000000000426e+00 1.415698111051474743e-02
4.740000000000000213e+00 1.415698111051474743e-02
4.750000000000000000e+00 1.415698111051474743e-02
4.759999999999999787e+00 1.415698111051474743e-02
4.769999999999999574e+00 1.415698111051474743e-02
4.780000000000000249e+00 1.415698111051474743e-02
4.790000000000000036e+00 1.415698111051474743e-02
4.799999999999999822e+00 1.415698111051474743e-02
4.809999999999999609e+00 1.415698111051474743e-02
4.820000000000000284e+00 1.415698111051474743e-02
4.830000000000000071e+00 1.415698111051474743e-02
4.839999999999999858e+00 1.415698111051474743e-02
4.849999999999999645e+00 1.415698111051474743e-02
4.860000000000000320e+00 1.415698111051474743e-02
4.870000000000000107e+00 1.415698111051474743e-02
4.879999999999999893e+00 1.415698111051474743e-02
4.889999999999999680e+00 1.415698111051474743e-02
4.900000000000000355e+00 1.415698111051474743e-02
4.910000000000000142e+00 1.415698111051474743e-02
4.919999999999999929e+00 1.415698111051474743e-02
4.929999999999999716e+00 1.415698111051474743e-02
4.940000000000000391e+00 1.415698111051474743e-02
4.950000000000000178e+00 1.415698111051474743e-02
4.959999999999999964e+00 1.415698111051474743e-02
4.969999999999999751e+00 1.415698111051474743e-02
4.980000000000000426e+00 1.415698111051474743e-02
4.990000000000000213e+00 1.415698111051474743e-02
5.000000000000000000e+00 1.415698111051474743e-02
5.009999999999999787e+00 1.415698111051474743e-02
5.019999999999999574e+00 1.415698111051474743e-02
5.030000000000000249e+00 1.415698111051474743e-02
5.040000000000000036e+00 1.415698111051474743e-02
5.049999999999999822e+00 1.415698111051474743e-02
5.059999999999999609e+00 1.415698111051474743e-02
5.070000000000000284e+00 1.415698111051474743e-02
5.080000000000000071e+00 1.415698111051474743e-02
5.089999999999999858e+00 1.415698111051474743e-02
5.099999999999999645e+00 1.415698111051474743e-02
5.110000000000000320e+00 1.415698111051474743e-02
5.120000000000000107e+00 1.415698111051474743e-02
5.129999999999999893e+00 1.415698111051474743e-02
5.139999999999999680e+00 1.415698111051474743e-02
5.150000000000000355e+00 1.415698111051474743e-02
5.160000000000000142e+00 1.415698111051474743e-02
5.169999999999999929e+00 1.415698111051474743e-02
5.179999999999999716e+00 1.415698111051474743e-02
5.190000000000000391e+00 1.415698111051474743e-02
5.200000000000000178e+00 1.415698111051474743e-02
5.209999999999999964e+00 1.415698111051474743e-02
5.219999999999999751e+00 1.415698111051474743e-02
5.230000000000000426e+00 1.415698111051474743e-02
5.240000000000000213e+00 1.415698111051474743e-02
5.250000000000000000e+00 1.415698111051474743e-02
5.259999999999999787e+00 1.415698111051474743e-02
5.269999999999999574e+00 1.415698111051474743e-02
5.280000000000000249e+00 1.415698111051474743e-02
5.290000000000000036e+00 1.415698111051474743e-02
5.299999999999999822e+00 1.415698111051474743e-02
5.309999999999999609e+00 1.415698111051474743e-02
5.320000000000000284e+00 1.415698111051474743e-02
5.330000000000000071e+00 1.415698111051474743e-02
5.339999999999999858e+00 1.415698111051474743e-02
5.349999999999999645e+00 1.415698111051474743e-02
5.360000000000000320e+00 1.415698111051474743e-02
5.370000000000000107e+00 1.415698111051474743e-02
5.379999999999999893e+00 1.415698111051474743e-02
5.389999999999999680e+00 1.415698111051474743e-02
5.400000000000000355e+00 1.415698111051474743e-02
5.410000000000000142e+00 1.415698111051474743e-02
5.419999999999999929e+00 1.415698111051474743e-02
5.429999999999999716e+00 1.415698111051474743e-02
5.440000000000000391e+00 1.415698111051474743e-02
5.450000000000000178e+00 1.415698111051474743e-02
5.459999999999999964e+00 1.415698111051474743e-02
5.469999999999999751e+00 1.415698111051474743e-02
5.480000000000000426e+00 1.415698111051474743e-02
5.490000000000000213e+00 1.415698111051474743e-02
5.500000000000000000e+00 1.415698111051474743e-02
5.509999999999999787e+00 1.415698111051474743e-02
5.519999999999999574e+00 1.415698111051474743e-02
5.530000000000000249e+00 1.415698111051474743e-02
5.540000000000000036e+00 1.415698111051474743e-02
5.549999999999999822e+00 1.415698111051474743e-02
5.559999999999999609e+00 1.415698111051474743e-02
5.570000000000000284e+00 1.415698111051474743e-02
5.580000000000000071e+00 1.415698111051474743e-02
5.589999999999999858e+00 1.415698111051474743e-02
5.599999999999999645e+00 1.415698111051474743e-02
5.610000000000000320e+00 1.415698111051474743e-02
5.620000000000000107e+00 1.415698111051474743e-02
5.629999999999999893e+00 1.415698111051474743e-02
5.639999999999999680e+00 1.415698111051474743e-02
5.650000000000000355e+00 1.415698111051474743e-02
5.660000000000000142e+00 1.415698111051474743e-02
5.669999999999999929e+00 1.415698111051474743e-02
5.679999999999999716e+00 1.415698111051474743e-02
5.690000000000000391e+00 1.415698111051474743e-02
5.700000000000000178e+00 1.415698111051474743e-02
5.709999999999999964e+00 1.415698111051474743e-02
5.719999999999999751e+00 1.415698111051474743e-02
5.730000000000000426e+00 1.415698111051474743e-02
5.740000000000000213e+00 1.415698111051474743e-02
5.750000000000000000e+00 1.415698111051474743e-02
5.759999999999999787e+00 1.415698111051474743e-02
5.769999999999999574e+00 1.415698111051474743e-02
5.780000000000000249e+00 1.415698111051474743e-02
5.790000000000000036e+00 1.415698111051474743e-02
5.799999999999999822e+00 1.415698111051474743e-02
5.809999999999999609e+00 1.415698111051474743e-02
5.820000000000000284e+00 1.415698111051474743e-02
5.830000000000000071e+00 1.415698111051474743e-02
5.839999999999999858e+00 1.415698111051474743e-02
5.849999999999999645e+00 1.415698111051474743e-02
5.860000000000000320e+00 1.415698111051474743e-02
5.870000000000000107e+00 1.415698111051474743e-02
5.879999999999999893e+00 1.415698111051474743e-02
5.889999999999999680e+00 1.415698111051474743e-02
5.900000000000000355e+00 1.415698111051474743e-02
5.910000000000000142e+00 1.415698111051474743e-02
5.919999999999999929e+00 1.415698111051474743e-02
5.929999999999999716e+00 1.415698111051474743e-02
5.940000000000000391e+00 1.415698111051474743e-02
5.950000000000000178e+00 1.415698111051474743e-02
5.959999999999999964e+00 1.415698111051474743e-02
5.969999999999999751e+00 1.415698111051474743e-02
5.980000000000000426e+00 1.415698111051474743e-02
5.990000000000000213e+00 1.415698111051474743e-02
6.000000000000000000e+00 1.415698111051474743e-02
6.200000000000000178e+00 1.415698111051474743e-02
6.400000000000000355e+00 1.415698111051474743e-02
6.599999999999999645e+00 1.415698111051474743e-02
6.799999999999999822e+00 1.415698111051474743e-02
7.000000000000000000e+00 0.000000000000000000e+00
