0.000000000000000000e+00 0.000000000000000000e+00
1.000000000000000021e-02 1.683738335740324332e-02
2.000000000000000042e-02 1.683738335740324332e-02
2.999999999999999889e-02 1.683738335740324332e-02
4.000000000000000083e-02 1.683738335740324332e-02
5.000000000000000278e-02 1.683738335740324332e-02
5.999999999999999778e-02 1.683738335740324332e-02
7.000000000000000666e-02 1.683738335740324679e-02
8.000000000000000167e-02 1.683738335740324679e-02
8.999999999999999667e-02 1.683738335740324679e-02
1.000000000000000056e-01 1.683738335740324679e-02
1.100000000000000006e-01 1.683738335740324679e-02
1.199999999999999956e-01 1.683738335740324679e-02
1.300000000000000044e-01 1.683738335740324679e-02
1.400000000000000133e-01 1.683738335740324332e-02
1.499999999999999944e-01 1.683738335740324332e-02
1.600000000000000033e-01 1.683738335740324332e-02
1.700000000000000122e-01 1.683738335740324332e-02
1.799999999999999933e-01 1.683738335740324332e-02
1.900000000000000022e-01 1.683738335740324332e-02
2.000000000000000111e-01 1.683738335740324332e-02
2.099999999999999922e-01 1.683738335740324332e-02
2.200000000000000011e-01 1.683738335740324332e-02
2.300000000000000100e-01 1.683738335740324332e-02
2.399999999999999911e-01 1.683738335740324332e-02
2.500000000000000000e-01 1.683738335740324332e-02
2.600000000000000089e-01 1.683738335740324332e-02
2.700000000000000178e-01 1.683738335740324332e-02
2.800000000000000266e-01 1.683738335740324332e-02
2.899999999999999800e-01 1.683738335740324332e-02
2.999999999999999889e-01 1.683738335740324332e-02
3.099999999999999978e-01 1.683738335740324332e-02
3.200000000000000067e-01 1.683738335740325026e-02
3.300000000000000155e-01 1.683738335740329189e-02
3.400000000000000244e-01 1.683738335740354863e-02
3.499999999999999778e-01 1.683738335740486702e-02
3.599999999999999867e-01 1.683738335741068529e-02
3.699999999999999956e-01 1.683738335743265035e-02
3.800000000000000044e-01 1.683738335750305237e-02
3.900000000000000133e-01 1.683738335769366726e-02
4.000000000000000222e-01 1.683738335812696996e-02
4.099999999999999756e-01 1.683738335894821928e-02
4.199999999999999845e-01 1.683738336023850313e-02
4.299999999999999933e-01 1.683738336194195301e-02
4.400000000000000022e-01 1.683738336410357112e-02
4.500000000000000111e-01 1.683738336820984893e-02
4.600000000000000200e-01 1.683738338176092933e-02
4.699999999999999734e-01 1.683738343162110782e-02
4.799999999999999822e-01 1.683738359836933762e-02
4.899999999999999911e-01 1.683738409276846690e-02
5.000000000000000000e-01 1.683738540147701121e-02
5.100000000000000089e-01 1.683738852313849607e-02
5.200000000000000178e-01 1.683739527850859619e-02
5.300000000000000266e-01 1.683740855785065618e-02
5.400000000000000355e-01 1.683743211229520031e-02
5.500000000000000444e-01 1.683746927163334156e-02
5.600000000000000533e-01 1.683752039471771156e-02
5.699999999999999512e-01 1.683758040794026273e-02
5.799999999999999600e-01 1.683763933033725554e-02
5.899999999999999689e-01 1.683768754132678250e-02
5.999999999999999778e-01 1.683772309682161905e-02
6.099999999999999867e-01 1.683775515196305264e-02
6.199999999999999956e-01 1.683780111065953308e-02
6.300000000000000044e-01 1.683788374924782491e-02
6.400000000000000133e-01 1.683803772714278710e-02
6.500000000000000222e-01 1.683832350124811472e-02
6.600000000000000311e-01 1.683882630347493733e-02
6.700000000000000400e-01 1.683961185614556849e-02
6.800000000000000488e-01 1.684064210960139335e-02
6.899999999999999467e-01 1.684171169292590642e-02
6.999999999999999556e-01 1.684248836650045766e-02
7.099999999999999645e-01 1.684267378646359462e-02
7.199999999999999734e-01 1.684218338974517726e-02
7.299999999999999822e-01 1.684120106752895474e-02
7.399999999999999911e-01 1.684006243630075880e-02
7.500000000000000000e-01 1.683906615985109045e-02
7.600000000000000089e-01 1.683835496640260013e-02
7.700000000000000178e-01 1.683792072082873625e-02
7.800000000000000266e-01 1.683768228999027797e-02
7.900000000000000355e-01 1.683755846515895202e-02
8.000000000000000444e-01 1.683750106166398419e-02
8.100000000000000533e-01 1.683750074138718605e-02
8.199999999999999512e-01 1.683759342421622951e-02
8.299999999999999600e-01 1.683788277267872155e-02
8.399999999999999689e-01 1.683856826653718636e-02
8.499999999999999778e-01 1.683994016522225370e-02
8.599999999999999867e-01 1.684229382818964657e-02
8.699999999999999956e-01 1.684575362622738742e-02
8.800000000000000044e-01 1.685007404026740707e-02
8.900000000000000133e-01 1.685454499802466893e-02
9.000000000000000222e-01 1.685811627691189904e-02
9.100000000000000311e-01 1.685977012293647659e-02
9.200000000000000400e-01 1.685903274840868521e-02
9.300000000000000488e-01 1.685636680088926226e-02
9.399999999999999467e-01 1.685316143774161571e-02
9.499999999999999556e-01 1.685125727273679291e-02
9.599999999999999645e-01 1.685226147491794557e-02
9.699999999999999734e-01 1.685698844011550984e-02
9.799999999999999822e-01 1.686516545752966834e-02
9.899999999999999911e-01 1.687542585073048551e-02
1.000000000000000000e+00 1.688575241300303148e-02
1.010000000000000009e+00 1.689457784082505631e-02
1.020000000000000018e+00 1.690232488462829405e-02
1.030000000000000027e+00 1.691262232304538773e-02
1.040000000000000036e+00 1.693269639590215536e-02
1.050000000000000044e+00 1.697396614488702951e-02
1.060000000000000053e+00 1.705573812456789851e-02
1.070000000000000062e+00 1.721497982005733632e-02
1.080000000000000071e+00 1.752135231131485629e-02
1.090000000000000080e+00 1.808908693305821824e-02
1.100000000000000089e+00 1.907096332273938710e-02
1.110000000000000098e+00 2.062463994124206015e-02
1.120000000000000107e+00 2.286492779038360249e-02
1.129999999999999893e+00 2.584694194288098684e-02
1.139999999999999902e+00 2.963050354025334801e-02
1.149999999999999911e+00 3.441990447641672668e-02
1.159999999999999920e+00 4.066854240613292787e-02
1.169999999999999929e+00 4.898078972741710252e-02
1.179999999999999938e+00 5.974932395880262759e-02
1.189999999999999947e+00 7.271602125891359070e-02
1.199999999999999956e+00 8.681349837023372151e-02
1.209999999999999964e+00 1.004952300344161414e-01
1.219999999999999973e+00 1.123740051341914903e-01
1.229999999999999982e+00 1.217780124246895385e-01
1.239999999999999991e+00 1.290614447472752946e-01
1.250000000000000000e+00 1.358264532103040656e-01
1.260000000000000009e+00 1.450810326377497683e-01
1.270000000000000018e+00 1.609372249857075055e-01
1.280000000000000027e+00 1.875212225261318477e-01
1.290000000000000036e+00 2.274506220346857455e-01
1.300000000000000044e+00 2.806609428931712835e-01
1.310000000000000053e+00 3.440139362655447175e-01
1.320000000000000062e+00 4.116182585510564929e-01
1.330000000000000071e+00 4.757554035217972932e-01
1.340000000000000080e+00 5.283599492199229086e-01
1.350000000000000089e+00 5.626820455573955382e-01
1.360000000000000098e+00 5.744896221522853841e-01
1.370000000000000107e+00 5.625252125117098378e-01
1.379999999999999893e+00 5.285322415870205015e-01
1.389999999999999902e+00 4.772556844706716817e-01
1.399999999999999911e+00 4.165762645889878879e-01
1.409999999999999920e+00 3.581263629157382944e-01
1.419999999999999929e+00 3.192542880410580430e-01
1.429999999999999938e+00 3.268474730120207172e-01
1.439999999999999947e+00 4.213169752397585843e-01
1.449999999999999956e+00 6.555184340245835406e-01
1.459999999999999964e+00 1.081367589195495471e+00
1.469999999999999973e+00 1.721329544865264127e+00
1.479999999999999982e+00 2.535578880041609029e+00
1.489999999999999991e+00 3.410766832714922536e+00
1.500000000000000000e+00 4.194191536126427700e+00
1.510000000000000009e+00 4.766524283939387097e+00
1.520000000000000018e+00 5.106696885626466731e+00
1.530000000000000027e+00 5.295732120248786146e+00
1.540000000000000036e+00 5.449998593446162332e+00
1.550000000000000044e+00 5.632763344016485263e+00
1.560000000000000053e+00 5.809903605162871187e+00
1.570000000000000062e+00 5.876714994343784859e+00
1.580000000000000071e+00 5.727970393151591288e+00
1.590000000000000080e+00 5.319651059396320214e+00
1.600000000000000089e+00 4.687870713280980262e+00
1.610000000000000098e+00 3.924845194161854955e+00
1.620000000000000107e+00 3.135985553877658205e+00
1.629999999999999893e+00 2.404805282274613543e+00
1.639999999999999902e+00 1.778895611445823643e+00
1.649999999999999911e+00 1.274221571049229729e+00
1.659999999999999920e+00 8.868999722631351057e-01
1.669999999999999929e+00 6.032383901130851100e-01
1.679999999999999938e+00 4.051244929098362091e-01
1.689999999999999947e+00 2.726753069442459099e-01
1.699999999999999956e+00 1.866247223379779163e-01
1.709999999999999964e+00 1.308373597119861786e-01
1.719999999999999973e+00 9.381942037865907691e-02
1.729999999999999982e+00 6.853162141018125098e-02
1.739999999999999991e+00 5.104501334195486045e-02
1.750000000000000000e+00 3.908761058509433589e-02
1.760000000000000009e+00 3.111563035173085454e-02
1.770000000000000018e+00 2.593587553233451040e-02
1.780000000000000027e+00 2.262401048293744693e-02
1.790000000000000036e+00 2.051418284209778967e-02
1.800000000000000044e+00 1.916525595595220538e-02
1.810000000000000053e+00 1.830101179540225345e-02
1.820000000000000062e+00 1.775016488690908320e-02
1.830000000000000071e+00 1.740322740244789820e-02
1.840000000000000080e+00 1.718765856194995334e-02
1.850000000000000089e+00 1.705494016382566244e-02
1.860000000000000098e+00 1.697329219809217207e-02
1.870000000000000107e+00 1.692265464850231660e-02
1.879999999999999893e+00 1.689083273969741936e-02
1.889999999999999902e+00 1.687060237318955408e-02
1.899999999999999911e+00 1.685769669751205346e-02
1.909999999999999920e+00 1.684952806097583800e-02
1.919999999999999929e+00 1.684445247157488959e-02
1.929999999999999938e+00 1.684138109089968610e-02
1.939999999999999947e+00 1.683958027187960199e-02
1.949999999999999956e+00 1.683855984429739189e-02
1.959999999999999964e+00 1.683800081166085191e-02
1.969999999999999973e+00 1.683770341256812450e-02
1.979999999999999982e+00 1.683754841628762669e-02
1.989999999999999991e+00 1.683746837162035728e-02
2.000000000000000000e+00 1.683742702015124729e-02
2.009999999999999787e+00 1.683740558616234756e-02
2.020000000000000018e+00 1.683739448815908812e-02
2.029999999999999805e+00 1.683738879868109176e-02
2.040000000000000036e+00 1.683738593794814262e-02
2.049999999999999822e+00 1.683738453846655297e-02
2.060000000000000053e+00 1.683738387663585509e-02
2.069999999999999840e+00 1.683738357570861016e-02
2.080000000000000071e+00 1.683738344480782689e-02
2.089999999999999858e+00 1.683738339059710418e-02
2.100000000000000089e+00 1.683738336932140076e-02
2.109999999999999876e+00 1.683738336144015996e-02
2.120000000000000107e+00 1.683738335869241001e-02
2.129999999999999893e+00 1.683738335779181791e-02
2.140000000000000124e+00 1.683738335751410603e-02
2.149999999999999911e+00 1.683738335743331302e-02
2.160000000000000142e+00 1.683738335741104611e-02
2.169999999999999929e+00 1.683738335740519315e-02
2.180000000000000160e+00 1.683738335740372211e-02
2.189999999999999947e+00 1.683738335740336128e-02
2.200000000000000178e+00 1.683738335740327108e-02
2.209999999999999964e+00 1.683738335740325373e-02
2.220000000000000195e+00 1.683738335740324679e-02
2.229999999999999982e+00 1.683738335740324332e-02
2.240000000000000213e+00 1.683738335740324332e-02
2.250000000000000000e+00 1.683738335740324332e-02
2.259999999999999787e+00 1.683738335740324332e-02
2.270000000000000018e+00 1.683738335740324332e-02
2.279999999999999805e+00 1.683738335740324332e-02
2.290000000000000036e+00 1.683738335740324332e-02
2.299999999999999822e+00 1.683738335740324332e-02
2.310000000000000053e+00 1.683738335740324332e-02
2.319999999999999840e+00 1.683738335740324332e-02
2.330000000000000071e+00 1.683738335740324332e-02
2.339999999999999858e+00 1.683738335740324332e-02
2.350000000000000089e+00 1.683738335740324332e-02
2.359999999999999876e+00 1.683738335740324332e-02
2.370000000000000107e+00 1.683738335740324332e-02
2.379999999999999893e+00 1.683738335740324332e-02
2.390000000000000124e+00 1.683738335740324332e-02
2.399999999999999911e+00 1.683738335740324332e-02
2.410000000000000142e+00 1.683738335740324332e-02
2.419999999999999929e+00 1.683738335740324332e-02
2.430000000000000160e+00 1.683738335740324332e-02
2.439999999999999947e+00 1.683738335740324332e-02
2.450000000000000178e+00 1.683738335740324332e-02
2.459999999999999964e+00 1.683738335740324332e-02
2.470000000000000195e+00 1.683738335740324332e-02
2.479999999999999982e+00 1.683738335740324332e-02
2.490000000000000213e+00 1.683738335740324332e-02
2.500000000000000000e+00 1.683738335740324332e-02
2.509999999999999787e+00 1.683738335740324332e-02
2.520000000000000018e+00 1.683738335740324332e-02
2.529999999999999805e+00 1.683738335740324332e-02
2.540000000000000036e+00 1.683738335740324332e-02
2.549999999999999822e+00 1.683738335740324332e-02
2.560000000000000053e+00 1.683738335740324332e-02
2.569999999999999840e+00 1.683738335740324332e-02
2.580000000000000071e+00 1.683738335740324332e-02
2.589999999999999858e+00 1.683738335740324332e-02
2.600000000000000089e+00 1.683738335740324332e-02
2.609999999999999876e+00 1.683738335740324332e-02
2.620000000000000107e+00 1.683738335740324332e-02
2.629999999999999893e+00 1.683738335740324332e-02
2.640000000000000124e+00 1.683738335740324332e-02
2.649999999999999911e+00 1.683738335740324332e-02
2.660000000000000142e+00 1.683738335740324332e-02
2.669999999999999929e+00 1.683738335740324332e-02
2.680000000000000160e+00 1.683738335740324332e-02
2.689999999999999947e+00 1.683738335740324332e-02
2.700000000000000178e+00 1.683738335740324332e-02
2.709999999999999964e+00 1.683738335740324332e-02
2.720000000000000195e+00 1.683738335740324332e-02
2.729999999999999982e+00 1.683738335740324332e-02
2.740000000000000213e+00 1.683738335740324332e-02
2.750000000000000000e+00 1.683738335740324332e-02
2.759999999999999787e+00 1.683738335740324332e-02
2.770000000000000018e+00 1.683738335740324332e-02
2.779999999999999805e+00 1.683738335740324332e-02
2.790000000000000036e+00 1.683738335740324332e-02
2.799999999999999822e+00 1.683738335740324332e-02
2.810000000000000053e+00 1.683738335740324332e-02
2.819999999999999840e+00 1.683738335740324332e-02
2.830000000000000071e+00 1.683738335740324332e-02
2.839999999999999858e+00 1.683738335740324332e-02
2.850000000000000089e+00 1.683738335740324332e-02
2.859999999999999876e+00 1.683738335740324332e-02
2.870000000000000107e+00 1.683738335740324332e-02
2.879999999999999893e+00 1.683738335740324332e-02
2.890000000000000124e+00 1.683738335740324332e-02
2.899999999999999911e+00 1.683738335740324332e-02
2.910000000000000142e+00 1.683738335740324332e-02
2.919999999999999929e+00 1.683738335740324332e-02
2.930000000000000160e+00 1.683738335740324332e-02
2.939999999999999947e+00 1.683738335740324332e-02
2.950000000000000178e+00 1.683738335740324332e-02
2.959999999999999964e+00 1.683738335740324332e-02
2.970000000000000195e+00 1.683738335740324332e-02
2.979999999999999982e+00 1.683738335740324332e-02
2.990000000000000213e+00 1.683738335740324332e-02
3.000000000000000000e+00 1.683738335740324332e-02
3.009999999999999787e+00 1.683738335740324332e-02
3.020000000000000018e+00 1.683738335740324332e-02
3.029999999999999805e+00 1.683738335740324332e-02
3.040000000000000036e+00 1.683738335740324332e-02
3.049999999999999822e+00 1.683738335740324332e-02
3.060000000000000053e+00 1.683738335740324332e-02
3.069999999999999840e+00 1.683738335740324332e-02
3.080000000000000071e+00 1.683738335740324332e-02
3.089999999999999858e+00 1.683738335740324332e-02
3.100000000000000089e+00 1.683738335740324332e-02
3.109999999999999876e+00 1.683738335740324332e-02
3.120000000000000107e+00 1.683738335740324332e-02
3.129999999999999893e+00 1.683738335740324332e-02
3.140000000000000124e+00 1.683738335740324332e-02
3.149999999999999911e+00 1.683738335740324332e-02
3.160000000000000142e+00 1.683738335740324332e-02
3.169999999999999929e+00 1.683738335740324332e-02
3.180000000000000160e+00 1.683738335740324332e-02
3.189999999999999947e+00 1.683738335740324332e-02
3.200000000000000178e+00 1.683738335740324332e-02
3.209999999999999964e+00 1.683738335740324332e-02
3.220000000000000195e+00 1.683738335740324332e-02
3.229999999999999982e+00 1.683738335740324332e-02
3.240000000000000213e+00 1.683738335740324332e-02
3.250000000000000000e+00 1.683738335740324332e-02
3.259999999999999787e+00 1.683738335740324332e-02
3.270000000000000018e+00 1.683738335740324332e-02
3.279999999999999805e+00 1.683738335740324332e-02
3.290000000000000036e+00 1.683738335740324332e-02
3.299999999999999822e+00 1.683738335740324332e-02
3.310000000000000053e+00 1.683738335740324332e-02
3.319999999999999840e+00 1.683738335740324332e-02
3.330000000000000071e+00 1.683738335740324332e-02
3.339999999999999858e+00 1.683738335740324332e-02
3.350000000000000089e+00 1.683738335740324332e-02
3.359999999999999876e+00 1.683738335740324332e-02
3.370000000000000107e+00 1.683738335740324332e-02
3.379999999999999893e+00 1.683738335740324332e-02
3.390000000000000124e+00 1.683738335740324332e-02
3.399999999999999911e+00 1.683738335740324332e-02
3.410000000000000142e+00 1.683738335740324332e-02
3.419999999999999929e+00 1.683738335740324332e-02
3.430000000000000160e+00 1.683738335740324332e-02
3.439999999999999947e+00 1.683738335740324332e-02
3.450000000000000178e+00 1.683738335740324332e-02
3.459999999999999964e+00 1.683738335740324332e-02
3.470000000000000195e+00 1.683738335740324332e-02
3.479999999999999982e+00 1.683738335740324332e-02
3.490000000000000213e+00 1.683738335740324332e-02
3.500000000000000000e+00 1.683738335740324332e-02
3.509999999999999787e+00 1.683738335740324332e-02
3.520000000000000018e+00 1.683738335740324332e-02
3.529999999999999805e+00 1.683738335740324332e-02
3.540000000000000036e+00 1.683738335740324332e-02
3.549999999999999822e+00 1.683738335740324332e-02
3.560000000000000053e+00 1.683738335740324332e-02
3.569999999999999840e+00 1.683738335740324332e-02
3.580000000000000071e+00 1.683738335740324332e-02
3.589999999999999858e+00 1.683738335740324332e-02
3.600000000000000089e+00 1.683738335740324332e-02
3.609999999999999876e+00 1.683738335740324332e-02
3.620000000000000107e+00 1.683738335740324332e-02
3.629999999999999893e+00 1.683738335740324332e-02
3.640000000000000124e+00 1.683738335740324332e-02
3.649999999999999911e+00 1.683738335740324332e-02
3.660000000000000142e+00 1.683738335740324332e-02
3.669999999999999929e+00 1.683738335740324332e-02
3.680000000000000160e+00 1.683738335740324332e-02
3.689999999999999947e+00 1.683738335740324332e-02
3.700000000000000178e+00 1.683738335740324332e-02
3.709999999999999964e+00 1.683738335740324332e-02
3.720000000000000195e+00 1.683738335740324332e-02
3.729999999999999982e+00 1.683738335740324332e-02
3.740000000000000213e+00 1.683738335740324332e-02
3.750000000000000000e+00 1.683738335740324332e-02
3.759999999999999787e+00 1.683738335740324332e-02
3.770000000000000018e+00 1.683738335740324332e-02
3.779999999999999805e+00 1.683738335740324332e-02
3.790000000000000036e+00 1.683738335740324332e-02
3.799999999999999822e+00 1.683738335740324332e-02
3.810000000000000053e+00 1.683738335740324332e-02
3.819999999999999840e+00 1.683738335740324332e-02
3.830000000000000071e+00 1.683738335740324332e-02
3.839999999999999858e+00 1.683738335740324332e-02
3.850000000000000089e+00 1.683738335740324332e-02
3.859999999999999876e+00 1.683738335740324332e-02
3.870000000000000107e+00 1.683738335740324332e-02
3.879999999999999893e+00 1.683738335740324332e-02
3.890000000000000124e+00 1.683738335740324332e-02
3.899999999999999911e+00 1.683738335740324332e-02
3.910000000000000142e+00 1.683738335740324332e-02
3.919999999999999929e+00 1.683738335740324332e-02
3.930000000000000160e+00 1.683738335740324332e-02
3.939999999999999947e+00 1.683738335740324332e-02
3.950000000000000178e+00 1.683738335740324332e-02
3.959999999999999964e+00 1.683738335740324332e-02
3.970000000000000195e+00 1.683738335740324332e-02
3.979999999999999982e+00 1.683738335740324332e-02
3.990000000000000213e+00 1.683738335740324332e-02
4.000000000000000000e+00 1.683738335740324332e-02
4.009999999999999787e+00 1.683738335740324332e-02
4.019999999999999574e+00 1.683738335740324332e-02
4.030000000000000249e+00 1.683738335740324332e-02
4.040000000000000036e+00 1.683738335740324332e-02
4.049999999999999822e+00 1.683738335740324332e-02
4.059999999999999609e+00 1.683738335740324332e-02
4.070000000000000284e+00 1.683738335740324332e-02
4.080000000000000071e+00 1.683738335740324332e-02
4.089999999999999858e+00 1.683738335740324332e-02
4.099999999999999645e+00 1.683738335740324332e-02
4.110000000000000320e+00 1.683738335740324332e-02
4.120000000000000107e+00 1.683738335740324332e-02
4.129999999999999893e+00 1.683738335740324332e-02
4.139999999999999680e+00 1.683738335740324332e-02
4.150000000000000355e+00 1.683738335740324332e-02
4.160000000000000142e+00 1.683738335740324332e-02
4.169999999999999929e+00 1.683738335740324332e-02
4.179999999999999716e+00 1.683738335740324332e-02
4.190000000000000391e+00 1.683738335740324332e-02
4.200000000000000178e+00 1.683738335740324332e-02
4.209999999999999964e+00 1.683738335740324332e-02
4.219999999999999751e+00 1.683738335740324332e-02
4.230000000000000426e+00 1.683738335740324332e-02
4.240000000000000213e+00 1.683738335740324332e-02
4.250000000000000000e+00 1.683738335740324332e-02
4.259999999999999787e+00 1.683738335740324332e-02
4.269999999999999574e+00 1.683738335740324332e-02
4.280000000000000249e+00 1.683738335740324332e-02
4.290000000000000036e+00 1.683738335740324332e-02
4.299999999999999822e+00 1.683738335740324332e-02
4.309999999999999609e+00 1.683738335740324332e-02
4.320000000000000284e+00 1.683738335740324332e-02
4.330000000000000071e+00 1.683738335740324332e-02
4.339999999999999858e+00 1.683738335740324332e-02
4.349999999999999645e+00 1.683738335740324332e-02
4.360000000000000320e+00 1.683738335740324332e-02
4.370000000000000107e+00 1.683738335740324332e-02
4.379999999999999893e+00 1.683738335740324332e-02
4.389999999999999680e+00 1.683738335740324332e-02
4.400000000000000355e+00 1.683738335740324332e-02
4.410000000000000142e+00 1.683738335740324332e-02
4.419999999999999929e+00 1.683738335740324332e-02
4.429999999999999716e+00 1.683738335740324332e-02
4.440000000000000391e+00 1.683738335740324332e-02
4.450000000000000178e+00 1.683738335740324332e-02
4.459999999999999964e+00 1.683738335740324332e-02
4.469999999999999751e+00 1.683738335740324332e-02
4.480000000000000426e+00 1.683738335740324332e-02
4.490000000000000213e+00 1.683738335740324332e-02
4.500000000000000000e+00 1.683738335740324332e-02
4.509999999999999787e+00 1.683738335740324332e-02
4.519999999999999574e+00 1.683738335740324332e-02
4.530000000000000249e+00 1.683738335740324332e-02
4.540000000000000036e+00 1.683738335740324332e-02
4.549999999999999822e+00 1.683738335740324332e-02
4.559999999999999609e+00 1.683738335740324332e-02
4.570000000000000284e+00 1.683738335740324332e-02
4.580000000000000071e+00 1.683738335740324332e-02
4.589999999999999858e+00 1.683738335740324332e-02
4.599999999999999645e+00 1.683738335740324332e-02
4.610000000000000320e+00 1.683738335740324332e-02
4.620000000000000107e+00 1.683738335740324332e-02
4.629999999999999893e+00 1.683738335740324332e-02
4.639999999999999680e+00 1.683738335740324332e-02
4.650000000000000355e+00 1.683738335740324332e-02
4.660000000000000142e+00 1.683738335740324332e-02
4.669999999999999929e+00 1.683738335740324332e-02
4.679999999999999716e+00 1.683738335740324332e-02
4.690000000000000391e+00 1.683738335740324332e-02
4.700000000000000178e+00 1.683738335740324332e-02
4.709999999999999964e+00 1.683738335740324332e-02
4.719999999999999751e+00 1.683738335740324332e-02
4.730000000000000426e+00 1.683738335740324332e-02
4.740000000000000213e+00 1.683738335740324332e-02
4.750000000000000000e+00 1.683738335740324332e-02
4.759999999999999787e+00 1.683738335740324332e-02
4.769999999999999574e+00 1.683738335740324332e-02
4.780000000000000249e+00 1.683738335740324332e-02
4.790000000000000036e+00 1.683738335740324332e-02
4.799999999999999822e+00 1.683738335740324332e-02
4.809999999999999609e+00 1.683738335740324332e-02
4.820000000000000284e+00 1.683738335740324332e-02
4.830000000000000071e+00 1.683738335740324332e-02
4.839999999999999858e+00 1.683738335740324332e-02
4.849999999999999645e+00 1.683738335740324332e-02
4.860000000000000320e+00 1.683738335740324332e-02
4.870000000000000107e+00 1.683738335740324332e-02
4.879999999999999893e+00 1.683738335740324332e-02
4.889999999999999680e+00 1.683738335740324332e-02
4.900000000000000355e+00 1.683738335740324332e-02
4.910000000000000142e+00 1.683738335740324332e-02
4.919999999999999929e+00 1.683738335740324332e-02
4.929999999999999716e+00 1.683738335740324332e-02
4.940000000000000391e+00 1.683738335740324332e-02
4.950000000000000178e+00 1.683738335740324332e-02
4.959999999999999964e+00 1.683738335740324332e-02
4.969999999999999751e+00 1.683738335740324332e-02
4.980000000000000426e+00 1.683738335740324332e-02
4.990000000000000213e+00 1.683738335740324332e-02
5.000000000000000000e+00 1.683738335740324332e-02
5.009999999999999787e+00 1.683738335740324332e-02
5.019999999999999574e+00 1.683738335740324332e-02
5.030000000000000249e+00 1.683738335740324332e-02
5.040000000000000036e+00 1.683738335740324332e-02
5.049999999999999822e+00 1.683738335740324332e-02
5.059999999999999609e+00 1.683738335740324332e-02
5.070000000000000284e+00 1.683738335740324332e-02
5.080000000000000071e+00 1.683738335740324332e-02
5.089999999999999858e+00 1.683738335740324332e-02
5.099999999999999645e+00 1.683738335740324332e-02
5.110000000000000320e+00 1.683738335740324332e-02
5.120000000000000107e+00 1.683738335740324332e-02
5.129999999999999893e+00 1.683738335740324332e-02
5.139999999999999680e+00 1.683738335740324332e-02
5.150000000000000355e+00 1.683738335740324332e-02
5.160000000000000142e+00 1.683738335740324332e-02
5.169999999999999929e+00 1.683738335740324332e-02
5.179999999999999716e+00 1.683738335740324332e-02
5.190000000000000391e+00 1.683738335740324332e-02
5.200000000000000178e+00 1.683738335740324332e-02
5.209999999999999964e+00 1.683738335740324332e-02
5.219999999999999751e+00 1.683738335740324332e-02
5.230000000000000426e+00 1.683738335740324332e-02
5.240000000000000213e+00 1.683738335740324332e-02
5.250000000000000000e+00 1.683738335740324332e-02
5.259999999999999787e+00 1.683738335740324332e-02
5.269999999999999574e+00 1.683738335740324332e-02
5.280000000000000249e+00 1.683738335740324332e-02
5.290000000000000036e+00 1.683738335740324332e-02
5.299999999999999822e+00 1.683738335740324332e-02
5.309999999999999609e+00 1.683738335740324332e-02
5.320000000000000284e+00 1.683738335740324332e-02
5.330000000000000071e+00 1.683738335740324332e-02
5.339999999999999858e+00 1.683738335740324332e-02
5.349999999999999645e+00 1.683738335740324332e-02
5.360000000000000320e+00 1.683738335740324332e-02
5.370000000000000107e+00 1.683738335740324332e-02
5.379999999999999893e+00 1.683738335740324332e-02
5.389999999999999680e+00 1.683738335740324332e-02
5.400000000000000355e+00 1.683738335740324332e-02
5.410000000000000142e+00 1.683738335740324332e-02
5.419999999999999929e+00 1.683738335740324332e-02
5.429999999999999716e+00 1.683738335740324332e-02
5.440000000000000391e+00 1.683738335740324332e-02
5.450000000000000178e+00 1.683738335740324332e-02
5.459999999999999964e+00 1.683738335740324332e-02
5.469999999999999751e+00 1.683738335740324332e-02
5.480000000000000426e+00 1.683738335740324332e-02
5.490000000000000213e+00 1.683738335740324332e-02
5.500000000000000000e+00 1.683738335740324332e-02
5.509999999999999787e+00 1.683738335740324332e-02
5.519999999999999574e+00 1.683738335740324332e-02
5.530000000000000249e+00 1.683738335740324332e-02
5.540000000000000036e+00 1.683738335740324332e-02
5.549999999999999822e+00 1.683738335740324332e-02
5.559999999999999609e+00 1.683738335740324332e-02
5.570000000000000284e+00 1.683738335740324332e-02
5.580000000000000071e+00 1.683738335740324332e-02
5.589999999999999858e+00 1.683738335740324332e-02
5.599999999999999645e+00 1.683738335740324332e-02
5.610000000000000320e+00 1.683738335740324332e-02
5.620000000000000107e+00 1.683738335740324332e-02
5.629999999999999893e+00 1.683738335740324332e-02
5.639999999999999680e+00 1.683738335740324332e-02
5.650000000000000355e+00 1.683738335740324332e-02
5.660000000000000142e+00 1.683738335740324332e-02
5.669999999999999929e+00 1.683738335740324332e-02
5.679999999999999716e+00 1.683738335740324332e-02
5.690000000000000391e+00 1.683738335740324332e-02
5.700000000000000178e+00 1.683738335740324332e-02
5.709999999999999964e+00 1.683738335740324332e-02
5.719999999999999751e+00 1.683738335740324332e-02
5.730000000000000426e+00 1.683738335740324332e-02
5.740000000000000213e+00 1.683738335740324332e-02
5.750000000000000000e+00 1.683738335740324332e-02
5.759999999999999787e+00 1.683738335740324332e-02
5.769999999999999574e+00 1.683738335740324332e-02
5.780000000000000249e+00 1.683738335740324332e-02
5.790000000000000036e+00 1.683738335740324332e-02
5.799999999999999822e+00 1.683738335740324332e-02
5.809999999999999609e+00 1.683738335740324332e-02
5.820000000000000284e+00 1.683738335740324332e-02
5.830000000000000071e+00 1.683738335740324332e-02
5.839999999999999858e+00 1.683738335740324332e-02
5.849999999999999645e+00 1.683738335740324332e-02
5.860000000000000320e+00 1.683738335740324332e-02
5.870000000000000107e+00 1.683738335740324332e-02
5.879999999999999893e+00 1.683738335740324332e-02
5.889999999999999680e+00 1.683738335740324332e-02
5.900000000000000355e+00 1.683738335740324332e-02
5.910000000000000142e+00 1.683738335740324332e-02
5.919999999999999929e+00 1.683738335740324332e-02
5.929999999999999716e+00 1.683738335740324332e-02
5.940000000000000391e+00 1.683738335740324332e-02
5.950000000000000178e+00 1.683738335740324332e-02
5.959999999999999964e+00 1.683738335740324332e-02
5.969999999999999751e+00 1.683738335740324332e-02
5.980000000000000426e+00 1.683738335740324332e-02
5.990000000000000213e+00 1.683738335740324332e-02
6.000000000000000000e+00 1.683738335740324332e-02
6.200000000000000178e+00 1.683738335740324332e-02
6.400000000000000355e+00 1.683738335740324332e-02
6.599999999999999645e+00 1.683738335740324332e-02
6.799999999999999822e+00 1.683738335740324332e-02
7.000000000000000000e+00 0.000000000000000000e+00
