0.000000000000000000e+00 0.000000000000000000e+00
1.000000000000000021e-02 1.415698111051474743e-02
2.000000000000000042e-02 1.415698111051474743e-02
2.999999999999999889e-02 1.415698111051474743e-02
4.000000000000000083e-02 1.415698111051474743e-02
5.000000000000000278e-02 1.415698111051474743e-02
5.999999999999999778e-02 1.415698111051474743e-02
7.000000000000000666e-02 1.415698111051474743e-02
8.000000000000000167e-02 1.415698111051474743e-02
8.999999999999999667e-02 1.415698111051474743e-02
1.000000000000000056e-01 1.415698111051474743e-02
1.100000000000000006e-01 1.415698111051474743e-02
1.199999999999999956e-01 1.415698111051474743e-02
1.300000000000000044e-01 1.415698111051474743e-02
1.400000000000000133e-01 1.415698111051474743e-02
1.499999999999999944e-01 1.415698111051474743e-02
1.600000000000000033e-01 1.415698111051474743e-02
1.700000000000000122e-01 1.415698111051474743e-02
1.799999999999999933e-01 1.415698111051474743e-02
1.900000000000000022e-01 1.415698111051474743e-02
2.000000000000000111e-01 1.415698111051474743e-02
2.099999999999999922e-01 1.415698111051474743e-02
2.200000000000000011e-01 1.415698111051474743e-02
2.300000000000000100e-01 1.415698111051474743e-02
2.399999999999999911e-01 1.415698111051474743e-02
2.500000000000000000e-01 1.415698111051474743e-02
2.600000000000000089e-01 1.415698111051474743e-02
2.700000000000000178e-01 1.415698111051474743e-02
2.800000000000000266e-01 1.415698111051474743e-02
2.899999999999999800e-01 1.415698111051474743e-02
2.999999999999999889e-01 1.415698111051474743e-02
3.099999999999999978e-01 1.415698111051474743e-02
3.200000000000000067e-01 1.415698111051474743e-02
3.300000000000000155e-01 1.415698111051474743e-02
3.400000000000000244e-01 1.415698111051474743e-02
3.499999999999999778e-01 1.415698111051474743e-02
3.599999999999999867e-01 1.415698111051474743e-02
3.699999999999999956e-01 1.415698111051474743e-02
3.800000000000000044e-01 1.415698111051474743e-02
3.900000000000000133e-01 1.415698111051474743e-02
4.000000000000000222e-01 1.415698111051474743e-02
4.099999999999999756e-01 1.415698111051474743e-02
4.199999999999999845e-01 1.415698111051474743e-02
4.299999999999999933e-01 1.415698111051474743e-02
4.400000000000000022e-01 1.415698111051474743e-02
4.500000000000000111e-01 1.415698111051474743e-02
4.600000000000000200e-01 1.415698111051474743e-02
4.699999999999999734e-01 1.415698111051474743e-02
4.799999999999999822e-01 1.415698111051474743e-02
4.899999999999999911e-01 1.415698111051474743e-02
5.000000000000000000e-01 1.415698111051474743e-02
5.100000000000000089e-01 1.415698111051474743e-02
5.200000000000000178e-01 1.415698111051474743e-02
5.300000000000000266e-01 1.415698111051474743e-02
5.400000000000000355e-01 1.415698111051474743e-02
5.500000000000000444e-01 1.415698111051474743e-02
5.600000000000000533e-01 1.415698111051474743e-02
5.699999999999999512e-01 1.415698111051474743e-02
5.799999999999999600e-01 1.415698111051474743e-02
5.899999999999999689e-01 1.415698111051474743e-02
5.999999999999999778e-01 1.415698111051474743e-02
6.099999999999999867e-01 1.415698111051474743e-02
6.199999999999999956e-01 1.415698111051474743e-02
6.300000000000000044e-01 1.415698111051474743e-02
6.400000000000000133e-01 1.415698111051474743e-02
6.500000000000000222e-01 1.415698111051474743e-02
6.600000000000000311e-01 1.415698111051474743e-02
6.700000000000000400e-01 1.415698111051474743e-02
6.800000000000000488e-01 1.415698111051474743e-02
6.899999999999999467e-01 1.415698111051474743e-02
6.999999999999999556e-01 1.415698111051474743e-02
7.099999999999999645e-01 1.415698111051474743e-02
7.199999999999999734e-01 1.415698111051474743e-02
7.299999999999999822e-01 1.415698111051474743e-02
7.399999999999999911e-01 1.415698111051474743e-02
7.500000000000000000e-01 1.415698111051474743e-02
7.600000000000000089e-01 1.415698111051474743e-02
7.700000000000000178e-01 1.415698111051474743e-02
7.800000000000000266e-01 1.415698111051474743e-02
7.900000000000000355e-01 1.415698111051474743e-02
8.000000000000000444e-01 1.415698111051474743e-02
8.100000000000000533e-01 1.415698111051474743e-02
8.199999999999999512e-01 1.415698111051474743e-02
8.299999999999999600e-01 1.415698111051474743e-02
8.399999999999999689e-01 1.415698111051474743e-02
8.499999999999999778e-01 1.415698111051474743e-02
8.599999999999999867e-01 1.415698111051474743e-02
8.699999999999999956e-01 1.415698111051474743e-02
8.800000000000000044e-01 1.415698111051474743e-02
8.900000000000000133e-01 1.415698111051474743e-02
9.000000000000000222e-01 1.415698111051474743e-02
9.100000000000000311e-01 1.415698111051474743e-02
9.200000000000000400e-01 1.415698111051474743e-02
9.300000000000000488e-01 1.415698111051474743e-02
9.399999999999999467e-01 1.415698111051474743e-02
9.499999999999999556e-01 1.415698111051474743e-02
9.599999999999999645e-01 1.415698111051474743e-02
9.699999999999999734e-01 1.415698111051474743e-02
9.799999999999999822e-01 1.415698111051474743e-02
9.899999999999999911e-01 1.415698111051474743e-02
1.000000000000000000e+00 1.415698111051474743e-02
1.010000000000000009e+00 1.415698111051474743e-02
1.020000000000000018e+00 1.415698111051474743e-02
1.030000000000000027e+00 1.415698111051474743e-02
1.040000000000000036e+00 1.415698111051474743e-02
1.050000000000000044e+00 1.415698111051474743e-02
1.060000000000000053e+00 1.415698111051474743e-02
1.070000000000000062e+00 1.415698111051474743e-02
1.080000000000000071e+00 1.415698111051474743e-02
1.090000000000000080e+00 1.415698111051474743e-02
1.100000000000000089e+00 1.415698111051474743e-02
1.110000000000000098e+00 1.415698111051474743e-02
1.120000000000000107e+00 1.415698111051474743e-02
1.129999999999999893e+00 1.415698111051474743e-02
1.139999999999999902e+00 1.415698111051474743e-02
1.149999999999999911e+00 1.415698111051474743e-02
1.159999999999999920e+00 1.415698111051474743e-02
1.169999999999999929e+00 1.415698111051474743e-02
1.179999999999999938e+00 1.415698111051475611e-02
1.189999999999999947e+00 1.415698111051486192e-02
1.199999999999999956e+00 1.415698111051585766e-02
1.209999999999999964e+00 1.415698111052380963e-02
1.219999999999999973e+00 1.415698111057794167e-02
1.229999999999999982e+00 1.415698111089132641e-02
1.239999999999999991e+00 1.415698111243565011e-02
1.250000000000000000e+00 1.415698111892079933e-02
1.260000000000000009e+00 1.415698114216731168e-02
1.270000000000000018e+00 1.415698121347255811e-02
1.280000000000000027e+00 1.415698140129507433e-02
1.290000000000000036e+00 1.415698182831372220e-02
1.300000000000000044e+00 1.415698267237439599e-02
1.310000000000000053e+00 1.415698413766922070e-02
1.320000000000000062e+00 1.415698640206660731e-02
1.330000000000000071e+00 1.415698956934689778e-02
1.340000000000000080e+00 1.415699365397779866e-02
1.350000000000000089e+00 1.415699859745442844e-02
1.360000000000000098e+00 1.415700428719200189e-02
1.370000000000000107e+00 1.415701054219983303e-02
1.379999999999999893e+00 1.415701704443626981e-02
1.389999999999999902e+00 1.415702324223981276e-02
1.399999999999999911e+00 1.415702833078925221e-02
1.409999999999999920e+00 1.415703143699516275e-02
1.419999999999999929e+00 1.415703199813315646e-02
1.429999999999999938e+00 1.415703010110682530e-02
1.439999999999999947e+00 1.415702649454224880e-02
1.449999999999999956e+00 1.415702221836249650e-02
1.459999999999999964e+00 1.415701810618399947e-02
1.469999999999999973e+00 1.415701449743924159e-02
1.479999999999999982e+00 1.415701129402474612e-02
1.489999999999999991e+00 1.415700823122694255e-02
1.500000000000000000e+00 1.415700512979555306e-02
1.510000000000000009e+00 1.415700198497686982e-02
1.520000000000000018e+00 1.415699890378137316e-02
1.530000000000000027e+00 1.415699599479480937e-02
1.540000000000000036e+00 1.415699330593638700e-02
1.550000000000000044e+00 1.415699083680694789e-02
1.560000000000000053e+00 1.415698858909696274e-02
1.570000000000000062e+00 1.415698660076234079e-02
1.580000000000000071e+00 1.415698493637805762e-02
1.590000000000000080e+00 1.415698364728160130e-02
1.600000000000000089e+00 1.415698273685002395e-02
1.610000000000000098e+00 1.415698215572937235e-02
1.620000000000000107e+00 1.415698182480036246e-02
1.629999999999999893e+00 1.415698166581628309e-02
1.639999999999999902e+00 1.415698162163327167e-02
1.649999999999999911e+00 1.415698166065042576e-02
1.659999999999999920e+00 1.415698176994130766e-02
1.669999999999999929e+00 1.415698194393066010e-02
1.679999999999999938e+00 1.415698217379419976e-02
1.689999999999999947e+00 1.415698244103340102e-02
1.699999999999999956e+00 1.415698271754622928e-02
1.709999999999999964e+00 1.415698297273498309e-02
1.719999999999999973e+00 1.415698318552507592e-02
1.729999999999999982e+00 1.415698335724207592e-02
1.739999999999999991e+00 1.415698352181515157e-02
1.750000000000000000e+00 1.415698375212942790e-02
1.760000000000000009e+00 1.415698416273964387e-02
1.770000000000000018e+00 1.415698490824962748e-02
1.780000000000000027e+00 1.415698617676575816e-02
1.790000000000000036e+00 1.415698818327136219e-02
1.800000000000000044e+00 1.415699117512602724e-02
1.810000000000000053e+00 1.415699546087762981e-02
1.820000000000000062e+00 1.415700146363131108e-02
1.830000000000000071e+00 1.415700979501807386e-02
1.840000000000000080e+00 1.415702134394034896e-02
1.850000000000000089e+00 1.415703735160668032e-02
1.860000000000000098e+00 1.415705943128080409e-02
1.870000000000000107e+00 1.415708963380788755e-02
1.879999999999999893e+00 1.415713108151579920e-02
1.889999999999999902e+00 1.415719025215787276e-02
1.899999999999999911e+00 1.415728237000750747e-02
1.909999999999999920e+00 1.415744166043968015e-02
1.919999999999999929e+00 1.415773954533086458e-02
1.929999999999999938e+00 1.415831774365172539e-02
1.939999999999999947e+00 1.415944963756179086e-02
1.949999999999999956e+00 1.416164841093339039e-02
1.959999999999999964e+00 1.416583764992001421e-02
1.969999999999999973e+00 1.417358517169069534e-02
1.979999999999999982e+00 1.418738134725881957e-02
1.989999999999999991e+00 1.421094464268251104e-02
2.000000000000000000e+00 1.424959190144617187e-02
2.009999999999999787e+00 1.431081499329382202e-02
2.020000000000000018e+00 1.440526636935774221e-02
2.029999999999999805e+00 1.454821631005115065e-02
2.040000000000000036e+00 1.476113318078816489e-02
2.049999999999999822e+00 1.507252123006965795e-02
2.060000000000000053e+00 1.551687919032596584e-02
2.069999999999999840e+00 1.613095955801583173e-02
2.080000000000000071e+00 1.694762790006253822e-02
2.089999999999999858e+00 1.798937659001189834e-02
2.100000000000000089e+00 1.926481037389917231e-02
2.109999999999999876e+00 2.077026540920511033e-02
2.120000000000000107e+00 2.249452882598776404e-02
2.129999999999999893e+00 2.442046799499059465e-02
2.140000000000000124e+00 2.651897018623277508e-02
2.149999999999999911e+00 2.874085660447357055e-02
2.160000000000000142e+00 3.102537321773054385e-02
2.169999999999999929e+00 3.334385133941854262e-02
2.180000000000000160e+00 3.577018517494810756e-02
2.189999999999999947e+00 3.852535036122253786e-02
2.200000000000000178e+00 4.192385536798017009e-02
2.209999999999999964e+00 4.619932429001775975e-02
2.220000000000000195e+00 5.128947626337023585e-02
2.229999999999999982e+00 5.673020507604847884e-02
2.240000000000000213e+00 6.176146938580635154e-02
2.250000000000000000e+00 6.560451866203878546e-02
2.259999999999999787e+00 6.774997796186382759e-02
2.270000000000000018e+00 6.809972377510525865e-02
2.279999999999999805e+00 6.691516853134621412e-02
2.290000000000000036e+00 6.463915419965998721e-02
2.299999999999999822e+00 6.170250921577580955e-02
2.310000000000000053e+00 5.840220192361826601e-02
2.319999999999999840e+00 5.488738389398059581e-02
2.330000000000000071e+00 5.124003043341632258e-02
2.339999999999999858e+00 4.759686198407240415e-02
2.350000000000000089e+00 4.423958932297692576e-02
2.359999999999999876e+00 4.159959395971617180e-02
2.370000000000000107e+00 4.018478132581492640e-02
2.379999999999999893e+00 4.050703375164117076e-02
2.390000000000000124e+00 4.311594001913476165e-02
2.399999999999999911e+00 4.881327861142048530e-02
2.410000000000000142e+00 5.907829618440123276e-02
2.419999999999999929e+00 7.672869983751599843e-02
2.430000000000000160e+00 1.068732723455450839e-01
2.439999999999999947e+00 1.582278929151047231e-01
2.450000000000000178e+00 2.448342947846748607e-01
2.459999999999999964e+00 3.881600020889895974e-01
2.470000000000000195e+00 6.194405351688219152e-01
2.479999999999999982e+00 9.816450374110481381e-01
2.490000000000000213e+00 1.529008937749620323e+00
2.500000000000000000e+00 2.319605023070101968e+00
2.509999999999999787e+00 3.394939066698000829e+00
2.520000000000000018e+00 4.744634274255506767e+00
2.529999999999999805e+00 6.267164486650503186e+00
2.540000000000000036e+00 7.753431088146549577e+00
2.549999999999999822e+00 8.921671900203651973e+00
2.560000000000000053e+00 9.506351482040004797e+00
2.569999999999999840e+00 9.362611319411723088e+00
2.580000000000000071e+00 8.527170165971355686e+00
2.589999999999999858e+00 7.199726648544460872e+00
2.600000000000000089e+00 5.658978715871374021e+00
2.609999999999999876e+00 4.163474986350592211e+00
2.620000000000000107e+00 2.885478834138831328e+00
2.629999999999999893e+00 1.895925500533071961e+00
2.640000000000000124e+00 1.187778327812926138e+00
2.649999999999999911e+00 7.125755468199121978e-01
2.660000000000000142e+00 4.106985549935337487e-01
2.669999999999999929e+00 2.284176802929606953e-01
2.680000000000000160e+00 1.239058516096712692e-01
2.689999999999999947e+00 6.725551847984746756e-02
2.700000000000000178e+00 3.837152696789485062e-02
2.709999999999999964e+00 2.456428709938713803e-02
2.720000000000000195e+00 1.837809221593643058e-02
2.729999999999999982e+00 1.577461174642873221e-02
2.740000000000000213e+00 1.474257617371755279e-02
2.750000000000000000e+00 1.435679734568152781e-02
2.759999999999999787e+00 1.422102701251732638e-02
2.770000000000000018e+00 1.417620214239877566e-02
2.779999999999999805e+00 1.416237337011182901e-02
2.790000000000000036e+00 1.415839632749508505e-02
2.799999999999999822e+00 1.415732983744209111e-02
2.810000000000000053e+00 1.415706230024364569e-02
2.819999999999999840e+00 1.415699913339975649e-02
2.830000000000000071e+00 1.415698497340085391e-02
2.839999999999999858e+00 1.415698192393309053e-02
2.850000000000000089e+00 1.415698128265532527e-02
2.859999999999999876e+00 1.415698114804572923e-02
2.870000000000000107e+00 1.415698111912702846e-02
2.879999999999999893e+00 1.415698111263725446e-02
2.890000000000000124e+00 1.415698111109701257e-02
2.899999999999999911e+00 1.415698111070392423e-02
2.910000000000000142e+00 1.415698111059146905e-02
2.919999999999999929e+00 1.415698111055302931e-02
2.930000000000000160e+00 1.415698111053669515e-02
2.939999999999999947e+00 1.415698111052826093e-02
2.950000000000000178e+00 1.415698111052327186e-02
2.959999999999999964e+00 1.415698111052008691e-02
2.970000000000000195e+00 1.415698111051799483e-02
2.979999999999999982e+00 1.415698111051664522e-02
2.990000000000000213e+00 1.415698111051580735e-02
3.000000000000000000e+00 1.415698111051531642e-02
3.009999999999999787e+00 1.415698111051504754e-02
3.020000000000000018e+00 1.415698111051490356e-02
3.029999999999999805e+00 1.415698111051482896e-02
3.040000000000000036e+00 1.415698111051479080e-02
3.049999999999999822e+00 1.415698111051476825e-02
3.060000000000000053e+00 1.415698111051475958e-02
3.069999999999999840e+00 1.415698111051475264e-02
3.080000000000000071e+00 1.415698111051475090e-02
3.089999999999999858e+00 1.415698111051474743e-02
3.100000000000000089e+00 1.415698111051474743e-02
3.109999999999999876e+00 1.415698111051474743e-02
3.120000000000000107e+00 1.415698111051474743e-02
3.129999999999999893e+00 1.415698111051474743e-02
3.140000000000000124e+00 1.415698111051474743e-02
3.149999999999999911e+00 1.415698111051474743e-02
3.160000000000000142e+00 1.415698111051474743e-02
3.169999999999999929e+00 1.415698111051474743e-02
3.180000000000000160e+00 1.415698111051474743e-02
3.189999999999999947e+00 1.415698111051474743e-02
3.200000000000000178e+00 1.415698111051474743e-02
3.209999999999999964e+00 1.415698111051474743e-02
3.220000000000000195e+00 1.415698111051474743e-02
3.229999999999999982e+00 1.415698111051474743e-02
3.240000000000000213e+00 1.415698111051474743e-02
3.250000000000000000e+00 1.415698111051474743e-02
3.259999999999999787e+00 1.415698111051474743e-02
3.270000000000000018e+00 1.415698111051474743e-02
3.279999999999999805e+00 1.415698111051474743e-02
3.290000000000000036e+00 1.415698111051474743e-02
3.299999999999999822e+00 1.415698111051474743e-02
3.310000000000000053e+00 1.415698111051474743e-02
3.319999999999999840e+00 1.415698111051474743e-02
3.330000000000000071e+00 1.415698111051474743e-02
3.339999999999999858e+00 1.415698111051474743e-02
3.350000000000000089e+00 1.415698111051474743e-02
3.359999999999999876e+00 1.415698111051474743e-02
3.370000000000000107e+00 1.415698111051474743e-02
3.379999999999999893e+00 1.415698111051474743e-02
3.390000000000000124e+00 1.415698111051474743e-02
3.399999999999999911e+00 1.415698111051474743e-02
3.410000000000000142e+00 1.415698111051474743e-02
3.419999999999999929e+00 1.415698111051474743e-02
3.430000000000000160e+00 1.415698111051474743e-02
3.439999999999999947e+00 1.415698111051474743e-02
3.450000000000000178e+00 1.415698111051474743e-02
3.459999999999999964e+00 1.415698111051474743e-02
3.470000000000000195e+00 1.415698111051474743e-02
3.479999999999999982e+00 1.415698111051474743e-02
3.490000000000000213e+00 1.415698111051474743e-02
3.500000000000000000e+00 1.415698111051474743e-02
3.509999999999999787e+00 1.415698111051474743e-02
3.520000000000000018e+00 1.415698111051474743e-02
3.529999999999999805e+00 1.415698111051474743e-02
3.540000000000000036e+00 1.415698111051474743e-02
3.549999999999999822e+00 1.415698111051474743e-02
3.560000000000000053e+00 1.415698111051474743e-02
3.569999999999999840e+00 1.415698111051474743e-02
3.580000000000000071e+00 1.415698111051474743e-02
3.589999999999999858e+00 1.415698111051474743e-02
3.600000000000000089e+00 1.415698111051474743e-02
3.609999999999999876e+00 1.415698111051474743e-02
3.620000000000000107e+00 1.415698111051474743e-02
3.629999999999999893e+00 1.415698111051474743e-02
3.640000000000000124e+00 1.415698111051474743e-02
3.649999999999999911e+00 1.415698111051474743e-02
3.660000000000000142e+00 1.415698111051474743e-02
3.669999999999999929e+00 1.415698111051474743e-02
3.680000000000000160e+00 1.415698111051474743e-02
3.689999999999999947e+00 1.415698111051474743e-02
3.700000000000000178e+00 1.415698111051474743e-02
3.709999999999999964e+00 1.415698111051474743e-02
3.720000000000000195e+00 1.415698111051474743e-02
3.729999999999999982e+00 1.415698111051474743e-02
3.740000000000000213e+00 1.415698111051474743e-02
3.750000000000000000e+00 1.415698111051474743e-02
3.759999999999999787e+00 1.415698111051474743e-02
3.770000000000000018e+00 1.415698111051474743e-02
3.779999999999999805e+00 1.415698111051474743e-02
3.790000000000000036e+00 1.415698111051474743e-02
3.799999999999999822e+00 1.415698111051474743e-02
3.810000000000000053e+00 1.415698111051474743e-02
3.819999999999999840e+00 1.415698111051474743e-02
3.830000000000000071e+00 1.415698111051474743e-02
3.839999999999999858e+00 1.415698111051474743e-02
3.850000000000000089e+00 1.415698111051474743e-02
3.859999999999999876e+00 1.415698111051474743e-02
3.870000000000000107e+00 1.415698111051474743e-02
3.879999999999999893e+00 1.415698111051474743e-02
3.890000000000000124e+00 1.415698111051474743e-02
3.899999999999999911e+00 1.415698111051474743e-02
3.910000000000000142e+00 1.415698111051474743e-02
3.919999999999999929e+00 1.415698111051474743e-02
3.930000000000000160e+00 1.415698111051474743e-02
3.939999999999999947e+00 1.415698111051474743e-02
3.950000000000000178e+00 1.415698111051474743e-02
3.959999999999999964e+00 1.415698111051474743e-02
3.970000000000000195e+00 1.415698111051474743e-02
3.979999999999999982e+00 1.415698111051474743e-02
3.990000000000000213e+00 1.415698111051474743e-02
4.000000000000000000e+00 1.415698111051474743e-02
4.009999999999999787e+00 1.415698111051474743e-02
4.019999999999999574e+00 1.415698111051474743e-02
4.030000000000000249e+00 1.415698111051474743e-02
4.040000000000000036e+00 1.415698111051474743e-02
4.049999999999999822e+00 1.415698111051474743e-02
4.059999999999999609e+00 1.415698111051474743e-02
4.070000000000000284e+00 1.415698111051474743e-02
4.080000000000000071e+00 1.415698111051474743e-02
4.089999999999999858e+00 1.415698111051474743e-02
4.099999999999999645e+00 1.415698111051474743e-02
4.110000000000000320e+00 1.415698111051474743e-02
4.120000000000000107e+00 1.415698111051474743e-02
4.129999999999999893e+00 1.415698111051474743e-02
4.139999999999999680e+00 1.415698111051474743e-02
4.150000000000000355e+00 1.415698111051474743e-02
4.160000000000000142e+00 1.415698111051474743e-02
4.169999999999999929e+00 1.415698111051474743e-02
4.179999999999999716e+00 1.415698111051474743e-02
4.190000000000000391e+00 1.415698111051474743e-02
4.200000000000000178e+00 1.415698111051474743e-02
4.209999999999999964e+00 1.415698111051474743e-02
4.219999999999999751e+00 1.415698111051474743e-02
4.230000000000000426e+00 1.415698111051474743e-02
4.240000000000000213e+00 1.415698111051474743e-02
4.250000000000000000e+00 1.415698111051474743e-02
4.259999999999999787e+00 1.415698111051474743e-02
4.269999999999999574e+00 1.415698111051474743e-02
4.280000000000000249e+00 1.415698111051474743e-02
4.290000000000000036e+00 1.415698111051474743e-02
4.299999999999999822e+00 1.415698111051474743e-02
4.309999999999999609e+00 1.415698111051474743e-02
4.320000000000000284e+00 1.415698111051474743e-02
4.330000000000000071e+00 1.415698111051474743e-02
4.339999999999999858e+00 1.415698111051474743e-02
4.349999999999999645e+00 1.415698111051474743e-02
4.360000000000000320e+00 1.415698111051474743e-02
4.370000000000000107e+00 1.415698111051474743e-02
4.379999999999999893e+00 1.415698111051474743e-02
4.389999999999999680e+00 1.415698111051474743e-02
4.400000000000000355e+00 1.415698111051474743e-02
4.410000000000000142e+00 1.415698111051474743e-02
4.419999999999999929e+00 1.415698111051474743e-02
4.429999999999999716e+00 1.415698111051474743e-02
4.440000000000000391e+00 1.415698111051474743e-02
4.450000000000000178e+00 1.415698111051474743e-02
4.459999999999999964e+00 1.415698111051474743e-02
4.469999999999999751e+00 1.415698111051474743e-02
4.480000000000000426e+00 1.415698111051474743e-02
4.490000000000000213e+00 1.415698111051474743e-02
4.500000000000000000e+00 1.415698111051474743e-02
4.509999999999999787e+00 1.415698111051474743e-02
4.519999999999999574e+00 1.415698111051474743e-02
4.530000000000000249e+00 1.415698111051474743e-02
4.540000000000000036e+00 1.415698111051474743e-02
4.549999999999999822e+00 1.415698111051474743e-02
4.559999999999999609e+00 1.415698111051474743e-02
4.570000000000000284e+00 1.415698111051474743e-02
4.580000000000000071e+00 1.415698111051474743e-02
4.589999999999999858e+00 1.415698111051474743e-02
4.599999999999999645e+00 1.415698111051474743e-02
4.610000000000000320e+00 1.415698111051474743e-02
4.620000000000000107e+00 1.415698111051474743e-02
4.629999999999999893e+00 1.415698111051474743e-02
4.639999999999999680e+00 1.415698111051474743e-02
4.650000000000000355e+00 1.415698111051474743e-02
4.660000000000000142e+00 1.415698111051474743e-02
4.669999999999999929e+00 1.415698111051474743e-02
4.679999999999999716e+00 1.415698111051474743e-02
4.690000000000000391e+00 1.415698111051474743e-02
4.700000000000000178e+00 1.415698111051474743e-02
4.709999999999999964e+00 1.415698111051474743e-02
4.719999999999999751e+00 1.415698111051474743e-02
4.730000000000000426e+00 1.415698111051474743e-02
4.740000000000000213e+00 1.415698111051474743e-02
4.750000000000000000e+00 1.415698111051474743e-02
4.759999999999999787e+00 1.415698111051474743e-02
4.769999999999999574e+00 1.415698111051474743e-02
4.780000000000000249e+00 1.415698111051474743e-02
4.790000000000000036e+00 1.415698111051474743e-02
4.799999999999999822e+00 1.415698111051474743e-02
4.809999999999999609e+00 1.415698111051474743e-02
4.820000000000000284e+00 1.415698111051474743e-02
4.830000000000000071e+00 1.415698111051474743e-02
4.839999999999999858e+00 1.415698111051474743e-02
4.849999999999999645e+00 1.415698111051474743e-02
4.860000000000000320e+00 1.415698111051474743e-02
4.870000000000000107e+00 1.415698111051474743e-02
4.879999999999999893e+00 1.415698111051474743e-02
4.889999999999999680e+00 1.415698111051474743e-02
4.900000000000000355e+00 1.415698111051474743e-02
4.910000000000000142e+00 1.415698111051474743e-02
4.919999999999999929e+00 1.415698111051474743e-02
4.929999999999999716e+00 1.415698111051474743e-02
4.940000000000000391e+00 1.415698111051474743e-02
4.950000000000000178e+00 1.415698111051474743e-02
4.959999999999999964e+00 1.415698111051474743e-02
4.969999999999999751e+00 1.415698111051474743e-02
4.980000000000000426e+00 1.415698111051474743e-02
4.990000000000000213e+00 1.415698111051474743e-02
5.000000000000000000e+00 1.415698111051474743e-02
5.009999999999999787e+00 1.415698111051474743e-02
5.019999999999999574e+00 1.415698111051474743e-02
5.030000000000000249e+00 1.415698111051474743e-02
5.040000000000000036e+00 1.415698111051474743e-02
5.049999999999999822e+00 1.415698111051474743e-02
5.059999999999999609e+00 1.415698111051474743e-02
5.070000000000000284e+00 1.415698111051474743e-02
5.080000000000000071e+00 1.415698111051474743e-02
5.089999999999999858e+00 1.415698111051474743e-02
5.099999999999999645e+00 1.415698111051474743e-02
5.110000000000000320e+00 1.415698111051474743e-02
5.120000000000000107e+00 1.415698111051474743e-02
5.129999999999999893e+00 1.415698111051474743e-02
5.139999999999999680e+00 1.415698111051474743e-02
5.150000000000000355e+00 1.415698111051474743e-02
5.160000000000000142e+00 1.415698111051474743e-02
5.169999999999999929e+00 1.415698111051474743e-02
5.179999999999999716e+00 1.415698111051474743e-02
5.190000000000000391e+00 1.415698111051474743e-02
5.200000000000000178e+00 1.415698111051474743e-02
5.209999999999999964e+00 1.415698111051474743e-02
5.219999999999999751e+00 1.415698111051474743e-02
5.230000000000000426e+00 1.415698111051474743e-02
5.240000000000000213e+00 1.415698111051474743e-02
5.250000000000000000e+00 1.415698111051474743e-02
5.259999999999999787e+00 1.415698111051474743e-02
5.269999999999999574e+00 1.415698111051474743e-02
5.280000000000000249e+00 1.415698111051474743e-02
5.290000000000000036e+00 1.415698111051474743e-02
5.299999999999999822e+00 1.415698111051474743e-02
5.309999999999999609e+00 1.415698111051474743e-02
5.320000000000000284e+00 1.415698111051474743e-02
5.330000000000000071e+00 1.415698111051474743e-02
5.339999999999999858e+00 1.415698111051474743e-02
5.349999999999999645e+00 1.415698111051474743e-02
5.360000000000000320e+00 1.415698111051474743e-02
5.370000000000000107e+00 1.415698111051474743e-02
5.379999999999999893e+00 1.415698111051474743e-02
5.389999999999999680e+00 1.415698111051474743e-02
5.400000000000000355e+00 1.415698111051474743e-02
5.410000000000000142e+00 1.415698111051474743e-02
5.419999999999999929e+00 1.415698111051474743e-02
5.429999999999999716e+00 1.415698111051474743e-02
5.440000000000000391e+00 1.415698111051474743e-02
5.450000000000000178e+00 1.415698111051474743e-02
5.459999999999999964e+00 1.415698111051474743e-02
5.469999999999999751e+00 1.415698111051474743e-02
5.480000000000000426e+00 1.415698111051474743e-02
5.490000000000000213e+00 1.415698111051474743e-02
5.500000000000000000e+00 1.415698111051474743e-02
5.509999999999999787e+00 1.415698111051474743e-02
5.519999999999999574e+00 1.415698111051474743e-02
5.530000000000000249e+00 1.415698111051474743e-02
5.540000000000000036e+00 1.415698111051474743e-02
5.549999999999999822e+00 1.415698111051474743e-02
5.559999999999999609e+00 1.415698111051474743e-02
5.570000000000000284e+00 1.415698111051474743e-02
5.580000000000000071e+00 1.415698111051474743e-02
5.589999999999999858e+00 1.415698111051474743e-02
5.599999999999999645e+00 1.415698111051474743e-02
5.610000000000000320e+00 1.415698111051474743e-02
5.620000000000000107e+00 1.415698111051474743e-02
5.629999999999999893e+00 1.415698111051474743e-02
5.639999999999999680e+00 1.415698111051474743e-02
5.650000000000000355e+00 1.415698111051474743e-02
5.660000000000000142e+00 1.415698111051474743e-02
5.669999999999999929e+00 1.415698111051474743e-02
5.679999999999999716e+00 1.415698111051474743e-02
5.690000000000000391e+00 1.415698111051474743e-02
5.700000000000000178e+00 1.415698111051474743e-02
5.709999999999999964e+00 1.415698111051474743e-02
5.719999999999999751e+00 1.415698111051474743e-02
5.730000000000000426e+00 1.415698111051474743e-02
5.740000000000000213e+00 1.415698111051474743e-02
5.750000000000000000e+00 1.415698111051474743e-02
5.759999999999999787e+00 1.415698111051474743e-02
5.769999999999999574e+00 1.415698111051474743e-02
5.780000000000000249e+00 1.415698111051474743e-02
5.790000000000000036e+00 1.415698111051474743e-02
5.799999999999999822e+00 1.415698111051474743e-02
5.809999999999999609e+00 1.415698111051474743e-02
5.820000000000000284e+00 1.415698111051474743e-02
5.830000000000000071e+00 1.415698111051474743e-02
5.839999999999999858e+00 1.415698111051474743e-02
5.849999999999999645e+00 1.415698111051474743e-02
5.860000000000000320e+00 1.415698111051474743e-02
5.870000000000000107e+00 1.415698111051474743e-02
5.879999999999999893e+00 1.415698111051474743e-02
5.889999999999999680e+00 1.415698111051474743e-02
5.900000000000000355e+00 1.415698111051474743e-02
5.910000000000000142e+00 1.415698111051474743e-02
5.919999999999999929e+00 1.415698111051474743e-02
5.929999999999999716e+00 1.415698111051474743e-02
5.940000000000000391e+00 1.415698111051474743e-02
5.950000000000000178e+00 1.415698111051474743e-02
5.959999999999999964e+00 1.415698111051474743e-02
5.969999999999999751e+00 1.415698111051474743e-02
5.980000000000000426e+00 1.415698111051474743e-02
5.990000000000000213e+00 1.415698111051474743e-02
6.000000000000000000e+00 1.415698111051474743e-02
6.200000000000000178e+00 1.415698111051474743e-02
6.400000000000000355e+00 1.415698111051474743e-02
6.599999999999999645e+00 1.415698111051474743e-02
6.799999999999999822e+00 1.415698111051474743e-02
7.000000000000000000e+00 0.000000000000000000e+00
