0.000000000000000000e+00 0.000000000000000000e+00
1.000000000000000021e-02 1.415698111336475759e-02
2.000000000000000042e-02 1.415698111697219659e-02
2.999999999999999889e-02 1.415698112356622226e-02
4.000000000000000083e-02 1.415698113434458311e-02
5.000000000000000278e-02 1.415698115051777263e-02
5.999999999999999778e-02 1.415698117373787208e-02
7.000000000000000666e-02 1.415698120728719339e-02
8.000000000000000167e-02 1.415698125783784560e-02
8.999999999999999667e-02 1.415698133719176660e-02
1.000000000000000056e-01 1.415698146357059761e-02
1.100000000000000006e-01 1.415698166306310520e-02
1.199999999999999956e-01 1.415698197393671851e-02
1.300000000000000044e-01 1.415698245934079828e-02
1.400000000000000133e-01 1.415698323526434245e-02
1.499999999999999944e-01 1.415698451629904438e-02
1.600000000000000033e-01 1.415698666898105619e-02
1.700000000000000122e-01 1.415699024406808122e-02
1.799999999999999933e-01 1.415699594627230044e-02
1.900000000000000022e-01 1.415700451397807272e-02
2.000000000000000111e-01 1.415701654470664581e-02
2.099999999999999922e-01 1.415703240225893965e-02
2.200000000000000011e-01 1.415705239735365155e-02
2.300000000000000100e-01 1.415707734089800829e-02
2.399999999999999911e-01 1.415710932132292071e-02
2.500000000000000000e-01 1.415715228626508206e-02
2.600000000000000089e-01 1.415721187058114477e-02
2.700000000000000178e-01 1.415729400718902103e-02
2.800000000000000266e-01 1.415740229298558146e-02
2.899999999999999800e-01 1.415753492197345531e-02
2.999999999999999889e-01 1.415768290221611561e-02
3.099999999999999978e-01 1.415783132869776959e-02
3.200000000000000067e-01 1.415796392167473043e-02
3.300000000000000155e-01 1.415806852417565188e-02
3.400000000000000244e-01 1.415814005051600592e-02
3.499999999999999778e-01 1.415817923352249985e-02
3.599999999999999867e-01 1.415818909874082092e-02
3.699999999999999956e-01 1.415817274483336351e-02
3.800000000000000044e-01 1.415813397808258524e-02
3.900000000000000133e-01 1.415807918026830252e-02
4.000000000000000222e-01 1.415801808854954234e-02
4.099999999999999756e-01 1.415796295117198629e-02
4.199999999999999845e-01 1.415792683595978700e-02
4.299999999999999933e-01 1.415792138370286501e-02
4.400000000000000022e-01 1.415795374003843594e-02
4.500000000000000111e-01 1.415802325636400689e-02
4.600000000000000200e-01 1.415811982985906194e-02
4.699999999999999734e-01 1.415822568852262257e-02
4.799999999999999822e-01 1.415832072219869349e-02
4.899999999999999911e-01 1.415838928529951357e-02
5.000000000000000000e-01 1.415842527725498859e-02
5.100000000000000089e-01 1.415843318200793281e-02
5.200000000000000178e-01 1.415842519992505273e-02
5.300000000000000266e-01 1.415841685070574202e-02
5.400000000000000355e-01 1.415842370547886961e-02
5.500000000000000444e-01 1.415846014387999070e-02
5.600000000000000533e-01 1.415853891137251394e-02
5.699999999999999512e-01 1.415866960823482582e-02
5.799999999999999600e-01 1.415885548301674263e-02
5.899999999999999689e-01 1.415908986646516321e-02
5.999999999999999778e-01 1.415935462968738109e-02
6.099999999999999867e-01 1.415962235170303667e-02
6.199999999999999956e-01 1.415986198818413623e-02
6.300000000000000044e-01 1.416004619851284237e-02
6.400000000000000133e-01 1.416015821893518156e-02
6.500000000000000222e-01 1.416019698231287850e-02
6.600000000000000311e-01 1.416017969257205023e-02
6.700000000000000400e-01 1.416014049545289907e-02
6.800000000000000488e-01 1.416012355244887153e-02
6.899999999999999467e-01 1.416017093407894931e-02
6.999999999999999556e-01 1.416030998555796623e-02
7.099999999999999645e-01 1.416054713507929226e-02
7.199999999999999734e-01 1.416087191015222464e-02
7.299999999999999822e-01 1.416126812381956687e-02
7.399999999999999911e-01 1.416172503138672656e-02
7.500000000000000000e-01 1.416224365737855928e-02
7.600000000000000089e-01 1.416284008644531044e-02
7.700000000000000178e-01 1.416355238806398832e-02
7.800000000000000266e-01 1.416445634330511759e-02
7.900000000000000355e-01 1.416568554538040654e-02
8.000000000000000444e-01 1.416743631127382469e-02
8.100000000000000533e-01 1.416992912183562964e-02
8.199999999999999512e-01 1.417331572023292248e-02
8.299999999999999600e-01 1.417756833699713136e-02
8.399999999999999689e-01 1.418242788452267651e-02
8.499999999999999778e-01 1.418746879289095250e-02
8.599999999999999867e-01 1.419225834919438795e-02
8.699999999999999956e-01 1.419651663011274774e-02
8.800000000000000044e-01 1.420018539643574246e-02
8.900000000000000133e-01 1.420338267503102637e-02
9.000000000000000222e-01 1.420629200592469013e-02
9.100000000000000311e-01 1.420906306270339203e-02
9.200000000000000400e-01 1.421177830836894973e-02
9.300000000000000488e-01 1.421449081964476849e-02
9.399999999999999467e-01 1.421729098871281002e-02
9.499999999999999556e-01 1.422034021588995147e-02
9.599999999999999645e-01 1.422383097276367671e-02
9.699999999999999734e-01 1.422788660114849418e-02
9.799999999999999822e-01 1.423246787516579612e-02
9.899999999999999911e-01 1.423736214539114350e-02
1.000000000000000000e+00 1.424227634004972265e-02
1.010000000000000009e+00 1.424697669623299461e-02
1.020000000000000018e+00 1.425138944910167398e-02
1.030000000000000027e+00 1.425563372455595536e-02
1.040000000000000036e+00 1.426006209057863877e-02
1.050000000000000044e+00 1.426547575188915132e-02
1.060000000000000053e+00 1.427376037878405959e-02
1.070000000000000062e+00 1.428929976700784622e-02
1.080000000000000071e+00 1.432157161951694291e-02
1.090000000000000080e+00 1.438884626598137956e-02
1.100000000000000089e+00 1.452127865542211099e-02
1.110000000000000098e+00 1.475930441842949505e-02
1.120000000000000107e+00 1.514274314372825690e-02
1.129999999999999893e+00 1.569070101700134265e-02
1.139999999999999902e+00 1.638126629822632060e-02
1.149999999999999911e+00 1.714528839258369630e-02
1.159999999999999920e+00 1.788250513008199372e-02
1.169999999999999929e+00 1.849387315971515178e-02
1.179999999999999938e+00 1.891357672834855994e-02
1.189999999999999947e+00 1.912592782494360044e-02
1.199999999999999956e+00 1.916223447902104873e-02
1.209999999999999964e+00 1.908225121460329493e-02
1.219999999999999973e+00 1.895019355707994527e-02
1.229999999999999982e+00 1.881615739280785918e-02
1.239999999999999991e+00 1.870965980408500692e-02
1.250000000000000000e+00 1.864429389505183055e-02
1.260000000000000009e+00 1.862625262066885598e-02
1.270000000000000018e+00 1.865929462084571847e-02
1.280000000000000027e+00 1.874378500151886728e-02
1.290000000000000036e+00 1.887280196858545644e-02
1.300000000000000044e+00 1.903000999794807191e-02
1.310000000000000053e+00 1.919190332151702455e-02
1.320000000000000062e+00 1.933356171114208877e-02
1.330000000000000071e+00 1.943485496052294731e-02
1.340000000000000080e+00 1.948438705678399996e-02
1.350000000000000089e+00 1.948077784042248975e-02
1.360000000000000098e+00 1.943288983755019073e-02
1.370000000000000107e+00 1.936025715933045732e-02
1.379999999999999893e+00 1.929276867312829449e-02
1.389999999999999902e+00 1.926746227313364326e-02
1.399999999999999911e+00 1.932181611852774872e-02
1.409999999999999920e+00 1.948547170288526462e-02
1.419999999999999929e+00 1.977327193717140150e-02
1.429999999999999938e+00 2.018169260920289754e-02
1.439999999999999947e+00 2.068956244849474990e-02
1.449999999999999956e+00 2.126269164289572300e-02
1.459999999999999964e+00 2.186054934126867993e-02
1.469999999999999973e+00 2.244254772523549338e-02
1.479999999999999982e+00 2.297255293303051421e-02
1.489999999999999991e+00 2.342161932749524736e-02
1.500000000000000000e+00 2.376910656499702304e-02
1.510000000000000009e+00 2.400188735980901544e-02
1.520000000000000018e+00 2.411184921112257198e-02
1.530000000000000027e+00 2.409344881747181241e-02
1.540000000000000036e+00 2.394423883636073377e-02
1.550000000000000044e+00 2.367045796794411613e-02
1.560000000000000053e+00 2.329628596080517144e-02
1.570000000000000062e+00 2.287060213014188367e-02
1.580000000000000071e+00 2.246323447337707918e-02
1.590000000000000080e+00 2.214778712902759628e-02
1.600000000000000089e+00 2.197809386312348651e-02
1.610000000000000098e+00 2.197132216348217371e-02
1.620000000000000107e+00 2.210628797749999291e-02
1.629999999999999893e+00 2.233486259236013363e-02
1.639999999999999902e+00 2.259767188918665112e-02
1.649999999999999911e+00 2.283696645966300232e-02
1.659999999999999920e+00 2.300492766899199862e-02
1.669999999999999929e+00 2.306879953127991337e-02
1.679999999999999938e+00 2.301410500570873208e-02
1.689999999999999947e+00 2.284597380301152045e-02
1.699999999999999956e+00 2.258768950039671819e-02
1.709999999999999964e+00 2.227553766805764890e-02
1.719999999999999973e+00 2.195063770287839292e-02
1.729999999999999982e+00 2.165115862860284013e-02
1.739999999999999991e+00 2.140944046241118753e-02
1.750000000000000000e+00 2.125569164677527934e-02
1.760000000000000009e+00 2.122420517399038059e-02
1.770000000000000018e+00 2.135380505740825524e-02
1.780000000000000027e+00 2.167621335514690120e-02
1.790000000000000036e+00 2.219541178681431332e-02
1.800000000000000044e+00 2.287198587353224746e-02
1.810000000000000053e+00 2.362778532072499701e-02
1.820000000000000062e+00 2.437286730459827314e-02
1.830000000000000071e+00 2.503902850963692431e-02
1.840000000000000080e+00 2.559964382841100825e-02
1.850000000000000089e+00 2.606815445403456652e-02
1.860000000000000098e+00 2.648334900255873078e-02
1.870000000000000107e+00 2.689359376212475949e-02
1.879999999999999893e+00 2.734457057276625663e-02
1.889999999999999902e+00 2.786780058766230583e-02
1.899999999999999911e+00 2.846897547870017031e-02
1.909999999999999920e+00 2.912237394379591990e-02
1.919999999999999929e+00 2.977984256717480793e-02
1.929999999999999938e+00 3.039517804016025546e-02
1.939999999999999947e+00 3.095358420012449957e-02
1.949999999999999956e+00 3.149082240752438394e-02
1.959999999999999964e+00 3.209129207984564441e-02
1.969999999999999973e+00 3.286498923226345570e-02
1.979999999999999982e+00 3.391323870695717863e-02
1.989999999999999991e+00 3.529672550862165276e-02
2.000000000000000000e+00 3.701663851186455523e-02
2.009999999999999787e+00 3.901519047355694880e-02
2.020000000000000018e+00 4.119727904734858670e-02
2.029999999999999805e+00 4.346731833960230246e-02
2.040000000000000036e+00 4.576401734222567547e-02
2.049999999999999822e+00 4.807064658658156270e-02
2.060000000000000053e+00 5.039046393813902819e-02
2.069999999999999840e+00 5.270345650873708987e-02
2.080000000000000071e+00 5.493979029290217003e-02
2.089999999999999858e+00 5.699516622441857389e-02
2.100000000000000089e+00 5.877762955002489853e-02
2.109999999999999876e+00 6.024814229518440228e-02
2.120000000000000107e+00 6.142794168287042667e-02
2.129999999999999893e+00 6.238258316500745054e-02
2.140000000000000124e+00 6.321354428705833195e-02
2.149999999999999911e+00 6.407054295199053617e-02
2.160000000000000142e+00 6.516340672160507441e-02
2.169999999999999929e+00 6.674198670917919074e-02
2.180000000000000160e+00 6.904067508182919199e-02
2.189999999999999947e+00 7.222194442193151376e-02
2.200000000000000178e+00 7.635860730496378534e-02
2.209999999999999964e+00 8.146072432298148702e-02
2.220000000000000195e+00 8.751871369174574200e-02
2.229999999999999982e+00 9.453266999239028079e-02
2.240000000000000213e+00 1.025189860160335975e-01
2.250000000000000000e+00 1.115013955081183561e-01
2.259999999999999787e+00 1.214978360408234537e-01
2.270000000000000018e+00 1.325141267645758847e-01
2.279999999999999805e+00 1.445501428555631962e-01
2.290000000000000036e+00 1.576132002655761255e-01
2.299999999999999822e+00 1.717262741240405122e-01
2.310000000000000053e+00 1.869237174463198869e-01
2.319999999999999840e+00 2.032384030566886102e-01
2.330000000000000071e+00 2.206893738966113905e-01
2.339999999999999858e+00 2.392746600181064609e-01
2.350000000000000089e+00 2.589671144626655708e-01
2.359999999999999876e+00 2.797095438745145213e-01
2.370000000000000107e+00 3.014095322330785365e-01
2.379999999999999893e+00 3.239400112813600741e-01
2.390000000000000124e+00 3.471551142342857443e-01
2.399999999999999911e+00 3.709287346123854578e-01
2.410000000000000142e+00 3.952123218174627417e-01
2.419999999999999929e+00 4.200909969027967761e-01
2.430000000000000160e+00 4.458017227492582779e-01
2.439999999999999947e+00 4.726745272867734493e-01
2.450000000000000178e+00 5.009824177841303294e-01
2.459999999999999964e+00 5.307505445548394984e-01
2.470000000000000195e+00 5.616504280770109325e-01
2.479999999999999982e+00 5.930997248162911406e-01
2.490000000000000213e+00 6.245471777334721253e-01
2.500000000000000000e+00 6.557520021453203674e-01
2.509999999999999787e+00 6.868599727011218681e-01
2.520000000000000018e+00 7.182672317882141666e-01
2.529999999999999805e+00 7.504467960345593269e-01
2.540000000000000036e+00 7.839040064795197438e-01
2.549999999999999822e+00 8.192686720105238907e-01
2.560000000000000053e+00 8.573947175204968962e-01
2.569999999999999840e+00 8.993140208354596377e-01
2.580000000000000071e+00 9.459747237193496527e-01
2.589999999999999858e+00 9.978536731501095325e-01
2.600000000000000089e+00 1.054674405032736129e+00
2.609999999999999876e+00 1.115435880536512769e+00
2.620000000000000107e+00 1.178736164737371750e+00
2.629999999999999893e+00 1.243157891261013059e+00
2.640000000000000124e+00 1.307486397187355820e+00
2.649999999999999911e+00 1.370734237741529471e+00
2.660000000000000142e+00 1.432121663536731315e+00
2.669999999999999929e+00 1.491141846065970666e+00
2.680000000000000160e+00 1.547673566575824555e+00
2.689999999999999947e+00 1.601989453337678393e+00
2.700000000000000178e+00 1.654570177512452611e+00
2.709999999999999964e+00 1.705798933012755203e+00
2.720000000000000195e+00 1.755701105507854631e+00
2.729999999999999982e+00 1.803839738555092831e+00
2.740000000000000213e+00 1.849363821509149464e+00
2.750000000000000000e+00 1.891147345397086621e+00
2.759999999999999787e+00 1.927970967462637075e+00
2.770000000000000018e+00 1.958721478871305877e+00
2.779999999999999805e+00 1.982572101931912245e+00
2.790000000000000036e+00 1.999087539995164420e+00
2.799999999999999822e+00 2.008219537326686233e+00
2.810000000000000053e+00 2.010209686939741225e+00
2.819999999999999840e+00 2.005441793147273888e+00
2.830000000000000071e+00 1.994271969145536838e+00
2.839999999999999858e+00 1.976855964407004729e+00
2.850000000000000089e+00 1.953024397074756058e+00
2.859999999999999876e+00 1.922291017106162903e+00
2.870000000000000107e+00 1.884042212760456581e+00
2.879999999999999893e+00 1.837838835734117104e+00
2.890000000000000124e+00 1.783667213096366888e+00
2.899999999999999911e+00 1.722012162433609994e+00
2.910000000000000142e+00 1.653759413921250809e+00
2.919999999999999929e+00 1.580030353210603922e+00
2.930000000000000160e+00 1.502035408089014590e+00
2.939999999999999947e+00 1.420963543743241075e+00
2.950000000000000178e+00 1.337893972825899835e+00
2.959999999999999964e+00 1.253735287992013392e+00
2.970000000000000195e+00 1.169215513247503058e+00
2.979999999999999982e+00 1.084929896915536318e+00
2.990000000000000213e+00 1.001423401978216665e+00
3.000000000000000000e+00 9.192766839343370355e-01
3.009999999999999787e+00 8.391725801720545386e-01
3.020000000000000018e+00 7.619177622073424194e-01
3.029999999999999805e+00 6.883877737199738389e-01
3.040000000000000036e+00 6.193888446715273277e-01
3.049999999999999822e+00 5.554897238354506994e-01
3.060000000000000053e+00 4.969176310770094251e-01
3.069999999999999840e+00 4.435802155757554988e-01
3.080000000000000071e+00 3.951868857010913949e-01
3.089999999999999858e+00 3.513786605423206422e-01
3.100000000000000089e+00 3.117933499040749790e-01
3.109999999999999876e+00 2.760649845177351458e-01
3.120000000000000107e+00 2.438087376117942517e-01
3.129999999999999893e+00 2.146358204242100054e-01
3.140000000000000124e+00 1.881998157344071387e-01
3.149999999999999911e+00 1.642426083663238723e-01
3.160000000000000142e+00 1.426082194542539761e-01
3.169999999999999929e+00 1.232173639441034169e-01
3.180000000000000160e+00 1.060204675091727805e-01
3.189999999999999947e+00 9.095499554571785661e-02
3.200000000000000178e+00 7.792331472813526783e-02
3.209999999999999964e+00 6.679116277465384222e-02
3.220000000000000195e+00 5.739655563410397260e-02
3.229999999999999982e+00 4.955923543682626969e-02
3.240000000000000213e+00 4.308743499726101767e-02
3.250000000000000000e+00 3.778452303279156155e-02
3.259999999999999787e+00 3.345866672745860526e-02
3.270000000000000018e+00 2.993500712177282405e-02
3.279999999999999805e+00 2.706621592380874589e-02
3.290000000000000036e+00 2.473684531121754862e-02
3.299999999999999822e+00 2.285950524875052930e-02
3.310000000000000053e+00 2.136476095809402773e-02
3.319999999999999840e+00 2.018989798825711682e-02
3.330000000000000071e+00 1.927244175329894879e-02
3.339999999999999858e+00 1.855126458961207578e-02
3.350000000000000089e+00 1.797288752141102883e-02
3.359999999999999876e+00 1.749735875483019246e-02
3.370000000000000107e+00 1.709941090738448938e-02
3.379999999999999893e+00 1.676469817696501705e-02
3.390000000000000124e+00 1.648404680806687603e-02
3.399999999999999911e+00 1.624893089331806359e-02
3.410000000000000142e+00 1.604968182294617268e-02
3.419999999999999929e+00 1.587608427033929820e-02
3.430000000000000160e+00 1.571907570804335560e-02
3.439999999999999947e+00 1.557227204548657269e-02
3.450000000000000178e+00 1.543253700989093320e-02
3.459999999999999964e+00 1.529940662360656026e-02
3.470000000000000195e+00 1.517370535248409487e-02
3.479999999999999982e+00 1.505606500090355369e-02
3.490000000000000213e+00 1.494611689848415574e-02
3.500000000000000000e+00 1.484273922458832773e-02
3.509999999999999787e+00 1.474507723228082184e-02
3.520000000000000018e+00 1.465356231603999471e-02
3.529999999999999805e+00 1.457018309957234387e-02
3.540000000000000036e+00 1.449777782881512753e-02
3.549999999999999822e+00 1.443876114218291436e-02
3.560000000000000053e+00 1.439402894186495897e-02
3.569999999999999840e+00 1.436259673831680357e-02
3.580000000000000071e+00 1.434201602785757299e-02
3.589999999999999858e+00 1.432919270249127450e-02
3.600000000000000089e+00 1.432115383893532712e-02
3.609999999999999876e+00 1.431550681182910782e-02
3.620000000000000107e+00 1.431058073846516732e-02
3.629999999999999893e+00 1.430537419125412282e-02
3.640000000000000124e+00 1.429943513844701523e-02
3.649999999999999911e+00 1.429273354576954778e-02
3.660000000000000142e+00 1.428552697765577903e-02
3.669999999999999929e+00 1.427820678153146096e-02
3.680000000000000160e+00 1.427114292025843771e-02
3.689999999999999947e+00 1.426457497517649720e-02
3.700000000000000178e+00 1.425858348959558979e-02
3.709999999999999964e+00 1.425312856271878509e-02
3.720000000000000195e+00 1.424810987733175251e-02
3.729999999999999982e+00 1.424341195296113458e-02
3.740000000000000213e+00 1.423892958293531026e-02
3.750000000000000000e+00 1.423458480283619140e-02
3.759999999999999787e+00 1.423033878993513156e-02
3.770000000000000018e+00 1.422619061554384126e-02
3.779999999999999805e+00 1.422215973863821814e-02
3.790000000000000036e+00 1.421826384683214962e-02
3.799999999999999822e+00 1.421450694788261616e-02
3.810000000000000053e+00 1.421088045452817070e-02
3.819999999999999840e+00 1.420736925229605305e-02
3.830000000000000071e+00 1.420395682550288675e-02
3.839999999999999858e+00 1.420063075109566884e-02
3.850000000000000089e+00 1.419739022726405897e-02
3.859999999999999876e+00 1.419425116888347466e-02
3.870000000000000107e+00 1.419124219051038846e-02
3.879999999999999893e+00 1.418839192918270285e-02
3.890000000000000124e+00 1.418571688642689642e-02
3.899999999999999911e+00 1.418321830765208874e-02
3.910000000000000142e+00 1.418088754931023758e-02
3.919999999999999929e+00 1.417871309839640291e-02
3.930000000000000160e+00 1.417668469614822603e-02
3.939999999999999947e+00 1.417479533212797314e-02
3.950000000000000178e+00 1.417304295759690309e-02
3.959999999999999964e+00 1.417143080365687417e-02
3.970000000000000195e+00 1.416996387038748847e-02
3.979999999999999982e+00 1.416864242596936954e-02
3.990000000000000213e+00 1.416745731017323394e-02
4.000000000000000000e+00 1.416639096469484056e-02
4.009999999999999787e+00 1.416542307041642433e-02
4.019999999999999574e+00 1.416453632702046293e-02
4.030000000000000249e+00 1.416371932652383744e-02
4.040000000000000036e+00 1.416296677347777394e-02
4.049999999999999822e+00 1.416227852186844639e-02
4.059999999999999609e+00 1.416165776031714542e-02
4.070000000000000284e+00 1.416110787110946845e-02
4.080000000000000071e+00 1.416062864713227981e-02
4.089999999999999858e+00 1.416021408419598608e-02
4.099999999999999645e+00 1.415985337631137098e-02
4.110000000000000320e+00 1.415953428553377337e-02
4.120000000000000107e+00 1.415924645478218967e-02
4.129999999999999893e+00 1.415898297859245064e-02
4.139999999999999680e+00 1.415874033286013134e-02
4.150000000000000355e+00 1.415851761913940014e-02
4.160000000000000142e+00 1.415831565783211114e-02
4.169999999999999929e+00 1.415813587610759150e-02
4.179999999999999716e+00 1.415797905324640837e-02
4.190000000000000391e+00 1.415784444792100513e-02
4.200000000000000178e+00 1.415772977795588111e-02
4.209999999999999964e+00 1.415763190015630404e-02
4.219999999999999751e+00 1.415754760247742682e-02
4.230000000000000426e+00 1.415747410062722852e-02
4.240000000000000213e+00 1.415740924938643786e-02
4.250000000000000000e+00 1.415735162563729922e-02
4.259999999999999787e+00 1.415730049991461605e-02
4.269999999999999574e+00 1.415725561610912432e-02
4.280000000000000249e+00 1.415721682135851443e-02
4.290000000000000036e+00 1.415718375659597017e-02
4.299999999999999822e+00 1.415715578404575826e-02
4.309999999999999609e+00 1.415713211789521205e-02
4.320000000000000284e+00 1.415711198668498719e-02
4.330000000000000071e+00 1.415709471460099844e-02
4.339999999999999858e+00 1.415707974007754562e-02
4.349999999999999645e+00 1.415706663224216254e-02
4.360000000000000320e+00 1.415705511062769449e-02
4.370000000000000107e+00 1.415704502663795404e-02
4.379999999999999893e+00 1.415703629291916246e-02
4.389999999999999680e+00 1.415702880538258386e-02
4.400000000000000355e+00 1.415702241166883618e-02
4.410000000000000142e+00 1.415701693164980388e-02
4.419999999999999929e+00 1.415701219384065540e-02
4.429999999999999716e+00 1.415700805738052785e-02
4.440000000000000391e+00 1.415700441822437088e-02
4.450000000000000178e+00 1.415700121030474649e-02
4.459999999999999964e+00 1.415699840285577354e-02
4.469999999999999751e+00 1.415699598699632009e-02
4.480000000000000426e+00 1.415699395252858692e-02
4.490000000000000213e+00 1.415699226862113767e-02
4.500000000000000000e+00 1.415699088111034912e-02
4.509999999999999787e+00 1.415698972482091166e-02
4.519999999999999574e+00 1.415698873873284976e-02
4.530000000000000249e+00 1.415698787485571326e-02
4.540000000000000036e+00 1.415698710073592763e-02
4.549999999999999822e+00 1.415698639931389259e-02
4.559999999999999609e+00 1.415698576706590078e-02
4.570000000000000284e+00 1.415698520879005683e-02
4.580000000000000071e+00 1.415698472950259121e-02
4.589999999999999858e+00 1.415698432761704553e-02
4.599999999999999645e+00 1.415698399333004467e-02
4.610000000000000320e+00 1.415698371185474674e-02
4.620000000000000107e+00 1.415698346791604070e-02
4.629999999999999893e+00 1.415698324875023194e-02
4.639999999999999680e+00 1.415698304548490202e-02
4.650000000000000355e+00 1.415698285380363047e-02
4.660000000000000142e+00 1.415698267388539565e-02
4.669999999999999929e+00 1.415698250891040538e-02
4.679999999999999716e+00 1.415698236231684864e-02
4.690000000000000391e+00 1.415698223535225182e-02
4.700000000000000178e+00 1.415698212638082792e-02
4.709999999999999964e+00 1.415698203188944099e-02
4.719999999999999751e+00 1.415698194797306367e-02
4.730000000000000426e+00 1.415698187133921856e-02
4.740000000000000213e+00 1.415698179977618008e-02
4.750000000000000000e+00 1.415698173238962715e-02
4.759999999999999787e+00 1.415698166959603911e-02
4.769999999999999574e+00 1.415698161262153934e-02
4.780000000000000249e+00 1.415698156257592412e-02
4.790000000000000036e+00 1.415698151965162459e-02
4.799999999999999822e+00 1.415698148295592602e-02
4.809999999999999609e+00 1.415698145092974744e-02
4.820000000000000284e+00 1.415698142188817621e-02
4.830000000000000071e+00 1.415698139431978073e-02
4.839999999999999858e+00 1.415698136693382091e-02
4.849999999999999645e+00 1.415698133864201798e-02
4.860000000000000320e+00 1.415698130864604352e-02
4.870000000000000107e+00 1.415698127671433972e-02
4.879999999999999893e+00 1.415698124357851057e-02
4.889999999999999680e+00 1.415698121112714432e-02
4.900000000000000355e+00 1.415698118198535811e-02
4.910000000000000142e+00 1.415698115847672384e-02
4.919999999999999929e+00 1.415698114160088804e-02
4.929999999999999716e+00 1.415698113076372527e-02
4.940000000000000391e+00 1.415698112436307964e-02
4.950000000000000178e+00 1.415698112066911263e-02
4.959999999999999964e+00 1.415698111840142139e-02
4.969999999999999751e+00 1.415698111683909646e-02
4.980000000000000426e+00 1.415698111565689456e-02
4.990000000000000213e+00 1.415698111472496641e-02
5.000000000000000000e+00 1.415698111398295406e-02
5.009999999999999787e+00 1.415698111338897260e-02
5.019999999999999574e+00 1.415698111290750703e-02
5.030000000000000249e+00 1.415698111250875482e-02
5.040000000000000036e+00 1.415698111216887392e-02
5.049999999999999822e+00 1.415698111187012505e-02
5.059999999999999609e+00 1.415698111160170782e-02
5.070000000000000284e+00 1.415698111136061248e-02
5.080000000000000071e+00 1.415698111115050277e-02
5.089999999999999858e+00 1.415698111097770003e-02
5.099999999999999645e+00 1.415698111084584022e-02
5.110000000000000320e+00 1.415698111075247914e-02
5.120000000000000107e+00 1.415698111068967174e-02
5.129999999999999893e+00 1.415698111064737572e-02
5.139999999999999680e+00 1.415698111061688275e-02
5.150000000000000355e+00 1.415698111059253070e-02
5.160000000000000142e+00 1.415698111057169493e-02
5.169999999999999929e+00 1.415698111055388800e-02
5.179999999999999716e+00 1.415698111053959561e-02
5.190000000000000391e+00 1.415698111052924799e-02
5.200000000000000178e+00 1.415698111052264216e-02
5.209999999999999964e+00 1.415698111051896628e-02
5.219999999999999751e+00 1.415698111051717605e-02
5.230000000000000426e+00 1.415698111051639022e-02
5.240000000000000213e+00 1.415698111051603807e-02
5.250000000000000000e+00 1.415698111051582816e-02
5.259999999999999787e+00 1.415698111051565643e-02
5.269999999999999574e+00 1.415698111051548989e-02
5.280000000000000249e+00 1.415698111051534418e-02
5.290000000000000036e+00 1.415698111051522448e-02
5.299999999999999822e+00 1.415698111051514295e-02
5.309999999999999609e+00 1.415698111051509091e-02
5.320000000000000284e+00 1.415698111051506142e-02
5.330000000000000071e+00 1.415698111051504407e-02
5.339999999999999858e+00 1.415698111051503019e-02
5.349999999999999645e+00 1.415698111051502152e-02
5.360000000000000320e+00 1.415698111051501284e-02
5.370000000000000107e+00 1.415698111051499897e-02
5.379999999999999893e+00 1.415698111051499029e-02
5.389999999999999680e+00 1.415698111051498335e-02
5.400000000000000355e+00 1.415698111051497468e-02
5.410000000000000142e+00 1.415698111051496427e-02
5.419999999999999929e+00 1.415698111051495560e-02
5.429999999999999716e+00 1.415698111051494346e-02
5.440000000000000391e+00 1.415698111051493305e-02
5.450000000000000178e+00 1.415698111051492784e-02
5.459999999999999964e+00 1.415698111051492090e-02
5.469999999999999751e+00 1.415698111051491570e-02
5.480000000000000426e+00 1.415698111051491570e-02
5.490000000000000213e+00 1.415698111051491223e-02
5.500000000000000000e+00 1.415698111051491223e-02
5.509999999999999787e+00 1.415698111051491223e-02
5.519999999999999574e+00 1.415698111051490876e-02
5.530000000000000249e+00 1.415698111051490876e-02
5.540000000000000036e+00 1.415698111051490876e-02
5.549999999999999822e+00 1.415698111051490876e-02
5.559999999999999609e+00 1.415698111051490876e-02
5.570000000000000284e+00 1.415698111051490876e-02
5.580000000000000071e+00 1.415698111051490876e-02
5.589999999999999858e+00 1.415698111051490876e-02
5.599999999999999645e+00 1.415698111051490529e-02
5.610000000000000320e+00 1.415698111051490529e-02
5.620000000000000107e+00 1.415698111051490529e-02
5.629999999999999893e+00 1.415698111051490529e-02
5.639999999999999680e+00 1.415698111051490529e-02
5.650000000000000355e+00 1.415698111051490529e-02
5.660000000000000142e+00 1.415698111051490529e-02
5.669999999999999929e+00 1.415698111051490529e-02
5.679999999999999716e+00 1.415698111051490529e-02
5.690000000000000391e+00 1.415698111051490529e-02
5.700000000000000178e+00 1.415698111051490529e-02
5.709999999999999964e+00 1.415698111051490529e-02
5.719999999999999751e+00 1.415698111051490529e-02
5.730000000000000426e+00 1.415698111051490529e-02
5.740000000000000213e+00 1.415698111051490529e-02
5.750000000000000000e+00 1.415698111051490529e-02
5.759999999999999787e+00 1.415698111051490529e-02
5.769999999999999574e+00 1.415698111051490529e-02
5.780000000000000249e+00 1.415698111051490529e-02
5.790000000000000036e+00 1.415698111051490529e-02
5.799999999999999822e+00 1.415698111051490529e-02
5.809999999999999609e+00 1.415698111051490529e-02
5.820000000000000284e+00 1.415698111051490529e-02
5.830000000000000071e+00 1.415698111051490529e-02
5.839999999999999858e+00 1.415698111051490529e-02
5.849999999999999645e+00 1.415698111051490529e-02
5.860000000000000320e+00 1.415698111051490529e-02
5.870000000000000107e+00 1.415698111051490529e-02
5.879999999999999893e+00 1.415698111051490529e-02
5.889999999999999680e+00 1.415698111051490529e-02
5.900000000000000355e+00 1.415698111051490529e-02
5.910000000000000142e+00 1.415698111051490529e-02
5.919999999999999929e+00 1.415698111051490529e-02
5.929999999999999716e+00 1.415698111051490529e-02
5.940000000000000391e+00 1.415698111051490529e-02
5.950000000000000178e+00 1.415698111051490529e-02
5.959999999999999964e+00 1.415698111051490529e-02
5.969999999999999751e+00 1.415698111051490529e-02
5.980000000000000426e+00 1.415698111051490529e-02
5.990000000000000213e+00 1.415698111051490529e-02
6.000000000000000000e+00 1.415698111051490529e-02
6.200000000000000178e+00 1.415698111051490529e-02
6.400000000000000355e+00 1.415698111051490529e-02
6.599999999999999645e+00 1.415698111051490529e-02
6.799999999999999822e+00 1.415698111051490529e-02
7.000000000000000000e+00 0.000000000000000000e+00
