0.000000000000000000e+00 0.000000000000000000e+00
1.000000000000000021e-02 1.700254901018008122e-02
2.000000000000000042e-02 1.717673335947596941e-02
2.999999999999999889e-02 1.745852421476799116e-02
4.000000000000000083e-02 1.786441221230447227e-02
5.000000000000000278e-02 1.839554603644871431e-02
5.999999999999999778e-02 1.904191080228848088e-02
7.000000000000000666e-02 1.979056452446027736e-02
8.000000000000000167e-02 2.063108449018131313e-02
8.999999999999999667e-02 2.155526286318118143e-02
1.000000000000000056e-01 2.255332882111967321e-02
1.100000000000000006e-01 2.361080813500051473e-02
1.199999999999999956e-01 2.470904110856296174e-02
1.300000000000000044e-01 2.583053736602219236e-02
1.400000000000000133e-01 2.696803823435073993e-02
1.499999999999999944e-01 2.813340457603427658e-02
1.600000000000000033e-01 2.936115208718770644e-02
1.700000000000000122e-01 3.070343392365810359e-02
1.799999999999999933e-01 3.221759160753819712e-02
1.900000000000000022e-01 3.395154959409581175e-02
2.000000000000000111e-01 3.593380160920749827e-02
2.099999999999999922e-01 3.817056857254729624e-02
2.200000000000000011e-01 4.064362547174553419e-02
2.300000000000000100e-01 4.329876753714841792e-02
2.399999999999999911e-01 4.602774369431196499e-02
2.500000000000000000e-01 4.866669099901973355e-02
2.600000000000000089e-01 5.103569746628371789e-02
2.700000000000000178e-01 5.301590551455034189e-02
2.800000000000000266e-01 5.462433297319821413e-02
2.899999999999999800e-01 5.603615984851747361e-02
2.999999999999999889e-01 5.753148665845882193e-02
3.099999999999999978e-01 5.938791608347099293e-02
3.200000000000000067e-01 6.176957830605144667e-02
3.300000000000000155e-01 6.466266986939860073e-02
3.400000000000000244e-01 6.788479746264498849e-02
3.499999999999999778e-01 7.116281307866628714e-02
3.599999999999999867e-01 7.424191998433202211e-02
3.699999999999999956e-01 7.697359691614315269e-02
3.800000000000000044e-01 7.934473711336634261e-02
3.900000000000000133e-01 8.144704743989625295e-02
4.000000000000000222e-01 8.341735207472912583e-02
4.099999999999999756e-01 8.538530735967279905e-02
4.199999999999999845e-01 8.744703892476278495e-02
4.299999999999999933e-01 8.966061494800452170e-02
4.400000000000000022e-01 9.204995766478273056e-02
4.500000000000000111e-01 9.460881885245858713e-02
4.600000000000000200e-01 9.730421132083111324e-02
4.699999999999999734e-01 1.000822620534143059e-01
4.799999999999999822e-01 1.028805771805647445e-01
4.899999999999999911e-01 1.056488813827545642e-01
5.000000000000000000e-01 1.083703730599373111e-01
5.100000000000000089e-01 1.110679506816010242e-01
5.200000000000000178e-01 1.137876409799464666e-01
5.300000000000000266e-01 1.165732083330744961e-01
5.400000000000000355e-01 1.194551680306538827e-01
5.500000000000000444e-01 1.224592778311026364e-01
5.600000000000000533e-01 1.256152186232356027e-01
5.699999999999999512e-01 1.289477396382784080e-01
5.799999999999999600e-01 1.324584269334876385e-01
5.899999999999999689e-01 1.361211991098830731e-01
5.999999999999999778e-01 1.398982132816207202e-01
6.099999999999999867e-01 1.437577001303352309e-01
6.199999999999999956e-01 1.476739465983134270e-01
6.300000000000000044e-01 1.516107482807836915e-01
6.400000000000000133e-01 1.555053753674264794e-01
6.500000000000000222e-01 1.592665323563808022e-01
6.600000000000000311e-01 1.627887900498622697e-01
6.700000000000000400e-01 1.659807631680219608e-01
6.800000000000000488e-01 1.688020846505947914e-01
6.899999999999999467e-01 1.712976608956069680e-01
6.999999999999999556e-01 1.736109483630866035e-01
7.099999999999999645e-01 1.759613498981808799e-01
7.199999999999999734e-01 1.785859222368819388e-01
7.299999999999999822e-01 1.816649822163005912e-01
7.399999999999999911e-01 1.852655864532920249e-01
7.500000000000000000e-01 1.893346280372140145e-01
7.600000000000000089e-01 1.937462669177065777e-01
7.700000000000000178e-01 1.983708905633422837e-01
7.800000000000000266e-01 2.031194772123669501e-01
7.900000000000000355e-01 2.079441051912324923e-01
8.000000000000000444e-01 2.128144699530364059e-01
8.100000000000000533e-01 2.177013337966414164e-01
8.199999999999999512e-01 2.225768043432804488e-01
8.299999999999999600e-01 2.274203038439589208e-01
8.399999999999999689e-01 2.322210773803835837e-01
8.499999999999999778e-01 2.369802855321115065e-01
8.599999999999999867e-01 2.417144469378159077e-01
8.699999999999999956e-01 2.464497661268481021e-01
8.800000000000000044e-01 2.511979966167940392e-01
8.900000000000000133e-01 2.559267794458925382e-01
9.000000000000000222e-01 2.605551055225556190e-01
9.100000000000000311e-01 2.649883487760876233e-01
9.200000000000000400e-01 2.691664990821511783e-01
9.300000000000000488e-01 2.730800490604644026e-01
9.399999999999999467e-01 2.767390948798790218e-01
9.499999999999999556e-01 2.801312103000121456e-01
9.599999999999999645e-01 2.832151500314686876e-01
9.699999999999999734e-01 2.859586625117297998e-01
9.799999999999999822e-01 2.883851266432180260e-01
9.899999999999999911e-01 2.905891636595720473e-01
1.000000000000000000e+00 2.927122487741680712e-01
1.010000000000000009e+00 2.948994836641739559e-01
1.020000000000000018e+00 2.972615220970015737e-01
1.030000000000000027e+00 2.998483273245258762e-01
1.040000000000000036e+00 3.026316458569918155e-01
1.050000000000000044e+00 3.055020474481812132e-01
1.060000000000000053e+00 3.082942196246959976e-01
1.070000000000000062e+00 3.108408565165948767e-01
1.080000000000000071e+00 3.130331083067025011e-01
1.090000000000000080e+00 3.148635915579720557e-01
1.100000000000000089e+00 3.164514705040978870e-01
1.110000000000000098e+00 3.180661735197964357e-01
1.120000000000000107e+00 3.201448615107630458e-01
1.129999999999999893e+00 3.232581189452631842e-01
1.139999999999999902e+00 3.279839457922861801e-01
1.149999999999999911e+00 3.347270154674178433e-01
1.159999999999999920e+00 3.435928232717481157e-01
1.169999999999999929e+00 3.544012636149665441e-01
1.179999999999999938e+00 3.668183448427047022e-01
1.189999999999999947e+00 3.805070922292596580e-01
1.199999999999999956e+00 3.952139312327592191e-01
1.209999999999999964e+00 4.107776104583250043e-01
1.219999999999999973e+00 4.271012869480215746e-01
1.229999999999999982e+00 4.441303484227916987e-01
1.239999999999999991e+00 4.618441957916371021e-01
1.250000000000000000e+00 4.802389635753826491e-01
1.260000000000000009e+00 4.992807423988941395e-01
1.270000000000000018e+00 5.188415453940570243e-01
1.280000000000000027e+00 5.386585955717760887e-01
1.290000000000000036e+00 5.583534937640489693e-01
1.300000000000000044e+00 5.775179370668634959e-01
1.310000000000000053e+00 5.958410074152089564e-01
1.320000000000000062e+00 6.132303533466605394e-01
1.330000000000000071e+00 6.298680816525853432e-01
1.340000000000000080e+00 6.461587462206529464e-01
1.350000000000000089e+00 6.625863026786174004e-01
1.360000000000000098e+00 6.795659526599036049e-01
1.370000000000000107e+00 6.973827433889981942e-01
1.379999999999999893e+00 7.162270187836873303e-01
1.389999999999999902e+00 7.362453765949888984e-01
1.399999999999999911e+00 7.575253236202045271e-01
1.409999999999999920e+00 7.800190455466603501e-01
1.419999999999999929e+00 8.034828406212846108e-01
1.429999999999999938e+00 8.274911344077315878e-01
1.439999999999999947e+00 8.515145978363337642e-01
1.449999999999999956e+00 8.750118270814021271e-01
1.459999999999999964e+00 8.974977769512774151e-01
1.469999999999999973e+00 9.185804505511071527e-01
1.479999999999999982e+00 9.379661229655982257e-01
1.489999999999999991e+00 9.554322588439823072e-01
1.500000000000000000e+00 9.707786842425741858e-01
1.510000000000000009e+00 9.837861967618034553e-01
1.520000000000000018e+00 9.942120460712057239e-01
1.530000000000000027e+00 1.001824789576778230e+00
1.540000000000000036e+00 1.006449838291205046e+00
1.550000000000000044e+00 1.007992300631204374e+00
1.560000000000000053e+00 1.006429680710866803e+00
1.570000000000000062e+00 1.001794963568299890e+00
1.580000000000000071e+00 9.941713207375156847e-01
1.590000000000000080e+00 9.836980890985260739e-01
1.600000000000000089e+00 9.705753100125873445e-01
1.610000000000000098e+00 9.550660655360037055e-01
1.620000000000000107e+00 9.375098536108892322e-01
1.629999999999999893e+00 9.183456564260920052e-01
1.639999999999999902e+00 8.981054669869246165e-01
1.649999999999999911e+00 8.773286610310878642e-01
1.659999999999999920e+00 8.564116450833191285e-01
1.669999999999999929e+00 8.355089796012197256e-01
1.679999999999999938e+00 8.146161835682784735e-01
1.689999999999999947e+00 7.938178989151980502e-01
1.699999999999999956e+00 7.734993909212667385e-01
1.709999999999999964e+00 7.543108418671242710e-01
1.719999999999999973e+00 7.368838352498419120e-01
1.729999999999999982e+00 7.215188531727809718e-01
1.739999999999999991e+00 7.080730733164252166e-01
1.750000000000000000e+00 6.960910727477437332e-01
1.760000000000000009e+00 6.850337525553203966e-01
1.770000000000000018e+00 6.744286395087907282e-01
1.780000000000000027e+00 6.638735212117364837e-01
1.790000000000000036e+00 6.529535243713799897e-01
1.800000000000000044e+00 6.411821788006738521e-01
1.810000000000000053e+00 6.280385415641918101e-01
1.820000000000000062e+00 6.130930136352922277e-01
1.830000000000000071e+00 5.961508640347580323e-01
1.840000000000000080e+00 5.773303237160557488e-01
1.850000000000000089e+00 5.570337207265692037e-01
1.860000000000000098e+00 5.358339108461900313e-01
1.870000000000000107e+00 5.143388400127123505e-01
1.879999999999999893e+00 4.930912465069223760e-01
1.889999999999999902e+00 4.725249978773438109e-01
1.899999999999999911e+00 4.529684471008753044e-01
1.909999999999999920e+00 4.346743849666537263e-01
1.919999999999999929e+00 4.178572398516781639e-01
1.929999999999999938e+00 4.027204246996115011e-01
1.939999999999999947e+00 3.894602188254900343e-01
1.949999999999999956e+00 3.782388304428596082e-01
1.959999999999999964e+00 3.691250227009377216e-01
1.969999999999999973e+00 3.620077090814169396e-01
1.979999999999999982e+00 3.565058476626182249e-01
1.989999999999999991e+00 3.519254443199808513e-01
2.000000000000000000e+00 3.473257661456147227e-01
2.009999999999999787e+00 3.417221585657433947e-01
2.020000000000000018e+00 3.343762864210057528e-01
2.029999999999999805e+00 3.250539370612203216e-01
2.040000000000000036e+00 3.141197357866981066e-01
2.049999999999999822e+00 3.024024110605444959e-01
2.060000000000000053e+00 2.908746714273532374e-01
2.069999999999999840e+00 2.802951304854944259e-01
2.080000000000000071e+00 2.709907906831864888e-01
2.089999999999999858e+00 2.628749739443876909e-01
2.100000000000000089e+00 2.556431726316275577e-01
2.109999999999999876e+00 2.489923767671571864e-01
2.120000000000000107e+00 2.427433259234683949e-01
2.129999999999999893e+00 2.368519464645672534e-01
2.140000000000000124e+00 2.313655930966130314e-01
2.149999999999999911e+00 2.263736208762907598e-01
2.160000000000000142e+00 2.219657607744309202e-01
2.169999999999999929e+00 2.181966934774003108e-01
2.180000000000000160e+00 2.150641522098893643e-01
2.189999999999999947e+00 2.125116033087658673e-01
2.200000000000000178e+00 2.104503729792028266e-01
2.209999999999999964e+00 2.087790801580583222e-01
2.220000000000000195e+00 2.073849064300967993e-01
2.229999999999999982e+00 2.061362677968292811e-01
2.240000000000000213e+00 2.048901307011312678e-01
2.250000000000000000e+00 2.035225578348293929e-01
2.259999999999999787e+00 2.019643809745361174e-01
2.270000000000000018e+00 2.002151648661735228e-01
2.279999999999999805e+00 1.983266953903064789e-01
2.290000000000000036e+00 1.963709759139427025e-01
2.299999999999999822e+00 1.944130404706580495e-01
2.310000000000000053e+00 1.924965055746021281e-01
2.319999999999999840e+00 1.906387704428071095e-01
2.330000000000000071e+00 1.888331639455715916e-01
2.339999999999999858e+00 1.870590100083091012e-01
2.350000000000000089e+00 1.852977509030890868e-01
2.359999999999999876e+00 1.835467065494908179e-01
2.370000000000000107e+00 1.818214626534839506e-01
2.379999999999999893e+00 1.801458121980838711e-01
2.390000000000000124e+00 1.785366733905442427e-01
2.399999999999999911e+00 1.769926592457745917e-01
2.410000000000000142e+00 1.754907039098372312e-01
2.419999999999999929e+00 1.739920031143197265e-01
2.430000000000000160e+00 1.724581545016031781e-01
2.439999999999999947e+00 1.708775215371588774e-01
2.450000000000000178e+00 1.692980252433185229e-01
2.459999999999999964e+00 1.678533820471446170e-01
2.470000000000000195e+00 1.667536549432973858e-01
2.479999999999999982e+00 1.662026477357173293e-01
2.490000000000000213e+00 1.662416469106547390e-01
2.500000000000000000e+00 1.666118783514460300e-01
2.509999999999999787e+00 1.667900119074343102e-01
2.520000000000000018e+00 1.662534741593361121e-01
2.529999999999999805e+00 1.648069247910851076e-01
2.540000000000000036e+00 1.626952814472575892e-01
2.549999999999999822e+00 1.604089776918840582e-01
2.560000000000000053e+00 1.583694990842902661e-01
2.569999999999999840e+00 1.567499781847815077e-01
2.580000000000000071e+00 1.555036485117600453e-01
2.589999999999999858e+00 1.544899673666390860e-01
2.600000000000000089e+00 1.535736721715607600e-01
2.609999999999999876e+00 1.526608702640947224e-01
2.620000000000000107e+00 1.516984772516774826e-01
2.629999999999999893e+00 1.506646332275026479e-01
2.640000000000000124e+00 1.495583732816319900e-01
2.649999999999999911e+00 1.483889373634730280e-01
2.660000000000000142e+00 1.471673203423302656e-01
2.669999999999999929e+00 1.459030944820383369e-01
2.680000000000000160e+00 1.446058825200714493e-01
2.689999999999999947e+00 1.432882203529324827e-01
2.700000000000000178e+00 1.419671348481472417e-01
2.709999999999999964e+00 1.406633038419439208e-01
2.720000000000000195e+00 1.393976166628647095e-01
2.729999999999999982e+00 1.381861371117466264e-01
2.740000000000000213e+00 1.370360398224668985e-01
2.750000000000000000e+00 1.359450988929184478e-01
2.759999999999999787e+00 1.349045787270122532e-01
2.770000000000000018e+00 1.339024079110139875e-01
2.779999999999999805e+00 1.329240058135460478e-01
2.790000000000000036e+00 1.319515775998153506e-01
2.799999999999999822e+00 1.309646306174503394e-01
2.810000000000000053e+00 1.299427638292970089e-01
2.819999999999999840e+00 1.288692484857745235e-01
2.830000000000000071e+00 1.277336736266463102e-01
2.839999999999999858e+00 1.265333428468241039e-01
2.850000000000000089e+00 1.252735915030542546e-01
2.859999999999999876e+00 1.239662615124937362e-01
2.870000000000000107e+00 1.226255476498703811e-01
2.879999999999999893e+00 1.212626542031533944e-01
2.890000000000000124e+00 1.198825240332586223e-01
2.899999999999999911e+00 1.184841782085921391e-01
2.910000000000000142e+00 1.170627396805211107e-01
2.919999999999999929e+00 1.156106596245792678e-01
2.930000000000000160e+00 1.141185441120976252e-01
2.939999999999999947e+00 1.125779547250597562e-01
2.950000000000000178e+00 1.109865550939898027e-01
2.959999999999999964e+00 1.093521469353202213e-01
2.970000000000000195e+00 1.076913559138116122e-01
2.979999999999999982e+00 1.060228052522474984e-01
2.990000000000000213e+00 1.043595051047077338e-01
3.000000000000000000e+00 1.027054531133091003e-01
3.009999999999999787e+00 1.010572065624540244e-01
3.020000000000000018e+00 9.940768121838762517e-02
3.029999999999999805e+00 9.774983461521360995e-02
3.040000000000000036e+00 9.607996735572654767e-02
3.049999999999999822e+00 9.440056220018640254e-02
3.060000000000000053e+00 9.272091909991329872e-02
3.069999999999999840e+00 9.105371090465730344e-02
3.080000000000000071e+00 8.940872116111941992e-02
3.089999999999999858e+00 8.778818209388265792e-02
3.100000000000000089e+00 8.618693030935277444e-02
3.109999999999999876e+00 8.459602501481872094e-02
3.120000000000000107e+00 8.300594816194724335e-02
3.129999999999999893e+00 8.140755582630901377e-02
3.140000000000000124e+00 7.979233232283472477e-02
3.149999999999999911e+00 7.815398126180649052e-02
3.160000000000000142e+00 7.649086808384315817e-02
3.169999999999999929e+00 7.480689389430392189e-02
3.180000000000000160e+00 7.310960977690160456e-02
3.189999999999999947e+00 7.140710583979845150e-02
3.200000000000000178e+00 6.970594824976873716e-02
3.209999999999999964e+00 6.801071436387963465e-02
3.220000000000000195e+00 6.632418943713583315e-02
3.229999999999999982e+00 6.464768395156310354e-02
3.240000000000000213e+00 6.298191477814672756e-02
3.250000000000000000e+00 6.132868663879992299e-02
3.259999999999999787e+00 5.969243262076122380e-02
3.270000000000000018e+00 5.808024887428895472e-02
3.279999999999999805e+00 5.650025281352643453e-02
3.290000000000000036e+00 5.495961335572533552e-02
3.299999999999999822e+00 5.346360858365064445e-02
3.310000000000000053e+00 5.201570525898410041e-02
3.319999999999999840e+00 5.061777487702941863e-02
3.330000000000000071e+00 4.927008469712310101e-02
3.339999999999999858e+00 4.797159341399188232e-02
3.350000000000000089e+00 4.672099788369833001e-02
3.359999999999999876e+00 4.551799726830889348e-02
3.370000000000000107e+00 4.436366966903170644e-02
3.379999999999999893e+00 4.325955130292760686e-02
3.390000000000000124e+00 4.220620835187099268e-02
3.399999999999999911e+00 4.120238298426358303e-02
3.410000000000000142e+00 4.024501851655087198e-02
3.419999999999999929e+00 3.932977464950029867e-02
3.430000000000000160e+00 3.845176140609311149e-02
3.439999999999999947e+00 3.760665071254364056e-02
3.450000000000000178e+00 3.679227917663916575e-02
3.459999999999999964e+00 3.601026420601829980e-02
3.470000000000000195e+00 3.526662057620084945e-02
3.479999999999999982e+00 3.457048412343950716e-02
3.490000000000000213e+00 3.393094261682270268e-02
3.500000000000000000e+00 3.335326212596955581e-02
3.509999999999999787e+00 3.283664812210765338e-02
3.520000000000000018e+00 3.237507612918553990e-02
3.529999999999999805e+00 3.196059000686515134e-02
3.540000000000000036e+00 3.158650207852812392e-02
3.549999999999999822e+00 3.124818725720736670e-02
3.560000000000000053e+00 3.094152640800396439e-02
3.569999999999999840e+00 3.066111384975749726e-02
3.580000000000000071e+00 3.040010780091134332e-02
3.589999999999999858e+00 3.015168256107356864e-02
3.600000000000000089e+00 2.991066374813403442e-02
3.609999999999999876e+00 2.967421247577686771e-02
3.620000000000000107e+00 2.944147185358494262e-02
3.629999999999999893e+00 2.921262786453475077e-02
3.640000000000000124e+00 2.898775117034569151e-02
3.649999999999999911e+00 2.876572991960193657e-02
3.660000000000000142e+00 2.854379545665293103e-02
3.669999999999999929e+00 2.831808281062043672e-02
3.680000000000000160e+00 2.808501178597990616e-02
3.689999999999999947e+00 2.784258463781423554e-02
3.700000000000000178e+00 2.759081961718013593e-02
3.709999999999999964e+00 2.733137297567478363e-02
3.720000000000000195e+00 2.706696183286086410e-02
3.729999999999999982e+00 2.680094805959998272e-02
3.740000000000000213e+00 2.653690996207082667e-02
3.750000000000000000e+00 2.627800815573928112e-02
3.759999999999999787e+00 2.602647154151947750e-02
3.770000000000000018e+00 2.578382540482002452e-02
3.779999999999999805e+00 2.555201986690679508e-02
3.790000000000000036e+00 2.533487773955024613e-02
3.799999999999999822e+00 2.513906852996983937e-02
3.810000000000000053e+00 2.497399128479884170e-02
3.819999999999999840e+00 2.484985537959560897e-02
3.830000000000000071e+00 2.477333325727191365e-02
3.839999999999999858e+00 2.474169961164564974e-02
3.850000000000000089e+00 2.473890712953215332e-02
3.859999999999999876e+00 2.473760110724919012e-02
3.870000000000000107e+00 2.470762750713688047e-02
3.879999999999999893e+00 2.462660464529970242e-02
3.890000000000000124e+00 2.448646983137426139e-02
3.899999999999999911e+00 2.429316242197956596e-02
3.910000000000000142e+00 2.406134573772215554e-02
3.919999999999999929e+00 2.380814352075389870e-02
3.930000000000000160e+00 2.354861736431482569e-02
3.939999999999999947e+00 2.329346588861475054e-02
3.950000000000000178e+00 2.304830039060626681e-02
3.959999999999999964e+00 2.281401544651856170e-02
3.970000000000000195e+00 2.258812274539979612e-02
3.979999999999999982e+00 2.236667949941712266e-02
3.990000000000000213e+00 2.214601207951387776e-02
4.000000000000000000e+00 2.192361189634969842e-02
4.009999999999999787e+00 2.169830033832332791e-02
4.019999999999999574e+00 2.147018702957812636e-02
4.030000000000000249e+00 2.124069430752612703e-02
4.040000000000000036e+00 2.101247016579957036e-02
4.049999999999999822e+00 2.078892349069354911e-02
4.059999999999999609e+00 2.057340041450112997e-02
4.070000000000000284e+00 2.036832567328654767e-02
4.080000000000000071e+00 2.017469142267499724e-02
4.089999999999999858e+00 1.999208629334409820e-02
4.099999999999999645e+00 1.981917975736676232e-02
4.110000000000000320e+00 1.965437675457057040e-02
4.120000000000000107e+00 1.949633402845988087e-02
4.129999999999999893e+00 1.934418206414615163e-02
4.139999999999999680e+00 1.919750311371900761e-02
4.150000000000000355e+00 1.905621435238218433e-02
4.160000000000000142e+00 1.892045149164956960e-02
4.169999999999999929e+00 1.879045640908071427e-02
4.179999999999999716e+00 1.866646280734971311e-02
4.190000000000000391e+00 1.854862176119989256e-02
4.200000000000000178e+00 1.843700526027897482e-02
4.209999999999999964e+00 1.833165573639406951e-02
4.219999999999999751e+00 1.823261347629485246e-02
4.230000000000000426e+00 1.813990840663585319e-02
4.240000000000000213e+00 1.805356949167563271e-02
4.250000000000000000e+00 1.797367235422436468e-02
4.259999999999999787e+00 1.790033422661968521e-02
4.269999999999999574e+00 1.783354377308573810e-02
4.280000000000000249e+00 1.777288288652419113e-02
4.290000000000000036e+00 1.771738676669382812e-02
4.299999999999999822e+00 1.766572595041839347e-02
4.309999999999999609e+00 1.761660438084143229e-02
4.320000000000000284e+00 1.756908439877047021e-02
4.330000000000000071e+00 1.752267202635528556e-02
4.339999999999999858e+00 1.747724146886984672e-02
4.349999999999999645e+00 1.743295541563725029e-02
4.360000000000000320e+00 1.739021206039266521e-02
4.370000000000000107e+00 1.734953515511518385e-02
4.379999999999999893e+00 1.731137951918703191e-02
4.389999999999999680e+00 1.727595710131374016e-02
4.400000000000000355e+00 1.724320196315128062e-02
4.410000000000000142e+00 1.721286814905224893e-02
4.419999999999999929e+00 1.718465700343636479e-02
4.429999999999999716e+00 1.715830209861801334e-02
4.440000000000000391e+00 1.713362356344082238e-02
4.450000000000000178e+00 1.711057950061766267e-02
4.459999999999999964e+00 1.708928553686982557e-02
4.469999999999999751e+00 1.706994568783848018e-02
4.480000000000000426e+00 1.705270353919696724e-02
4.490000000000000213e+00 1.703751137225410078e-02
4.500000000000000000e+00 1.702410852633425356e-02
4.509999999999999787e+00 1.701210207509707903e-02
4.519999999999999574e+00 1.700107172942026332e-02
4.530000000000000249e+00 1.699064446668267434e-02
4.540000000000000036e+00 1.698054486595416274e-02
4.549999999999999822e+00 1.697063993261369377e-02
4.559999999999999609e+00 1.696095940689804071e-02
4.570000000000000284e+00 1.695165327689431359e-02
4.580000000000000071e+00 1.694289099287406286e-02
4.589999999999999858e+00 1.693476545438110659e-02
4.599999999999999645e+00 1.692726271539687216e-02
4.610000000000000320e+00 1.692029670682693165e-02
4.620000000000000107e+00 1.691376194355486209e-02
4.629999999999999893e+00 1.690756920410855721e-02
4.639999999999999680e+00 1.690166555978846533e-02
4.650000000000000355e+00 1.689605092263788896e-02
4.660000000000000142e+00 1.689078514966311020e-02
4.669999999999999929e+00 1.688596830265978732e-02
4.679999999999999716e+00 1.688169465652977069e-02
4.690000000000000391e+00 1.687800761700639432e-02
4.700000000000000178e+00 1.687488280186221976e-02
4.709999999999999964e+00 1.687224074105146340e-02
4.719999999999999751e+00 1.686997160266957146e-02
4.730000000000000426e+00 1.686795898741689365e-02
4.740000000000000213e+00 1.686610230041432970e-02
4.750000000000000000e+00 1.686433786725402215e-02
4.759999999999999787e+00 1.686264971429234094e-02
4.769999999999999574e+00 1.686105906547036293e-02
4.780000000000000249e+00 1.685959573820833973e-02
4.790000000000000036e+00 1.685827082462835330e-02
4.799999999999999822e+00 1.685706821566447869e-02
4.809999999999999609e+00 1.685595436822460991e-02
4.820000000000000284e+00 1.685489269558435033e-02
4.830000000000000071e+00 1.685385288223171379e-02
4.839999999999999858e+00 1.685281604904030617e-02
4.849999999999999645e+00 1.685177942835016165e-02
4.860000000000000320e+00 1.685075836412622610e-02
4.870000000000000107e+00 1.684978007103069692e-02
4.879999999999999893e+00 1.684886963890578487e-02
4.889999999999999680e+00 1.684803736163077714e-02
4.900000000000000355e+00 1.684727606545162459e-02
4.910000000000000142e+00 1.684656789106430547e-02
4.919999999999999929e+00 1.684589319742152771e-02
4.929999999999999716e+00 1.684523629451569957e-02
4.940000000000000391e+00 1.684458834157351315e-02
4.950000000000000178e+00 1.684394941241027996e-02
4.959999999999999964e+00 1.684332901208163841e-02
4.969999999999999751e+00 1.684274266963474778e-02
4.980000000000000426e+00 1.684220500543063062e-02
4.990000000000000213e+00 1.684172355825665907e-02
5.000000000000000000e+00 1.684129725261700530e-02
5.009999999999999787e+00 1.684091901297184515e-02
5.019999999999999574e+00 1.684057917315148756e-02
5.030000000000000249e+00 1.684026773417872033e-02
5.040000000000000036e+00 1.683997615059357536e-02
5.049999999999999822e+00 1.683969948161306504e-02
5.059999999999999609e+00 1.683943786141712737e-02
5.070000000000000284e+00 1.683919551399981618e-02
5.080000000000000071e+00 1.683897740291601455e-02
5.089999999999999858e+00 1.683878589890791880e-02
5.099999999999999645e+00 1.683861972908249488e-02
5.110000000000000320e+00 1.683847520321698696e-02
5.120000000000000107e+00 1.683834804714116548e-02
5.129999999999999893e+00 1.683823456558657464e-02
5.139999999999999680e+00 1.683813211630393047e-02
5.150000000000000355e+00 1.683803935536709595e-02
5.160000000000000142e+00 1.683795627696924035e-02
5.169999999999999929e+00 1.683788372202736291e-02
5.179999999999999716e+00 1.683782239306721648e-02
5.190000000000000391e+00 1.683777199476823097e-02
5.200000000000000178e+00 1.683773108249582082e-02
5.209999999999999964e+00 1.683769755842347629e-02
5.219999999999999751e+00 1.683766929344297086e-02
5.230000000000000426e+00 1.683764450467438098e-02
5.240000000000000213e+00 1.683762191310764905e-02
5.250000000000000000e+00 1.683760083414419934e-02
5.259999999999999787e+00 1.683758118986736912e-02
5.269999999999999574e+00 1.683756331769177897e-02
5.280000000000000249e+00 1.683754759247156271e-02
5.290000000000000036e+00 1.683753409325021433e-02
5.299999999999999822e+00 1.683752252914287942e-02
5.309999999999999609e+00 1.683751240091686460e-02
5.320000000000000284e+00 1.683750320601641939e-02
5.330000000000000071e+00 1.683749455293965039e-02
5.339999999999999858e+00 1.683748619895005655e-02
5.349999999999999645e+00 1.683747807334149207e-02
5.360000000000000320e+00 1.683747028434976617e-02
5.370000000000000107e+00 1.683746305838355189e-02
5.379999999999999893e+00 1.683745660890260953e-02
5.389999999999999680e+00 1.683745101587235879e-02
5.400000000000000355e+00 1.683744619880517962e-02
5.410000000000000142e+00 1.683744198113789475e-02
5.419999999999999929e+00 1.683743817607410292e-02
5.429999999999999716e+00 1.683743463864268569e-02
5.440000000000000391e+00 1.683743128178415496e-02
5.450000000000000178e+00 1.683742807769673944e-02
5.459999999999999964e+00 1.683742505103607776e-02
5.469999999999999751e+00 1.683742225604602585e-02
5.480000000000000426e+00 1.683741974000079605e-02
5.490000000000000213e+00 1.683741751378922333e-02
5.500000000000000000e+00 1.683741554809660423e-02
5.509999999999999787e+00 1.683741379140117275e-02
5.519999999999999574e+00 1.683741219104924539e-02
5.530000000000000249e+00 1.683741070500159587e-02
5.540000000000000036e+00 1.683740930589880044e-02
5.549999999999999822e+00 1.683740798330037036e-02
5.559999999999999609e+00 1.683740674387236916e-02
5.570000000000000284e+00 1.683740560504889613e-02
5.580000000000000071e+00 1.683740458250266789e-02
5.589999999999999858e+00 1.683740367922165193e-02
5.599999999999999645e+00 1.683740288355626419e-02
5.610000000000000320e+00 1.683740217546469617e-02
5.620000000000000107e+00 1.683740153430335340e-02
5.629999999999999893e+00 1.683740094339222435e-02
5.639999999999999680e+00 1.683740039162204966e-02
5.650000000000000355e+00 1.683739987414327802e-02
5.660000000000000142e+00 1.683739939226227764e-02
5.669999999999999929e+00 1.683739895118711166e-02
5.679999999999999716e+00 1.683739855576690467e-02
5.690000000000000391e+00 1.683739820679288138e-02
5.700000000000000178e+00 1.683739790028153729e-02
5.709999999999999964e+00 1.683739762948241458e-02
5.719999999999999751e+00 1.683739738741255390e-02
5.730000000000000426e+00 1.683739716832660660e-02
5.740000000000000213e+00 1.683739696818586234e-02
5.750000000000000000e+00 1.683739678480420873e-02
5.759999999999999787e+00 1.683739661777229960e-02
5.769999999999999574e+00 1.683739646778242491e-02
5.780000000000000249e+00 1.683739633539602792e-02
5.790000000000000036e+00 1.683739622000108085e-02
5.799999999999999822e+00 1.683739611965643507e-02
5.809999999999999609e+00 1.683739603172795807e-02
5.820000000000000284e+00 1.683739595365649211e-02
5.830000000000000071e+00 1.683739588338971013e-02
5.839999999999999858e+00 1.683739581950558298e-02
5.849999999999999645e+00 1.683739576123519446e-02
5.860000000000000320e+00 1.683739570841667060e-02
5.870000000000000107e+00 1.683739566126756307e-02
5.879999999999999893e+00 1.683739561998847181e-02
5.889999999999999680e+00 1.683739558442308090e-02
5.900000000000000355e+00 1.683739555398641036e-02
5.910000000000000142e+00 1.683739552783756338e-02
5.919999999999999929e+00 1.683739550510223934e-02
5.929999999999999716e+00 1.683739548500169658e-02
5.940000000000000391e+00 1.683739546688247865e-02
5.950000000000000178e+00 1.683739545018149084e-02
5.959999999999999964e+00 1.683739543431326049e-02
5.969999999999999751e+00 1.683739541848904703e-02
5.980000000000000426e+00 1.683739540164322715e-02
5.990000000000000213e+00 1.683739538275102685e-02
6.000000000000000000e+00 1.683739536156254532e-02
6.200000000000000178e+00 1.683739533923201900e-02
6.400000000000000355e+00 1.683739531812750850e-02
6.599999999999999645e+00 1.683739530072542526e-02
6.799999999999999822e+00 1.683739528838186852e-02
7.000000000000000000e+00 0.000000000000000000e+00
