0.000000000000000000e+00 0.000000000000000000e+00
1.000000000000000021e-02 1.415698111051474396e-02
2.000000000000000042e-02 1.415698111051474396e-02
2.999999999999999889e-02 1.415698111051474396e-02
4.000000000000000083e-02 1.415698111051474396e-02
5.000000000000000278e-02 1.415698111051474396e-02
5.999999999999999778e-02 1.415698111051474396e-02
7.000000000000000666e-02 1.415698111051474396e-02
8.000000000000000167e-02 1.415698111051474396e-02
8.999999999999999667e-02 1.415698111051474396e-02
1.000000000000000056e-01 1.415698111051474396e-02
1.100000000000000006e-01 1.415698111051474396e-02
1.199999999999999956e-01 1.415698111051474396e-02
1.300000000000000044e-01 1.415698111051474396e-02
1.400000000000000133e-01 1.415698111051474396e-02
1.499999999999999944e-01 1.415698111051474396e-02
1.600000000000000033e-01 1.415698111051474396e-02
1.700000000000000122e-01 1.415698111051474396e-02
1.799999999999999933e-01 1.415698111051474396e-02
1.900000000000000022e-01 1.415698111051474396e-02
2.000000000000000111e-01 1.415698111051474396e-02
2.099999999999999922e-01 1.415698111051474396e-02
2.200000000000000011e-01 1.415698111051474396e-02
2.300000000000000100e-01 1.415698111051474396e-02
2.399999999999999911e-01 1.415698111051474396e-02
2.500000000000000000e-01 1.415698111051474396e-02
2.600000000000000089e-01 1.415698111051474396e-02
2.700000000000000178e-01 1.415698111051474396e-02
2.800000000000000266e-01 1.415698111051474396e-02
2.899999999999999800e-01 1.415698111051474396e-02
2.999999999999999889e-01 1.415698111051474396e-02
3.099999999999999978e-01 1.415698111051474396e-02
3.200000000000000067e-01 1.415698111051474396e-02
3.300000000000000155e-01 1.415698111051474396e-02
3.400000000000000244e-01 1.415698111051474396e-02
3.499999999999999778e-01 1.415698111051474396e-02
3.599999999999999867e-01 1.415698111051474396e-02
3.699999999999999956e-01 1.415698111051474396e-02
3.800000000000000044e-01 1.415698111051474396e-02
3.900000000000000133e-01 1.415698111051474396e-02
4.000000000000000222e-01 1.415698111051474396e-02
4.099999999999999756e-01 1.415698111051474396e-02
4.199999999999999845e-01 1.415698111051474396e-02
4.299999999999999933e-01 1.415698111051474396e-02
4.400000000000000022e-01 1.415698111051474396e-02
4.500000000000000111e-01 1.415698111051474396e-02
4.600000000000000200e-01 1.415698111051474396e-02
4.699999999999999734e-01 1.415698111051474396e-02
4.799999999999999822e-01 1.415698111051474396e-02
4.899999999999999911e-01 1.415698111051474396e-02
5.000000000000000000e-01 1.415698111051474396e-02
5.100000000000000089e-01 1.415698111051474396e-02
5.200000000000000178e-01 1.415698111051474396e-02
5.300000000000000266e-01 1.415698111051474396e-02
5.400000000000000355e-01 1.415698111051474396e-02
5.500000000000000444e-01 1.415698111051474396e-02
5.600000000000000533e-01 1.415698111051474396e-02
5.699999999999999512e-01 1.415698111051474396e-02
5.799999999999999600e-01 1.415698111051474396e-02
5.899999999999999689e-01 1.415698111051474396e-02
5.999999999999999778e-01 1.415698111051474396e-02
6.099999999999999867e-01 1.415698111051474396e-02
6.199999999999999956e-01 1.415698111051474396e-02
6.300000000000000044e-01 1.415698111051474396e-02
6.400000000000000133e-01 1.415698111051474396e-02
6.500000000000000222e-01 1.415698111051474396e-02
6.600000000000000311e-01 1.415698111051474396e-02
6.700000000000000400e-01 1.415698111051474396e-02
6.800000000000000488e-01 1.415698111051474396e-02
6.899999999999999467e-01 1.415698111051474396e-02
6.999999999999999556e-01 1.415698111051474396e-02
7.099999999999999645e-01 1.415698111051474396e-02
7.199999999999999734e-01 1.415698111051474396e-02
7.299999999999999822e-01 1.415698111051474396e-02
7.399999999999999911e-01 1.415698111051474396e-02
7.500000000000000000e-01 1.415698111051474396e-02
7.600000000000000089e-01 1.415698111051474396e-02
7.700000000000000178e-01 1.415698111051474396e-02
7.800000000000000266e-01 1.415698111051474396e-02
7.900000000000000355e-01 1.415698111051474396e-02
8.000000000000000444e-01 1.415698111051474396e-02
8.100000000000000533e-01 1.415698111051474396e-02
8.199999999999999512e-01 1.415698111051474396e-02
8.299999999999999600e-01 1.415698111051474396e-02
8.399999999999999689e-01 1.415698111051474396e-02
8.499999999999999778e-01 1.415698111051474396e-02
8.599999999999999867e-01 1.415698111051474396e-02
8.699999999999999956e-01 1.415698111051474396e-02
8.800000000000000044e-01 1.415698111051474396e-02
8.900000000000000133e-01 1.415698111051474396e-02
9.000000000000000222e-01 1.415698111051474396e-02
9.100000000000000311e-01 1.415698111051474396e-02
9.200000000000000400e-01 1.415698111051474396e-02
9.300000000000000488e-01 1.415698111051474396e-02
9.399999999999999467e-01 1.415698111051474396e-02
9.499999999999999556e-01 1.415698111051474396e-02
9.599999999999999645e-01 1.415698111051474396e-02
9.699999999999999734e-01 1.415698111051474396e-02
9.799999999999999822e-01 1.415698111051474396e-02
9.899999999999999911e-01 1.415698111051474396e-02
1.000000000000000000e+00 1.415698111051474396e-02
1.010000000000000009e+00 1.415698111051474396e-02
1.020000000000000018e+00 1.415698111051474396e-02
1.030000000000000027e+00 1.415698111051474396e-02
1.040000000000000036e+00 1.415698111051474396e-02
1.050000000000000044e+00 1.415698111051474396e-02
1.060000000000000053e+00 1.415698111051474396e-02
1.070000000000000062e+00 1.415698111051474396e-02
1.080000000000000071e+00 1.415698111051474396e-02
1.090000000000000080e+00 1.415698111051474396e-02
1.100000000000000089e+00 1.415698111051474396e-02
1.110000000000000098e+00 1.415698111051474396e-02
1.120000000000000107e+00 1.415698111051474396e-02
1.129999999999999893e+00 1.415698111051474396e-02
1.139999999999999902e+00 1.415698111051474396e-02
1.149999999999999911e+00 1.415698111051474396e-02
1.159999999999999920e+00 1.415698111051474396e-02
1.169999999999999929e+00 1.415698111051474396e-02
1.179999999999999938e+00 1.415698111051474396e-02
1.189999999999999947e+00 1.415698111051474396e-02
1.199999999999999956e+00 1.415698111051474396e-02
1.209999999999999964e+00 1.415698111051474396e-02
1.219999999999999973e+00 1.415698111051474396e-02
1.229999999999999982e+00 1.415698111051474396e-02
1.239999999999999991e+00 1.415698111051474396e-02
1.250000000000000000e+00 1.415698111051474396e-02
1.260000000000000009e+00 1.415698111051474396e-02
1.270000000000000018e+00 1.415698111051474396e-02
1.280000000000000027e+00 1.415698111051474396e-02
1.290000000000000036e+00 1.415698111051474396e-02
1.300000000000000044e+00 1.415698111051474743e-02
1.310000000000000053e+00 1.415698111051477519e-02
1.320000000000000062e+00 1.415698111051504407e-02
1.330000000000000071e+00 1.415698111051718645e-02
1.340000000000000080e+00 1.415698111053163497e-02
1.350000000000000089e+00 1.415698111061524517e-02
1.360000000000000098e+00 1.415698111103511764e-02
1.370000000000000107e+00 1.415698111290309043e-02
1.379999999999999893e+00 1.415698112048626063e-02
1.389999999999999902e+00 1.415698114950068864e-02
1.399999999999999911e+00 1.415698125656227740e-02
1.409999999999999920e+00 1.415698164005301310e-02
1.419999999999999929e+00 1.415698297062935665e-02
1.429999999999999938e+00 1.415698744114580673e-02
1.439999999999999947e+00 1.415700196745043639e-02
1.449999999999999956e+00 1.415704699979894107e-02
1.459999999999999964e+00 1.415717651489156390e-02
1.469999999999999973e+00 1.415751116494485401e-02
1.479999999999999982e+00 1.415826767972854817e-02
1.489999999999999991e+00 1.415973653558440758e-02
1.500000000000000000e+00 1.416215457315231005e-02
1.510000000000000009e+00 1.416548950861808327e-02
1.520000000000000018e+00 1.416927372303151272e-02
1.530000000000000027e+00 1.417266198885645118e-02
1.540000000000000036e+00 1.417474701480647345e-02
1.550000000000000044e+00 1.417495729985800319e-02
1.560000000000000053e+00 1.417329484411090045e-02
1.570000000000000062e+00 1.417029551732706949e-02
1.580000000000000071e+00 1.416677008290173449e-02
1.590000000000000080e+00 1.416348006652706423e-02
1.600000000000000089e+00 1.416090265860944601e-02
1.610000000000000098e+00 1.415916893315932214e-02
1.620000000000000107e+00 1.415815614267808102e-02
1.629999999999999893e+00 1.415764002198606139e-02
1.639999999999999902e+00 1.415741404633982445e-02
1.649999999999999911e+00 1.415733925638531718e-02
1.659999999999999920e+00 1.415734127081808534e-02
1.669999999999999929e+00 1.415738725527809598e-02
1.679999999999999938e+00 1.415746459644654474e-02
1.689999999999999947e+00 1.415756786318368363e-02
1.699999999999999956e+00 1.415769282143809933e-02
1.709999999999999964e+00 1.415783504489433881e-02
1.719999999999999973e+00 1.415799201459162424e-02
1.729999999999999982e+00 1.415816929188433958e-02
1.739999999999999991e+00 1.415839253783654494e-02
1.750000000000000000e+00 1.415872610179898065e-02
1.760000000000000009e+00 1.415929225775528107e-02
1.770000000000000018e+00 1.416027228921479253e-02
1.780000000000000027e+00 1.416186224378400936e-02
1.790000000000000036e+00 1.416417409802188908e-02
1.800000000000000044e+00 1.416712485574540305e-02
1.810000000000000053e+00 1.417040295416859344e-02
1.820000000000000062e+00 1.417357683240521964e-02
1.830000000000000071e+00 1.417630329867614752e-02
1.840000000000000080e+00 1.417849535187690364e-02
1.850000000000000089e+00 1.418033222909024713e-02
1.860000000000000098e+00 1.418213422420991354e-02
1.870000000000000107e+00 1.418425187673143240e-02
1.879999999999999893e+00 1.418711955643518936e-02
1.889999999999999902e+00 1.419151239479628755e-02
1.899999999999999911e+00 1.419893397297271494e-02
1.909999999999999920e+00 1.421205271986437056e-02
1.919999999999999929e+00 1.423522573429948472e-02
1.929999999999999938e+00 1.427533455613472398e-02
1.939999999999999947e+00 1.434327244974945882e-02
1.949999999999999956e+00 1.445634020200038845e-02
1.959999999999999964e+00 1.464149533159542910e-02
1.969999999999999973e+00 1.493899466044316428e-02
1.979999999999999982e+00 1.540591746595262705e-02
1.989999999999999991e+00 1.612009001843589875e-02
2.000000000000000000e+00 1.718727126078844342e-02
2.009999999999999787e+00 1.875632879301659950e-02
2.020000000000000018e+00 2.104465713626947967e-02
2.029999999999999805e+00 2.436716553658008905e-02
2.040000000000000036e+00 2.915253836502747914e-02
2.049999999999999822e+00 3.593273690491143729e-02
2.060000000000000053e+00 4.531097866855852974e-02
2.069999999999999840e+00 5.793464940142064451e-02
2.080000000000000071e+00 7.450089957762955073e-02
2.089999999999999858e+00 9.580390455745015077e-02
2.100000000000000089e+00 1.228142631979250443e-01
2.109999999999999876e+00 1.567667683279476420e-01
2.120000000000000107e+00 1.991985077201530452e-01
2.129999999999999893e+00 2.518258538868702323e-01
2.140000000000000124e+00 3.161582562796382834e-01
2.149999999999999911e+00 3.929171190074225439e-01
2.160000000000000142e+00 4.815917049419031759e-01
2.169999999999999929e+00 5.805450662082838331e-01
2.180000000000000160e+00 6.878098176282501086e-01
2.189999999999999947e+00 8.023443446673669266e-01
2.200000000000000178e+00 9.254824299590979075e-01
2.209999999999999964e+00 1.062537227725224520e+00
2.220000000000000195e+00 1.224369448588682685e+00
2.229999999999999982e+00 1.427868777454282867e+00
2.240000000000000213e+00 1.693603382574058624e+00
2.250000000000000000e+00 2.039874189761734069e+00
2.259999999999999787e+00 2.475091698644301452e+00
2.270000000000000018e+00 2.992210649216489937e+00
2.279999999999999805e+00 3.567372510430890653e+00
2.290000000000000036e+00 4.161316217389286365e+00
2.299999999999999822e+00 4.720989434226793513e+00
2.310000000000000053e+00 5.181873583685528750e+00
2.319999999999999840e+00 5.475002168078229481e+00
2.330000000000000071e+00 5.541500278854742056e+00
2.339999999999999858e+00 5.351530424720359669e+00
2.350000000000000089e+00 4.918882261346671392e+00
2.359999999999999876e+00 4.302325805813221216e+00
2.370000000000000107e+00 3.590873893657712923e+00
2.379999999999999893e+00 2.878377387982331559e+00
2.390000000000000124e+00 2.238459735079008528e+00
2.399999999999999911e+00 1.710399459281086498e+00
2.410000000000000142e+00 1.300097372749003721e+00
2.419999999999999929e+00 9.918238089794985113e-01
2.430000000000000160e+00 7.620797995659347457e-01
2.439999999999999947e+00 5.890484536109483749e-01
2.450000000000000178e+00 4.563089308795320598e-01
2.459999999999999964e+00 3.528608405260230674e-01
2.470000000000000195e+00 2.717532881978862447e-01
2.479999999999999982e+00 2.085875638077679117e-01
2.490000000000000213e+00 1.604915331463550310e-01
2.500000000000000000e+00 1.258744620317527874e-01
2.509999999999999787e+00 1.048813566913103235e-01
2.520000000000000018e+00 9.995744456273850109e-02
2.529999999999999805e+00 1.156350841696898862e-01
2.540000000000000036e+00 1.569015649163801318e-01
2.549999999999999822e+00 2.264408884846355330e-01
2.560000000000000053e+00 3.222430057490507926e-01
2.569999999999999840e+00 4.374277444477356891e-01
2.580000000000000071e+00 5.628115744449343483e-01
2.589999999999999858e+00 6.905369928168656468e-01
2.600000000000000089e+00 8.160177001891439907e-01
2.609999999999999876e+00 9.366633683777391139e-01
2.620000000000000107e+00 1.048291991839617632e+00
2.629999999999999893e+00 1.141803310531382731e+00
2.640000000000000124e+00 1.202587692235036254e+00
2.649999999999999911e+00 1.213745736536391062e+00
2.660000000000000142e+00 1.162350811395251649e+00
2.669999999999999929e+00 1.046229777089360269e+00
2.680000000000000160e+00 8.777165557647036431e-01
2.689999999999999947e+00 6.816252042948387491e-01
2.700000000000000178e+00 4.876405482497292443e-01
2.709999999999999964e+00 3.207562929728379753e-01
2.720000000000000195e+00 1.945886684625826590e-01
2.729999999999999982e+00 1.103189927440780399e-01
2.740000000000000213e+00 6.044800147748352614e-02
2.750000000000000000e+00 3.425006834249601229e-02
2.759999999999999787e+00 2.201588557291631748e-02
2.770000000000000018e+00 1.692834850555466689e-02
2.779999999999999805e+00 1.503999862749297832e-02
2.790000000000000036e+00 1.441225540315085527e-02
2.799999999999999822e+00 1.422443407124914481e-02
2.810000000000000053e+00 1.417350042527044940e-02
2.819999999999999840e+00 1.416085312960409931e-02
2.830000000000000071e+00 1.415792605803754822e-02
2.839999999999999858e+00 1.415726701507589308e-02
2.850000000000000089e+00 1.415710398850484816e-02
2.859999999999999876e+00 1.415704812723995142e-02
2.870000000000000107e+00 1.415701956986551574e-02
2.879999999999999893e+00 1.415700220078274299e-02
2.890000000000000124e+00 1.415699180973056109e-02
2.899999999999999911e+00 1.415698611137950966e-02
2.910000000000000142e+00 1.415698329168504216e-02
2.919999999999999929e+00 1.415698202121605867e-02
2.930000000000000160e+00 1.415698148567855370e-02
2.939999999999999947e+00 1.415698126604283610e-02
2.950000000000000178e+00 1.415698117529035245e-02
2.959999999999999964e+00 1.415698113712718711e-02
2.970000000000000195e+00 1.415698112106733055e-02
2.979999999999999982e+00 1.415698111448217451e-02
2.990000000000000213e+00 1.415698111190987450e-02
3.000000000000000000e+00 1.415698111096823537e-02
3.009999999999999787e+00 1.415698111064948340e-02
3.020000000000000018e+00 1.415698111055094764e-02
3.029999999999999805e+00 1.415698111052346268e-02
3.040000000000000036e+00 1.415698111051661746e-02
3.049999999999999822e+00 1.415698111051510132e-02
3.060000000000000053e+00 1.415698111051480641e-02
3.069999999999999840e+00 1.415698111051475437e-02
3.080000000000000071e+00 1.415698111051474396e-02
3.089999999999999858e+00 1.415698111051474396e-02
3.100000000000000089e+00 1.415698111051474396e-02
3.109999999999999876e+00 1.415698111051474396e-02
3.120000000000000107e+00 1.415698111051474396e-02
3.129999999999999893e+00 1.415698111051474396e-02
3.140000000000000124e+00 1.415698111051474396e-02
3.149999999999999911e+00 1.415698111051474396e-02
3.160000000000000142e+00 1.415698111051474396e-02
3.169999999999999929e+00 1.415698111051474396e-02
3.180000000000000160e+00 1.415698111051474396e-02
3.189999999999999947e+00 1.415698111051474396e-02
3.200000000000000178e+00 1.415698111051474396e-02
3.209999999999999964e+00 1.415698111051474396e-02
3.220000000000000195e+00 1.415698111051474396e-02
3.229999999999999982e+00 1.415698111051474396e-02
3.240000000000000213e+00 1.415698111051474396e-02
3.250000000000000000e+00 1.415698111051474396e-02
3.259999999999999787e+00 1.415698111051474396e-02
3.270000000000000018e+00 1.415698111051474396e-02
3.279999999999999805e+00 1.415698111051474396e-02
3.290000000000000036e+00 1.415698111051474396e-02
3.299999999999999822e+00 1.415698111051474396e-02
3.310000000000000053e+00 1.415698111051474396e-02
3.319999999999999840e+00 1.415698111051474396e-02
3.330000000000000071e+00 1.415698111051474396e-02
3.339999999999999858e+00 1.415698111051474396e-02
3.350000000000000089e+00 1.415698111051474396e-02
3.359999999999999876e+00 1.415698111051474396e-02
3.370000000000000107e+00 1.415698111051474396e-02
3.379999999999999893e+00 1.415698111051474396e-02
3.390000000000000124e+00 1.415698111051474396e-02
3.399999999999999911e+00 1.415698111051474396e-02
3.410000000000000142e+00 1.415698111051474396e-02
3.419999999999999929e+00 1.415698111051474396e-02
3.430000000000000160e+00 1.415698111051474396e-02
3.439999999999999947e+00 1.415698111051474396e-02
3.450000000000000178e+00 1.415698111051474396e-02
3.459999999999999964e+00 1.415698111051474396e-02
3.470000000000000195e+00 1.415698111051474396e-02
3.479999999999999982e+00 1.415698111051474396e-02
3.490000000000000213e+00 1.415698111051474396e-02
3.500000000000000000e+00 1.415698111051474396e-02
3.509999999999999787e+00 1.415698111051474396e-02
3.520000000000000018e+00 1.415698111051474396e-02
3.529999999999999805e+00 1.415698111051474396e-02
3.540000000000000036e+00 1.415698111051474396e-02
3.549999999999999822e+00 1.415698111051474396e-02
3.560000000000000053e+00 1.415698111051474396e-02
3.569999999999999840e+00 1.415698111051474396e-02
3.580000000000000071e+00 1.415698111051474396e-02
3.589999999999999858e+00 1.415698111051474396e-02
3.600000000000000089e+00 1.415698111051474396e-02
3.609999999999999876e+00 1.415698111051474396e-02
3.620000000000000107e+00 1.415698111051474396e-02
3.629999999999999893e+00 1.415698111051474396e-02
3.640000000000000124e+00 1.415698111051474396e-02
3.649999999999999911e+00 1.415698111051474396e-02
3.660000000000000142e+00 1.415698111051474396e-02
3.669999999999999929e+00 1.415698111051474396e-02
3.680000000000000160e+00 1.415698111051474396e-02
3.689999999999999947e+00 1.415698111051474396e-02
3.700000000000000178e+00 1.415698111051474396e-02
3.709999999999999964e+00 1.415698111051474396e-02
3.720000000000000195e+00 1.415698111051474396e-02
3.729999999999999982e+00 1.415698111051474396e-02
3.740000000000000213e+00 1.415698111051474396e-02
3.750000000000000000e+00 1.415698111051474396e-02
3.759999999999999787e+00 1.415698111051474396e-02
3.770000000000000018e+00 1.415698111051474396e-02
3.779999999999999805e+00 1.415698111051474396e-02
3.790000000000000036e+00 1.415698111051474396e-02
3.799999999999999822e+00 1.415698111051474396e-02
3.810000000000000053e+00 1.415698111051474396e-02
3.819999999999999840e+00 1.415698111051474396e-02
3.830000000000000071e+00 1.415698111051474396e-02
3.839999999999999858e+00 1.415698111051474396e-02
3.850000000000000089e+00 1.415698111051474396e-02
3.859999999999999876e+00 1.415698111051474396e-02
3.870000000000000107e+00 1.415698111051474396e-02
3.879999999999999893e+00 1.415698111051474396e-02
3.890000000000000124e+00 1.415698111051474396e-02
3.899999999999999911e+00 1.415698111051474396e-02
3.910000000000000142e+00 1.415698111051474396e-02
3.919999999999999929e+00 1.415698111051474396e-02
3.930000000000000160e+00 1.415698111051474396e-02
3.939999999999999947e+00 1.415698111051474396e-02
3.950000000000000178e+00 1.415698111051474396e-02
3.959999999999999964e+00 1.415698111051474396e-02
3.970000000000000195e+00 1.415698111051474396e-02
3.979999999999999982e+00 1.415698111051474396e-02
3.990000000000000213e+00 1.415698111051474396e-02
4.000000000000000000e+00 1.415698111051474396e-02
4.009999999999999787e+00 1.415698111051474396e-02
4.019999999999999574e+00 1.415698111051474396e-02
4.030000000000000249e+00 1.415698111051474396e-02
4.040000000000000036e+00 1.415698111051474396e-02
4.049999999999999822e+00 1.415698111051474396e-02
4.059999999999999609e+00 1.415698111051474396e-02
4.070000000000000284e+00 1.415698111051474396e-02
4.080000000000000071e+00 1.415698111051474396e-02
4.089999999999999858e+00 1.415698111051474396e-02
4.099999999999999645e+00 1.415698111051474396e-02
4.110000000000000320e+00 1.415698111051474396e-02
4.120000000000000107e+00 1.415698111051474396e-02
4.129999999999999893e+00 1.415698111051474396e-02
4.139999999999999680e+00 1.415698111051474396e-02
4.150000000000000355e+00 1.415698111051474396e-02
4.160000000000000142e+00 1.415698111051474396e-02
4.169999999999999929e+00 1.415698111051474396e-02
4.179999999999999716e+00 1.415698111051474396e-02
4.190000000000000391e+00 1.415698111051474396e-02
4.200000000000000178e+00 1.415698111051474396e-02
4.209999999999999964e+00 1.415698111051474396e-02
4.219999999999999751e+00 1.415698111051474396e-02
4.230000000000000426e+00 1.415698111051474396e-02
4.240000000000000213e+00 1.415698111051474396e-02
4.250000000000000000e+00 1.415698111051474396e-02
4.259999999999999787e+00 1.415698111051474396e-02
4.269999999999999574e+00 1.415698111051474396e-02
4.280000000000000249e+00 1.415698111051474396e-02
4.290000000000000036e+00 1.415698111051474396e-02
4.299999999999999822e+00 1.415698111051474396e-02
4.309999999999999609e+00 1.415698111051474396e-02
4.320000000000000284e+00 1.415698111051474396e-02
4.330000000000000071e+00 1.415698111051474396e-02
4.339999999999999858e+00 1.415698111051474396e-02
4.349999999999999645e+00 1.415698111051474396e-02
4.360000000000000320e+00 1.415698111051474396e-02
4.370000000000000107e+00 1.415698111051474396e-02
4.379999999999999893e+00 1.415698111051474396e-02
4.389999999999999680e+00 1.415698111051474396e-02
4.400000000000000355e+00 1.415698111051474396e-02
4.410000000000000142e+00 1.415698111051474396e-02
4.419999999999999929e+00 1.415698111051474396e-02
4.429999999999999716e+00 1.415698111051474396e-02
4.440000000000000391e+00 1.415698111051474396e-02
4.450000000000000178e+00 1.415698111051474396e-02
4.459999999999999964e+00 1.415698111051474396e-02
4.469999999999999751e+00 1.415698111051474396e-02
4.480000000000000426e+00 1.415698111051474396e-02
4.490000000000000213e+00 1.415698111051474396e-02
4.500000000000000000e+00 1.415698111051474396e-02
4.509999999999999787e+00 1.415698111051474396e-02
4.519999999999999574e+00 1.415698111051474396e-02
4.530000000000000249e+00 1.415698111051474396e-02
4.540000000000000036e+00 1.415698111051474396e-02
4.549999999999999822e+00 1.415698111051474396e-02
4.559999999999999609e+00 1.415698111051474396e-02
4.570000000000000284e+00 1.415698111051474396e-02
4.580000000000000071e+00 1.415698111051474396e-02
4.589999999999999858e+00 1.415698111051474396e-02
4.599999999999999645e+00 1.415698111051474396e-02
4.610000000000000320e+00 1.415698111051474396e-02
4.620000000000000107e+00 1.415698111051474396e-02
4.629999999999999893e+00 1.415698111051474396e-02
4.639999999999999680e+00 1.415698111051474396e-02
4.650000000000000355e+00 1.415698111051474396e-02
4.660000000000000142e+00 1.415698111051474396e-02
4.669999999999999929e+00 1.415698111051474396e-02
4.679999999999999716e+00 1.415698111051474396e-02
4.690000000000000391e+00 1.415698111051474396e-02
4.700000000000000178e+00 1.415698111051474396e-02
4.709999999999999964e+00 1.415698111051474396e-02
4.719999999999999751e+00 1.415698111051474396e-02
4.730000000000000426e+00 1.415698111051474396e-02
4.740000000000000213e+00 1.415698111051474396e-02
4.750000000000000000e+00 1.415698111051474396e-02
4.759999999999999787e+00 1.415698111051474396e-02
4.769999999999999574e+00 1.415698111051474396e-02
4.780000000000000249e+00 1.415698111051474396e-02
4.790000000000000036e+00 1.415698111051474396e-02
4.799999999999999822e+00 1.415698111051474396e-02
4.809999999999999609e+00 1.415698111051474396e-02
4.820000000000000284e+00 1.415698111051474396e-02
4.830000000000000071e+00 1.415698111051474396e-02
4.839999999999999858e+00 1.415698111051474396e-02
4.849999999999999645e+00 1.415698111051474396e-02
4.860000000000000320e+00 1.415698111051474396e-02
4.870000000000000107e+00 1.415698111051474396e-02
4.879999999999999893e+00 1.415698111051474396e-02
4.889999999999999680e+00 1.415698111051474396e-02
4.900000000000000355e+00 1.415698111051474396e-02
4.910000000000000142e+00 1.415698111051474396e-02
4.919999999999999929e+00 1.415698111051474396e-02
4.929999999999999716e+00 1.415698111051474396e-02
4.940000000000000391e+00 1.415698111051474396e-02
4.950000000000000178e+00 1.415698111051474396e-02
4.959999999999999964e+00 1.415698111051474396e-02
4.969999999999999751e+00 1.415698111051474396e-02
4.980000000000000426e+00 1.415698111051474396e-02
4.990000000000000213e+00 1.415698111051474396e-02
5.000000000000000000e+00 1.415698111051474396e-02
5.009999999999999787e+00 1.415698111051474396e-02
5.019999999999999574e+00 1.415698111051474396e-02
5.030000000000000249e+00 1.415698111051474396e-02
5.040000000000000036e+00 1.415698111051474396e-02
5.049999999999999822e+00 1.415698111051474396e-02
5.059999999999999609e+00 1.415698111051474396e-02
5.070000000000000284e+00 1.415698111051474396e-02
5.080000000000000071e+00 1.415698111051474396e-02
5.089999999999999858e+00 1.415698111051474396e-02
5.099999999999999645e+00 1.415698111051474396e-02
5.110000000000000320e+00 1.415698111051474396e-02
5.120000000000000107e+00 1.415698111051474396e-02
5.129999999999999893e+00 1.415698111051474396e-02
5.139999999999999680e+00 1.415698111051474396e-02
5.150000000000000355e+00 1.415698111051474396e-02
5.160000000000000142e+00 1.415698111051474396e-02
5.169999999999999929e+00 1.415698111051474396e-02
5.179999999999999716e+00 1.415698111051474396e-02
5.190000000000000391e+00 1.415698111051474396e-02
5.200000000000000178e+00 1.415698111051474396e-02
5.209999999999999964e+00 1.415698111051474396e-02
5.219999999999999751e+00 1.415698111051474396e-02
5.230000000000000426e+00 1.415698111051474396e-02
5.240000000000000213e+00 1.415698111051474396e-02
5.250000000000000000e+00 1.415698111051474396e-02
5.259999999999999787e+00 1.415698111051474396e-02
5.269999999999999574e+00 1.415698111051474396e-02
5.280000000000000249e+00 1.415698111051474396e-02
5.290000000000000036e+00 1.415698111051474396e-02
5.299999999999999822e+00 1.415698111051474396e-02
5.309999999999999609e+00 1.415698111051474396e-02
5.320000000000000284e+00 1.415698111051474396e-02
5.330000000000000071e+00 1.415698111051474396e-02
5.339999999999999858e+00 1.415698111051474396e-02
5.349999999999999645e+00 1.415698111051474396e-02
5.360000000000000320e+00 1.415698111051474396e-02
5.370000000000000107e+00 1.415698111051474396e-02
5.379999999999999893e+00 1.415698111051474396e-02
5.389999999999999680e+00 1.415698111051474396e-02
5.400000000000000355e+00 1.415698111051474396e-02
5.410000000000000142e+00 1.415698111051474396e-02
5.419999999999999929e+00 1.415698111051474396e-02
5.429999999999999716e+00 1.415698111051474396e-02
5.440000000000000391e+00 1.415698111051474396e-02
5.450000000000000178e+00 1.415698111051474396e-02
5.459999999999999964e+00 1.415698111051474396e-02
5.469999999999999751e+00 1.415698111051474396e-02
5.480000000000000426e+00 1.415698111051474396e-02
5.490000000000000213e+00 1.415698111051474396e-02
5.500000000000000000e+00 1.415698111051474396e-02
5.509999999999999787e+00 1.415698111051474396e-02
5.519999999999999574e+00 1.415698111051474396e-02
5.530000000000000249e+00 1.415698111051474396e-02
5.540000000000000036e+00 1.415698111051474396e-02
5.549999999999999822e+00 1.415698111051474396e-02
5.559999999999999609e+00 1.415698111051474396e-02
5.570000000000000284e+00 1.415698111051474396e-02
5.580000000000000071e+00 1.415698111051474396e-02
5.589999999999999858e+00 1.415698111051474396e-02
5.599999999999999645e+00 1.415698111051474396e-02
5.610000000000000320e+00 1.415698111051474396e-02
5.620000000000000107e+00 1.415698111051474396e-02
5.629999999999999893e+00 1.415698111051474396e-02
5.639999999999999680e+00 1.415698111051474396e-02
5.650000000000000355e+00 1.415698111051474396e-02
5.660000000000000142e+00 1.415698111051474396e-02
5.669999999999999929e+00 1.415698111051474396e-02
5.679999999999999716e+00 1.415698111051474396e-02
5.690000000000000391e+00 1.415698111051474396e-02
5.700000000000000178e+00 1.415698111051474396e-02
5.709999999999999964e+00 1.415698111051474396e-02
5.719999999999999751e+00 1.415698111051474396e-02
5.730000000000000426e+00 1.415698111051474396e-02
5.740000000000000213e+00 1.415698111051474396e-02
5.750000000000000000e+00 1.415698111051474396e-02
5.759999999999999787e+00 1.415698111051474396e-02
5.769999999999999574e+00 1.415698111051474396e-02
5.780000000000000249e+00 1.415698111051474396e-02
5.790000000000000036e+00 1.415698111051474396e-02
5.799999999999999822e+00 1.415698111051474396e-02
5.809999999999999609e+00 1.415698111051474396e-02
5.820000000000000284e+00 1.415698111051474396e-02
5.830000000000000071e+00 1.415698111051474396e-02
5.839999999999999858e+00 1.415698111051474396e-02
5.849999999999999645e+00 1.415698111051474396e-02
5.860000000000000320e+00 1.415698111051474396e-02
5.870000000000000107e+00 1.415698111051474396e-02
5.879999999999999893e+00 1.415698111051474396e-02
5.889999999999999680e+00 1.415698111051474396e-02
5.900000000000000355e+00 1.415698111051474396e-02
5.910000000000000142e+00 1.415698111051474396e-02
5.919999999999999929e+00 1.415698111051474396e-02
5.929999999999999716e+00 1.415698111051474396e-02
5.940000000000000391e+00 1.415698111051474396e-02
5.950000000000000178e+00 1.415698111051474396e-02
5.959999999999999964e+00 1.415698111051474396e-02
5.969999999999999751e+00 1.415698111051474396e-02
5.980000000000000426e+00 1.415698111051474396e-02
5.990000000000000213e+00 1.415698111051474396e-02
6.000000000000000000e+00 1.415698111051474396e-02
6.200000000000000178e+00 1.415698111051474396e-02
6.400000000000000355e+00 1.415698111051474396e-02
6.599999999999999645e+00 1.415698111051474396e-02
6.799999999999999822e+00 1.415698111051474396e-02
7.000000000000000000e+00 0.000000000000000000e+00
