0.000000000000000000e+00 0.000000000000000000e+00
1.000000000000000021e-02 1.415698113635415097e-02
2.000000000000000042e-02 1.415698117710204734e-02
2.999999999999999889e-02 1.415698126321548317e-02
4.000000000000000083e-02 1.415698142284009878e-02
5.000000000000000278e-02 1.415698168307511287e-02
5.999999999999999778e-02 1.415698206103118729e-02
7.000000000000000666e-02 1.415698256825802595e-02
8.000000000000000167e-02 1.415698324861102211e-02
8.999999999999999667e-02 1.415698426205770459e-02
1.000000000000000056e-01 1.415698600919912224e-02
1.100000000000000006e-01 1.415698927402199610e-02
1.199999999999999956e-01 1.415699534924742646e-02
1.300000000000000044e-01 1.415700610135139925e-02
1.400000000000000133e-01 1.415702396064721751e-02
1.499999999999999944e-01 1.415705193411353688e-02
1.600000000000000033e-01 1.415709390999844546e-02
1.700000000000000122e-01 1.415715558888862649e-02
1.799999999999999933e-01 1.415724614799360528e-02
1.900000000000000022e-01 1.415738020718703034e-02
2.000000000000000111e-01 1.415757892718273563e-02
2.099999999999999922e-01 1.415786824586967758e-02
2.200000000000000011e-01 1.415827194881989423e-02
2.300000000000000100e-01 1.415879914061214315e-02
2.399999999999999911e-01 1.415943085826700497e-02
2.500000000000000000e-01 1.416011601774997547e-02
2.600000000000000089e-01 1.416078565246201709e-02
2.700000000000000178e-01 1.416138337554121406e-02
2.800000000000000266e-01 1.416189672887113726e-02
2.899999999999999800e-01 1.416237071998175008e-02
2.999999999999999889e-01 1.416289425880881171e-02
3.099999999999999978e-01 1.416356344091778720e-02
3.200000000000000067e-01 1.416443478798021932e-02
3.300000000000000155e-01 1.416548764461244073e-02
3.400000000000000244e-01 1.416661792999393543e-02
3.499999999999999778e-01 1.416767613345371740e-02
3.599999999999999867e-01 1.416853629516353838e-02
3.699999999999999956e-01 1.416915676347445252e-02
3.800000000000000044e-01 1.416959422761695890e-02
3.900000000000000133e-01 1.416996484969629440e-02
4.000000000000000222e-01 1.417038387190552341e-02
4.099999999999999756e-01 1.417092465422741497e-02
4.199999999999999845e-01 1.417161328031114886e-02
4.299999999999999933e-01 1.417244332602787468e-02
4.400000000000000022e-01 1.417338854389725740e-02
4.500000000000000111e-01 1.417440940695730012e-02
4.600000000000000200e-01 1.417546592438930983e-02
4.699999999999999734e-01 1.417654450440268381e-02
4.799999999999999822e-01 1.417768761299467196e-02
4.899999999999999911e-01 1.417900222656204821e-02
5.000000000000000000e-01 1.418063062604594908e-02
5.100000000000000089e-01 1.418269122786542866e-02
5.200000000000000178e-01 1.418521983699932466e-02
5.300000000000000266e-01 1.418814661803404972e-02
5.400000000000000355e-01 1.419132890240217167e-02
5.500000000000000444e-01 1.419463164244673045e-02
5.600000000000000533e-01 1.419801646944031208e-02
5.699999999999999512e-01 1.420158609404365523e-02
5.799999999999999600e-01 1.420555115662695995e-02
5.899999999999999689e-01 1.421012973906304704e-02
5.999999999999999778e-01 1.421541778049023597e-02
6.099999999999999867e-01 1.422126654962450019e-02
6.199999999999999956e-01 1.422719890289341794e-02
6.300000000000000044e-01 1.423241168214825318e-02
6.400000000000000133e-01 1.423591988979732749e-02
6.500000000000000222e-01 1.423685287753137518e-02
6.600000000000000311e-01 1.423481381009601525e-02
6.700000000000000400e-01 1.423012522138591973e-02
6.800000000000000488e-01 1.422379098947513902e-02
6.899999999999999467e-01 1.421714626804605232e-02
6.999999999999999556e-01 1.421136955661302104e-02
7.099999999999999645e-01 1.420713132824006839e-02
7.199999999999999734e-01 1.420454580054032571e-02
7.299999999999999822e-01 1.420336760541835060e-02
7.399999999999999911e-01 1.420324038611698973e-02
7.500000000000000000e-01 1.420385475644399785e-02
7.600000000000000089e-01 1.420500871899247480e-02
7.700000000000000178e-01 1.420663758502121836e-02
7.800000000000000266e-01 1.420885612964229230e-02
7.900000000000000355e-01 1.421199304988143147e-02
8.000000000000000444e-01 1.421655117663653441e-02
8.100000000000000533e-01 1.422302296947370627e-02
8.199999999999999512e-01 1.423156623964595517e-02
8.299999999999999600e-01 1.424169740273243355e-02
8.399999999999999689e-01 1.425225497027887700e-02
8.499999999999999778e-01 1.426175620090586529e-02
8.599999999999999867e-01 1.426896728020382414e-02
8.699999999999999956e-01 1.427332377441835852e-02
8.800000000000000044e-01 1.427496661646034809e-02
8.900000000000000133e-01 1.427445716280414077e-02
9.000000000000000222e-01 1.427241992124779132e-02
9.100000000000000311e-01 1.426932610138400767e-02
9.200000000000000400e-01 1.426547808112658446e-02
9.300000000000000488e-01 1.426112296484448143e-02
9.399999999999999467e-01 1.425657525372576312e-02
9.499999999999999556e-01 1.425225726687165580e-02
9.599999999999999645e-01 1.424863344732682675e-02
9.699999999999999734e-01 1.424608062808611388e-02
9.799999999999999822e-01 1.424477217419990033e-02
9.899999999999999911e-01 1.424464474703444374e-02
1.000000000000000000e+00 1.424546515686533898e-02
1.010000000000000009e+00 1.424695233856446835e-02
1.020000000000000018e+00 1.424888407542902746e-02
1.030000000000000027e+00 1.425115501876662513e-02
1.040000000000000036e+00 1.425383097981328812e-02
1.050000000000000044e+00 1.425733128067697801e-02
1.060000000000000053e+00 1.426298133053555475e-02
1.070000000000000062e+00 1.427437265027904634e-02
1.080000000000000071e+00 1.430018079474722204e-02
1.090000000000000080e+00 1.435881272283166289e-02
1.100000000000000089e+00 1.448357466497891648e-02
1.110000000000000098e+00 1.472387448779621452e-02
1.120000000000000107e+00 1.513589901702949367e-02
1.129999999999999893e+00 1.575988340448888914e-02
1.139999999999999902e+00 1.659161916933550585e-02
1.149999999999999911e+00 1.756556871486947627e-02
1.159999999999999920e+00 1.856461989739599527e-02
1.169999999999999929e+00 1.945579308433793841e-02
1.179999999999999938e+00 2.013462687398624024e-02
1.189999999999999947e+00 2.055653098470958465e-02
1.199999999999999956e+00 2.074188719850524401e-02
1.209999999999999964e+00 2.075536813680304779e-02
1.219999999999999973e+00 2.067207554036094158e-02
1.229999999999999982e+00 2.054887963692596242e-02
1.239999999999999991e+00 2.041466241560252123e-02
1.250000000000000000e+00 2.027963898325505637e-02
1.260000000000000009e+00 2.015150896591379887e-02
1.270000000000000018e+00 2.004467704128872624e-02
1.280000000000000027e+00 1.997770234666446446e-02
1.290000000000000036e+00 1.996427196279462399e-02
1.300000000000000044e+00 2.000650272179244071e-02
1.310000000000000053e+00 2.009572801309563242e-02
1.320000000000000062e+00 2.021959759026457221e-02
1.330000000000000071e+00 2.037018486670802431e-02
1.340000000000000080e+00 2.054844166305320324e-02
1.350000000000000089e+00 2.076459530917369040e-02
1.360000000000000098e+00 2.103735273009210011e-02
1.370000000000000107e+00 2.139327686670399950e-02
1.379999999999999893e+00 2.186363770065798476e-02
1.389999999999999902e+00 2.247607853306732295e-02
1.399999999999999911e+00 2.324465775799335401e-02
1.409999999999999920e+00 2.416690683340810136e-02
1.419999999999999929e+00 2.523243715883867824e-02
1.429999999999999938e+00 2.643715318075133200e-02
1.439999999999999947e+00 2.779116271365040733e-02
1.449999999999999956e+00 2.931261170586143411e-02
1.459999999999999964e+00 3.100939353452254396e-02
1.469999999999999973e+00 3.285837775602473004e-02
1.479999999999999982e+00 3.479291757576343652e-02
1.489999999999999991e+00 3.670350202563642944e-02
1.500000000000000000e+00 3.844782468212735310e-02
1.510000000000000009e+00 3.986274053833697290e-02
1.520000000000000018e+00 4.077562510661301987e-02
1.530000000000000027e+00 4.102198431542151275e-02
1.540000000000000036e+00 4.047978192074348086e-02
1.550000000000000044e+00 3.912146975137329591e-02
1.560000000000000053e+00 3.706428756072049219e-02
1.570000000000000062e+00 3.458284189475691051e-02
1.580000000000000071e+00 3.205598930721904188e-02
1.590000000000000080e+00 2.985830174765334577e-02
1.600000000000000089e+00 2.824867053482351190e-02
1.610000000000000098e+00 2.731492702047668558e-02
1.620000000000000107e+00 2.699407655627290847e-02
1.629999999999999893e+00 2.713844792636267364e-02
1.639999999999999902e+00 2.758074221613903212e-02
1.649999999999999911e+00 2.817059234034920145e-02
1.659999999999999920e+00 2.878413573291803765e-02
1.669999999999999929e+00 2.932211470672800580e-02
1.679999999999999938e+00 2.970943645979728584e-02
1.689999999999999947e+00 2.990018675429449019e-02
1.699999999999999956e+00 2.988453841730226782e-02
1.709999999999999964e+00 2.969105546985027766e-02
1.719999999999999973e+00 2.938084929317270888e-02
1.729999999999999982e+00 2.903691062498924697e-02
1.739999999999999991e+00 2.875683769705337026e-02
1.750000000000000000e+00 2.865468625575535305e-02
1.760000000000000009e+00 2.886740650576472694e-02
1.770000000000000018e+00 2.954944883908601494e-02
1.780000000000000027e+00 3.083794790905970695e-02
1.790000000000000036e+00 3.279144853598563863e-02
1.800000000000000044e+00 3.533898005430597539e-02
1.810000000000000053e+00 3.828974885146316925e-02
1.820000000000000062e+00 4.142070401066268170e-02
1.830000000000000071e+00 4.460184877161600669e-02
1.840000000000000080e+00 4.789079569703633826e-02
1.850000000000000089e+00 5.154829373425032224e-02
1.860000000000000098e+00 5.596168885388853181e-02
1.870000000000000107e+00 6.148576646905250243e-02
1.879999999999999893e+00 6.824002173469509436e-02
1.889999999999999902e+00 7.595270999059385020e-02
1.899999999999999911e+00 8.396180777149110652e-02
1.909999999999999920e+00 9.140890497698893336e-02
1.919999999999999929e+00 9.753831541439775266e-02
1.929999999999999938e+00 1.019611616197661635e-01
1.939999999999999947e+00 1.047972986441727816e-01
1.949999999999999956e+00 1.066764534355029298e-01
1.959999999999999964e+00 1.085977941134898123e-01
1.969999999999999973e+00 1.116563381927472287e-01
1.979999999999999982e+00 1.166951228861088236e-01
1.989999999999999991e+00 1.240019365234697607e-01
2.000000000000000000e+00 1.331793537392504112e-01
2.009999999999999787e+00 1.432667667543248702e-01
2.020000000000000018e+00 1.531062597787874180e-01
2.029999999999999805e+00 1.618364036233871373e-01
2.040000000000000036e+00 1.692963556170066219e-01
2.049999999999999822e+00 1.760990268091209565e-01
2.060000000000000053e+00 1.832681885068823679e-01
2.069999999999999840e+00 1.916138486037334554e-01
2.080000000000000071e+00 2.012568068516218944e-01
2.089999999999999858e+00 2.116643064088239434e-01
2.100000000000000089e+00 2.221946312108455113e-01
2.109999999999999876e+00 2.327646736015077100e-01
2.120000000000000107e+00 2.441998096904900994e-01
2.129999999999999893e+00 2.581223838250762403e-01
2.140000000000000124e+00 2.765634565058014416e-01
2.149999999999999911e+00 3.015540814750672372e-01
2.160000000000000142e+00 3.348096834334885474e-01
2.169999999999999929e+00 3.775012644698887976e-01
2.180000000000000160e+00 4.301062358276915298e-01
2.189999999999999947e+00 4.923545624941427779e-01
2.200000000000000178e+00 5.632715972820999673e-01
2.209999999999999964e+00 6.413147909069289998e-01
2.220000000000000195e+00 7.246204277547768635e-01
2.229999999999999982e+00 8.113575338242918766e-01
2.240000000000000213e+00 9.001100776848754981e-01
2.250000000000000000e+00 9.901399061381692679e-01
2.259999999999999787e+00 1.081392778943178978e+00
2.270000000000000018e+00 1.174216068691949832e+00
2.279999999999999805e+00 1.268909656010487108e+00
2.290000000000000036e+00 1.365325058659423441e+00
2.299999999999999822e+00 1.462672457490931555e+00
2.310000000000000053e+00 1.559526595295910312e+00
2.319999999999999840e+00 1.653901455562301948e+00
2.330000000000000071e+00 1.743318435971093372e+00
2.339999999999999858e+00 1.824959894486490874e+00
2.350000000000000089e+00 1.896063837323640922e+00
2.359999999999999876e+00 1.954547069579908980e+00
2.370000000000000107e+00 1.999583006488423464e+00
2.379999999999999893e+00 2.031789180132852923e+00
2.390000000000000124e+00 2.052899686401171042e+00
2.399999999999999911e+00 2.065108539368175844e+00
2.410000000000000142e+00 2.070410635736942950e+00
2.419999999999999929e+00 2.070196786469395533e+00
2.430000000000000160e+00 2.065216793467013368e+00
2.439999999999999947e+00 2.055886888070420859e+00
2.450000000000000178e+00 2.042747180618153635e+00
2.459999999999999964e+00 2.026715023734396492e+00
2.470000000000000195e+00 2.008831003157604211e+00
2.479999999999999982e+00 1.989549957027363369e+00
2.490000000000000213e+00 1.968040469231092437e+00
2.500000000000000000e+00 1.942034314171548370e+00
2.509999999999999787e+00 1.908420503695284154e+00
2.520000000000000018e+00 1.864310366492353488e+00
2.529999999999999805e+00 1.808075620189649069e+00
2.540000000000000036e+00 1.739969613783705737e+00
2.549999999999999822e+00 1.662188057315651557e+00
2.560000000000000053e+00 1.578399247000430439e+00
2.569999999999999840e+00 1.492874392809582673e+00
2.580000000000000071e+00 1.409483296584824075e+00
2.589999999999999858e+00 1.330929935585686286e+00
2.600000000000000089e+00 1.258492563371563344e+00
2.609999999999999876e+00 1.192218549675151396e+00
2.620000000000000107e+00 1.131300822077522916e+00
2.629999999999999893e+00 1.074429170009225221e+00
2.640000000000000124e+00 1.020108752733341895e+00
2.649999999999999911e+00 9.669923771605715146e-01
2.660000000000000142e+00 9.141527035081987718e-01
2.669999999999999929e+00 8.611508425890456175e-01
2.680000000000000160e+00 8.078898874236353222e-01
2.689999999999999947e+00 7.544344139166403451e-01
2.700000000000000178e+00 7.009823219343506162e-01
2.709999999999999964e+00 6.479750005295528137e-01
2.720000000000000195e+00 5.961587442735226672e-01
2.729999999999999982e+00 5.464536927364053165e-01
2.740000000000000213e+00 4.996862265102958722e-01
2.750000000000000000e+00 4.563832316833430491e-01
2.759999999999999787e+00 4.167756137023637120e-01
2.770000000000000018e+00 3.809779034512242868e-01
2.779999999999999805e+00 3.491766878768453597e-01
2.790000000000000036e+00 3.216713570794041965e-01
2.799999999999999822e+00 2.987251724151520627e-01
2.810000000000000053e+00 2.803164935196014729e-01
2.819999999999999840e+00 2.659588100174292702e-01
2.830000000000000071e+00 2.547248151338686317e-01
2.839999999999999858e+00 2.454695129987640168e-01
2.850000000000000089e+00 2.371149759993682882e-01
2.859999999999999876e+00 2.288507655474782965e-01
2.870000000000000107e+00 2.202007038221271418e-01
2.879999999999999893e+00 2.109952238429152194e-01
2.890000000000000124e+00 2.013027477443032065e-01
2.899999999999999911e+00 1.913429692929951020e-01
2.910000000000000142e+00 1.813873960472648095e-01
2.919999999999999929e+00 1.716641574979360096e-01
2.930000000000000160e+00 1.622974706602641481e-01
2.939999999999999947e+00 1.533015619863802859e-01
2.950000000000000178e+00 1.446206103428563927e-01
2.959999999999999964e+00 1.361848873674154636e-01
2.970000000000000195e+00 1.279526956937334925e-01
2.979999999999999982e+00 1.199233072909099834e-01
2.990000000000000213e+00 1.121246445203385039e-01
3.000000000000000000e+00 1.045900611672928165e-01
3.009999999999999787e+00 9.733866115740998082e-02
3.020000000000000018e+00 9.036779895389969453e-02
3.029999999999999805e+00 8.365997088271968918e-02
3.040000000000000036e+00 7.720060262549777175e-02
3.049999999999999822e+00 7.099797983270955681e-02
3.060000000000000053e+00 6.509371854844014926e-02
3.069999999999999840e+00 5.955555178930729832e-02
3.080000000000000071e+00 5.445433502826777655e-02
3.089999999999999858e+00 4.983749654029160508e-02
3.100000000000000089e+00 4.571295299826477060e-02
3.109999999999999876e+00 4.204954653944074916e-02
3.120000000000000107e+00 3.879009036306753366e-02
3.129999999999999893e+00 3.586881015409688900e-02
3.140000000000000124e+00 3.322667322436633625e-02
3.149999999999999911e+00 3.082131896844376301e-02
3.160000000000000142e+00 2.863020728397700637e-02
3.169999999999999929e+00 2.664699708024586416e-02
3.180000000000000160e+00 2.487336844015966900e-02
3.189999999999999947e+00 2.331044737418563537e-02
3.200000000000000178e+00 2.195355492816275511e-02
3.209999999999999964e+00 2.079121799610786359e-02
3.220000000000000195e+00 1.980672726281805518e-02
3.229999999999999982e+00 1.898003516019228232e-02
3.240000000000000213e+00 1.828908008833130330e-02
3.250000000000000000e+00 1.771093668952766070e-02
3.259999999999999787e+00 1.722337703517060059e-02
3.270000000000000018e+00 1.680674412656710942e-02
3.279999999999999805e+00 1.644546058827471569e-02
3.290000000000000036e+00 1.612857835077694327e-02
3.299999999999999822e+00 1.584927708832497770e-02
3.310000000000000053e+00 1.560364571697799019e-02
3.319999999999999840e+00 1.538924526313127303e-02
3.330000000000000071e+00 1.520392581839747660e-02
3.339999999999999858e+00 1.504521387250049719e-02
3.350000000000000089e+00 1.491031180087915887e-02
3.359999999999999876e+00 1.479645000102274878e-02
3.370000000000000107e+00 1.470118950001571105e-02
3.379999999999999893e+00 1.462241069745253384e-02
3.390000000000000124e+00 1.455803776423722322e-02
3.399999999999999911e+00 1.450577117320931385e-02
3.410000000000000142e+00 1.446306635889637454e-02
3.419999999999999929e+00 1.442738486853439861e-02
3.430000000000000160e+00 1.439655615536902626e-02
3.439999999999999947e+00 1.436904425197145681e-02
3.450000000000000178e+00 1.434399692864037068e-02
3.459999999999999964e+00 1.432108073378994713e-02
3.470000000000000195e+00 1.430020245882896064e-02
3.479999999999999982e+00 1.428125594774592132e-02
3.490000000000000213e+00 1.426400732070367411e-02
3.500000000000000000e+00 1.424815138952524769e-02
3.509999999999999787e+00 1.423347372627507997e-02
3.520000000000000018e+00 1.421999307161732860e-02
3.529999999999999805e+00 1.420797686198793479e-02
3.540000000000000036e+00 1.419780892308721010e-02
3.549999999999999822e+00 1.418978599037588016e-02
3.560000000000000053e+00 1.418396086961486342e-02
3.569999999999999840e+00 1.418010864989308235e-02
3.580000000000000071e+00 1.417780816779634114e-02
3.589999999999999858e+00 1.417657155954302195e-02
3.600000000000000089e+00 1.417595346457206293e-02
3.609999999999999876e+00 1.417560861307157714e-02
3.620000000000000107e+00 1.417530342546127232e-02
3.629999999999999893e+00 1.417490277248614761e-02
3.640000000000000124e+00 1.417434975159429650e-02
3.649999999999999911e+00 1.417364615081843915e-02
3.660000000000000142e+00 1.417283343484325789e-02
3.669999999999999929e+00 1.417197235544608545e-02
3.680000000000000160e+00 1.417112261856331122e-02
3.689999999999999947e+00 1.417032762000862076e-02
3.700000000000000178e+00 1.416960840794804707e-02
3.709999999999999964e+00 1.416896620445340545e-02
3.720000000000000195e+00 1.416838897105425835e-02
3.729999999999999982e+00 1.416785792919442524e-02
3.740000000000000213e+00 1.416735288213718039e-02
3.750000000000000000e+00 1.416685682414148099e-02
3.759999999999999787e+00 1.416635945752667963e-02
3.770000000000000018e+00 1.416585810992552173e-02
3.779999999999999805e+00 1.416535549255147630e-02
3.790000000000000036e+00 1.416485596055399449e-02
3.799999999999999822e+00 1.416436271198813664e-02
3.810000000000000053e+00 1.416387697000846824e-02
3.819999999999999840e+00 1.416339859509464609e-02
3.830000000000000071e+00 1.416292730571237432e-02
3.839999999999999858e+00 1.416246411140377644e-02
3.850000000000000089e+00 1.416201250979188739e-02
3.859999999999999876e+00 1.416157859432991620e-02
3.870000000000000107e+00 1.416116949373274689e-02
3.879999999999999893e+00 1.416079078451267133e-02
3.890000000000000124e+00 1.416044452084798226e-02
3.899999999999999911e+00 1.416012908686768365e-02
3.910000000000000142e+00 1.415984060563433254e-02
3.919999999999999929e+00 1.415957470008068209e-02
3.930000000000000160e+00 1.415932771222493981e-02
3.939999999999999947e+00 1.415909728928523188e-02
3.950000000000000178e+00 1.415888257198679410e-02
3.959999999999999964e+00 1.415868401285328565e-02
3.970000000000000195e+00 1.415850271585798216e-02
3.979999999999999982e+00 1.415833946734400446e-02
3.990000000000000213e+00 1.415819397400750433e-02
4.000000000000000000e+00 1.415806472682240406e-02
4.009999999999999787e+00 1.415794943511232418e-02
4.019999999999999574e+00 1.415784564870272572e-02
4.030000000000000249e+00 1.415775126654322813e-02
4.040000000000000036e+00 1.415766486695877596e-02
4.049999999999999822e+00 1.415758586629395008e-02
4.059999999999999609e+00 1.415751442245813570e-02
4.070000000000000284e+00 1.415745100540350722e-02
4.080000000000000071e+00 1.415739578855688789e-02
4.089999999999999858e+00 1.415734823878551235e-02
4.099999999999999645e+00 1.415730717411074410e-02
4.110000000000000320e+00 1.415727118179225565e-02
4.120000000000000107e+00 1.415723904690140839e-02
4.129999999999999893e+00 1.415720994893623214e-02
4.139999999999999680e+00 1.415718344496847206e-02
4.150000000000000355e+00 1.415715937916608991e-02
4.160000000000000142e+00 1.415713778899933481e-02
4.169999999999999929e+00 1.415711878541519621e-02
4.179999999999999716e+00 1.415710240195744082e-02
4.190000000000000391e+00 1.415708848323807105e-02
4.200000000000000178e+00 1.415707668347098575e-02
4.209999999999999964e+00 1.415706655835503175e-02
4.219999999999999751e+00 1.415705767069069636e-02
4.230000000000000426e+00 1.415704965664853730e-02
4.240000000000000213e+00 1.415704225864230885e-02
4.250000000000000000e+00 1.415703534541445235e-02
4.259999999999999787e+00 1.415702891186004786e-02
4.269999999999999574e+00 1.415702303732143362e-02
4.280000000000000249e+00 1.415701781006071733e-02
4.290000000000000036e+00 1.415701326167900440e-02
4.299999999999999822e+00 1.415700934942736196e-02
4.309999999999999609e+00 1.415700598197459394e-02
4.320000000000000284e+00 1.415700305496903760e-02
4.330000000000000071e+00 1.415700047255801820e-02
4.339999999999999858e+00 1.415699815644520451e-02
4.349999999999999645e+00 1.415699605289732002e-02
4.360000000000000320e+00 1.415699413801358754e-02
4.370000000000000107e+00 1.415699241312700501e-02
4.379999999999999893e+00 1.415699088858525870e-02
4.389999999999999680e+00 1.415698956627027549e-02
4.400000000000000355e+00 1.415698843256049146e-02
4.410000000000000142e+00 1.415698746283075571e-02
4.419999999999999929e+00 1.415698662966092744e-02
4.429999999999999716e+00 1.415698590823635111e-02
4.440000000000000391e+00 1.415698527861079976e-02
4.450000000000000178e+00 1.415698472702111611e-02
4.459999999999999964e+00 1.415698424635317317e-02
4.469999999999999751e+00 1.415698383413350157e-02
4.480000000000000426e+00 1.415698348813251156e-02
4.490000000000000213e+00 1.415698320244443593e-02
4.500000000000000000e+00 1.415698296680987893e-02
4.509999999999999787e+00 1.415698276897509392e-02
4.519999999999999574e+00 1.415698259764272202e-02
4.530000000000000249e+00 1.415698244416489435e-02
4.540000000000000036e+00 1.415698230299440238e-02
4.549999999999999822e+00 1.415698217166278493e-02
4.559999999999999609e+00 1.415698205042636298e-02
4.570000000000000284e+00 1.415698194117318010e-02
4.580000000000000071e+00 1.415698184567798848e-02
4.589999999999999858e+00 1.415698176413399123e-02
4.599999999999999645e+00 1.415698169484099628e-02
4.610000000000000320e+00 1.415698163497263427e-02
4.620000000000000107e+00 1.415698158161643981e-02
4.629999999999999893e+00 1.415698153245599673e-02
4.639999999999999680e+00 1.415698148605114282e-02
4.650000000000000355e+00 1.415698144192103353e-02
4.660000000000000142e+00 1.415698140046172011e-02
4.669999999999999929e+00 1.415698136258605570e-02
4.679999999999999716e+00 1.415698132914376857e-02
4.690000000000000391e+00 1.415698130043684111e-02
4.700000000000000178e+00 1.415698127611360324e-02
4.709999999999999964e+00 1.415698125541326596e-02
4.719999999999999751e+00 1.415698123750016267e-02
4.730000000000000426e+00 1.415698122168086714e-02
4.740000000000000213e+00 1.415698120748414002e-02
4.750000000000000000e+00 1.415698119467237968e-02
4.759999999999999787e+00 1.415698118321222047e-02
4.769999999999999574e+00 1.415698117318611379e-02
4.780000000000000249e+00 1.415698116465904932e-02
4.790000000000000036e+00 1.415698115757275249e-02
4.799999999999999822e+00 1.415698115173045016e-02
4.809999999999999609e+00 1.415698114686082462e-02
4.820000000000000284e+00 1.415698114269672327e-02
4.830000000000000071e+00 1.415698113902173066e-02
4.839999999999999858e+00 1.415698113568485822e-02
4.849999999999999645e+00 1.415698113260292594e-02
4.860000000000000320e+00 1.415698112975618747e-02
4.870000000000000107e+00 1.415698112716878149e-02
4.879999999999999893e+00 1.415698112487438244e-02
4.889999999999999680e+00 1.415698112288459043e-02
4.900000000000000355e+00 1.415698112117823662e-02
4.910000000000000142e+00 1.415698111971175170e-02
4.919999999999999929e+00 1.415698111843650790e-02
4.929999999999999716e+00 1.415698111731096033e-02
4.940000000000000391e+00 1.415698111630580083e-02
4.950000000000000178e+00 1.415698111540526251e-02
4.959999999999999964e+00 1.415698111460568509e-02
4.969999999999999751e+00 1.415698111391038190e-02
4.980000000000000426e+00 1.415698111332182145e-02
4.990000000000000213e+00 1.415698111283544489e-02
5.000000000000000000e+00 1.415698111243866852e-02
5.009999999999999787e+00 1.415698111211452677e-02
5.019999999999999574e+00 1.415698111184633332e-02
5.030000000000000249e+00 1.415698111162054691e-02
5.040000000000000036e+00 1.415698111142756760e-02
5.049999999999999822e+00 1.415698111126142966e-02
5.059999999999999609e+00 1.415698111111902621e-02
5.070000000000000284e+00 1.415698111099893998e-02
5.080000000000000071e+00 1.415698111090004513e-02
5.089999999999999858e+00 1.415698111082049418e-02
5.099999999999999645e+00 1.415698111075750984e-02
5.110000000000000320e+00 1.415698111070787940e-02
5.120000000000000107e+00 1.415698111066856883e-02
5.129999999999999893e+00 1.415698111063706625e-02
5.139999999999999680e+00 1.415698111061141663e-02
5.150000000000000355e+00 1.415698111059014372e-02
5.160000000000000142e+00 1.415698111057225005e-02
5.169999999999999929e+00 1.415698111055721867e-02
5.179999999999999716e+00 1.415698111054492642e-02
5.190000000000000391e+00 1.415698111053542013e-02
5.200000000000000178e+00 1.415698111052863042e-02
5.209999999999999964e+00 1.415698111052419994e-02
5.219999999999999751e+00 1.415698111052153367e-02
5.230000000000000426e+00 1.415698111051997415e-02
5.240000000000000213e+00 1.415698111051900271e-02
5.250000000000000000e+00 1.415698111051830188e-02
5.259999999999999787e+00 1.415698111051773983e-02
5.269999999999999574e+00 1.415698111051727319e-02
5.280000000000000249e+00 1.415698111051691063e-02
5.290000000000000036e+00 1.415698111051665736e-02
5.299999999999999822e+00 1.415698111051649256e-02
5.309999999999999609e+00 1.415698111051638848e-02
5.320000000000000284e+00 1.415698111051632256e-02
5.330000000000000071e+00 1.415698111051627225e-02
5.339999999999999858e+00 1.415698111051623583e-02
5.349999999999999645e+00 1.415698111051620460e-02
5.360000000000000320e+00 1.415698111051617337e-02
5.370000000000000107e+00 1.415698111051614735e-02
5.379999999999999893e+00 1.415698111051612654e-02
5.389999999999999680e+00 1.415698111051610399e-02
5.400000000000000355e+00 1.415698111051608837e-02
5.410000000000000142e+00 1.415698111051607276e-02
5.419999999999999929e+00 1.415698111051606062e-02
5.429999999999999716e+00 1.415698111051604847e-02
5.440000000000000391e+00 1.415698111051604154e-02
5.450000000000000178e+00 1.415698111051603460e-02
5.459999999999999964e+00 1.415698111051602939e-02
5.469999999999999751e+00 1.415698111051602592e-02
5.480000000000000426e+00 1.415698111051602245e-02
5.490000000000000213e+00 1.415698111051602245e-02
5.500000000000000000e+00 1.415698111051601898e-02
5.509999999999999787e+00 1.415698111051601898e-02
5.519999999999999574e+00 1.415698111051601725e-02
5.530000000000000249e+00 1.415698111051601725e-02
5.540000000000000036e+00 1.415698111051601725e-02
5.549999999999999822e+00 1.415698111051601725e-02
5.559999999999999609e+00 1.415698111051601378e-02
5.570000000000000284e+00 1.415698111051601378e-02
5.580000000000000071e+00 1.415698111051601378e-02
5.589999999999999858e+00 1.415698111051601378e-02
5.599999999999999645e+00 1.415698111051601378e-02
5.610000000000000320e+00 1.415698111051601031e-02
5.620000000000000107e+00 1.415698111051601031e-02
5.629999999999999893e+00 1.415698111051601031e-02
5.639999999999999680e+00 1.415698111051601031e-02
5.650000000000000355e+00 1.415698111051601031e-02
5.660000000000000142e+00 1.415698111051601031e-02
5.669999999999999929e+00 1.415698111051601031e-02
5.679999999999999716e+00 1.415698111051601031e-02
5.690000000000000391e+00 1.415698111051601031e-02
5.700000000000000178e+00 1.415698111051601031e-02
5.709999999999999964e+00 1.415698111051601031e-02
5.719999999999999751e+00 1.415698111051601031e-02
5.730000000000000426e+00 1.415698111051601031e-02
5.740000000000000213e+00 1.415698111051601031e-02
5.750000000000000000e+00 1.415698111051601031e-02
5.759999999999999787e+00 1.415698111051601031e-02
5.769999999999999574e+00 1.415698111051601031e-02
5.780000000000000249e+00 1.415698111051601031e-02
5.790000000000000036e+00 1.415698111051601031e-02
5.799999999999999822e+00 1.415698111051601031e-02
5.809999999999999609e+00 1.415698111051601031e-02
5.820000000000000284e+00 1.415698111051601031e-02
5.830000000000000071e+00 1.415698111051601031e-02
5.839999999999999858e+00 1.415698111051601031e-02
5.849999999999999645e+00 1.415698111051601031e-02
5.860000000000000320e+00 1.415698111051601031e-02
5.870000000000000107e+00 1.415698111051601031e-02
5.879999999999999893e+00 1.415698111051601031e-02
5.889999999999999680e+00 1.415698111051601031e-02
5.900000000000000355e+00 1.415698111051601031e-02
5.910000000000000142e+00 1.415698111051601031e-02
5.919999999999999929e+00 1.415698111051601031e-02
5.929999999999999716e+00 1.415698111051601031e-02
5.940000000000000391e+00 1.415698111051601031e-02
5.950000000000000178e+00 1.415698111051601031e-02
5.959999999999999964e+00 1.415698111051601031e-02
5.969999999999999751e+00 1.415698111051601031e-02
5.980000000000000426e+00 1.415698111051601031e-02
5.990000000000000213e+00 1.415698111051601031e-02
6.000000000000000000e+00 1.415698111051601031e-02
6.200000000000000178e+00 1.415698111051601031e-02
6.400000000000000355e+00 1.415698111051601031e-02
6.599999999999999645e+00 1.415698111051601031e-02
6.799999999999999822e+00 1.415698111051601031e-02
7.000000000000000000e+00 0.000000000000000000e+00
