  0.00000  0.000000E+00
  0.01000  0.794629E+00
  0.02000  0.845366E+00
  0.03000  0.833209E+00
  0.04000  0.820761E+00
  0.05000  0.808362E+00
  0.06000  0.809945E+00
  0.07000  0.811522E+00
  0.08000  0.813239E+00
  0.09000  0.815476E+00
  0.10000  0.817791E+00
  0.11000  0.821241E+00
  0.12000  0.828811E+00
  0.13000  0.837048E+00
  0.14000  0.846369E+00
  0.15000  0.855507E+00
  0.16000  0.870016E+00
  0.17000  0.881155E+00
  0.18000  0.889398E+00
  0.19000  0.909689E+00
  0.20000  0.923096E+00
  0.21000  0.930994E+00
  0.22000  0.933462E+00
  0.23000  0.931085E+00
  0.24000  0.924611E+00
  0.25000  0.914548E+00
  0.26000  0.901845E+00
  0.27000  0.896404E+00
  0.28000  0.891483E+00
  0.29000  0.886051E+00
  0.30000  0.879849E+00
  0.31000  0.873026E+00
  0.32000  0.865595E+00
  0.33000  0.857550E+00
  0.34000  0.849029E+00
  0.35000  0.839756E+00
  0.36000  0.829807E+00
  0.37000  0.821003E+00
  0.38000  0.813521E+00
  0.39000  0.805439E+00
  0.40000  0.796229E+00
  0.41000  0.786404E+00
  0.42000  0.775542E+00
  0.43000  0.763979E+00
  0.44000  0.751938E+00
  0.45000  0.740131E+00
  0.46000  0.729517E+00
  0.47000  0.719742E+00
  0.48000  0.717179E+00
  0.49000  0.721810E+00
  0.50000  0.726008E+00
  0.51000  0.729730E+00
  0.52000  0.732953E+00
  0.53000  0.735636E+00
  0.54000  0.737767E+00
  0.55000  0.739318E+00
  0.56000  0.740269E+00
  0.57000  0.740616E+00
  0.58000  0.740330E+00
  0.59000  0.739423E+00
  0.60000  0.737922E+00
  0.61000  0.735835E+00
  0.62000  0.733204E+00
  0.63000  0.730039E+00
  0.64000  0.726381E+00
  0.65000  0.722238E+00
  0.66000  0.717660E+00
  0.67000  0.712650E+00
  0.68000  0.707227E+00
  0.69000  0.701402E+00
  0.70000  0.695234E+00
  0.71000  0.688796E+00
  0.72000  0.682112E+00
  0.73000  0.675272E+00
  0.74000  0.668258E+00
  0.75000  0.660596E+00
  0.76000  0.649891E+00
  0.77000  0.625318E+00
  0.78000  0.552493E+00
  0.79000  0.467361E+00
  0.80000  0.460194E+00
  0.81000  0.453443E+00
  0.82000  0.449304E+00
  0.83000  0.445829E+00
  0.84000  0.443097E+00
  0.85000  0.440536E+00
  0.86000  0.437574E+00
  0.87000  0.434585E+00
  0.88000  0.432045E+00
  0.89000  0.430087E+00
  0.90000  0.428296E+00
  0.91000  0.426258E+00
  0.92000  0.423871E+00
  0.93000  0.421252E+00
  0.94000  0.418486E+00
  0.95000  0.415443E+00
  0.96000  0.412114E+00
  0.97000  0.408436E+00
  0.98000  0.411742E+00
  0.99000  0.434379E+00
  1.00000  0.457592E+00
  1.01000  0.490744E+00
  1.02000  0.553043E+00
  1.03000  0.625086E+00
  1.04000  0.635658E+00
  1.05000  0.598380E+00
  1.06000  0.614168E+00
  1.07000  0.657770E+00
  1.08000  0.688332E+00
  1.09000  0.705586E+00
  1.10000  0.715300E+00
  1.11000  0.720530E+00
  1.12000  0.723067E+00
  1.13000  0.723994E+00
  1.14000  0.724046E+00
  1.15000  0.723620E+00
  1.16000  0.722831E+00
  1.17000  0.721732E+00
  1.18000  0.720208E+00
  1.19000  0.725631E+00
  1.20000  0.733005E+00
  1.21000  0.738471E+00
  1.22000  0.741924E+00
  1.23000  0.743716E+00
  1.24000  0.744399E+00
  1.25000  0.745119E+00
  1.26000  0.746991E+00
  1.27000  0.750082E+00
  1.28000  0.753811E+00
  1.29000  0.757389E+00
  1.30000  0.760135E+00
  1.31000  0.761300E+00
  1.32000  0.760394E+00
  1.33000  0.756996E+00
  1.34000  0.750063E+00
  1.35000  0.739663E+00
  1.36000  0.736984E+00
  1.37000  0.740103E+00
  1.38000  0.742588E+00
  1.39000  0.744645E+00
  1.40000  0.746230E+00
  1.41000  0.746877E+00
  1.42000  0.746298E+00
  1.43000  0.745145E+00
  1.44000  0.744345E+00
  1.45000  0.744241E+00
  1.46000  0.744621E+00
  1.47000  0.745257E+00
  1.48000  0.746200E+00
  1.49000  0.747464E+00
  1.50000  0.748937E+00
  1.51000  0.750439E+00
  1.52000  0.751763E+00
  1.53000  0.752807E+00
  1.54000  0.753519E+00
  1.55000  0.753785E+00
  1.56000  0.753511E+00
  1.57000  0.752706E+00
  1.58000  0.751414E+00
  1.59000  0.749722E+00
  1.60000  0.747712E+00
  1.61000  0.745303E+00
  1.62000  0.742898E+00
  1.63000  0.751897E+00
  1.64000  0.761814E+00
  1.65000  0.773307E+00
  1.66000  0.786232E+00
  1.67000  0.798984E+00
  1.68000  0.809804E+00
  1.69000  0.818440E+00
  1.70000  0.825614E+00
  1.71000  0.831688E+00
  1.72000  0.836272E+00
  1.73000  0.837913E+00
  1.74000  0.834521E+00
  1.75000  0.825356E+00
  1.76000  0.811884E+00
  1.77000  0.796238E+00
  1.78000  0.779968E+00
  1.79000  0.770210E+00
  1.80000  0.770580E+00
  1.81000  0.769493E+00
  1.82000  0.767097E+00
  1.83000  0.763736E+00
  1.84000  0.759505E+00
  1.85000  0.754057E+00
  1.86000  0.747798E+00
  1.87000  0.745498E+00
  1.88000  0.741976E+00
  1.89000  0.737418E+00
  1.90000  0.731867E+00
  1.91000  0.724946E+00
  1.92000  0.716222E+00
  1.93000  0.705307E+00
  1.94000  0.691628E+00
  1.95000  0.674319E+00
  1.96000  0.651770E+00
  1.97000  0.621103E+00
  1.98000  0.594168E+00
  1.99000  0.579755E+00
  2.00000  0.558734E+00
  2.01000  0.529324E+00
  2.02000  0.521005E+00
  2.03000  0.537360E+00
  2.04000  0.553151E+00
  2.05000  0.568520E+00
  2.06000  0.583877E+00
  2.07000  0.599161E+00
  2.08000  0.614648E+00
  2.09000  0.631149E+00
  2.10000  0.649035E+00
  2.11000  0.668325E+00
  2.12000  0.689129E+00
  2.13000  0.711191E+00
  2.14000  0.733925E+00
  2.15000  0.756960E+00
  2.16000  0.780020E+00
  2.17000  0.802670E+00
  2.18000  0.824374E+00
  2.19000  0.844649E+00
  2.20000  0.863221E+00
  2.21000  0.880000E+00
  2.22000  0.894901E+00
  2.23000  0.907936E+00
  2.24000  0.919237E+00
  2.25000  0.929136E+00
  2.26000  0.937800E+00
  2.27000  0.945057E+00
  2.28000  0.950689E+00
  2.29000  0.954672E+00
  2.30000  0.957195E+00
  2.31000  0.958440E+00
  2.32000  0.958266E+00
  2.33000  0.956666E+00
  2.34000  0.954241E+00
  2.35000  0.951683E+00
  2.36000  0.949169E+00
  2.37000  0.946052E+00
  2.38000  0.941435E+00
  2.39000  0.935018E+00
  2.40000  0.927293E+00
  2.41000  0.919194E+00
  2.42000  0.911261E+00
  2.43000  0.903302E+00
  2.44000  0.894570E+00
  2.45000  0.884704E+00
  2.46000  0.874219E+00
  2.47000  0.863998E+00
  2.48000  0.854469E+00
  2.49000  0.845405E+00
  2.50000  0.836524E+00
  2.51000  0.827868E+00
  2.52000  0.819742E+00
  2.53000  0.812541E+00
  2.54000  0.806580E+00
  2.55000  0.825756E+00
  2.56000  0.854057E+00
  2.57000  0.873459E+00
  2.58000  0.887242E+00
  2.59000  0.897777E+00
  2.60000  0.906850E+00
  2.61000  0.915312E+00
  2.62000  0.923437E+00
  2.63000  0.931186E+00
  2.64000  0.938336E+00
  2.65000  0.944844E+00
  2.66000  0.950776E+00
  2.67000  0.956300E+00
  2.68000  0.961342E+00
  2.69000  0.965586E+00
  2.70000  0.968952E+00
  2.71000  0.971702E+00
  2.72000  0.974197E+00
  2.73000  0.976634E+00
  2.74000  0.978974E+00
  2.75000  0.981163E+00
  2.76000  0.983403E+00
  2.77000  0.985841E+00
  2.78000  0.988319E+00
  2.79000  0.990497E+00
  2.80000  0.992308E+00
  2.81000  0.994045E+00
  2.82000  0.995822E+00
  2.83000  0.997515E+00
  2.84000  0.998878E+00
  2.85000  0.999723E+00
  2.86000  0.100000E+01
  2.87000  0.999683E+00
  2.88000  0.998890E+00
  2.89000  0.997791E+00
  2.90000  0.996525E+00
  2.91000  0.995188E+00
  2.92000  0.993850E+00
  2.93000  0.992579E+00
  2.94000  0.991368E+00
  2.95000  0.989947E+00
  2.96000  0.987906E+00
  2.97000  0.985007E+00
  2.98000  0.981733E+00
  2.99000  0.978994E+00
  3.00000  0.977081E+00
  3.01000  0.975480E+00
  3.02000  0.973797E+00
  3.03000  0.971985E+00
  3.04000  0.970144E+00
  3.05000  0.968146E+00
  3.06000  0.965905E+00
  3.07000  0.963524E+00
  3.08000  0.961095E+00
  3.09000  0.958827E+00
  3.10000  0.956887E+00
  3.11000  0.955440E+00
  3.12000  0.954785E+00
  3.13000  0.954847E+00
  3.14000  0.955615E+00
  3.15000  0.957173E+00
  3.16000  0.959462E+00
  3.17000  0.962374E+00
  3.18000  0.965657E+00
  3.19000  0.968778E+00
  3.20000  0.971303E+00
  3.21000  0.972942E+00
  3.22000  0.973568E+00
  3.23000  0.973287E+00
  3.24000  0.972290E+00
  3.25000  0.970788E+00
  3.26000  0.968910E+00
  3.27000  0.966770E+00
  3.28000  0.964457E+00
  3.29000  0.962041E+00
  3.30000  0.959560E+00
  3.31000  0.956958E+00
  3.32000  0.954238E+00
  3.33000  0.951372E+00
  3.34000  0.948313E+00
  3.35000  0.945046E+00
  3.36000  0.941598E+00
  3.37000  0.938009E+00
  3.38000  0.934357E+00
  3.39000  0.930831E+00
  3.40000  0.927519E+00
  3.41000  0.924307E+00
  3.42000  0.921091E+00
  3.43000  0.917754E+00
  3.44000  0.914361E+00
  3.45000  0.910975E+00
  3.46000  0.907600E+00
  3.47000  0.904213E+00
  3.48000  0.900890E+00
  3.49000  0.897575E+00
  3.50000  0.894167E+00
  3.51000  0.890697E+00
  3.52000  0.887297E+00
  3.53000  0.884123E+00
  3.54000  0.881243E+00
  3.55000  0.878494E+00
  3.56000  0.875408E+00
  3.57000  0.871832E+00
  3.58000  0.867631E+00
  3.59000  0.862269E+00
  3.60000  0.854632E+00
  3.61000  0.843412E+00
  3.62000  0.828193E+00
  3.63000  0.810564E+00
  3.64000  0.793243E+00
  3.65000  0.790503E+00
  3.66000  0.788087E+00
  3.67000  0.785448E+00
  3.68000  0.782591E+00
  3.69000  0.779414E+00
  3.70000  0.775834E+00
  3.71000  0.771940E+00
  3.72000  0.767749E+00
  3.73000  0.763160E+00
  3.74000  0.757927E+00
  3.75000  0.754618E+00
  3.76000  0.754723E+00
  3.77000  0.754559E+00
  3.78000  0.754371E+00
  3.79000  0.754302E+00
  3.80000  0.754403E+00
  3.81000  0.754759E+00
  3.82000  0.763933E+00
  3.83000  0.773088E+00
  3.84000  0.782037E+00
  3.85000  0.790510E+00
  3.86000  0.798323E+00
  3.87000  0.805476E+00
  3.88000  0.812079E+00
  3.89000  0.818302E+00
  3.90000  0.824267E+00
  3.91000  0.830046E+00
  3.92000  0.835731E+00
  3.93000  0.841428E+00
  3.94000  0.847241E+00
  3.95000  0.853245E+00
  3.96000  0.859557E+00
  3.97000  0.866326E+00
  3.98000  0.873737E+00
  3.99000  0.695643E+00
  4.00000  0.696405E+00
  4.01000  0.697600E+00
  4.02000  0.698727E+00
  4.03000  0.699434E+00
  4.04000  0.699670E+00
  4.05000  0.699595E+00
  4.06000  0.699454E+00
  4.07000  0.699434E+00
  4.08000  0.699626E+00
  4.09000  0.594298E+00
  4.10000  0.595493E+00
  4.11000  0.541415E+00
  4.12000  0.541698E+00
  4.13000  0.542081E+00
  4.14000  0.405163E+00
  4.15000  0.326351E+00
  4.16000  0.323170E+00
  4.17000  0.319984E+00
  4.18000  0.214934E+00
  4.19000  0.214250E+00
  4.20000  0.213746E+00
  4.21000  0.213420E+00
  4.22000  0.151708E+00
  4.23000  0.357756E-01
  4.24000  0.357068E-01
  4.25000  0.356605E-01
  4.26000  0.356384E-01
  4.27000  0.356337E-01
  4.28000  0.356363E-01
  4.29000  0.356447E-01
  4.30000  0.356742E-01
  4.31000  0.357507E-01
  4.32000  0.358927E-01
  4.33000  0.311936E-02
  4.34000  0.316202E-02
  4.35000  0.320192E-02
  4.36000  0.104706E-02
  4.37000  0.103257E-02
  4.38000  0.101740E-02
  4.39000  0.100190E-02
  4.40000  0.986242E-03
  4.41000  0.970421E-03
  4.42000  0.954543E-03
  4.43000  0.938665E-03
  4.44000  0.922997E-03
  4.45000  0.292997E-03
  4.46000  0.297262E-03
  4.47000  0.972427E-04
  4.48000  0.968083E-04
  4.49000  0.962880E-04
  4.50000  0.956456E-04
  4.51000  0.948472E-04
  4.52000  0.938542E-04
  4.53000  0.926455E-04
  4.54000  0.912309E-04
  4.55000  0.896594E-04
  4.56000  0.880018E-04
  4.57000  0.210945E-04
  4.58000  0.203668E-04
  4.59000  0.196724E-04
  4.60000  0.190117E-04
  4.61000  0.183941E-04
  4.62000  0.178311E-04
  4.63000  0.173255E-04
  4.64000  0.168614E-04
  4.65000  0.164152E-04
  4.66000  0.159657E-04
  4.67000  0.155029E-04
  4.68000  0.150250E-04
  4.69000  0.145363E-04
  4.70000  0.140418E-04
  4.71000  0.135470E-04
  4.72000  0.311676E-05
  4.73000  0.300998E-05
  4.74000  0.290370E-05
  4.75000  0.279831E-05
  4.76000  0.269340E-05
  4.77000  0.258856E-05
  4.78000  0.248399E-05
  4.79000  0.238119E-05
  4.80000  0.228183E-05
  4.81000  0.218710E-05
  4.82000  0.209669E-05
  4.83000  0.200896E-05
  4.84000  0.192171E-05
  4.85000  0.183376E-05
  4.86000  0.174565E-05
  4.87000  0.165886E-05
  4.88000  0.547907E-06
  4.89000  0.522221E-06
  4.90000  0.497580E-06
  4.91000  0.474032E-06
  4.92000  0.451574E-06
  4.93000  0.430149E-06
  4.94000  0.409463E-06
  4.95000  0.389064E-06
  4.96000  0.368480E-06
  4.97000  0.347611E-06
  4.98000  0.326818E-06
  4.99000  0.306801E-06
  5.00000  0.288278E-06
  5.01000  0.271729E-06
  5.02000  0.257222E-06
  5.03000  0.244537E-06
  5.04000  0.233267E-06
  5.05000  0.223053E-06
  5.06000  0.213673E-06
  5.07000  0.205003E-06
  5.08000  0.196932E-06
  5.09000  0.189314E-06
  5.10000  0.181939E-06
  5.11000  0.174616E-06
  5.12000  0.167243E-06
  5.13000  0.159849E-06
  5.14000  0.152530E-06
  5.15000  0.145374E-06
  5.16000  0.138462E-06
  5.17000  0.131850E-06
  5.18000  0.125570E-06
  5.19000  0.119638E-06
  5.20000  0.543198E-07
  5.21000  0.525340E-07
  5.22000  0.508736E-07
  5.23000  0.493410E-07
  5.24000  0.479277E-07
  5.25000  0.466152E-07
  5.26000  0.453850E-07
  5.27000  0.442222E-07
  5.28000  0.431162E-07
  5.29000  0.420598E-07
  5.30000  0.410486E-07
  5.31000  0.400892E-07
  5.32000  0.391817E-07
  5.33000  0.383228E-07
  5.34000  0.375060E-07
  5.35000  0.367258E-07
  5.36000  0.359662E-07
  5.37000  0.352078E-07
  5.38000  0.344391E-07
  5.39000  0.336462E-07
  5.40000  0.328233E-07
  5.41000  0.319734E-07
  5.42000  0.311055E-07
  5.43000  0.302285E-07
  5.44000  0.293519E-07
  5.45000  0.284835E-07
  5.46000  0.550645E-08
  5.47000  0.523498E-08
  5.48000  0.497603E-08
  5.49000  0.472905E-08
  5.50000  0.449323E-08
  5.51000  0.426824E-08
  5.52000  0.405348E-08
  5.53000  0.384886E-08
  5.54000  0.365405E-08
  5.55000  0.346937E-08
  5.56000  0.329487E-08
  5.57000  0.313067E-08
  5.58000  0.297683E-08
  5.59000  0.283305E-08
  5.60000  0.269880E-08
  5.61000  0.257315E-08
  5.62000  0.245564E-08
  5.63000  0.234481E-08
  5.64000  0.224041E-08
  5.65000  0.214171E-08
  5.66000  0.204811E-08
  5.67000  0.195927E-08
  5.68000  0.187468E-08
  5.69000  0.179382E-08
  5.70000  0.171677E-08
  5.71000  0.164312E-08
  5.72000  0.157300E-08
  5.73000  0.150650E-08
  5.74000  0.144348E-08
  5.75000  0.138421E-08
  5.76000  0.132850E-08
  5.77000  0.127624E-08
  5.78000  0.122746E-08
  5.79000  0.118179E-08
  5.80000  0.113901E-08
  5.81000  0.109889E-08
  5.82000  0.106105E-08
  5.83000  0.102519E-08
  5.84000  0.991071E-09
  5.85000  0.958422E-09
  5.86000  0.927096E-09
  5.87000  0.897005E-09
  5.88000  0.868078E-09
  5.89000  0.840326E-09
  5.90000  0.813731E-09
  5.91000  0.788257E-09
  5.92000  0.763897E-09
  5.93000  0.740555E-09
  5.94000  0.718195E-09
  5.95000  0.696826E-09
  5.96000  0.676418E-09
  5.97000  0.656972E-09
  5.98000  0.638499E-09
  5.99000  0.620999E-09
  6.00000  0.604492E-09
  6.20000  0.425649E-09
  6.40000  0.189274E-09
  6.60000  0.156432E-09
  6.80000  0.118657E-09
  7.00000  0.163670E-10
