  0.00000  0.000000E+00
  0.01000  0.000000E+00
  0.02000  0.000000E+00
  0.03000  0.000000E+00
  0.04000  0.000000E+00
  0.05000  0.000000E+00
  0.06000  0.000000E+00
  0.07000  0.000000E+00
  0.08000  0.000000E+00
  0.09000  0.000000E+00
  0.10000  0.000000E+00
  0.11000  0.000000E+00
  0.12000  0.000000E+00
  0.13000  0.000000E+00
  0.14000  0.000000E+00
  0.15000  0.000000E+00
  0.16000  0.000000E+00
  0.17000  0.000000E+00
  0.18000  0.000000E+00
  0.19000  0.000000E+00
  0.20000  0.000000E+00
  0.21000  0.000000E+00
  0.22000  0.000000E+00
  0.23000  0.000000E+00
  0.24000  0.000000E+00
  0.25000  0.000000E+00
  0.26000  0.000000E+00
  0.27000  0.000000E+00
  0.28000  0.000000E+00
  0.29000  0.000000E+00
  0.30000  0.000000E+00
  0.31000  0.000000E+00
  0.32000  0.000000E+00
  0.33000  0.000000E+00
  0.34000  0.000000E+00
  0.35000  0.000000E+00
  0.36000  0.000000E+00
  0.37000  0.000000E+00
  0.38000  0.000000E+00
  0.39000  0.000000E+00
  0.40000  0.000000E+00
  0.41000  0.000000E+00
  0.42000  0.000000E+00
  0.43000  0.000000E+00
  0.44000  0.000000E+00
  0.45000  0.000000E+00
  0.46000  0.000000E+00
  0.47000  0.000000E+00
  0.48000  0.000000E+00
  0.49000  0.000000E+00
  0.50000  0.000000E+00
  0.51000  0.000000E+00
  0.52000  0.000000E+00
  0.53000  0.000000E+00
  0.54000  0.000000E+00
  0.55000  0.000000E+00
  0.56000  0.000000E+00
  0.57000  0.000000E+00
  0.58000  0.000000E+00
  0.59000  0.000000E+00
  0.60000  0.000000E+00
  0.61000  0.000000E+00
  0.62000  0.000000E+00
  0.63000  0.000000E+00
  0.64000  0.000000E+00
  0.65000  0.000000E+00
  0.66000  0.000000E+00
  0.67000  0.000000E+00
  0.68000  0.000000E+00
  0.69000  0.000000E+00
  0.70000  0.000000E+00
  0.71000  0.000000E+00
  0.72000  0.000000E+00
  0.73000  0.000000E+00
  0.74000  0.000000E+00
  0.75000  0.000000E+00
  0.76000  0.000000E+00
  0.77000  0.000000E+00
  0.78000  0.000000E+00
  0.79000  0.000000E+00
  0.80000  0.000000E+00
  0.81000  0.000000E+00
  0.82000  0.000000E+00
  0.83000  0.000000E+00
  0.84000  0.000000E+00
  0.85000  0.000000E+00
  0.86000  0.000000E+00
  0.87000  0.000000E+00
  0.88000  0.000000E+00
  0.89000  0.000000E+00
  0.90000  0.000000E+00
  0.91000  0.000000E+00
  0.92000  0.000000E+00
  0.93000  0.000000E+00
  0.94000  0.000000E+00
  0.95000  0.000000E+00
  0.96000  0.000000E+00
  0.97000  0.000000E+00
  0.98000  0.000000E+00
  0.99000  0.000000E+00
  1.00000  0.000000E+00
  1.01000  0.000000E+00
  1.02000  0.000000E+00
  1.03000  0.000000E+00
  1.04000  0.000000E+00
  1.05000  0.000000E+00
  1.06000  0.000000E+00
  1.07000  0.000000E+00
  1.08000  0.000000E+00
  1.09000  0.000000E+00
  1.10000  0.000000E+00
  1.11000  0.000000E+00
  1.12000  0.000000E+00
  1.13000  0.000000E+00
  1.14000  0.000000E+00
  1.15000  0.000000E+00
  1.16000  0.000000E+00
  1.17000  0.000000E+00
  1.18000  0.000000E+00
  1.19000  0.000000E+00
  1.20000  0.000000E+00
  1.21000  0.000000E+00
  1.22000  0.000000E+00
  1.23000  0.000000E+00
  1.24000  0.000000E+00
  1.25000  0.000000E+00
  1.26000  0.000000E+00
  1.27000  0.000000E+00
  1.28000  0.000000E+00
  1.29000  0.000000E+00
  1.30000  0.000000E+00
  1.31000  0.000000E+00
  1.32000  0.000000E+00
  1.33000  0.000000E+00
  1.34000  0.000000E+00
  1.35000  0.000000E+00
  1.36000  0.000000E+00
  1.37000  0.000000E+00
  1.38000  0.000000E+00
  1.39000  0.000000E+00
  1.40000  0.000000E+00
  1.41000  0.000000E+00
  1.42000  0.000000E+00
  1.43000  0.000000E+00
  1.44000  0.000000E+00
  1.45000  0.000000E+00
  1.46000  0.000000E+00
  1.47000  0.000000E+00
  1.48000  0.000000E+00
  1.49000  0.000000E+00
  1.50000  0.000000E+00
  1.51000  0.000000E+00
  1.52000  0.000000E+00
  1.53000  0.000000E+00
  1.54000  0.000000E+00
  1.55000  0.000000E+00
  1.56000  0.153290E-10
  1.57000  0.104839E-06
  1.58000  0.117953E-04
  1.59000  0.120831E-04
  1.60000  0.128057E-04
  1.61000  0.471089E-04
  1.62000  0.490155E-04
  1.63000  0.510821E-04
  1.64000  0.552809E-04
  1.65000  0.216466E-02
  1.66000  0.240115E-02
  1.67000  0.268420E-02
  1.68000  0.300454E-02
  1.69000  0.332443E-02
  1.70000  0.359012E-02
  1.71000  0.373685E-02
  1.72000  0.380974E-02
  1.73000  0.382672E-02
  1.74000  0.378533E-02
  1.75000  0.369201E-02
  1.76000  0.360126E-02
  1.77000  0.357221E-02
  1.78000  0.365149E-02
  1.79000  0.429336E-02
  1.80000  0.578791E-02
  1.81000  0.723711E-02
  1.82000  0.793942E-02
  1.83000  0.843176E-02
  1.84000  0.881266E-02
  1.85000  0.905458E-02
  1.86000  0.931141E-02
  1.87000  0.970806E-02
  1.88000  0.995549E-02
  1.89000  0.110931E-01
  1.90000  0.151943E-01
  1.91000  0.188979E-01
  1.92000  0.229877E-01
  1.93000  0.271786E-01
  1.94000  0.302562E-01
  1.95000  0.319194E-01
  1.96000  0.339332E-01
  1.97000  0.376337E-01
  1.98000  0.440545E-01
  1.99000  0.532899E-01
  2.00000  0.647876E-01
  2.01000  0.767673E-01
  2.02000  0.856454E-01
  2.03000  0.894796E-01
  2.04000  0.891908E-01
  2.05000  0.863722E-01
  2.06000  0.845346E-01
  2.07000  0.835762E-01
  2.08000  0.851993E-01
  2.09000  0.873795E-01
  2.10000  0.881980E-01
  2.11000  0.890262E-01
  2.12000  0.101436E+00
  2.13000  0.114495E+00
  2.14000  0.127844E+00
  2.15000  0.141422E+00
  2.16000  0.160089E+00
  2.17000  0.177591E+00
  2.18000  0.197266E+00
  2.19000  0.220838E+00
  2.20000  0.251461E+00
  2.21000  0.287579E+00
  2.22000  0.323480E+00
  2.23000  0.358460E+00
  2.24000  0.388741E+00
  2.25000  0.407888E+00
  2.26000  0.427331E+00
  2.27000  0.429864E+00
  2.28000  0.426193E+00
  2.29000  0.416584E+00
  2.30000  0.401090E+00
  2.31000  0.379723E+00
  2.32000  0.354455E+00
  2.33000  0.327270E+00
  2.34000  0.299771E+00
  2.35000  0.272813E+00
  2.36000  0.249076E+00
  2.37000  0.219946E+00
  2.38000  0.212187E+00
  2.39000  0.230873E+00
  2.40000  0.268941E+00
  2.41000  0.311585E+00
  2.42000  0.361382E+00
  2.43000  0.419412E+00
  2.44000  0.481985E+00
  2.45000  0.546619E+00
  2.46000  0.646091E+00
  2.47000  0.722479E+00
  2.48000  0.804820E+00
  2.49000  0.889816E+00
  2.50000  0.962333E+00
  2.51000  0.100000E+01
  2.52000  0.988017E+00
  2.53000  0.940399E+00
  2.54000  0.886039E+00
  2.55000  0.836920E+00
  2.56000  0.829827E+00
  2.57000  0.789253E+00
  2.58000  0.760011E+00
  2.59000  0.729607E+00
  2.60000  0.691511E+00
  2.61000  0.654967E+00
  2.62000  0.628763E+00
  2.63000  0.608354E+00
  2.64000  0.584611E+00
  2.65000  0.554134E+00
  2.66000  0.544959E+00
  2.67000  0.519042E+00
  2.68000  0.504883E+00
  2.69000  0.498768E+00
  2.70000  0.497841E+00
  2.71000  0.499813E+00
  2.72000  0.499270E+00
  2.73000  0.489779E+00
  2.74000  0.469280E+00
  2.75000  0.441801E+00
  2.76000  0.424912E+00
  2.77000  0.395418E+00
  2.78000  0.365689E+00
  2.79000  0.338151E+00
  2.80000  0.315241E+00
  2.81000  0.297061E+00
  2.82000  0.282200E+00
  2.83000  0.269080E+00
  2.84000  0.254971E+00
  2.85000  0.237736E+00
  2.86000  0.222755E+00
  2.87000  0.200318E+00
  2.88000  0.178497E+00
  2.89000  0.158221E+00
  2.90000  0.139636E+00
  2.91000  0.123535E+00
  2.92000  0.109968E+00
  2.93000  0.980878E-01
  2.94000  0.872288E-01
  2.95000  0.769825E-01
  2.96000  0.682238E-01
  2.97000  0.584339E-01
  2.98000  0.492685E-01
  2.99000  0.409677E-01
  3.00000  0.345099E-01
  3.01000  0.318853E-01
  3.02000  0.291093E-01
  3.03000  0.262859E-01
  3.04000  0.235805E-01
  3.05000  0.209780E-01
  3.06000  0.183115E-01
  3.07000  0.158116E-01
  3.08000  0.135176E-01
  3.09000  0.115106E-01
  3.10000  0.979219E-02
  3.11000  0.831049E-02
  3.12000  0.702329E-02
  3.13000  0.593608E-02
  3.14000  0.513016E-02
  3.15000  0.444073E-02
  3.16000  0.379319E-02
  3.17000  0.326791E-02
  3.18000  0.281181E-02
  3.19000  0.240207E-02
  3.20000  0.204025E-02
  3.21000  0.171735E-02
  3.22000  0.143513E-02
  3.23000  0.119906E-02
  3.24000  0.101232E-02
  3.25000  0.866955E-03
  3.26000  0.733866E-03
  3.27000  0.625263E-03
  3.28000  0.528240E-03
  3.29000  0.445396E-03
  3.30000  0.373943E-03
  3.31000  0.310145E-03
  3.32000  0.254274E-03
  3.33000  0.207801E-03
  3.34000  0.171206E-03
  3.35000  0.142643E-03
  3.36000  0.116034E-03
  3.37000  0.970384E-04
  3.38000  0.817731E-04
  3.39000  0.697934E-04
  3.40000  0.604395E-04
  3.41000  0.528633E-04
  3.42000  0.462833E-04
  3.43000  0.403637E-04
  3.44000  0.350893E-04
  3.45000  0.304637E-04
  3.46000  0.254027E-04
  3.47000  0.220469E-04
  3.48000  0.191633E-04
  3.49000  0.167081E-04
  3.50000  0.145948E-04
  3.51000  0.127203E-04
  3.52000  0.110326E-04
  3.53000  0.950709E-05
  3.54000  0.816460E-05
  3.55000  0.707113E-05
  3.56000  0.592099E-05
  3.57000  0.523243E-05
  3.58000  0.461703E-05
  3.59000  0.405507E-05
  3.60000  0.353952E-05
  3.61000  0.305538E-05
  3.62000  0.259871E-05
  3.63000  0.218209E-05
  3.64000  0.181881E-05
  3.65000  0.151479E-05
  3.66000  0.119858E-05
  3.67000  0.101037E-05
  3.68000  0.859131E-06
  3.69000  0.735441E-06
  3.70000  0.630573E-06
  3.71000  0.538589E-06
  3.72000  0.457253E-06
  3.73000  0.386915E-06
  3.74000  0.327336E-06
  3.75000  0.275908E-06
  3.76000  0.216393E-06
  3.77000  0.177522E-06
  3.78000  0.143331E-06
  3.79000  0.113941E-06
  3.80000  0.892511E-07
  3.81000  0.689075E-07
  3.82000  0.523631E-07
  3.83000  0.391857E-07
  3.84000  0.290486E-07
  3.85000  0.214943E-07
  3.86000  0.148450E-07
  3.87000  0.110452E-07
  3.88000  0.825808E-08
  3.89000  0.621268E-08
  3.90000  0.470166E-08
  3.91000  0.357380E-08
  3.92000  0.271841E-08
  3.93000  0.206087E-08
  3.94000  0.155694E-08
  3.95000  0.119285E-08
  3.96000  0.102627E-08
  3.97000  0.953392E-09
  3.98000  0.884272E-09
  3.99000  0.817060E-09
  4.00000  0.750894E-09
  4.01000  0.686246E-09
  4.02000  0.623258E-09
  4.03000  0.563474E-09
  4.04000  0.506725E-09
  4.05000  0.455024E-09
  4.06000  0.370326E-09
  4.07000  0.333847E-09
  4.08000  0.301844E-09
  4.09000  0.272687E-09
  4.10000  0.244746E-09
  4.11000  0.217456E-09
  4.12000  0.191508E-09
  4.13000  0.168080E-09
  4.14000  0.147577E-09
  4.15000  0.129820E-09
  4.16000  0.101331E-09
  4.17000  0.890768E-10
  4.18000  0.782053E-10
  4.19000  0.685329E-10
  4.20000  0.600197E-10
  4.21000  0.525823E-10
  4.22000  0.460265E-10
  4.23000  0.401551E-10
  4.24000  0.349180E-10
  4.25000  0.303006E-10
  4.26000  0.228524E-10
  4.27000  0.197106E-10
  4.28000  0.169507E-10
  4.29000  0.145242E-10
  4.30000  0.123898E-10
  4.31000  0.105636E-10
  4.32000  0.970528E-11
  4.33000  0.895852E-11
  4.34000  0.824146E-11
  4.35000  0.751997E-11
  4.36000  0.565618E-11
  4.37000  0.500604E-11
  4.38000  0.435836E-11
  4.39000  0.373568E-11
  4.40000  0.315736E-11
  4.41000  0.263580E-11
  4.42000  0.217270E-11
  4.43000  0.176940E-11
  4.44000  0.142446E-11
  4.45000  0.113818E-11
  4.46000  0.736201E-12
  4.47000  0.587033E-12
  4.48000  0.472628E-12
  4.49000  0.385273E-12
  4.50000  0.317173E-12
  4.51000  0.263015E-12
  4.52000  0.219055E-12
  4.53000  0.182778E-12
  4.54000  0.152538E-12
  4.55000  0.127246E-12
  4.56000  0.841649E-13
  4.57000  0.698525E-13
  4.58000  0.591073E-13
  4.59000  0.525594E-13
  4.60000  0.465774E-13
  4.61000  0.408832E-13
  4.62000  0.353900E-13
  4.63000  0.301036E-13
  4.64000  0.251229E-13
  4.65000  0.205085E-13
  4.66000  0.130220E-13
  4.67000  0.101306E-13
  4.68000  0.776993E-14
  4.69000  0.592477E-14
  4.70000  0.454721E-14
  4.71000  0.354494E-14
  4.72000  0.282914E-14
  4.73000  0.232353E-14
  4.74000  0.195223E-14
  4.75000  0.166759E-14
  4.76000  0.112973E-14
  4.77000  0.989289E-15
  4.78000  0.879950E-15
  4.79000  0.788615E-15
  4.80000  0.711218E-15
  4.81000  0.644766E-15
  4.82000  0.586942E-15
  4.83000  0.539772E-15
  4.84000  0.501295E-15
  4.85000  0.465656E-15
  4.86000  0.351388E-15
  4.87000  0.327054E-15
  4.88000  0.302775E-15
  4.89000  0.278777E-15
  4.90000  0.254800E-15
  4.91000  0.230703E-15
  4.92000  0.207043E-15
  4.93000  0.184690E-15
  4.94000  0.163997E-15
  4.95000  0.144959E-15
  4.96000  0.103580E-15
  4.97000  0.905238E-16
  4.98000  0.784412E-16
  4.99000  0.672356E-16
  5.00000  0.569613E-16
  5.01000  0.476377E-16
  5.02000  0.392894E-16
  5.03000  0.318746E-16
  5.04000  0.253915E-16
  5.05000  0.198392E-16
  5.06000  0.120764E-16
  5.07000  0.902291E-17
  5.08000  0.661212E-17
  5.09000  0.475102E-17
  5.10000  0.334390E-17
  5.11000  0.229907E-17
  5.12000  0.154035E-17
  5.13000  0.100326E-17
  5.14000  0.638178E-18
  5.15000  0.399350E-18
  5.16000  0.186640E-18
  5.17000  0.115483E-18
  5.18000  0.728855E-19
  5.19000  0.478407E-19
  5.20000  0.329824E-19
  5.21000  0.239003E-19
  5.22000  0.180402E-19
  5.23000  0.140667E-19
  5.24000  0.112229E-19
  5.25000  0.909511E-20
  5.26000  0.562535E-20
  5.27000  0.461272E-20
  5.28000  0.378162E-20
  5.29000  0.309275E-20
  5.30000  0.251895E-20
  5.31000  0.203727E-20
  5.32000  0.163454E-20
  5.33000  0.130231E-20
  5.34000  0.103076E-20
  5.35000  0.811008E-21
  5.36000  0.488874E-21
  5.37000  0.387139E-21
  5.38000  0.320206E-21
  5.39000  0.261631E-21
  5.40000  0.211341E-21
  5.41000  0.168640E-21
  5.42000  0.133134E-21
  5.43000  0.104035E-21
  5.44000  0.807342E-22
  5.45000  0.625998E-22
  5.46000  0.343657E-22
  5.47000  0.269247E-22
  5.48000  0.212694E-22
  5.49000  0.169363E-22
  5.50000  0.135431E-22
  5.51000  0.108442E-22
  5.52000  0.865835E-23
  5.53000  0.687118E-23
  5.54000  0.541392E-23
  5.55000  0.422997E-23
  5.56000  0.235750E-23
  5.57000  0.181142E-23
  5.58000  0.138060E-23
  5.59000  0.104408E-23
  5.60000  0.784820E-24
  5.61000  0.588013E-24
  5.62000  0.441431E-24
  5.63000  0.333225E-24
  5.64000  0.253715E-24
  5.65000  0.194947E-24
  5.66000  0.110209E-24
  5.67000  0.860187E-25
  5.68000  0.675560E-25
  5.69000  0.534502E-25
  5.70000  0.427096E-25
  5.71000  0.344271E-25
  5.72000  0.279235E-25
  5.73000  0.227874E-25
  5.74000  0.186796E-25
  5.75000  0.153217E-25
  5.76000  0.933477E-26
  5.77000  0.768504E-26
  5.78000  0.632116E-26
  5.79000  0.519351E-26
  5.80000  0.424827E-26
  5.81000  0.346610E-26
  5.82000  0.282564E-26
  5.83000  0.228797E-26
  5.84000  0.183876E-26
  5.85000  0.146466E-26
  5.86000  0.865065E-27
  5.87000  0.678936E-27
  5.88000  0.527560E-27
  5.89000  0.405286E-27
  5.90000  0.307505E-27
  5.91000  0.230079E-27
  5.92000  0.170688E-27
  5.93000  0.126563E-27
  5.94000  0.928447E-28
  5.95000  0.675861E-28
  5.96000  0.366763E-28
  5.97000  0.260836E-28
  5.98000  0.185496E-28
  5.99000  0.132017E-28
  6.00000  0.947090E-29
  6.20000  0.000000E+00
  6.40000  0.000000E+00
  6.60000  0.000000E+00
  6.80000  0.000000E+00
  7.00000  0.000000E+00
