  0.00000  0.000000E+00
  0.01000  0.602673E-01
  0.02000  0.333800E+00
  0.03000  0.392816E+00
  0.04000  0.396439E+00
  0.05000  0.400077E+00
  0.06000  0.403710E+00
  0.07000  0.407409E+00
  0.08000  0.411151E+00
  0.09000  0.414876E+00
  0.10000  0.418570E+00
  0.11000  0.422236E+00
  0.12000  0.425861E+00
  0.13000  0.429435E+00
  0.14000  0.432962E+00
  0.15000  0.436421E+00
  0.16000  0.439796E+00
  0.17000  0.444483E+00
  0.18000  0.455301E+00
  0.19000  0.466136E+00
  0.20000  0.477341E+00
  0.21000  0.488766E+00
  0.22000  0.499951E+00
  0.23000  0.510510E+00
  0.24000  0.520696E+00
  0.25000  0.530081E+00
  0.26000  0.538797E+00
  0.27000  0.547484E+00
  0.28000  0.556156E+00
  0.29000  0.564373E+00
  0.30000  0.571713E+00
  0.31000  0.578786E+00
  0.32000  0.585481E+00
  0.33000  0.591606E+00
  0.34000  0.597262E+00
  0.35000  0.602291E+00
  0.36000  0.607159E+00
  0.37000  0.611492E+00
  0.38000  0.616059E+00
  0.39000  0.620300E+00
  0.40000  0.623860E+00
  0.41000  0.627373E+00
  0.42000  0.630436E+00
  0.43000  0.642237E+00
  0.44000  0.654024E+00
  0.45000  0.666456E+00
  0.46000  0.678552E+00
  0.47000  0.690619E+00
  0.48000  0.701231E+00
  0.49000  0.709620E+00
  0.50000  0.716475E+00
  0.51000  0.721698E+00
  0.52000  0.725625E+00
  0.53000  0.727782E+00
  0.54000  0.727320E+00
  0.55000  0.724806E+00
  0.56000  0.718984E+00
  0.57000  0.710767E+00
  0.58000  0.702434E+00
  0.59000  0.702798E+00
  0.60000  0.708531E+00
  0.61000  0.714330E+00
  0.62000  0.720082E+00
  0.63000  0.725729E+00
  0.64000  0.731083E+00
  0.65000  0.736130E+00
  0.66000  0.740717E+00
  0.67000  0.744844E+00
  0.68000  0.748544E+00
  0.69000  0.752117E+00
  0.70000  0.755722E+00
  0.71000  0.759110E+00
  0.72000  0.762210E+00
  0.73000  0.765009E+00
  0.74000  0.767387E+00
  0.75000  0.769289E+00
  0.76000  0.770724E+00
  0.77000  0.771458E+00
  0.78000  0.771165E+00
  0.79000  0.770001E+00
  0.80000  0.768687E+00
  0.81000  0.767466E+00
  0.82000  0.765782E+00
  0.83000  0.763688E+00
  0.84000  0.761181E+00
  0.85000  0.758279E+00
  0.86000  0.755932E+00
  0.87000  0.754287E+00
  0.88000  0.752603E+00
  0.89000  0.751946E+00
  0.90000  0.751994E+00
  0.91000  0.751625E+00
  0.92000  0.750811E+00
  0.93000  0.749641E+00
  0.94000  0.748170E+00
  0.95000  0.747266E+00
  0.96000  0.754140E+00
  0.97000  0.760697E+00
  0.98000  0.766764E+00
  0.99000  0.772659E+00
  1.00000  0.778745E+00
  1.01000  0.785086E+00
  1.02000  0.791991E+00
  1.03000  0.799225E+00
  1.04000  0.807397E+00
  1.05000  0.818429E+00
  1.06000  0.827975E+00
  1.07000  0.836786E+00
  1.08000  0.844425E+00
  1.09000  0.851147E+00
  1.10000  0.857400E+00
  1.11000  0.863173E+00
  1.12000  0.868344E+00
  1.13000  0.872701E+00
  1.14000  0.881332E+00
  1.15000  0.892361E+00
  1.16000  0.903204E+00
  1.17000  0.913728E+00
  1.18000  0.923848E+00
  1.19000  0.933388E+00
  1.20000  0.942049E+00
  1.21000  0.949588E+00
  1.22000  0.956476E+00
  1.23000  0.963394E+00
  1.24000  0.970016E+00
  1.25000  0.975920E+00
  1.26000  0.981232E+00
  1.27000  0.985934E+00
  1.28000  0.990022E+00
  1.29000  0.993559E+00
  1.30000  0.996550E+00
  1.31000  0.998898E+00
  1.32000  0.100000E+01
  1.33000  0.999870E+00
  1.34000  0.998617E+00
  1.35000  0.996555E+00
  1.36000  0.994222E+00
  1.37000  0.991715E+00
  1.38000  0.988843E+00
  1.39000  0.985290E+00
  1.40000  0.981626E+00
  1.41000  0.978282E+00
  1.42000  0.974969E+00
  1.43000  0.971394E+00
  1.44000  0.967141E+00
  1.45000  0.962384E+00
  1.46000  0.957274E+00
  1.47000  0.951895E+00
  1.48000  0.947010E+00
  1.49000  0.942189E+00
  1.50000  0.936615E+00
  1.51000  0.930463E+00
  1.52000  0.923974E+00
  1.53000  0.917340E+00
  1.54000  0.910696E+00
  1.55000  0.904024E+00
  1.56000  0.897338E+00
  1.57000  0.890949E+00
  1.58000  0.884783E+00
  1.59000  0.878368E+00
  1.60000  0.871608E+00
  1.61000  0.864365E+00
  1.62000  0.856691E+00
  1.63000  0.849339E+00
  1.64000  0.842964E+00
  1.65000  0.837308E+00
  1.66000  0.831986E+00
  1.67000  0.826910E+00
  1.68000  0.821808E+00
  1.69000  0.816529E+00
  1.70000  0.811316E+00
  1.71000  0.806253E+00
  1.72000  0.801111E+00
  1.73000  0.795611E+00
  1.74000  0.789718E+00
  1.75000  0.783614E+00
  1.76000  0.777597E+00
  1.77000  0.771755E+00
  1.78000  0.766028E+00
  1.79000  0.760380E+00
  1.80000  0.754786E+00
  1.81000  0.749212E+00
  1.82000  0.743704E+00
  1.83000  0.738265E+00
  1.84000  0.732850E+00
  1.85000  0.727478E+00
  1.86000  0.722234E+00
  1.87000  0.717046E+00
  1.88000  0.711772E+00
  1.89000  0.706375E+00
  1.90000  0.700918E+00
  1.91000  0.695553E+00
  1.92000  0.690273E+00
  1.93000  0.684960E+00
  1.94000  0.679672E+00
  1.95000  0.674581E+00
  1.96000  0.669697E+00
  1.97000  0.664950E+00
  1.98000  0.660359E+00
  1.99000  0.656091E+00
  2.00000  0.652476E+00
  2.01000  0.649892E+00
  2.02000  0.648338E+00
  2.03000  0.647351E+00
  2.04000  0.646159E+00
  2.05000  0.644093E+00
  2.06000  0.640827E+00
  2.07000  0.636467E+00
  2.08000  0.631982E+00
  2.09000  0.627257E+00
  2.10000  0.622492E+00
  2.11000  0.617741E+00
  2.12000  0.613063E+00
  2.13000  0.608472E+00
  2.14000  0.603885E+00
  2.15000  0.599268E+00
  2.16000  0.594643E+00
  2.17000  0.589979E+00
  2.18000  0.585283E+00
  2.19000  0.589454E+00
  2.20000  0.593604E+00
  2.21000  0.597545E+00
  2.22000  0.601370E+00
  2.23000  0.605239E+00
  2.24000  0.609247E+00
  2.25000  0.613317E+00
  2.26000  0.617324E+00
  2.27000  0.621155E+00
  2.28000  0.624841E+00
  2.29000  0.628426E+00
  2.30000  0.631869E+00
  2.31000  0.635128E+00
  2.32000  0.638234E+00
  2.33000  0.641289E+00
  2.34000  0.644519E+00
  2.35000  0.648102E+00
  2.36000  0.652074E+00
  2.37000  0.656350E+00
  2.38000  0.660725E+00
  2.39000  0.664864E+00
  2.40000  0.668516E+00
  2.41000  0.671614E+00
  2.42000  0.674184E+00
  2.43000  0.676259E+00
  2.44000  0.677847E+00
  2.45000  0.678840E+00
  2.46000  0.679016E+00
  2.47000  0.678223E+00
  2.48000  0.674886E+00
  2.49000  0.667795E+00
  2.50000  0.655569E+00
  2.51000  0.637324E+00
  2.52000  0.613930E+00
  2.53000  0.588447E+00
  2.54000  0.564693E+00
  2.55000  0.545277E+00
  2.56000  0.530849E+00
  2.57000  0.520757E+00
  2.58000  0.514048E+00
  2.59000  0.509801E+00
  2.60000  0.507260E+00
  2.61000  0.505906E+00
  2.62000  0.505406E+00
  2.63000  0.505580E+00
  2.64000  0.506277E+00
  2.65000  0.507298E+00
  2.66000  0.508437E+00
  2.67000  0.509563E+00
  2.68000  0.510606E+00
  2.69000  0.511585E+00
  2.70000  0.512723E+00
  2.71000  0.514280E+00
  2.72000  0.516309E+00
  2.73000  0.518694E+00
  2.74000  0.521279E+00
  2.75000  0.523995E+00
  2.76000  0.526873E+00
  2.77000  0.529895E+00
  2.78000  0.533085E+00
  2.79000  0.536426E+00
  2.80000  0.539811E+00
  2.81000  0.543139E+00
  2.82000  0.546238E+00
  2.83000  0.549207E+00
  2.84000  0.552105E+00
  2.85000  0.554980E+00
  2.86000  0.557928E+00
  2.87000  0.560922E+00
  2.88000  0.563871E+00
  2.89000  0.566675E+00
  2.90000  0.569296E+00
  2.91000  0.571809E+00
  2.92000  0.574176E+00
  2.93000  0.576473E+00
  2.94000  0.578950E+00
  2.95000  0.581846E+00
  2.96000  0.585299E+00
  2.97000  0.589286E+00
  2.98000  0.593550E+00
  2.99000  0.597726E+00
  3.00000  0.601731E+00
  3.01000  0.605790E+00
  3.02000  0.610119E+00
  3.03000  0.614773E+00
  3.04000  0.619842E+00
  3.05000  0.625404E+00
  3.06000  0.631595E+00
  3.07000  0.638433E+00
  3.08000  0.645667E+00
  3.09000  0.652797E+00
  3.10000  0.659364E+00
  3.11000  0.665119E+00
  3.12000  0.670009E+00
  3.13000  0.674181E+00
  3.14000  0.677701E+00
  3.15000  0.680639E+00
  3.16000  0.683017E+00
  3.17000  0.684882E+00
  3.18000  0.686237E+00
  3.19000  0.687190E+00
  3.20000  0.687831E+00
  3.21000  0.688264E+00
  3.22000  0.688618E+00
  3.23000  0.688930E+00
  3.24000  0.689293E+00
  3.25000  0.689719E+00
  3.26000  0.690112E+00
  3.27000  0.690477E+00
  3.28000  0.690802E+00
  3.29000  0.691143E+00
  3.30000  0.691465E+00
  3.31000  0.691594E+00
  3.32000  0.691368E+00
  3.33000  0.690832E+00
  3.34000  0.690014E+00
  3.35000  0.688995E+00
  3.36000  0.687828E+00
  3.37000  0.686538E+00
  3.38000  0.685106E+00
  3.39000  0.683548E+00
  3.40000  0.681856E+00
  3.41000  0.679964E+00
  3.42000  0.677836E+00
  3.43000  0.675525E+00
  3.44000  0.673083E+00
  3.45000  0.670594E+00
  3.46000  0.668071E+00
  3.47000  0.665581E+00
  3.48000  0.663185E+00
  3.49000  0.660947E+00
  3.50000  0.658856E+00
  3.51000  0.656912E+00
  3.52000  0.655084E+00
  3.53000  0.653334E+00
  3.54000  0.651599E+00
  3.55000  0.649789E+00
  3.56000  0.647775E+00
  3.57000  0.645498E+00
  3.58000  0.642952E+00
  3.59000  0.640086E+00
  3.60000  0.636824E+00
  3.61000  0.633057E+00
  3.62000  0.628810E+00
  3.63000  0.624332E+00
  3.64000  0.619949E+00
  3.65000  0.615792E+00
  3.66000  0.611780E+00
  3.67000  0.607745E+00
  3.68000  0.603582E+00
  3.69000  0.599217E+00
  3.70000  0.594616E+00
  3.71000  0.589695E+00
  3.72000  0.584323E+00
  3.73000  0.578379E+00
  3.74000  0.571818E+00
  3.75000  0.564753E+00
  3.76000  0.557433E+00
  3.77000  0.550070E+00
  3.78000  0.542703E+00
  3.79000  0.535156E+00
  3.80000  0.527147E+00
  3.81000  0.518370E+00
  3.82000  0.508669E+00
  3.83000  0.498112E+00
  3.84000  0.487027E+00
  3.85000  0.475999E+00
  3.86000  0.465636E+00
  3.87000  0.466054E+00
  3.88000  0.466957E+00
  3.89000  0.467825E+00
  3.90000  0.468682E+00
  3.91000  0.469544E+00
  3.92000  0.470424E+00
  3.93000  0.471332E+00
  3.94000  0.472265E+00
  3.95000  0.473203E+00
  3.96000  0.474110E+00
  3.97000  0.474931E+00
  3.98000  0.475590E+00
  3.99000  0.476005E+00
  4.00000  0.476175E+00
  4.01000  0.476191E+00
  4.02000  0.476200E+00
  4.03000  0.476317E+00
  4.04000  0.476550E+00
  4.05000  0.476869E+00
  4.06000  0.477220E+00
  4.07000  0.477557E+00
  4.08000  0.477873E+00
  4.09000  0.478154E+00
  4.10000  0.478358E+00
  4.11000  0.478469E+00
  4.12000  0.478486E+00
  4.13000  0.478491E+00
  4.14000  0.478615E+00
  4.15000  0.478858E+00
  4.16000  0.479197E+00
  4.17000  0.479551E+00
  4.18000  0.479866E+00
  4.19000  0.480154E+00
  4.20000  0.480319E+00
  4.21000  0.480293E+00
  4.22000  0.480002E+00
  4.23000  0.479373E+00
  4.24000  0.478633E+00
  4.25000  0.477908E+00
  4.26000  0.477198E+00
  4.27000  0.476510E+00
  4.28000  0.475704E+00
  4.29000  0.474734E+00
  4.30000  0.473638E+00
  4.31000  0.472468E+00
  4.32000  0.471286E+00
  4.33000  0.470205E+00
  4.34000  0.469229E+00
  4.35000  0.468242E+00
  4.36000  0.467114E+00
  4.37000  0.465800E+00
  4.38000  0.464330E+00
  4.39000  0.462774E+00
  4.40000  0.461220E+00
  4.41000  0.459729E+00
  4.42000  0.458296E+00
  4.43000  0.456917E+00
  4.44000  0.455594E+00
  4.45000  0.454313E+00
  4.46000  0.453073E+00
  4.47000  0.451839E+00
  4.48000  0.450591E+00
  4.49000  0.449357E+00
  4.50000  0.448162E+00
  4.51000  0.447006E+00
  4.52000  0.445886E+00
  4.53000  0.444777E+00
  4.54000  0.443667E+00
  4.55000  0.442521E+00
  4.56000  0.441298E+00
  4.57000  0.439948E+00
  4.58000  0.438491E+00
  4.59000  0.437041E+00
  4.60000  0.435678E+00
  4.61000  0.434419E+00
  4.62000  0.433271E+00
  4.63000  0.432209E+00
  4.64000  0.431177E+00
  4.65000  0.430090E+00
  4.66000  0.428861E+00
  4.67000  0.427483E+00
  4.68000  0.425977E+00
  4.69000  0.424366E+00
  4.70000  0.422692E+00
  4.71000  0.420995E+00
  4.72000  0.419282E+00
  4.73000  0.417569E+00
  4.74000  0.415885E+00
  4.75000  0.414275E+00
  4.76000  0.412729E+00
  4.77000  0.411208E+00
  4.78000  0.409693E+00
  4.79000  0.408181E+00
  4.80000  0.406727E+00
  4.81000  0.405421E+00
  4.82000  0.404274E+00
  4.83000  0.403226E+00
  4.84000  0.402181E+00
  4.85000  0.401034E+00
  4.86000  0.399762E+00
  4.87000  0.398358E+00
  4.88000  0.396858E+00
  4.89000  0.395307E+00
  4.90000  0.393713E+00
  4.91000  0.392060E+00
  4.92000  0.390354E+00
  4.93000  0.388575E+00
  4.94000  0.386671E+00
  4.95000  0.384586E+00
  4.96000  0.382254E+00
  4.97000  0.379652E+00
  4.98000  0.376789E+00
  4.99000  0.373756E+00
  5.00000  0.370659E+00
  5.01000  0.367583E+00
  5.02000  0.364549E+00
  5.03000  0.361529E+00
  5.04000  0.360959E+00
  5.05000  0.360438E+00
  5.06000  0.359975E+00
  5.07000  0.359633E+00
  5.08000  0.359382E+00
  5.09000  0.359267E+00
  5.10000  0.359214E+00
  5.11000  0.359182E+00
  5.12000  0.359159E+00
  5.13000  0.359105E+00
  5.14000  0.359028E+00
  5.15000  0.358941E+00
  5.16000  0.358834E+00
  5.17000  0.358717E+00
  5.18000  0.358598E+00
  5.19000  0.358464E+00
  5.20000  0.358347E+00
  5.21000  0.358233E+00
  5.22000  0.358155E+00
  5.23000  0.358108E+00
  5.24000  0.358088E+00
  5.25000  0.358098E+00
  5.26000  0.358109E+00
  5.27000  0.358112E+00
  5.28000  0.358109E+00
  5.29000  0.358099E+00
  5.30000  0.358068E+00
  5.31000  0.358034E+00
  5.32000  0.357999E+00
  5.33000  0.357952E+00
  5.34000  0.357928E+00
  5.35000  0.357925E+00
  5.36000  0.357941E+00
  5.37000  0.357991E+00
  5.38000  0.358064E+00
  5.39000  0.358139E+00
  5.40000  0.358218E+00
  5.41000  0.358282E+00
  5.42000  0.358327E+00
  5.43000  0.358349E+00
  5.44000  0.358339E+00
  5.45000  0.358297E+00
  5.46000  0.358220E+00
  5.47000  0.358106E+00
  5.48000  0.357949E+00
  5.49000  0.357751E+00
  5.50000  0.357485E+00
  5.51000  0.357159E+00
  5.52000  0.356773E+00
  5.53000  0.356343E+00
  5.54000  0.355938E+00
  5.55000  0.355557E+00
  5.56000  0.355242E+00
  5.57000  0.354968E+00
  5.58000  0.354713E+00
  5.59000  0.354432E+00
  5.60000  0.354127E+00
  5.61000  0.353832E+00
  5.62000  0.353539E+00
  5.63000  0.353667E+00
  5.64000  0.353942E+00
  5.65000  0.354326E+00
  5.66000  0.354764E+00
  5.67000  0.355227E+00
  5.68000  0.355687E+00
  5.69000  0.356104E+00
  5.70000  0.356493E+00
  5.71000  0.356835E+00
  5.72000  0.357143E+00
  5.73000  0.357433E+00
  5.74000  0.357702E+00
  5.75000  0.357959E+00
  5.76000  0.358202E+00
  5.77000  0.358444E+00
  5.78000  0.358674E+00
  5.79000  0.358907E+00
  5.80000  0.359140E+00
  5.81000  0.359346E+00
  5.82000  0.359532E+00
  5.83000  0.359688E+00
  5.84000  0.359806E+00
  5.85000  0.359895E+00
  5.86000  0.359945E+00
  5.87000  0.359966E+00
  5.88000  0.359951E+00
  5.89000  0.359898E+00
  5.90000  0.359812E+00
  5.91000  0.359705E+00
  5.92000  0.359573E+00
  5.93000  0.359428E+00
  5.94000  0.359282E+00
  5.95000  0.359131E+00
  5.96000  0.358973E+00
  5.97000  0.358819E+00
  5.98000  0.358651E+00
  5.99000  0.358470E+00
  6.00000  0.358282E+00
  6.20000  0.357865E+00
  6.40000  0.360253E+00
  6.60000  0.361325E+00
  6.80000  0.395056E+00
  7.00000  0.387839E+00
