  0.00000  0.000000E+00
  0.01000  0.000000E+00
  0.02000  0.000000E+00
  0.03000  0.000000E+00
  0.04000  0.000000E+00
  0.05000  0.142853E-25
  0.06000  0.171512E-18
  0.07000  0.161728E-18
  0.08000  0.129821E-18
  0.09000  0.108248E-18
  0.10000  0.131472E-18
  0.11000  0.217064E-18
  0.12000  0.382570E-18
  0.13000  0.733196E-18
  0.14000  0.145009E-17
  0.15000  0.290243E-17
  0.16000  0.549748E-17
  0.17000  0.952606E-17
  0.18000  0.151306E-16
  0.19000  0.218155E-16
  0.20000  0.319504E-16
  0.21000  0.490623E-16
  0.22000  0.776840E-16
  0.23000  0.112725E-15
  0.24000  0.150209E-15
  0.25000  0.192868E-15
  0.26000  0.228296E-15
  0.27000  0.254399E-15
  0.28000  0.287990E-15
  0.29000  0.366042E-15
  0.30000  0.574595E-15
  0.31000  0.931002E-15
  0.32000  0.128026E-14
  0.33000  0.159295E-14
  0.34000  0.193884E-14
  0.35000  0.238621E-14
  0.36000  0.302296E-14
  0.37000  0.376753E-14
  0.38000  0.454667E-14
  0.39000  0.545793E-14
  0.40000  0.714307E-14
  0.41000  0.940832E-14
  0.42000  0.122904E-13
  0.43000  0.158256E-13
  0.44000  0.198607E-13
  0.45000  0.252166E-13
  0.46000  0.343734E-13
  0.47000  0.478572E-13
  0.48000  0.666830E-13
  0.49000  0.915510E-13
  0.50000  0.122839E-12
  0.51000  0.162881E-12
  0.52000  0.209617E-12
  0.53000  0.276383E-12
  0.54000  0.376899E-12
  0.55000  0.508585E-12
  0.56000  0.676480E-12
  0.57000  0.903072E-12
  0.58000  0.124065E-11
  0.59000  0.180036E-11
  0.60000  0.271268E-11
  0.61000  0.440149E-11
  0.62000  0.748082E-11
  0.63000  0.124967E-10
  0.64000  0.198914E-10
  0.65000  0.295970E-10
  0.66000  0.433835E-10
  0.67000  0.661679E-10
  0.68000  0.101706E-09
  0.69000  0.151070E-09
  0.70000  0.235830E-09
  0.71000  0.413168E-09
  0.72000  0.655978E-09
  0.73000  0.992614E-09
  0.74000  0.149689E-08
  0.75000  0.227924E-08
  0.76000  0.350729E-08
  0.77000  0.525560E-08
  0.78000  0.777520E-08
  0.79000  0.117785E-07
  0.80000  0.180202E-07
  0.81000  0.280348E-07
  0.82000  0.525653E-07
  0.83000  0.145789E-06
  0.84000  0.324316E-06
  0.85000  0.532639E-06
  0.86000  0.780851E-06
  0.87000  0.110695E-05
  0.88000  0.156043E-05
  0.89000  0.217551E-05
  0.90000  0.298643E-05
  0.91000  0.401986E-05
  0.92000  0.530460E-05
  0.93000  0.694040E-05
  0.94000  0.909183E-05
  0.95000  0.120801E-04
  0.96000  0.161107E-04
  0.97000  0.214560E-04
  0.98000  0.296467E-04
  0.99000  0.414277E-04
  1.00000  0.563177E-04
  1.01000  0.750906E-04
  1.02000  0.998334E-04
  1.03000  0.129790E-03
  1.04000  0.162015E-03
  1.05000  0.201107E-03
  1.06000  0.246819E-03
  1.07000  0.296672E-03
  1.08000  0.360011E-03
  1.09000  0.445126E-03
  1.10000  0.553906E-03
  1.11000  0.730882E-03
  1.12000  0.108903E-02
  1.13000  0.195787E-02
  1.14000  0.336555E-02
  1.15000  0.459065E-02
  1.16000  0.569823E-02
  1.17000  0.686190E-02
  1.18000  0.800057E-02
  1.19000  0.902064E-02
  1.20000  0.999074E-02
  1.21000  0.109351E-01
  1.22000  0.117969E-01
  1.23000  0.126191E-01
  1.24000  0.132561E-01
  1.25000  0.135975E-01
  1.26000  0.139248E-01
  1.27000  0.143562E-01
  1.28000  0.149057E-01
  1.29000  0.156721E-01
  1.30000  0.165260E-01
  1.31000  0.172767E-01
  1.32000  0.177276E-01
  1.33000  0.179741E-01
  1.34000  0.181915E-01
  1.35000  0.184912E-01
  1.36000  0.189101E-01
  1.37000  0.194790E-01
  1.38000  0.198731E-01
  1.39000  0.208565E-01
  1.40000  0.219738E-01
  1.41000  0.225840E-01
  1.42000  0.247695E-01
  1.43000  0.295940E-01
  1.44000  0.344734E-01
  1.45000  0.373812E-01
  1.46000  0.388805E-01
  1.47000  0.394263E-01
  1.48000  0.390504E-01
  1.49000  0.379860E-01
  1.50000  0.362887E-01
  1.51000  0.338919E-01
  1.52000  0.309347E-01
  1.53000  0.293172E-01
  1.54000  0.313040E-01
  1.55000  0.324890E-01
  1.56000  0.316147E-01
  1.57000  0.254216E-01
  1.58000  0.166774E-01
  1.59000  0.131650E-01
  1.60000  0.121668E-01
  1.61000  0.120315E-01
  1.62000  0.123832E-01
  1.63000  0.130947E-01
  1.64000  0.140772E-01
  1.65000  0.152853E-01
  1.66000  0.167499E-01
  1.67000  0.185400E-01
  1.68000  0.205730E-01
  1.69000  0.227384E-01
  1.70000  0.250002E-01
  1.71000  0.272718E-01
  1.72000  0.295778E-01
  1.73000  0.318326E-01
  1.74000  0.343782E-01
  1.75000  0.377234E-01
  1.76000  0.415996E-01
  1.77000  0.461691E-01
  1.78000  0.538115E-01
  1.79000  0.795459E-01
  1.80000  0.131455E+00
  1.81000  0.180229E+00
  1.82000  0.221083E+00
  1.83000  0.261542E+00
  1.84000  0.292497E+00
  1.85000  0.316590E+00
  1.86000  0.341041E+00
  1.87000  0.372272E+00
  1.88000  0.408844E+00
  1.89000  0.438423E+00
  1.90000  0.455293E+00
  1.91000  0.467232E+00
  1.92000  0.481023E+00
  1.93000  0.496376E+00
  1.94000  0.510121E+00
  1.95000  0.521214E+00
  1.96000  0.530520E+00
  1.97000  0.541673E+00
  1.98000  0.560537E+00
  1.99000  0.590338E+00
  2.00000  0.636919E+00
  2.01000  0.700002E+00
  2.02000  0.764595E+00
  2.03000  0.811407E+00
  2.04000  0.837932E+00
  2.05000  0.848273E+00
  2.06000  0.841105E+00
  2.07000  0.813304E+00
  2.08000  0.763543E+00
  2.09000  0.694293E+00
  2.10000  0.616362E+00
  2.11000  0.547313E+00
  2.12000  0.495641E+00
  2.13000  0.457704E+00
  2.14000  0.425134E+00
  2.15000  0.408732E+00
  2.16000  0.419034E+00
  2.17000  0.429230E+00
  2.18000  0.440829E+00
  2.19000  0.454504E+00
  2.20000  0.502474E+00
  2.21000  0.523690E+00
  2.22000  0.505411E+00
  2.23000  0.517522E+00
  2.24000  0.535248E+00
  2.25000  0.553189E+00
  2.26000  0.571270E+00
  2.27000  0.586605E+00
  2.28000  0.597364E+00
  2.29000  0.604869E+00
  2.30000  0.628224E+00
  2.31000  0.674064E+00
  2.32000  0.718669E+00
  2.33000  0.760533E+00
  2.34000  0.798863E+00
  2.35000  0.833034E+00
  2.36000  0.864982E+00
  2.37000  0.888244E+00
  2.38000  0.905051E+00
  2.39000  0.916424E+00
  2.40000  0.924276E+00
  2.41000  0.929436E+00
  2.42000  0.931198E+00
  2.43000  0.927115E+00
  2.44000  0.914234E+00
  2.45000  0.890901E+00
  2.46000  0.858962E+00
  2.47000  0.812867E+00
  2.48000  0.755202E+00
  2.49000  0.686893E+00
  2.50000  0.678988E+00
  2.51000  0.851092E+00
  2.52000  0.965475E+00
  2.53000  0.100000E+01
  2.54000  0.979820E+00
  2.55000  0.938463E+00
  2.56000  0.893549E+00
  2.57000  0.848717E+00
  2.58000  0.801802E+00
  2.59000  0.752730E+00
  2.60000  0.702146E+00
  2.61000  0.648948E+00
  2.62000  0.595960E+00
  2.63000  0.548561E+00
  2.64000  0.509307E+00
  2.65000  0.477053E+00
  2.66000  0.448444E+00
  2.67000  0.423590E+00
  2.68000  0.398483E+00
  2.69000  0.370626E+00
  2.70000  0.340313E+00
  2.71000  0.308793E+00
  2.72000  0.277877E+00
  2.73000  0.255057E+00
  2.74000  0.234639E+00
  2.75000  0.202559E+00
  2.76000  0.171524E+00
  2.77000  0.157208E+00
  2.78000  0.148941E+00
  2.79000  0.140269E+00
  2.80000  0.130979E+00
  2.81000  0.121009E+00
  2.82000  0.110401E+00
  2.83000  0.993895E-01
  2.84000  0.883677E-01
  2.85000  0.838823E-01
  2.86000  0.791013E-01
  2.87000  0.750031E-01
  2.88000  0.709454E-01
  2.89000  0.669406E-01
  2.90000  0.629550E-01
  2.91000  0.588866E-01
  2.92000  0.548008E-01
  2.93000  0.507488E-01
  2.94000  0.467261E-01
  2.95000  0.427588E-01
  2.96000  0.385050E-01
  2.97000  0.348160E-01
  2.98000  0.312801E-01
  2.99000  0.279381E-01
  3.00000  0.248298E-01
  3.01000  0.220186E-01
  3.02000  0.195080E-01
  3.03000  0.172345E-01
  3.04000  0.151507E-01
  3.05000  0.132517E-01
  3.06000  0.113626E-01
  3.07000  0.983128E-02
  3.08000  0.846617E-02
  3.09000  0.726915E-02
  3.10000  0.624329E-02
  3.11000  0.536589E-02
  3.12000  0.459913E-02
  3.13000  0.391470E-02
  3.14000  0.330761E-02
  3.15000  0.277923E-02
  3.16000  0.228063E-02
  3.17000  0.189274E-02
  3.18000  0.155856E-02
  3.19000  0.127454E-02
  3.20000  0.103653E-02
  3.21000  0.840208E-03
  3.22000  0.681095E-03
  3.23000  0.553654E-03
  3.24000  0.454048E-03
  3.25000  0.377460E-03
  3.26000  0.308721E-03
  3.27000  0.257887E-03
  3.28000  0.213917E-03
  3.29000  0.176920E-03
  3.30000  0.146237E-03
  3.31000  0.120650E-03
  3.32000  0.996740E-04
  3.33000  0.828207E-04
  3.34000  0.691356E-04
  3.35000  0.575318E-04
  3.36000  0.458904E-04
  3.37000  0.373815E-04
  3.38000  0.303870E-04
  3.39000  0.249010E-04
  3.40000  0.227101E-04
  3.41000  0.207413E-04
  3.42000  0.188925E-04
  3.43000  0.171490E-04
  3.44000  0.155465E-04
  3.45000  0.140903E-04
  3.46000  0.125788E-04
  3.47000  0.113901E-04
  3.48000  0.103296E-04
  3.49000  0.939158E-05
  3.50000  0.855807E-05
  3.51000  0.781424E-05
  3.52000  0.714453E-05
  3.53000  0.653254E-05
  3.54000  0.597274E-05
  3.55000  0.546258E-05
  3.56000  0.491717E-05
  3.57000  0.449565E-05
  3.58000  0.410446E-05
  3.59000  0.374128E-05
  3.60000  0.340398E-05
  3.61000  0.309121E-05
  3.62000  0.280166E-05
  3.63000  0.253585E-05
  3.64000  0.229428E-05
  3.65000  0.207592E-05
  3.66000  0.184373E-05
  3.67000  0.166796E-05
  3.68000  0.150785E-05
  3.69000  0.136126E-05
  3.70000  0.122641E-05
  3.71000  0.110200E-05
  3.72000  0.987460E-06
  3.73000  0.883150E-06
  3.74000  0.788916E-06
  3.75000  0.704067E-06
  3.76000  0.615154E-06
  3.77000  0.548620E-06
  3.78000  0.489555E-06
  3.79000  0.437127E-06
  3.80000  0.390455E-06
  3.81000  0.349017E-06
  3.82000  0.311990E-06
  3.83000  0.278884E-06
  3.84000  0.249219E-06
  3.85000  0.222467E-06
  3.86000  0.193892E-06
  3.87000  0.172728E-06
  3.88000  0.153784E-06
  3.89000  0.136953E-06
  3.90000  0.122372E-06
  3.91000  0.112492E-06
  3.92000  0.105382E-06
  3.93000  0.103151E-06
  3.94000  0.100974E-06
  3.95000  0.991701E-07
  3.96000  0.926686E-07
  3.97000  0.913515E-07
  3.98000  0.899854E-07
  3.99000  0.886760E-07
  4.00000  0.873278E-07
  4.01000  0.858745E-07
  4.02000  0.842321E-07
  4.03000  0.826170E-07
  4.04000  0.808013E-07
  4.05000  0.791003E-07
  4.06000  0.732240E-07
  4.07000  0.720597E-07
  4.08000  0.710108E-07
  4.09000  0.699689E-07
  4.10000  0.687878E-07
  4.11000  0.673373E-07
  4.12000  0.656653E-07
  4.13000  0.641139E-07
  4.14000  0.629207E-07
  4.15000  0.621391E-07
  4.16000  0.578253E-07
  4.17000  0.575381E-07
  4.18000  0.572134E-07
  4.19000  0.566485E-07
  4.20000  0.558471E-07
  4.21000  0.548511E-07
  4.22000  0.536597E-07
  4.23000  0.522484E-07
  4.24000  0.506574E-07
  4.25000  0.489470E-07
  4.26000  0.440160E-07
  4.27000  0.423461E-07
  4.28000  0.407131E-07
  4.29000  0.391123E-07
  4.30000  0.374505E-07
  4.31000  0.357969E-07
  4.32000  0.342634E-07
  4.33000  0.328777E-07
  4.34000  0.315684E-07
  4.35000  0.302680E-07
  4.36000  0.268865E-07
  4.37000  0.256641E-07
  4.38000  0.244218E-07
  4.39000  0.231636E-07
  4.40000  0.218905E-07
  4.41000  0.206398E-07
  4.42000  0.194064E-07
  4.43000  0.182012E-07
  4.44000  0.170288E-07
  4.45000  0.159251E-07
  4.46000  0.137703E-07
  4.47000  0.128711E-07
  4.48000  0.120223E-07
  4.49000  0.112335E-07
  4.50000  0.104909E-07
  4.51000  0.980522E-08
  4.52000  0.917157E-08
  4.53000  0.857154E-08
  4.54000  0.800717E-08
  4.55000  0.747742E-08
  4.56000  0.642573E-08
  4.57000  0.599416E-08
  4.58000  0.558599E-08
  4.59000  0.520169E-08
  4.60000  0.484105E-08
  4.61000  0.450257E-08
  4.62000  0.418256E-08
  4.63000  0.387812E-08
  4.64000  0.358453E-08
  4.65000  0.330328E-08
  4.66000  0.279064E-08
  4.67000  0.255383E-08
  4.68000  0.232741E-08
  4.69000  0.211118E-08
  4.70000  0.190912E-08
  4.71000  0.172051E-08
  4.72000  0.154416E-08
  4.73000  0.138072E-08
  4.74000  0.123233E-08
  4.75000  0.110035E-08
  4.76000  0.896351E-09
  4.77000  0.798637E-09
  4.78000  0.712319E-09
  4.79000  0.635547E-09
  4.80000  0.568764E-09
  4.81000  0.511611E-09
  4.82000  0.461021E-09
  4.83000  0.417138E-09
  4.84000  0.378991E-09
  4.85000  0.345731E-09
  4.86000  0.288187E-09
  4.87000  0.263654E-09
  4.88000  0.240856E-09
  4.89000  0.220683E-09
  4.90000  0.202841E-09
  4.91000  0.186641E-09
  4.92000  0.171226E-09
  4.93000  0.156831E-09
  4.94000  0.143428E-09
  4.95000  0.130780E-09
  4.96000  0.107398E-09
  4.97000  0.969859E-10
  4.98000  0.874498E-10
  4.99000  0.788408E-10
  5.00000  0.710019E-10
  5.01000  0.639555E-10
  5.02000  0.576819E-10
  5.03000  0.520978E-10
  5.04000  0.469810E-10
  5.05000  0.422510E-10
  5.06000  0.342862E-10
  5.07000  0.308998E-10
  5.08000  0.278834E-10
  5.09000  0.250123E-10
  5.10000  0.224315E-10
  5.11000  0.200832E-10
  5.12000  0.178993E-10
  5.13000  0.158520E-10
  5.14000  0.139078E-10
  5.15000  0.120942E-10
  5.16000  0.934367E-11
  5.17000  0.795686E-11
  5.18000  0.673063E-11
  5.19000  0.564629E-11
  5.20000  0.471620E-11
  5.21000  0.393479E-11
  5.22000  0.328763E-11
  5.23000  0.275770E-11
  5.24000  0.232180E-11
  5.25000  0.196455E-11
  5.26000  0.148681E-11
  5.27000  0.126413E-11
  5.28000  0.107830E-11
  5.29000  0.921540E-12
  5.30000  0.812504E-12
  5.31000  0.714459E-12
  5.32000  0.626737E-12
  5.33000  0.549371E-12
  5.34000  0.481422E-12
  5.35000  0.421692E-12
  5.36000  0.311872E-12
  5.37000  0.270818E-12
  5.38000  0.234827E-12
  5.39000  0.203200E-12
  5.40000  0.175204E-12
  5.41000  0.150182E-12
  5.42000  0.128291E-12
  5.43000  0.109181E-12
  5.44000  0.926536E-13
  5.45000  0.782813E-13
  5.46000  0.553257E-13
  5.47000  0.466996E-13
  5.48000  0.396044E-13
  5.49000  0.338045E-13
  5.50000  0.289450E-13
  5.51000  0.248130E-13
  5.52000  0.213809E-13
  5.53000  0.184779E-13
  5.54000  0.160095E-13
  5.55000  0.138602E-13
  5.56000  0.991012E-14
  5.57000  0.855026E-14
  5.58000  0.737892E-14
  5.59000  0.635327E-14
  5.60000  0.545179E-14
  5.61000  0.464968E-14
  5.62000  0.394316E-14
  5.63000  0.332678E-14
  5.64000  0.279524E-14
  5.65000  0.234114E-14
  5.66000  0.159897E-14
  5.67000  0.132843E-14
  5.68000  0.110207E-14
  5.69000  0.913957E-15
  5.70000  0.757641E-15
  5.71000  0.624362E-15
  5.72000  0.513890E-15
  5.73000  0.422858E-15
  5.74000  0.347885E-15
  5.75000  0.285827E-15
  5.76000  0.189454E-15
  5.77000  0.153767E-15
  5.78000  0.124677E-15
  5.79000  0.101024E-15
  5.80000  0.818308E-16
  5.81000  0.662192E-16
  5.82000  0.534163E-16
  5.83000  0.430886E-16
  5.84000  0.347842E-16
  5.85000  0.280918E-16
  5.86000  0.182894E-16
  5.87000  0.146582E-16
  5.88000  0.117254E-16
  5.89000  0.939957E-17
  5.90000  0.755898E-17
  5.91000  0.609895E-17
  5.92000  0.492185E-17
  5.93000  0.394379E-17
  5.94000  0.318068E-17
  5.95000  0.258543E-17
  5.96000  0.170332E-17
  5.97000  0.391441E-18
  5.98000  0.327805E-18
  5.99000  0.275698E-18
  6.00000  0.235266E-18
  6.20000  0.177719E-19
  6.40000  0.746771E-22
  6.60000  0.358859E-23
  6.80000  0.656618E-25
  7.00000  0.245509E-27
