  0.00000  0.000000E+00
  0.01000  0.000000E+00
  0.02000  0.000000E+00
  0.03000  0.000000E+00
  0.04000  0.000000E+00
  0.05000  0.000000E+00
  0.06000  0.000000E+00
  0.07000  0.000000E+00
  0.08000  0.000000E+00
  0.09000  0.000000E+00
  0.10000  0.000000E+00
  0.11000  0.000000E+00
  0.12000  0.000000E+00
  0.13000  0.000000E+00
  0.14000  0.000000E+00
  0.15000  0.000000E+00
  0.16000  0.000000E+00
  0.17000  0.000000E+00
  0.18000  0.000000E+00
  0.19000  0.000000E+00
  0.20000  0.000000E+00
  0.21000  0.000000E+00
  0.22000  0.000000E+00
  0.23000  0.000000E+00
  0.24000  0.000000E+00
  0.25000  0.000000E+00
  0.26000  0.000000E+00
  0.27000  0.000000E+00
  0.28000  0.000000E+00
  0.29000  0.000000E+00
  0.30000  0.000000E+00
  0.31000  0.000000E+00
  0.32000  0.000000E+00
  0.33000  0.000000E+00
  0.34000  0.000000E+00
  0.35000  0.000000E+00
  0.36000  0.000000E+00
  0.37000  0.000000E+00
  0.38000  0.000000E+00
  0.39000  0.000000E+00
  0.40000  0.000000E+00
  0.41000  0.000000E+00
  0.42000  0.000000E+00
  0.43000  0.000000E+00
  0.44000  0.000000E+00
  0.45000  0.000000E+00
  0.46000  0.000000E+00
  0.47000  0.000000E+00
  0.48000  0.000000E+00
  0.49000  0.000000E+00
  0.50000  0.000000E+00
  0.51000  0.000000E+00
  0.52000  0.000000E+00
  0.53000  0.000000E+00
  0.54000  0.000000E+00
  0.55000  0.000000E+00
  0.56000  0.000000E+00
  0.57000  0.000000E+00
  0.58000  0.000000E+00
  0.59000  0.000000E+00
  0.60000  0.000000E+00
  0.61000  0.000000E+00
  0.62000  0.000000E+00
  0.63000  0.000000E+00
  0.64000  0.000000E+00
  0.65000  0.000000E+00
  0.66000  0.000000E+00
  0.67000  0.000000E+00
  0.68000  0.000000E+00
  0.69000  0.000000E+00
  0.70000  0.000000E+00
  0.71000  0.000000E+00
  0.72000  0.000000E+00
  0.73000  0.000000E+00
  0.74000  0.000000E+00
  0.75000  0.000000E+00
  0.76000  0.000000E+00
  0.77000  0.000000E+00
  0.78000  0.000000E+00
  0.79000  0.000000E+00
  0.80000  0.000000E+00
  0.81000  0.000000E+00
  0.82000  0.000000E+00
  0.83000  0.000000E+00
  0.84000  0.000000E+00
  0.85000  0.000000E+00
  0.86000  0.000000E+00
  0.87000  0.000000E+00
  0.88000  0.000000E+00
  0.89000  0.000000E+00
  0.90000  0.000000E+00
  0.91000  0.000000E+00
  0.92000  0.000000E+00
  0.93000  0.000000E+00
  0.94000  0.000000E+00
  0.95000  0.000000E+00
  0.96000  0.000000E+00
  0.97000  0.000000E+00
  0.98000  0.000000E+00
  0.99000  0.000000E+00
  1.00000  0.000000E+00
  1.01000  0.000000E+00
  1.02000  0.000000E+00
  1.03000  0.000000E+00
  1.04000  0.000000E+00
  1.05000  0.000000E+00
  1.06000  0.000000E+00
  1.07000  0.000000E+00
  1.08000  0.000000E+00
  1.09000  0.000000E+00
  1.10000  0.000000E+00
  1.11000  0.000000E+00
  1.12000  0.000000E+00
  1.13000  0.000000E+00
  1.14000  0.000000E+00
  1.15000  0.000000E+00
  1.16000  0.000000E+00
  1.17000  0.000000E+00
  1.18000  0.768240E-03
  1.19000  0.102067E-02
  1.20000  0.139872E-02
  1.21000  0.183579E-02
  1.22000  0.956109E+00
  1.23000  0.100000E+01
  1.24000  0.971451E+00
  1.25000  0.866689E+00
  1.26000  0.730499E+00
  1.27000  0.588925E+00
  1.28000  0.458206E+00
  1.29000  0.347542E+00
  1.30000  0.256525E+00
  1.31000  0.183751E+00
  1.32000  0.127820E+00
  1.33000  0.869014E-01
  1.34000  0.585163E-01
  1.35000  0.398977E-01
  1.36000  0.279613E-01
  1.37000  0.198205E-01
  1.38000  0.138244E-01
  1.39000  0.101034E-01
  1.40000  0.853553E-02
  1.41000  0.728340E-02
  1.42000  0.843249E-02
  1.43000  0.928725E-02
  1.44000  0.973711E-02
  1.45000  0.100703E-01
  1.46000  0.104263E-01
  1.47000  0.109566E-01
  1.48000  0.117609E-01
  1.49000  0.127234E-01
  1.50000  0.134961E-01
  1.51000  0.137783E-01
  1.52000  0.137835E-01
  1.53000  0.139587E-01
  1.54000  0.144424E-01
  1.55000  0.153055E-01
  1.56000  0.163877E-01
  1.57000  0.169940E-01
  1.58000  0.163569E-01
  1.59000  0.147518E-01
  1.60000  0.129052E-01
  1.61000  0.112634E-01
  1.62000  0.983931E-02
  1.63000  0.848563E-02
  1.64000  0.721878E-02
  1.65000  0.610126E-02
  1.66000  0.511036E-02
  1.67000  0.423792E-02
  1.68000  0.350396E-02
  1.69000  0.288023E-02
  1.70000  0.231409E-02
  1.71000  0.177988E-02
  1.72000  0.129585E-02
  1.73000  0.902379E-03
  1.74000  0.612986E-03
  1.75000  0.414225E-03
  1.76000  0.282094E-03
  1.77000  0.191857E-03
  1.78000  0.127508E-03
  1.79000  0.822364E-04
  1.80000  0.519316E-04
  1.81000  0.328304E-04
  1.82000  0.211973E-04
  1.83000  0.176887E-04
  1.84000  0.148589E-04
  1.85000  0.121455E-04
  1.86000  0.953939E-05
  1.87000  0.726638E-05
  1.88000  0.541138E-05
  1.89000  0.396835E-05
  1.90000  0.286118E-05
  1.91000  0.204148E-05
  1.92000  0.144995E-05
  1.93000  0.101365E-05
  1.94000  0.687901E-06
  1.95000  0.455663E-06
  1.96000  0.294563E-06
  1.97000  0.190194E-06
  1.98000  0.121137E-06
  1.99000  0.754413E-07
  2.00000  0.458913E-07
  2.01000  0.278324E-07
  2.02000  0.171336E-07
  2.03000  0.104304E-07
  2.04000  0.616204E-08
  2.05000  0.354283E-08
  2.06000  0.193195E-08
  2.07000  0.105662E-08
  2.08000  0.577397E-09
  2.09000  0.310780E-09
  2.10000  0.161507E-09
  2.11000  0.821421E-10
  2.12000  0.423874E-10
  2.13000  0.225701E-10
  2.14000  0.124163E-10
  2.15000  0.102119E-10
  2.16000  0.750732E-11
  2.17000  0.535636E-11
  2.18000  0.365616E-11
  2.19000  0.249760E-11
  2.20000  0.169762E-11
  2.21000  0.102223E-11
  2.22000  0.553141E-12
  2.23000  0.328735E-12
  2.24000  0.230702E-12
  2.25000  0.180676E-12
  2.26000  0.140725E-12
  2.27000  0.120342E-12
  2.28000  0.102801E-12
  2.29000  0.848190E-13
  2.30000  0.657810E-13
  2.31000  0.473278E-13
  2.32000  0.323537E-13
  2.33000  0.220563E-13
  2.34000  0.156411E-13
  2.35000  0.116711E-13
  2.36000  0.855599E-14
  2.37000  0.676348E-14
  2.38000  0.529960E-14
  2.39000  0.411418E-14
  2.40000  0.325063E-14
  2.41000  0.263573E-14
  2.42000  0.215458E-14
  2.43000  0.170364E-14
  2.44000  0.149540E-14
  2.45000  0.141562E-14
  2.46000  0.126652E-14
  2.47000  0.120470E-14
  2.48000  0.121642E-14
  2.49000  0.134964E-14
  2.50000  0.160275E-14
  2.51000  0.190672E-14
  2.52000  0.217274E-14
  2.53000  0.233808E-14
  2.54000  0.240973E-14
  2.55000  0.243208E-14
  2.56000  0.232853E-14
  2.57000  0.234176E-14
  2.58000  0.235496E-14
  2.59000  0.239451E-14
  2.60000  0.249798E-14
  2.61000  0.270400E-14
  2.62000  0.305866E-14
  2.63000  0.359352E-14
  2.64000  0.430541E-14
  2.65000  0.514049E-14
  2.66000  0.569641E-14
  2.67000  0.637729E-14
  2.68000  0.684910E-14
  2.69000  0.706271E-14
  2.70000  0.699993E-14
  2.71000  0.667375E-14
  2.72000  0.614025E-14
  2.73000  0.546278E-14
  2.74000  0.466394E-14
  2.75000  0.379474E-14
  2.76000  0.280598E-14
  2.77000  0.213209E-14
  2.78000  0.161259E-14
  2.79000  0.123494E-14
  2.80000  0.965357E-15
  2.81000  0.773483E-15
  2.82000  0.636006E-15
  2.83000  0.537183E-15
  2.84000  0.468721E-15
  2.85000  0.425262E-15
  2.86000  0.378610E-15
  2.87000  0.366111E-15
  2.88000  0.356285E-15
  2.89000  0.342148E-15
  2.90000  0.321515E-15
  2.91000  0.297093E-15
  2.92000  0.272657E-15
  2.93000  0.248703E-15
  2.94000  0.222892E-15
  2.95000  0.192441E-15
  2.96000  0.143077E-15
  2.97000  0.110747E-15
  2.98000  0.808883E-16
  2.99000  0.554152E-16
  3.00000  0.355825E-16
  3.01000  0.214885E-16
  3.02000  0.122526E-16
  3.03000  0.655967E-17
  3.04000  0.333102E-17
  3.05000  0.162320E-17
  3.06000  0.638173E-18
  3.07000  0.289924E-18
  3.08000  0.135234E-18
  3.09000  0.665632E-19
  3.10000  0.348773E-19
  3.11000  0.193314E-19
  3.12000  0.111844E-19
  3.13000  0.666585E-20
  3.14000  0.405492E-20
  3.15000  0.251256E-20
  3.16000  0.137964E-20
  3.17000  0.932390E-21
  3.18000  0.921963E-21
  3.19000  0.915312E-21
  3.20000  0.900662E-21
  3.21000  0.871472E-21
  3.22000  0.822330E-21
  3.23000  0.755557E-21
  3.24000  0.683014E-21
  3.25000  0.618168E-21
  3.26000  0.469368E-21
  3.27000  0.435568E-21
  3.28000  0.414671E-21
  3.29000  0.409128E-21
  3.30000  0.415935E-21
  3.31000  0.427660E-21
  3.32000  0.436649E-21
  3.33000  0.436985E-21
  3.34000  0.423879E-21
  3.35000  0.397578E-21
  3.36000  0.292313E-21
  3.37000  0.255765E-21
  3.38000  0.218160E-21
  3.39000  0.183152E-21
  3.40000  0.153190E-21
  3.41000  0.129195E-21
  3.42000  0.112362E-21
  3.43000  0.104466E-21
  3.44000  0.108105E-21
  3.45000  0.122831E-21
  3.46000  0.115389E-21
  3.47000  0.153517E-21
  3.48000  0.210937E-21
  3.49000  0.287418E-21
  3.50000  0.376132E-21
  3.51000  0.461163E-21
  3.52000  0.522516E-21
  3.53000  0.546208E-21
  3.54000  0.531278E-21
  3.55000  0.486132E-21
  3.56000  0.323010E-21
  3.57000  0.265648E-21
  3.58000  0.207066E-21
  3.59000  0.151235E-21
  3.60000  0.102208E-21
  3.61000  0.632635E-22
  3.62000  0.359592E-22
  3.63000  0.190584E-22
  3.64000  0.961354E-23
  3.65000  0.472939E-23
  3.66000  0.181482E-23
  3.67000  0.105354E-23
  3.68000  0.638113E-24
  3.69000  0.407926E-24
  3.70000  0.277303E-24
  3.71000  0.200950E-24
  3.72000  0.154816E-24
  3.73000  0.126595E-24
  3.74000  0.109886E-24
  3.75000  0.100943E-24
  3.76000  0.738383E-25
  3.77000  0.746061E-25
  3.78000  0.778771E-25
  3.79000  0.827257E-25
  3.80000  0.880900E-25
  3.81000  0.928510E-25
  3.82000  0.959907E-25
  3.83000  0.130309E-24
  3.84000  0.258199E-24
  3.85000  0.539516E-24
  3.86000  0.810342E-24
  3.87000  0.167878E-23
  3.88000  0.329115E-23
  3.89000  0.600195E-23
  3.90000  0.100804E-22
  3.91000  0.154714E-22
  3.92000  0.214928E-22
  3.93000  0.267604E-22
  3.94000  0.294676E-22
  3.95000  0.282837E-22
  3.96000  0.156009E-22
  3.97000  0.109781E-22
  3.98000  0.682292E-23
  3.99000  0.389931E-23
  4.00000  0.215051E-23
  4.01000  0.117922E-23
  4.02000  0.641214E-24
  4.03000  0.337345E-24
  4.04000  0.169424E-24
  4.05000  0.829994E-25
  4.06000  0.209916E-25
  4.07000  0.113502E-25
  4.08000  0.691870E-26
  4.09000  0.469122E-26
  4.10000  0.342230E-26
  4.11000  0.258798E-26
  4.12000  0.194525E-26
  4.13000  0.138807E-26
  4.14000  0.911720E-27
  4.15000  0.538517E-27
  4.16000  0.127764E-27
  4.17000  0.584994E-28
  4.18000  0.239592E-28
  4.19000  0.905967E-29
  4.20000  0.332651E-29
  4.21000  0.125397E-29
  4.22000  0.000000E+00
  4.23000  0.000000E+00
  4.24000  0.000000E+00
  4.25000  0.000000E+00
  4.26000  0.000000E+00
  4.27000  0.000000E+00
  4.28000  0.000000E+00
  4.29000  0.000000E+00
  4.30000  0.000000E+00
  4.31000  0.000000E+00
  4.32000  0.000000E+00
  4.33000  0.000000E+00
  4.34000  0.000000E+00
  4.35000  0.000000E+00
  4.36000  0.000000E+00
  4.37000  0.000000E+00
  4.38000  0.000000E+00
  4.39000  0.000000E+00
  4.40000  0.000000E+00
  4.41000  0.000000E+00
  4.42000  0.000000E+00
  4.43000  0.000000E+00
  4.44000  0.000000E+00
  4.45000  0.000000E+00
  4.46000  0.000000E+00
  4.47000  0.000000E+00
  4.48000  0.000000E+00
  4.49000  0.000000E+00
  4.50000  0.000000E+00
  4.51000  0.000000E+00
  4.52000  0.000000E+00
  4.53000  0.000000E+00
  4.54000  0.000000E+00
  4.55000  0.000000E+00
  4.56000  0.000000E+00
  4.57000  0.000000E+00
  4.58000  0.000000E+00
  4.59000  0.000000E+00
  4.60000  0.000000E+00
  4.61000  0.000000E+00
  4.62000  0.000000E+00
  4.63000  0.000000E+00
  4.64000  0.000000E+00
  4.65000  0.000000E+00
  4.66000  0.000000E+00
  4.67000  0.000000E+00
  4.68000  0.000000E+00
  4.69000  0.000000E+00
  4.70000  0.000000E+00
  4.71000  0.000000E+00
  4.72000  0.000000E+00
  4.73000  0.000000E+00
  4.74000  0.000000E+00
  4.75000  0.000000E+00
  4.76000  0.000000E+00
  4.77000  0.000000E+00
  4.78000  0.000000E+00
  4.79000  0.000000E+00
  4.80000  0.000000E+00
  4.81000  0.000000E+00
  4.82000  0.000000E+00
  4.83000  0.000000E+00
  4.84000  0.000000E+00
  4.85000  0.000000E+00
  4.86000  0.000000E+00
  4.87000  0.000000E+00
  4.88000  0.000000E+00
  4.89000  0.000000E+00
  4.90000  0.000000E+00
  4.91000  0.000000E+00
  4.92000  0.000000E+00
  4.93000  0.000000E+00
  4.94000  0.000000E+00
  4.95000  0.000000E+00
  4.96000  0.000000E+00
  4.97000  0.000000E+00
  4.98000  0.000000E+00
  4.99000  0.000000E+00
  5.00000  0.000000E+00
  5.01000  0.000000E+00
  5.02000  0.000000E+00
  5.03000  0.000000E+00
  5.04000  0.000000E+00
  5.05000  0.000000E+00
  5.06000  0.000000E+00
  5.07000  0.000000E+00
  5.08000  0.000000E+00
  5.09000  0.000000E+00
  5.10000  0.000000E+00
  5.11000  0.000000E+00
  5.12000  0.000000E+00
  5.13000  0.000000E+00
  5.14000  0.000000E+00
  5.15000  0.000000E+00
  5.16000  0.000000E+00
  5.17000  0.000000E+00
  5.18000  0.000000E+00
  5.19000  0.000000E+00
  5.20000  0.000000E+00
  5.21000  0.000000E+00
  5.22000  0.000000E+00
  5.23000  0.000000E+00
  5.24000  0.000000E+00
  5.25000  0.000000E+00
  5.26000  0.000000E+00
  5.27000  0.000000E+00
  5.28000  0.000000E+00
  5.29000  0.000000E+00
  5.30000  0.000000E+00
  5.31000  0.000000E+00
  5.32000  0.000000E+00
  5.33000  0.000000E+00
  5.34000  0.000000E+00
  5.35000  0.000000E+00
  5.36000  0.000000E+00
  5.37000  0.000000E+00
  5.38000  0.000000E+00
  5.39000  0.000000E+00
  5.40000  0.000000E+00
  5.41000  0.000000E+00
  5.42000  0.000000E+00
  5.43000  0.000000E+00
  5.44000  0.000000E+00
  5.45000  0.000000E+00
  5.46000  0.000000E+00
  5.47000  0.000000E+00
  5.48000  0.000000E+00
  5.49000  0.000000E+00
  5.50000  0.000000E+00
  5.51000  0.000000E+00
  5.52000  0.000000E+00
  5.53000  0.000000E+00
  5.54000  0.000000E+00
  5.55000  0.000000E+00
  5.56000  0.000000E+00
  5.57000  0.000000E+00
  5.58000  0.000000E+00
  5.59000  0.000000E+00
  5.60000  0.000000E+00
  5.61000  0.000000E+00
  5.62000  0.000000E+00
  5.63000  0.000000E+00
  5.64000  0.000000E+00
  5.65000  0.000000E+00
  5.66000  0.000000E+00
  5.67000  0.000000E+00
  5.68000  0.000000E+00
  5.69000  0.000000E+00
  5.70000  0.000000E+00
  5.71000  0.000000E+00
  5.72000  0.000000E+00
  5.73000  0.000000E+00
  5.74000  0.000000E+00
  5.75000  0.000000E+00
  5.76000  0.000000E+00
  5.77000  0.000000E+00
  5.78000  0.000000E+00
  5.79000  0.000000E+00
  5.80000  0.000000E+00
  5.81000  0.000000E+00
  5.82000  0.000000E+00
  5.83000  0.000000E+00
  5.84000  0.000000E+00
  5.85000  0.000000E+00
  5.86000  0.000000E+00
  5.87000  0.000000E+00
  5.88000  0.000000E+00
  5.89000  0.000000E+00
  5.90000  0.000000E+00
  5.91000  0.000000E+00
  5.92000  0.000000E+00
  5.93000  0.000000E+00
  5.94000  0.000000E+00
  5.95000  0.000000E+00
  5.96000  0.000000E+00
  5.97000  0.000000E+00
  5.98000  0.000000E+00
  5.99000  0.000000E+00
  6.00000  0.000000E+00
  6.20000  0.000000E+00
  6.40000  0.000000E+00
  6.60000  0.000000E+00
  6.80000  0.000000E+00
  7.00000  0.000000E+00
