  0.00000  0.000000E+00
  0.01000  0.000000E+00
  0.02000  0.000000E+00
  0.03000  0.000000E+00
  0.04000  0.000000E+00
  0.05000  0.000000E+00
  0.06000  0.000000E+00
  0.07000  0.000000E+00
  0.08000  0.000000E+00
  0.09000  0.000000E+00
  0.10000  0.000000E+00
  0.11000  0.000000E+00
  0.12000  0.000000E+00
  0.13000  0.000000E+00
  0.14000  0.000000E+00
  0.15000  0.000000E+00
  0.16000  0.000000E+00
  0.17000  0.000000E+00
  0.18000  0.000000E+00
  0.19000  0.000000E+00
  0.20000  0.000000E+00
  0.21000  0.000000E+00
  0.22000  0.000000E+00
  0.23000  0.000000E+00
  0.24000  0.000000E+00
  0.25000  0.000000E+00
  0.26000  0.000000E+00
  0.27000  0.000000E+00
  0.28000  0.000000E+00
  0.29000  0.000000E+00
  0.30000  0.000000E+00
  0.31000  0.000000E+00
  0.32000  0.000000E+00
  0.33000  0.000000E+00
  0.34000  0.000000E+00
  0.35000  0.000000E+00
  0.36000  0.000000E+00
  0.37000  0.000000E+00
  0.38000  0.000000E+00
  0.39000  0.000000E+00
  0.40000  0.000000E+00
  0.41000  0.000000E+00
  0.42000  0.000000E+00
  0.43000  0.000000E+00
  0.44000  0.000000E+00
  0.45000  0.000000E+00
  0.46000  0.000000E+00
  0.47000  0.000000E+00
  0.48000  0.000000E+00
  0.49000  0.000000E+00
  0.50000  0.000000E+00
  0.51000  0.000000E+00
  0.52000  0.000000E+00
  0.53000  0.000000E+00
  0.54000  0.000000E+00
  0.55000  0.000000E+00
  0.56000  0.000000E+00
  0.57000  0.000000E+00
  0.58000  0.000000E+00
  0.59000  0.000000E+00
  0.60000  0.000000E+00
  0.61000  0.000000E+00
  0.62000  0.000000E+00
  0.63000  0.000000E+00
  0.64000  0.000000E+00
  0.65000  0.000000E+00
  0.66000  0.000000E+00
  0.67000  0.000000E+00
  0.68000  0.000000E+00
  0.69000  0.000000E+00
  0.70000  0.000000E+00
  0.71000  0.000000E+00
  0.72000  0.000000E+00
  0.73000  0.000000E+00
  0.74000  0.000000E+00
  0.75000  0.000000E+00
  0.76000  0.000000E+00
  0.77000  0.000000E+00
  0.78000  0.000000E+00
  0.79000  0.000000E+00
  0.80000  0.000000E+00
  0.81000  0.000000E+00
  0.82000  0.000000E+00
  0.83000  0.000000E+00
  0.84000  0.000000E+00
  0.85000  0.000000E+00
  0.86000  0.000000E+00
  0.87000  0.000000E+00
  0.88000  0.000000E+00
  0.89000  0.000000E+00
  0.90000  0.000000E+00
  0.91000  0.000000E+00
  0.92000  0.000000E+00
  0.93000  0.000000E+00
  0.94000  0.000000E+00
  0.95000  0.000000E+00
  0.96000  0.000000E+00
  0.97000  0.000000E+00
  0.98000  0.000000E+00
  0.99000  0.000000E+00
  1.00000  0.000000E+00
  1.01000  0.000000E+00
  1.02000  0.000000E+00
  1.03000  0.000000E+00
  1.04000  0.000000E+00
  1.05000  0.000000E+00
  1.06000  0.000000E+00
  1.07000  0.000000E+00
  1.08000  0.000000E+00
  1.09000  0.000000E+00
  1.10000  0.000000E+00
  1.11000  0.000000E+00
  1.12000  0.000000E+00
  1.13000  0.000000E+00
  1.14000  0.000000E+00
  1.15000  0.000000E+00
  1.16000  0.000000E+00
  1.17000  0.000000E+00
  1.18000  0.000000E+00
  1.19000  0.000000E+00
  1.20000  0.000000E+00
  1.21000  0.000000E+00
  1.22000  0.000000E+00
  1.23000  0.000000E+00
  1.24000  0.000000E+00
  1.25000  0.000000E+00
  1.26000  0.000000E+00
  1.27000  0.000000E+00
  1.28000  0.000000E+00
  1.29000  0.000000E+00
  1.30000  0.000000E+00
  1.31000  0.000000E+00
  1.32000  0.000000E+00
  1.33000  0.000000E+00
  1.34000  0.000000E+00
  1.35000  0.000000E+00
  1.36000  0.000000E+00
  1.37000  0.000000E+00
  1.38000  0.000000E+00
  1.39000  0.000000E+00
  1.40000  0.000000E+00
  1.41000  0.000000E+00
  1.42000  0.178164E-03
  1.43000  0.199533E-03
  1.44000  0.229148E-03
  1.45000  0.263501E-03
  1.46000  0.415847E+00
  1.47000  0.900986E+00
  1.48000  0.947487E+00
  1.49000  0.982205E+00
  1.50000  0.997897E+00
  1.51000  0.100000E+01
  1.52000  0.984440E+00
  1.53000  0.950406E+00
  1.54000  0.913682E+00
  1.55000  0.888041E+00
  1.56000  0.875608E+00
  1.57000  0.883259E+00
  1.58000  0.889112E+00
  1.59000  0.850304E+00
  1.60000  0.777313E+00
  1.61000  0.684713E+00
  1.62000  0.605471E+00
  1.63000  0.552035E+00
  1.64000  0.506550E+00
  1.65000  0.465147E+00
  1.66000  0.423889E+00
  1.67000  0.383051E+00
  1.68000  0.346344E+00
  1.69000  0.314595E+00
  1.70000  0.284707E+00
  1.71000  0.255784E+00
  1.72000  0.228710E+00
  1.73000  0.202353E+00
  1.74000  0.174242E+00
  1.75000  0.145732E+00
  1.76000  0.119847E+00
  1.77000  0.100295E+00
  1.78000  0.103465E+00
  1.79000  0.105308E+00
  1.80000  0.105754E+00
  1.81000  0.105883E+00
  1.82000  0.105706E+00
  1.83000  0.104147E+00
  1.84000  0.100719E+00
  1.85000  0.952786E-01
  1.86000  0.878996E-01
  1.87000  0.796915E-01
  1.88000  0.712536E-01
  1.89000  0.630370E-01
  1.90000  0.549808E-01
  1.91000  0.473108E-01
  1.92000  0.402991E-01
  1.93000  0.339724E-01
  1.94000  0.282773E-01
  1.95000  0.232019E-01
  1.96000  0.186330E-01
  1.97000  0.148169E-01
  1.98000  0.115844E-01
  1.99000  0.997782E-02
  2.00000  0.883589E-02
  2.01000  0.779762E-02
  2.02000  0.689568E-02
  2.03000  0.599429E-02
  2.04000  0.504978E-02
  2.05000  0.412509E-02
  2.06000  0.320528E-02
  2.07000  0.244543E-02
  2.08000  0.183521E-02
  2.09000  0.134573E-02
  2.10000  0.959560E-03
  2.11000  0.678704E-03
  2.12000  0.490033E-03
  2.13000  0.363743E-03
  2.14000  0.272398E-03
  2.15000  0.204328E-03
  2.16000  0.149725E-03
  2.17000  0.112985E-03
  2.18000  0.857958E-04
  2.19000  0.657802E-04
  2.20000  0.510939E-04
  2.21000  0.405157E-04
  2.22000  0.330091E-04
  2.23000  0.274433E-04
  2.24000  0.229497E-04
  2.25000  0.190816E-04
  2.26000  0.150125E-04
  2.27000  0.121274E-04
  2.28000  0.960822E-05
  2.29000  0.746971E-05
  2.30000  0.571804E-05
  2.31000  0.433678E-05
  2.32000  0.327618E-05
  2.33000  0.246944E-05
  2.34000  0.184979E-05
  2.35000  0.137198E-05
  2.36000  0.970205E-06
  2.37000  0.711320E-06
  2.38000  0.518427E-06
  2.39000  0.374923E-06
  2.40000  0.273176E-06
  2.41000  0.203182E-06
  2.42000  0.158814E-06
  2.43000  0.135991E-06
  2.44000  0.112260E-06
  2.45000  0.903072E-07
  2.46000  0.701346E-07
  2.47000  0.576815E-07
  2.48000  0.500935E-07
  2.49000  0.461820E-07
  2.50000  0.450784E-07
  2.51000  0.472786E-07
  2.52000  0.510763E-07
  2.53000  0.541790E-07
  2.54000  0.545621E-07
  2.55000  0.518540E-07
  2.56000  0.456254E-07
  2.57000  0.440640E-07
  2.58000  0.452422E-07
  2.59000  0.447635E-07
  2.60000  0.429429E-07
  2.61000  0.400595E-07
  2.62000  0.373527E-07
  2.63000  0.406476E-07
  2.64000  0.442409E-07
  2.65000  0.479573E-07
  2.66000  0.507782E-07
  2.67000  0.538952E-07
  2.68000  0.568285E-07
  2.69000  0.600562E-07
  2.70000  0.638393E-07
  2.71000  0.684579E-07
  2.72000  0.743151E-07
  2.73000  0.816527E-07
  2.74000  0.898292E-07
  2.75000  0.980309E-07
  2.76000  0.105772E-06
  2.77000  0.118433E-06
  2.78000  0.135935E-06
  2.79000  0.157152E-06
  2.80000  0.179914E-06
  2.81000  0.202456E-06
  2.82000  0.233171E-06
  2.83000  0.269359E-06
  2.84000  0.306341E-06
  2.85000  0.344259E-06
  2.86000  0.375959E-06
  2.87000  0.413481E-06
  2.88000  0.450014E-06
  2.89000  0.484996E-06
  2.90000  0.517275E-06
  2.91000  0.543726E-06
  2.92000  0.559657E-06
  2.93000  0.558200E-06
  2.94000  0.532169E-06
  2.95000  0.480708E-06
  2.96000  0.401547E-06
  2.97000  0.331053E-06
  2.98000  0.264751E-06
  2.99000  0.206204E-06
  3.00000  0.156524E-06
  3.01000  0.115557E-06
  3.02000  0.828492E-07
  3.03000  0.573417E-07
  3.04000  0.383131E-07
  3.05000  0.249422E-07
  3.06000  0.153700E-07
  3.07000  0.988649E-08
  3.08000  0.644501E-08
  3.09000  0.425267E-08
  3.10000  0.283202E-08
  3.11000  0.189313E-08
  3.12000  0.126569E-08
  3.13000  0.899954E-09
  3.14000  0.777896E-09
  3.15000  0.676439E-09
  3.16000  0.557064E-09
  3.17000  0.492124E-09
  3.18000  0.440095E-09
  3.19000  0.399013E-09
  3.20000  0.366368E-09
  3.21000  0.341010E-09
  3.22000  0.321750E-09
  3.23000  0.308298E-09
  3.24000  0.301294E-09
  3.25000  0.301764E-09
  3.26000  0.292174E-09
  3.27000  0.305208E-09
  3.28000  0.322433E-09
  3.29000  0.341673E-09
  3.30000  0.363842E-09
  3.31000  0.403442E-09
  3.32000  0.437663E-09
  3.33000  0.463074E-09
  3.34000  0.477004E-09
  3.35000  0.478714E-09
  3.36000  0.441524E-09
  3.37000  0.419524E-09
  3.38000  0.388348E-09
  3.39000  0.350978E-09
  3.40000  0.310290E-09
  3.41000  0.269121E-09
  3.42000  0.230122E-09
  3.43000  0.195374E-09
  3.44000  0.165238E-09
  3.45000  0.139414E-09
  3.46000  0.109296E-09
  3.47000  0.914708E-10
  3.48000  0.756515E-10
  3.49000  0.615200E-10
  3.50000  0.490224E-10
  3.51000  0.382040E-10
  3.52000  0.291597E-10
  3.53000  0.219366E-10
  3.54000  0.165148E-10
  3.55000  0.126951E-10
  3.56000  0.944705E-11
  3.57000  0.792759E-11
  3.58000  0.700401E-11
  3.59000  0.643936E-11
  3.60000  0.607088E-11
  3.61000  0.578254E-11
  3.62000  0.551640E-11
  3.63000  0.524819E-11
  3.64000  0.496917E-11
  3.65000  0.468101E-11
  3.66000  0.408016E-11
  3.67000  0.384652E-11
  3.68000  0.365816E-11
  3.69000  0.353210E-11
  3.70000  0.347450E-11
  3.71000  0.348365E-11
  3.72000  0.354973E-11
  3.73000  0.365963E-11
  3.74000  0.380250E-11
  3.75000  0.396802E-11
  3.76000  0.386468E-11
  3.77000  0.402727E-11
  3.78000  0.415700E-11
  3.79000  0.420753E-11
  3.80000  0.412372E-11
  3.81000  0.385773E-11
  3.82000  0.340394E-11
  3.83000  0.281916E-11
  3.84000  0.274023E-11
  3.85000  0.289411E-11
  3.86000  0.262956E-11
  3.87000  0.261771E-11
  3.88000  0.254037E-11
  3.89000  0.248224E-11
  3.90000  0.239195E-11
  3.91000  0.225015E-11
  3.92000  0.206610E-11
  3.93000  0.185227E-11
  3.94000  0.161923E-11
  3.95000  0.137352E-11
  3.96000  0.934007E-12
  3.97000  0.720750E-12
  3.98000  0.526301E-12
  3.99000  0.362169E-12
  4.00000  0.235081E-12
  4.01000  0.144448E-12
  4.02000  0.846219E-13
  4.03000  0.480336E-13
  4.04000  0.270670E-13
  4.05000  0.156346E-13
  4.06000  0.699920E-14
  4.07000  0.463894E-14
  4.08000  0.335101E-14
  4.09000  0.258444E-14
  4.10000  0.207600E-14
  4.11000  0.170122E-14
  4.12000  0.140235E-14
  4.13000  0.114868E-14
  4.14000  0.925044E-15
  4.15000  0.724017E-15
  4.16000  0.388029E-15
  4.17000  0.276740E-15
  4.18000  0.186423E-15
  4.19000  0.119104E-15
  4.20000  0.732979E-16
  4.21000  0.444829E-16
  4.22000  0.273330E-16
  4.23000  0.174200E-16
  4.24000  0.117321E-16
  4.25000  0.845026E-17
  4.26000  0.445205E-17
  4.27000  0.366800E-17
  4.28000  0.316346E-17
  4.29000  0.281728E-17
  4.30000  0.257069E-17
  4.31000  0.238916E-17
  4.32000  0.224174E-17
  4.33000  0.210442E-17
  4.34000  0.196586E-17
  4.35000  0.182339E-17
  4.36000  0.116500E-17
  4.37000  0.103587E-17
  4.38000  0.890639E-18
  4.39000  0.734649E-18
  4.40000  0.574569E-18
  4.41000  0.420442E-18
  4.42000  0.285305E-18
  4.43000  0.179733E-18
  4.44000  0.106479E-18
  4.45000  0.621281E-19
  4.46000  0.245648E-19
  4.47000  0.177738E-19
  4.48000  0.135930E-19
  4.49000  0.110923E-19
  4.50000  0.959662E-20
  4.51000  0.868872E-20
  4.52000  0.815014E-20
  4.53000  0.787265E-20
  4.54000  0.779517E-20
  4.55000  0.783910E-20
  4.56000  0.416275E-20
  4.57000  0.419821E-20
  4.58000  0.417810E-20
  4.59000  0.406447E-20
  4.60000  0.384348E-20
  4.61000  0.351087E-20
  4.62000  0.305803E-20
  4.63000  0.250681E-20
  4.64000  0.191805E-20
  4.65000  0.136637E-20
  4.66000  0.435707E-21
  4.67000  0.263341E-21
  4.68000  0.150382E-21
  4.69000  0.833862E-22
  4.70000  0.466975E-22
  4.71000  0.274731E-22
  4.72000  0.174378E-22
  4.73000  0.120524E-22
  4.74000  0.902662E-23
  4.75000  0.721298E-23
  4.76000  0.267674E-23
  4.77000  0.240986E-23
  4.78000  0.226839E-23
  4.79000  0.220135E-23
  4.80000  0.218764E-23
  4.81000  0.221949E-23
  4.82000  0.228328E-23
  4.83000  0.237766E-23
  4.84000  0.248015E-23
  4.85000  0.254453E-23
  4.86000  0.125566E-23
  4.87000  0.122968E-23
  4.88000  0.116053E-23
  4.89000  0.105943E-23
  4.90000  0.949765E-24
  4.91000  0.854587E-24
  4.92000  0.792274E-24
  4.93000  0.768994E-24
  4.94000  0.779985E-24
  4.95000  0.816084E-24
  4.96000  0.445040E-24
  4.97000  0.480332E-24
  4.98000  0.517649E-24
  4.99000  0.552309E-24
  5.00000  0.581187E-24
  5.01000  0.601274E-24
  5.02000  0.607480E-24
  5.03000  0.593072E-24
  5.04000  0.553286E-24
  5.05000  0.487392E-24
  5.06000  0.195076E-24
  5.07000  0.145005E-24
  5.08000  0.983575E-25
  5.09000  0.603305E-25
  5.10000  0.332191E-25
  5.11000  0.163096E-25
  5.12000  0.707762E-26
  5.13000  0.271679E-26
  5.14000  0.934762E-27
  5.15000  0.298901E-27
  5.16000  0.346743E-28
  5.17000  0.105758E-28
  5.18000  0.351463E-29
  5.19000  0.135270E-29
  5.20000  0.000000E+00
  5.21000  0.000000E+00
  5.22000  0.000000E+00
  5.23000  0.000000E+00
  5.24000  0.000000E+00
  5.25000  0.000000E+00
  5.26000  0.000000E+00
  5.27000  0.000000E+00
  5.28000  0.000000E+00
  5.29000  0.000000E+00
  5.30000  0.000000E+00
  5.31000  0.000000E+00
  5.32000  0.000000E+00
  5.33000  0.000000E+00
  5.34000  0.000000E+00
  5.35000  0.000000E+00
  5.36000  0.000000E+00
  5.37000  0.000000E+00
  5.38000  0.000000E+00
  5.39000  0.000000E+00
  5.40000  0.000000E+00
  5.41000  0.000000E+00
  5.42000  0.000000E+00
  5.43000  0.000000E+00
  5.44000  0.000000E+00
  5.45000  0.000000E+00
  5.46000  0.000000E+00
  5.47000  0.000000E+00
  5.48000  0.000000E+00
  5.49000  0.000000E+00
  5.50000  0.000000E+00
  5.51000  0.000000E+00
  5.52000  0.000000E+00
  5.53000  0.000000E+00
  5.54000  0.000000E+00
  5.55000  0.000000E+00
  5.56000  0.000000E+00
  5.57000  0.000000E+00
  5.58000  0.000000E+00
  5.59000  0.000000E+00
  5.60000  0.000000E+00
  5.61000  0.000000E+00
  5.62000  0.000000E+00
  5.63000  0.000000E+00
  5.64000  0.000000E+00
  5.65000  0.000000E+00
  5.66000  0.000000E+00
  5.67000  0.000000E+00
  5.68000  0.000000E+00
  5.69000  0.000000E+00
  5.70000  0.000000E+00
  5.71000  0.000000E+00
  5.72000  0.000000E+00
  5.73000  0.000000E+00
  5.74000  0.000000E+00
  5.75000  0.000000E+00
  5.76000  0.000000E+00
  5.77000  0.000000E+00
  5.78000  0.000000E+00
  5.79000  0.000000E+00
  5.80000  0.000000E+00
  5.81000  0.000000E+00
  5.82000  0.000000E+00
  5.83000  0.000000E+00
  5.84000  0.000000E+00
  5.85000  0.000000E+00
  5.86000  0.000000E+00
  5.87000  0.000000E+00
  5.88000  0.000000E+00
  5.89000  0.000000E+00
  5.90000  0.000000E+00
  5.91000  0.000000E+00
  5.92000  0.000000E+00
  5.93000  0.000000E+00
  5.94000  0.000000E+00
  5.95000  0.000000E+00
  5.96000  0.000000E+00
  5.97000  0.000000E+00
  5.98000  0.000000E+00
  5.99000  0.000000E+00
  6.00000  0.000000E+00
  6.20000  0.000000E+00
  6.40000  0.000000E+00
  6.60000  0.000000E+00
  6.80000  0.000000E+00
  7.00000  0.000000E+00
