  0.00000  0.000000E+00
  0.01000  0.000000E+00
  0.02000  0.000000E+00
  0.03000  0.253923E-13
  0.04000  0.977361E-09
  0.05000  0.552843E-06
  0.06000  0.204760E-05
  0.07000  0.393217E-05
  0.08000  0.695147E-05
  0.09000  0.105794E-04
  0.10000  0.126576E-04
  0.11000  0.166951E-04
  0.12000  0.243932E-04
  0.13000  0.374874E-04
  0.14000  0.629941E-04
  0.15000  0.119816E-03
  0.16000  0.197539E-03
  0.17000  0.284892E-03
  0.18000  0.392931E-03
  0.19000  0.530455E-03
  0.20000  0.697418E-03
  0.21000  0.905421E-03
  0.22000  0.118366E-02
  0.23000  0.165394E-02
  0.24000  0.229366E-02
  0.25000  0.298940E-02
  0.26000  0.371306E-02
  0.27000  0.446840E-02
  0.28000  0.550154E-02
  0.29000  0.654556E-02
  0.30000  0.780786E-02
  0.31000  0.947942E-02
  0.32000  0.113640E-01
  0.33000  0.135164E-01
  0.34000  0.161244E-01
  0.35000  0.187520E-01
  0.36000  0.215486E-01
  0.37000  0.248357E-01
  0.38000  0.293268E-01
  0.39000  0.357057E-01
  0.40000  0.425394E-01
  0.41000  0.497259E-01
  0.42000  0.578515E-01
  0.43000  0.664253E-01
  0.44000  0.733984E-01
  0.45000  0.804159E-01
  0.46000  0.876355E-01
  0.47000  0.940076E-01
  0.48000  0.100106E+00
  0.49000  0.106707E+00
  0.50000  0.117617E+00
  0.51000  0.133224E+00
  0.52000  0.148974E+00
  0.53000  0.166681E+00
  0.54000  0.187037E+00
  0.55000  0.209017E+00
  0.56000  0.229152E+00
  0.57000  0.245362E+00
  0.58000  0.258910E+00
  0.59000  0.272715E+00
  0.60000  0.287292E+00
  0.61000  0.303216E+00
  0.62000  0.319920E+00
  0.63000  0.335734E+00
  0.64000  0.347712E+00
  0.65000  0.354012E+00
  0.66000  0.349897E+00
  0.67000  0.325123E+00
  0.68000  0.287233E+00
  0.69000  0.265189E+00
  0.70000  0.257087E+00
  0.71000  0.251157E+00
  0.72000  0.249335E+00
  0.73000  0.247525E+00
  0.74000  0.242733E+00
  0.75000  0.236280E+00
  0.76000  0.228435E+00
  0.77000  0.218505E+00
  0.78000  0.208974E+00
  0.79000  0.199306E+00
  0.80000  0.188426E+00
  0.81000  0.177074E+00
  0.82000  0.163525E+00
  0.83000  0.144379E+00
  0.84000  0.129140E+00
  0.85000  0.120668E+00
  0.86000  0.116048E+00
  0.87000  0.112460E+00
  0.88000  0.107578E+00
  0.89000  0.101992E+00
  0.90000  0.967097E-01
  0.91000  0.916218E-01
  0.92000  0.866618E-01
  0.93000  0.826507E-01
  0.94000  0.781930E-01
  0.95000  0.732773E-01
  0.96000  0.687387E-01
  0.97000  0.646958E-01
  0.98000  0.606859E-01
  0.99000  0.569213E-01
  1.00000  0.535393E-01
  1.01000  0.507994E-01
  1.02000  0.485424E-01
  1.03000  0.467873E-01
  1.04000  0.454627E-01
  1.05000  0.437766E-01
  1.06000  0.414508E-01
  1.07000  0.392899E-01
  1.08000  0.384172E-01
  1.09000  0.382827E-01
  1.10000  0.386169E-01
  1.11000  0.393890E-01
  1.12000  0.403441E-01
  1.13000  0.420072E-01
  1.14000  0.406142E-01
  1.15000  0.380324E-01
  1.16000  0.358313E-01
  1.17000  0.338122E-01
  1.18000  0.322215E-01
  1.19000  0.306878E-01
  1.20000  0.291212E-01
  1.21000  0.281340E-01
  1.22000  0.276201E-01
  1.23000  0.271489E-01
  1.24000  0.268654E-01
  1.25000  0.267818E-01
  1.26000  0.265789E-01
  1.27000  0.259715E-01
  1.28000  0.250988E-01
  1.29000  0.242393E-01
  1.30000  0.236255E-01
  1.31000  0.232620E-01
  1.32000  0.231805E-01
  1.33000  0.232951E-01
  1.34000  0.232268E-01
  1.35000  0.227068E-01
  1.36000  0.219500E-01
  1.37000  0.212212E-01
  1.38000  0.206882E-01
  1.39000  0.199045E-01
  1.40000  0.201368E-01
  1.41000  0.203822E-01
  1.42000  0.206166E-01
  1.43000  0.208232E-01
  1.44000  0.209593E-01
  1.45000  0.210170E-01
  1.46000  0.210202E-01
  1.47000  0.209704E-01
  1.48000  0.208458E-01
  1.49000  0.211675E-01
  1.50000  0.218731E-01
  1.51000  0.225350E-01
  1.52000  0.233837E-01
  1.53000  0.245772E-01
  1.54000  0.263126E-01
  1.55000  0.291195E-01
  1.56000  0.344405E-01
  1.57000  0.454384E-01
  1.58000  0.597981E-01
  1.59000  0.692366E-01
  1.60000  0.740218E-01
  1.61000  0.763265E-01
  1.62000  0.771778E-01
  1.63000  0.775410E-01
  1.64000  0.782108E-01
  1.65000  0.791821E-01
  1.66000  0.803168E-01
  1.67000  0.817948E-01
  1.68000  0.838913E-01
  1.69000  0.860486E-01
  1.70000  0.874578E-01
  1.71000  0.881902E-01
  1.72000  0.886760E-01
  1.73000  0.892608E-01
  1.74000  0.897271E-01
  1.75000  0.899468E-01
  1.76000  0.901815E-01
  1.77000  0.900016E-01
  1.78000  0.888714E-01
  1.79000  0.868843E-01
  1.80000  0.835324E-01
  1.81000  0.801656E-01
  1.82000  0.783675E-01
  1.83000  0.763952E-01
  1.84000  0.741579E-01
  1.85000  0.726298E-01
  1.86000  0.720360E-01
  1.87000  0.709543E-01
  1.88000  0.698499E-01
  1.89000  0.690663E-01
  1.90000  0.689645E-01
  1.91000  0.691259E-01
  1.92000  0.689901E-01
  1.93000  0.686578E-01
  1.94000  0.685596E-01
  1.95000  0.689505E-01
  1.96000  0.695630E-01
  1.97000  0.703061E-01
  1.98000  0.712007E-01
  1.99000  0.722500E-01
  2.00000  0.739068E-01
  2.01000  0.762681E-01
  2.02000  0.785877E-01
  2.03000  0.800623E-01
  2.04000  0.808679E-01
  2.05000  0.813814E-01
  2.06000  0.812749E-01
  2.07000  0.803963E-01
  2.08000  0.788215E-01
  2.09000  0.765383E-01
  2.10000  0.736713E-01
  2.11000  0.705912E-01
  2.12000  0.677273E-01
  2.13000  0.652146E-01
  2.14000  0.631463E-01
  2.15000  0.613934E-01
  2.16000  0.596684E-01
  2.17000  0.578602E-01
  2.18000  0.563095E-01
  2.19000  0.549793E-01
  2.20000  0.536873E-01
  2.21000  0.520992E-01
  2.22000  0.503275E-01
  2.23000  0.486513E-01
  2.24000  0.471184E-01
  2.25000  0.458068E-01
  2.26000  0.445944E-01
  2.27000  0.432362E-01
  2.28000  0.416057E-01
  2.29000  0.396985E-01
  2.30000  0.377446E-01
  2.31000  0.359638E-01
  2.32000  0.343412E-01
  2.33000  0.327939E-01
  2.34000  0.314321E-01
  2.35000  0.303935E-01
  2.36000  0.299404E-01
  2.37000  0.306929E-01
  2.38000  0.317629E-01
  2.39000  0.315085E-01
  2.40000  0.303659E-01
  2.41000  0.290396E-01
  2.42000  0.276552E-01
  2.43000  0.262296E-01
  2.44000  0.248639E-01
  2.45000  0.241870E-01
  2.46000  0.244959E-01
  2.47000  0.250952E-01
  2.48000  0.254003E-01
  2.49000  0.245075E-01
  2.50000  0.225628E-01
  2.51000  0.204080E-01
  2.52000  0.185261E-01
  2.53000  0.170684E-01
  2.54000  0.160696E-01
  2.55000  0.154519E-01
  2.56000  0.152234E-01
  2.57000  0.154903E-01
  2.58000  0.158854E-01
  2.59000  0.165238E-01
  2.60000  0.172163E-01
  2.61000  0.178369E-01
  2.62000  0.184134E-01
  2.63000  0.190688E-01
  2.64000  0.199453E-01
  2.65000  0.210887E-01
  2.66000  0.224342E-01
  2.67000  0.239147E-01
  2.68000  0.256043E-01
  2.69000  0.275426E-01
  2.70000  0.297412E-01
  2.71000  0.322696E-01
  2.72000  0.349906E-01
  2.73000  0.371246E-01
  2.74000  0.373664E-01
  2.75000  0.348864E-01
  2.76000  0.376807E-01
  2.77000  0.405968E-01
  2.78000  0.436300E-01
  2.79000  0.468214E-01
  2.80000  0.501666E-01
  2.81000  0.536277E-01
  2.82000  0.571817E-01
  2.83000  0.608097E-01
  2.84000  0.645101E-01
  2.85000  0.683036E-01
  2.86000  0.722456E-01
  2.87000  0.762977E-01
  2.88000  0.838370E-01
  2.89000  0.934344E-01
  2.90000  0.104036E+00
  2.91000  0.114670E+00
  2.92000  0.125332E+00
  2.93000  0.136964E+00
  2.94000  0.150608E+00
  2.95000  0.166734E+00
  2.96000  0.185126E+00
  2.97000  0.205219E+00
  2.98000  0.225852E+00
  2.99000  0.246375E+00
  3.00000  0.266849E+00
  3.01000  0.287317E+00
  3.02000  0.307834E+00
  3.03000  0.328701E+00
  3.04000  0.350422E+00
  3.05000  0.373998E+00
  3.06000  0.400251E+00
  3.07000  0.428944E+00
  3.08000  0.458594E+00
  3.09000  0.487585E+00
  3.10000  0.514694E+00
  3.11000  0.539139E+00
  3.12000  0.560448E+00
  3.13000  0.580083E+00
  3.14000  0.600429E+00
  3.15000  0.622186E+00
  3.16000  0.648845E+00
  3.17000  0.679329E+00
  3.18000  0.710074E+00
  3.19000  0.741031E+00
  3.20000  0.772411E+00
  3.21000  0.803626E+00
  3.22000  0.833413E+00
  3.23000  0.860255E+00
  3.24000  0.882426E+00
  3.25000  0.899729E+00
  3.26000  0.916367E+00
  3.27000  0.932394E+00
  3.28000  0.950264E+00
  3.29000  0.968181E+00
  3.30000  0.982331E+00
  3.31000  0.992254E+00
  3.32000  0.998123E+00
  3.33000  0.100000E+01
  3.34000  0.998918E+00
  3.35000  0.996813E+00
  3.36000  0.999182E+00
  3.37000  0.998315E+00
  3.38000  0.996208E+00
  3.39000  0.991744E+00
  3.40000  0.984692E+00
  3.41000  0.975444E+00
  3.42000  0.964966E+00
  3.43000  0.954085E+00
  3.44000  0.942974E+00
  3.45000  0.931511E+00
  3.46000  0.924085E+00
  3.47000  0.910551E+00
  3.48000  0.895746E+00
  3.49000  0.880442E+00
  3.50000  0.865620E+00
  3.51000  0.851661E+00
  3.52000  0.836909E+00
  3.53000  0.816839E+00
  3.54000  0.793676E+00
  3.55000  0.775339E+00
  3.56000  0.763388E+00
  3.57000  0.752463E+00
  3.58000  0.746954E+00
  3.59000  0.746190E+00
  3.60000  0.749342E+00
  3.61000  0.754359E+00
  3.62000  0.758995E+00
  3.63000  0.761456E+00
  3.64000  0.760769E+00
  3.65000  0.756827E+00
  3.66000  0.754082E+00
  3.67000  0.745495E+00
  3.68000  0.735237E+00
  3.69000  0.723817E+00
  3.70000  0.711958E+00
  3.71000  0.700265E+00
  3.72000  0.690836E+00
  3.73000  0.686281E+00
  3.74000  0.681547E+00
  3.75000  0.676707E+00
  3.76000  0.678862E+00
  3.77000  0.673788E+00
  3.78000  0.668715E+00
  3.79000  0.663692E+00
  3.80000  0.658847E+00
  3.81000  0.655301E+00
  3.82000  0.654763E+00
  3.83000  0.654750E+00
  3.84000  0.654773E+00
  3.85000  0.653598E+00
  3.86000  0.655672E+00
  3.87000  0.649475E+00
  3.88000  0.640548E+00
  3.89000  0.629324E+00
  3.90000  0.616908E+00
  3.91000  0.604045E+00
  3.92000  0.591524E+00
  3.93000  0.582193E+00
  3.94000  0.574058E+00
  3.95000  0.566191E+00
  3.96000  0.563187E+00
  3.97000  0.555733E+00
  3.98000  0.548545E+00
  3.99000  0.541531E+00
  4.00000  0.534641E+00
  4.01000  0.527867E+00
  4.02000  0.521229E+00
  4.03000  0.514721E+00
  4.04000  0.508299E+00
  4.05000  0.501859E+00
  4.06000  0.498622E+00
  4.07000  0.491888E+00
  4.08000  0.485077E+00
  4.09000  0.478213E+00
  4.10000  0.471313E+00
  4.11000  0.464405E+00
  4.12000  0.457557E+00
  4.13000  0.450811E+00
  4.14000  0.444142E+00
  4.15000  0.437560E+00
  4.16000  0.433040E+00
  4.17000  0.426315E+00
  4.18000  0.419485E+00
  4.19000  0.412542E+00
  4.20000  0.405536E+00
  4.21000  0.398487E+00
  4.22000  0.391394E+00
  4.23000  0.384227E+00
  4.24000  0.376969E+00
  4.25000  0.369608E+00
  4.26000  0.363154E+00
  4.27000  0.355436E+00
  4.28000  0.347586E+00
  4.29000  0.339617E+00
  4.30000  0.331537E+00
  4.31000  0.323383E+00
  4.32000  0.315156E+00
  4.33000  0.306840E+00
  4.34000  0.298440E+00
  4.35000  0.290022E+00
  4.36000  0.282022E+00
  4.37000  0.273724E+00
  4.38000  0.265593E+00
  4.39000  0.257633E+00
  4.40000  0.249847E+00
  4.41000  0.242244E+00
  4.42000  0.234829E+00
  4.43000  0.227574E+00
  4.44000  0.220466E+00
  4.45000  0.213477E+00
  4.46000  0.206420E+00
  4.47000  0.199532E+00
  4.48000  0.192672E+00
  4.49000  0.185816E+00
  4.50000  0.178951E+00
  4.51000  0.172073E+00
  4.52000  0.165200E+00
  4.53000  0.158356E+00
  4.54000  0.151567E+00
  4.55000  0.144865E+00
  4.56000  0.138128E+00
  4.57000  0.131717E+00
  4.58000  0.125469E+00
  4.59000  0.119382E+00
  4.60000  0.113459E+00
  4.61000  0.107694E+00
  4.62000  0.102078E+00
  4.63000  0.965993E-01
  4.64000  0.912600E-01
  4.65000  0.860745E-01
  4.66000  0.808916E-01
  4.67000  0.760249E-01
  4.68000  0.713078E-01
  4.69000  0.667393E-01
  4.70000  0.623418E-01
  4.71000  0.581117E-01
  4.72000  0.540474E-01
  4.73000  0.501696E-01
  4.74000  0.464910E-01
  4.75000  0.430310E-01
  4.76000  0.396746E-01
  4.77000  0.366693E-01
  4.78000  0.338888E-01
  4.79000  0.313142E-01
  4.80000  0.289264E-01
  4.81000  0.267105E-01
  4.82000  0.246431E-01
  4.83000  0.227158E-01
  4.84000  0.209212E-01
  4.85000  0.192525E-01
  4.86000  0.176182E-01
  4.87000  0.161912E-01
  4.88000  0.148712E-01
  4.89000  0.136555E-01
  4.90000  0.125366E-01
  4.91000  0.115057E-01
  4.92000  0.105519E-01
  4.93000  0.966986E-02
  4.94000  0.885295E-02
  4.95000  0.809571E-02
  4.96000  0.733200E-02
  4.97000  0.668331E-02
  4.98000  0.608602E-02
  4.99000  0.553707E-02
  5.00000  0.503300E-02
  5.01000  0.457020E-02
  5.02000  0.414692E-02
  5.03000  0.375987E-02
  5.04000  0.340629E-02
  5.05000  0.308367E-02
  5.06000  0.275577E-02
  5.07000  0.249108E-02
  5.08000  0.225052E-02
  5.09000  0.203159E-02
  5.10000  0.183290E-02
  5.11000  0.165267E-02
  5.12000  0.148946E-02
  5.13000  0.134191E-02
  5.14000  0.120876E-02
  5.15000  0.108857E-02
  5.16000  0.962607E-03
  5.17000  0.865807E-03
  5.18000  0.778503E-03
  5.19000  0.699772E-03
  5.20000  0.628797E-03
  5.21000  0.564953E-03
  5.22000  0.507416E-03
  5.23000  0.455653E-03
  5.24000  0.409021E-03
  5.25000  0.367009E-03
  5.26000  0.321270E-03
  5.27000  0.287675E-03
  5.28000  0.257400E-03
  5.29000  0.230104E-03
  5.30000  0.205547E-03
  5.31000  0.183487E-03
  5.32000  0.163732E-03
  5.33000  0.146079E-03
  5.34000  0.130303E-03
  5.35000  0.116222E-03
  5.36000  0.100532E-03
  5.37000  0.895641E-04
  5.38000  0.797788E-04
  5.39000  0.710446E-04
  5.40000  0.632333E-04
  5.41000  0.562501E-04
  5.42000  0.500174E-04
  5.43000  0.444580E-04
  5.44000  0.395017E-04
  5.45000  0.350810E-04
  5.46000  0.300395E-04
  5.47000  0.266470E-04
  5.48000  0.236366E-04
  5.49000  0.209629E-04
  5.50000  0.185810E-04
  5.51000  0.164607E-04
  5.52000  0.145794E-04
  5.53000  0.129082E-04
  5.54000  0.114254E-04
  5.55000  0.101064E-04
  5.56000  0.857676E-05
  5.57000  0.757705E-05
  5.58000  0.669407E-05
  5.59000  0.591243E-05
  5.60000  0.522099E-05
  5.61000  0.460732E-05
  5.62000  0.406419E-05
  5.63000  0.358236E-05
  5.64000  0.315473E-05
  5.65000  0.277552E-05
  5.66000  0.233143E-05
  5.67000  0.204587E-05
  5.68000  0.179476E-05
  5.69000  0.157376E-05
  5.70000  0.137964E-05
  5.71000  0.120848E-05
  5.72000  0.105822E-05
  5.73000  0.926961E-06
  5.74000  0.812003E-06
  5.75000  0.711028E-06
  5.76000  0.592794E-06
  5.77000  0.518127E-06
  5.78000  0.452810E-06
  5.79000  0.395756E-06
  5.80000  0.345660E-06
  5.81000  0.301627E-06
  5.82000  0.262950E-06
  5.83000  0.229089E-06
  5.84000  0.199538E-06
  5.85000  0.173715E-06
  5.86000  0.143552E-06
  5.87000  0.124598E-06
  5.88000  0.108067E-06
  5.89000  0.936831E-07
  5.90000  0.812116E-07
  5.91000  0.703675E-07
  5.92000  0.609208E-07
  5.93000  0.526936E-07
  5.94000  0.455929E-07
  5.95000  0.394736E-07
  5.96000  0.324387E-07
  5.97000  0.280944E-07
  5.98000  0.243231E-07
  5.99000  0.210670E-07
  6.00000  0.182718E-07
  6.20000  0.100709E-08
  6.40000  0.540656E-10
  6.60000  0.278849E-11
  6.80000  0.163039E-12
  7.00000  0.106566E-13
