  0.00000  0.000000E+00
  0.01000  0.178922E-02
  0.02000  0.542479E-02
  0.03000  0.923172E-02
  0.04000  0.972042E-02
  0.05000  0.102095E-01
  0.06000  0.106940E-01
  0.07000  0.111701E-01
  0.08000  0.116395E-01
  0.09000  0.121017E-01
  0.10000  0.125538E-01
  0.11000  0.129954E-01
  0.12000  0.134231E-01
  0.13000  0.138326E-01
  0.14000  0.142221E-01
  0.15000  0.145871E-01
  0.16000  0.149227E-01
  0.17000  0.152275E-01
  0.18000  0.154911E-01
  0.19000  0.157047E-01
  0.20000  0.158745E-01
  0.21000  0.159983E-01
  0.22000  0.160757E-01
  0.23000  0.161145E-01
  0.24000  0.161027E-01
  0.25000  0.160372E-01
  0.26000  0.159160E-01
  0.27000  0.157452E-01
  0.28000  0.155228E-01
  0.29000  0.152514E-01
  0.30000  0.149337E-01
  0.31000  0.145791E-01
  0.32000  0.141818E-01
  0.33000  0.137927E-01
  0.34000  0.148816E-01
  0.35000  0.160456E-01
  0.36000  0.173773E-01
  0.37000  0.186979E-01
  0.38000  0.202432E-01
  0.39000  0.217889E-01
  0.40000  0.231270E-01
  0.41000  0.243566E-01
  0.42000  0.252820E-01
  0.43000  0.259756E-01
  0.44000  0.265551E-01
  0.45000  0.272320E-01
  0.46000  0.283774E-01
  0.47000  0.299429E-01
  0.48000  0.316425E-01
  0.49000  0.332705E-01
  0.50000  0.345713E-01
  0.51000  0.358972E-01
  0.52000  0.374610E-01
  0.53000  0.389540E-01
  0.54000  0.400833E-01
  0.55000  0.408639E-01
  0.56000  0.412163E-01
  0.57000  0.413986E-01
  0.58000  0.418800E-01
  0.59000  0.426178E-01
  0.60000  0.434423E-01
  0.61000  0.445926E-01
  0.62000  0.464458E-01
  0.63000  0.488766E-01
  0.64000  0.515488E-01
  0.65000  0.540945E-01
  0.66000  0.563101E-01
  0.67000  0.580275E-01
  0.68000  0.593266E-01
  0.69000  0.606629E-01
  0.70000  0.622895E-01
  0.71000  0.640699E-01
  0.72000  0.659370E-01
  0.73000  0.677080E-01
  0.74000  0.691914E-01
  0.75000  0.704373E-01
  0.76000  0.718075E-01
  0.77000  0.729599E-01
  0.78000  0.728101E-01
  0.79000  0.711798E-01
  0.80000  0.696612E-01
  0.81000  0.692148E-01
  0.82000  0.695055E-01
  0.83000  0.699180E-01
  0.84000  0.702735E-01
  0.85000  0.704595E-01
  0.86000  0.703139E-01
  0.87000  0.699018E-01
  0.88000  0.695454E-01
  0.89000  0.695095E-01
  0.90000  0.696139E-01
  0.91000  0.696514E-01
  0.92000  0.695429E-01
  0.93000  0.693196E-01
  0.94000  0.689810E-01
  0.95000  0.686051E-01
  0.96000  0.681902E-01
  0.97000  0.676391E-01
  0.98000  0.670296E-01
  0.99000  0.665720E-01
  1.00000  0.660982E-01
  1.01000  0.656121E-01
  1.02000  0.657188E-01
  1.03000  0.666851E-01
  1.04000  0.708606E-01
  1.05000  0.742502E-01
  1.06000  0.761426E-01
  1.07000  0.771070E-01
  1.08000  0.775899E-01
  1.09000  0.778104E-01
  1.10000  0.869095E-01
  1.11000  0.906427E-01
  1.12000  0.927366E-01
  1.13000  0.926398E-01
  1.14000  0.903303E-01
  1.15000  0.892203E-01
  1.16000  0.903450E-01
  1.17000  0.923181E-01
  1.18000  0.958225E-01
  1.19000  0.101458E+00
  1.20000  0.106815E+00
  1.21000  0.109660E+00
  1.22000  0.111368E+00
  1.23000  0.112960E+00
  1.24000  0.114415E+00
  1.25000  0.115535E+00
  1.26000  0.119372E+00
  1.27000  0.125199E+00
  1.28000  0.131161E+00
  1.29000  0.136212E+00
  1.30000  0.139841E+00
  1.31000  0.142082E+00
  1.32000  0.142792E+00
  1.33000  0.142913E+00
  1.34000  0.145198E+00
  1.35000  0.147367E+00
  1.36000  0.149571E+00
  1.37000  0.152489E+00
  1.38000  0.155383E+00
  1.39000  0.158341E+00
  1.40000  0.161602E+00
  1.41000  0.165040E+00
  1.42000  0.168374E+00
  1.43000  0.171269E+00
  1.44000  0.173571E+00
  1.45000  0.175428E+00
  1.46000  0.176952E+00
  1.47000  0.180624E+00
  1.48000  0.185515E+00
  1.49000  0.190073E+00
  1.50000  0.196960E+00
  1.51000  0.204854E+00
  1.52000  0.211992E+00
  1.53000  0.217886E+00
  1.54000  0.222528E+00
  1.55000  0.228699E+00
  1.56000  0.234213E+00
  1.57000  0.238830E+00
  1.58000  0.242854E+00
  1.59000  0.246699E+00
  1.60000  0.250723E+00
  1.61000  0.255310E+00
  1.62000  0.260499E+00
  1.63000  0.266105E+00
  1.64000  0.272033E+00
  1.65000  0.277867E+00
  1.66000  0.283573E+00
  1.67000  0.289576E+00
  1.68000  0.301659E+00
  1.69000  0.314198E+00
  1.70000  0.327544E+00
  1.71000  0.341533E+00
  1.72000  0.355397E+00
  1.73000  0.368340E+00
  1.74000  0.379749E+00
  1.75000  0.389677E+00
  1.76000  0.398354E+00
  1.77000  0.405909E+00
  1.78000  0.419959E+00
  1.79000  0.435803E+00
  1.80000  0.450796E+00
  1.81000  0.465269E+00
  1.82000  0.479288E+00
  1.83000  0.492443E+00
  1.84000  0.504577E+00
  1.85000  0.516177E+00
  1.86000  0.527251E+00
  1.87000  0.537125E+00
  1.88000  0.545518E+00
  1.89000  0.564830E+00
  1.90000  0.583319E+00
  1.91000  0.601116E+00
  1.92000  0.618256E+00
  1.93000  0.634460E+00
  1.94000  0.650283E+00
  1.95000  0.666751E+00
  1.96000  0.683602E+00
  1.97000  0.699442E+00
  1.98000  0.713794E+00
  1.99000  0.733085E+00
  2.00000  0.762196E+00
  2.01000  0.789864E+00
  2.02000  0.816122E+00
  2.03000  0.839658E+00
  2.04000  0.859571E+00
  2.05000  0.875760E+00
  2.06000  0.888049E+00
  2.07000  0.896487E+00
  2.08000  0.901634E+00
  2.09000  0.904175E+00
  2.10000  0.904762E+00
  2.11000  0.903917E+00
  2.12000  0.907565E+00
  2.13000  0.921965E+00
  2.14000  0.935073E+00
  2.15000  0.946082E+00
  2.16000  0.954608E+00
  2.17000  0.960481E+00
  2.18000  0.963557E+00
  2.19000  0.963741E+00
  2.20000  0.961144E+00
  2.21000  0.955976E+00
  2.22000  0.948421E+00
  2.23000  0.939918E+00
  2.24000  0.945781E+00
  2.25000  0.948999E+00
  2.26000  0.949594E+00
  2.27000  0.947568E+00
  2.28000  0.942914E+00
  2.29000  0.935638E+00
  2.30000  0.925811E+00
  2.31000  0.927019E+00
  2.32000  0.926054E+00
  2.33000  0.922023E+00
  2.34000  0.915822E+00
  2.35000  0.913090E+00
  2.36000  0.917021E+00
  2.37000  0.919479E+00
  2.38000  0.920937E+00
  2.39000  0.921533E+00
  2.40000  0.921258E+00
  2.41000  0.920049E+00
  2.42000  0.917829E+00
  2.43000  0.914583E+00
  2.44000  0.910361E+00
  2.45000  0.905193E+00
  2.46000  0.907750E+00
  2.47000  0.914170E+00
  2.48000  0.918789E+00
  2.49000  0.921532E+00
  2.50000  0.922274E+00
  2.51000  0.920862E+00
  2.52000  0.920481E+00
  2.53000  0.920476E+00
  2.54000  0.919153E+00
  2.55000  0.916899E+00
  2.56000  0.914115E+00
  2.57000  0.911100E+00
  2.58000  0.907993E+00
  2.59000  0.904798E+00
  2.60000  0.901463E+00
  2.61000  0.897961E+00
  2.62000  0.894273E+00
  2.63000  0.890378E+00
  2.64000  0.886287E+00
  2.65000  0.882004E+00
  2.66000  0.883524E+00
  2.67000  0.887800E+00
  2.68000  0.891540E+00
  2.69000  0.894831E+00
  2.70000  0.897775E+00
  2.71000  0.900441E+00
  2.72000  0.902874E+00
  2.73000  0.905115E+00
  2.74000  0.907243E+00
  2.75000  0.909301E+00
  2.76000  0.911236E+00
  2.77000  0.912928E+00
  2.78000  0.914315E+00
  2.79000  0.915367E+00
  2.80000  0.916037E+00
  2.81000  0.916220E+00
  2.82000  0.915825E+00
  2.83000  0.914877E+00
  2.84000  0.913446E+00
  2.85000  0.911629E+00
  2.86000  0.909522E+00
  2.87000  0.907178E+00
  2.88000  0.904613E+00
  2.89000  0.901804E+00
  2.90000  0.898729E+00
  2.91000  0.895442E+00
  2.92000  0.893397E+00
  2.93000  0.892905E+00
  2.94000  0.892050E+00
  2.95000  0.891202E+00
  2.96000  0.895477E+00
  2.97000  0.899574E+00
  2.98000  0.903529E+00
  2.99000  0.907343E+00
  3.00000  0.910990E+00
  3.01000  0.914412E+00
  3.02000  0.917539E+00
  3.03000  0.920346E+00
  3.04000  0.922881E+00
  3.05000  0.925208E+00
  3.06000  0.927321E+00
  3.07000  0.929098E+00
  3.08000  0.930420E+00
  3.09000  0.931257E+00
  3.10000  0.931687E+00
  3.11000  0.931845E+00
  3.12000  0.931776E+00
  3.13000  0.984051E+00
  3.14000  0.100000E+01
  3.15000  0.996324E+00
  3.16000  0.985383E+00
  3.17000  0.967308E+00
  3.18000  0.933056E+00
  3.19000  0.923133E+00
  3.20000  0.920449E+00
  3.21000  0.917335E+00
  3.22000  0.913777E+00
  3.23000  0.911449E+00
  3.24000  0.911763E+00
  3.25000  0.911630E+00
  3.26000  0.913216E+00
  3.27000  0.917906E+00
  3.28000  0.922218E+00
  3.29000  0.926073E+00
  3.30000  0.929433E+00
  3.31000  0.932315E+00
  3.32000  0.934781E+00
  3.33000  0.936921E+00
  3.34000  0.938776E+00
  3.35000  0.940316E+00
  3.36000  0.941504E+00
  3.37000  0.942339E+00
  3.38000  0.942881E+00
  3.39000  0.943192E+00
  3.40000  0.943259E+00
  3.41000  0.943015E+00
  3.42000  0.942409E+00
  3.43000  0.941455E+00
  3.44000  0.940214E+00
  3.45000  0.938789E+00
  3.46000  0.937267E+00
  3.47000  0.935655E+00
  3.48000  0.933878E+00
  3.49000  0.931821E+00
  3.50000  0.929365E+00
  3.51000  0.926423E+00
  3.52000  0.922953E+00
  3.53000  0.918971E+00
  3.54000  0.914487E+00
  3.55000  0.909468E+00
  3.56000  0.903798E+00
  3.57000  0.897373E+00
  3.58000  0.890238E+00
  3.59000  0.882545E+00
  3.60000  0.874423E+00
  3.61000  0.868609E+00
  3.62000  0.865043E+00
  3.63000  0.864108E+00
  3.64000  0.869857E+00
  3.65000  0.873102E+00
  3.66000  0.874699E+00
  3.67000  0.875180E+00
  3.68000  0.874958E+00
  3.69000  0.874460E+00
  3.70000  0.873930E+00
  3.71000  0.873391E+00
  3.72000  0.872745E+00
  3.73000  0.871748E+00
  3.74000  0.870019E+00
  3.75000  0.867210E+00
  3.76000  0.863288E+00
  3.77000  0.858695E+00
  3.78000  0.854025E+00
  3.79000  0.849557E+00
  3.80000  0.845208E+00
  3.81000  0.840740E+00
  3.82000  0.835984E+00
  3.83000  0.830703E+00
  3.84000  0.824669E+00
  3.85000  0.817730E+00
  3.86000  0.810097E+00
  3.87000  0.802264E+00
  3.88000  0.794660E+00
  3.89000  0.787458E+00
  3.90000  0.781939E+00
  3.91000  0.777364E+00
  3.92000  0.772689E+00
  3.93000  0.767832E+00
  3.94000  0.763856E+00
  3.95000  0.762183E+00
  3.96000  0.759985E+00
  3.97000  0.757691E+00
  3.98000  0.758066E+00
  3.99000  0.757764E+00
  4.00000  0.756753E+00
  4.01000  0.755004E+00
  4.02000  0.752531E+00
  4.03000  0.749453E+00
  4.04000  0.745969E+00
  4.05000  0.742287E+00
  4.06000  0.738551E+00
  4.07000  0.734815E+00
  4.08000  0.731025E+00
  4.09000  0.727009E+00
  4.10000  0.722579E+00
  4.11000  0.717615E+00
  4.12000  0.712093E+00
  4.13000  0.706099E+00
  4.14000  0.699719E+00
  4.15000  0.692939E+00
  4.16000  0.685661E+00
  4.17000  0.677808E+00
  4.18000  0.669429E+00
  4.19000  0.660714E+00
  4.20000  0.651829E+00
  4.21000  0.642851E+00
  4.22000  0.633719E+00
  4.23000  0.624341E+00
  4.24000  0.614641E+00
  4.25000  0.604650E+00
  4.26000  0.594537E+00
  4.27000  0.584726E+00
  4.28000  0.575845E+00
  4.29000  0.568627E+00
  4.30000  0.563795E+00
  4.31000  0.561980E+00
  4.32000  0.563090E+00
  4.33000  0.565971E+00
  4.34000  0.568632E+00
  4.35000  0.568813E+00
  4.36000  0.565162E+00
  4.37000  0.557532E+00
  4.38000  0.546943E+00
  4.39000  0.534514E+00
  4.40000  0.523073E+00
  4.41000  0.518508E+00
  4.42000  0.512991E+00
  4.43000  0.506537E+00
  4.44000  0.499411E+00
  4.45000  0.491711E+00
  4.46000  0.483606E+00
  4.47000  0.475066E+00
  4.48000  0.466154E+00
  4.49000  0.456916E+00
  4.50000  0.447578E+00
  4.51000  0.438295E+00
  4.52000  0.429019E+00
  4.53000  0.419681E+00
  4.54000  0.410148E+00
  4.55000  0.400400E+00
  4.56000  0.390291E+00
  4.57000  0.379887E+00
  4.58000  0.369206E+00
  4.59000  0.358362E+00
  4.60000  0.347433E+00
  4.61000  0.336484E+00
  4.62000  0.325771E+00
  4.63000  0.315354E+00
  4.64000  0.305231E+00
  4.65000  0.295199E+00
  4.66000  0.285125E+00
  4.67000  0.274960E+00
  4.68000  0.264732E+00
  4.69000  0.254517E+00
  4.70000  0.244391E+00
  4.71000  0.234462E+00
  4.72000  0.224756E+00
  4.73000  0.215197E+00
  4.74000  0.205733E+00
  4.75000  0.167271E+00
  4.76000  0.160819E+00
  4.77000  0.154470E+00
  4.78000  0.140550E+00
  4.79000  0.135702E+00
  4.80000  0.131191E+00
  4.81000  0.127011E+00
  4.82000  0.992552E-01
  4.83000  0.965711E-01
  4.84000  0.939845E-01
  4.85000  0.914114E-01
  4.86000  0.888350E-01
  4.87000  0.862843E-01
  4.88000  0.837843E-01
  4.89000  0.813410E-01
  4.90000  0.789594E-01
  4.91000  0.766590E-01
  4.92000  0.744651E-01
  4.93000  0.749604E-01
  4.94000  0.759376E-01
  4.95000  0.769604E-01
  4.96000  0.778425E-01
  4.97000  0.783814E-01
  4.98000  0.544476E-01
  4.99000  0.523308E-01
  5.00000  0.475592E-01
  5.01000  0.458975E-01
  5.02000  0.443461E-01
  5.03000  0.428983E-01
  5.04000  0.415270E-01
  5.05000  0.402044E-01
  5.06000  0.389181E-01
  5.07000  0.376721E-01
  5.08000  0.233764E-01
  5.09000  0.227367E-01
  5.10000  0.221145E-01
  5.11000  0.215025E-01
  5.12000  0.208976E-01
  5.13000  0.167389E-01
  5.14000  0.133674E-01
  5.15000  0.129742E-01
  5.16000  0.126044E-01
  5.17000  0.112527E-01
  5.18000  0.908288E-02
  5.19000  0.888184E-02
  5.20000  0.869312E-02
  5.21000  0.477706E-02
  5.22000  0.467077E-02
  5.23000  0.425857E-02
  5.24000  0.414821E-02
  5.25000  0.385103E-02
  5.26000  0.274559E-02
  5.27000  0.271938E-02
  5.28000  0.251113E-02
  5.29000  0.246540E-02
  5.30000  0.209437E-02
  5.31000  0.205358E-02
  5.32000  0.201345E-02
  5.33000  0.177681E-02
  5.34000  0.169086E-02
  5.35000  0.160878E-02
  5.36000  0.153058E-02
  5.37000  0.145589E-02
  5.38000  0.138440E-02
  5.39000  0.131580E-02
  5.40000  0.124987E-02
  5.41000  0.118642E-02
  5.42000  0.112549E-02
  5.43000  0.106697E-02
  5.44000  0.101096E-02
  5.45000  0.957417E-03
  5.46000  0.906282E-03
  5.47000  0.857529E-03
  5.48000  0.829078E-03
  5.49000  0.802963E-03
  5.50000  0.777498E-03
  5.51000  0.752721E-03
  5.52000  0.728610E-03
  5.53000  0.705127E-03
  5.54000  0.682242E-03
  5.55000  0.659931E-03
  5.56000  0.638180E-03
  5.57000  0.617039E-03
  5.58000  0.610970E-03
  5.59000  0.613220E-03
  5.60000  0.615105E-03
  5.61000  0.616814E-03
  5.62000  0.618550E-03
  5.63000  0.620462E-03
  5.64000  0.622606E-03
  5.65000  0.625035E-03
  5.66000  0.627761E-03
  5.67000  0.630744E-03
  5.68000  0.633878E-03
  5.69000  0.637020E-03
  5.70000  0.640054E-03
  5.71000  0.642846E-03
  5.72000  0.645253E-03
  5.73000  0.647251E-03
  5.74000  0.648867E-03
  5.75000  0.650249E-03
  5.76000  0.651562E-03
  5.77000  0.652964E-03
  5.78000  0.654557E-03
  5.79000  0.656373E-03
  5.80000  0.658412E-03
  5.81000  0.660691E-03
  5.82000  0.663165E-03
  5.83000  0.665860E-03
  5.84000  0.668780E-03
  5.85000  0.671940E-03
  5.86000  0.675486E-03
  5.87000  0.679523E-03
  5.88000  0.684153E-03
  5.89000  0.689568E-03
  5.90000  0.695905E-03
  5.91000  0.375899E-03
  5.92000  0.383595E-03
  5.93000  0.392701E-03
  5.94000  0.403332E-03
  5.95000  0.415593E-03
  5.96000  0.429538E-03
  5.97000  0.445089E-03
  5.98000  0.462182E-03
  5.99000  0.480613E-03
  6.00000  0.500163E-03
  6.20000  0.493606E-04
  6.40000  0.278832E-04
  6.60000  0.618658E-05
  6.80000  0.578507E-07
  7.00000  0.125948E-07
