  0.00000  0.000000E+00
  0.01000  0.000000E+00
  0.02000  0.000000E+00
  0.03000  0.000000E+00
  0.04000  0.000000E+00
  0.05000  0.000000E+00
  0.06000  0.000000E+00
  0.07000  0.000000E+00
  0.08000  0.000000E+00
  0.09000  0.000000E+00
  0.10000  0.000000E+00
  0.11000  0.000000E+00
  0.12000  0.000000E+00
  0.13000  0.000000E+00
  0.14000  0.000000E+00
  0.15000  0.000000E+00
  0.16000  0.000000E+00
  0.17000  0.000000E+00
  0.18000  0.000000E+00
  0.19000  0.000000E+00
  0.20000  0.000000E+00
  0.21000  0.000000E+00
  0.22000  0.000000E+00
  0.23000  0.000000E+00
  0.24000  0.000000E+00
  0.25000  0.000000E+00
  0.26000  0.000000E+00
  0.27000  0.000000E+00
  0.28000  0.000000E+00
  0.29000  0.000000E+00
  0.30000  0.000000E+00
  0.31000  0.000000E+00
  0.32000  0.000000E+00
  0.33000  0.000000E+00
  0.34000  0.000000E+00
  0.35000  0.000000E+00
  0.36000  0.000000E+00
  0.37000  0.000000E+00
  0.38000  0.000000E+00
  0.39000  0.000000E+00
  0.40000  0.000000E+00
  0.41000  0.000000E+00
  0.42000  0.000000E+00
  0.43000  0.000000E+00
  0.44000  0.000000E+00
  0.45000  0.000000E+00
  0.46000  0.000000E+00
  0.47000  0.000000E+00
  0.48000  0.000000E+00
  0.49000  0.000000E+00
  0.50000  0.000000E+00
  0.51000  0.000000E+00
  0.52000  0.000000E+00
  0.53000  0.000000E+00
  0.54000  0.000000E+00
  0.55000  0.000000E+00
  0.56000  0.000000E+00
  0.57000  0.000000E+00
  0.58000  0.000000E+00
  0.59000  0.000000E+00
  0.60000  0.000000E+00
  0.61000  0.000000E+00
  0.62000  0.000000E+00
  0.63000  0.000000E+00
  0.64000  0.000000E+00
  0.65000  0.000000E+00
  0.66000  0.000000E+00
  0.67000  0.000000E+00
  0.68000  0.000000E+00
  0.69000  0.000000E+00
  0.70000  0.000000E+00
  0.71000  0.000000E+00
  0.72000  0.000000E+00
  0.73000  0.000000E+00
  0.74000  0.000000E+00
  0.75000  0.000000E+00
  0.76000  0.000000E+00
  0.77000  0.000000E+00
  0.78000  0.000000E+00
  0.79000  0.000000E+00
  0.80000  0.000000E+00
  0.81000  0.000000E+00
  0.82000  0.000000E+00
  0.83000  0.000000E+00
  0.84000  0.000000E+00
  0.85000  0.000000E+00
  0.86000  0.000000E+00
  0.87000  0.000000E+00
  0.88000  0.000000E+00
  0.89000  0.000000E+00
  0.90000  0.000000E+00
  0.91000  0.000000E+00
  0.92000  0.000000E+00
  0.93000  0.000000E+00
  0.94000  0.000000E+00
  0.95000  0.000000E+00
  0.96000  0.000000E+00
  0.97000  0.000000E+00
  0.98000  0.000000E+00
  0.99000  0.000000E+00
  1.00000  0.000000E+00
  1.01000  0.000000E+00
  1.02000  0.000000E+00
  1.03000  0.000000E+00
  1.04000  0.000000E+00
  1.05000  0.000000E+00
  1.06000  0.000000E+00
  1.07000  0.000000E+00
  1.08000  0.000000E+00
  1.09000  0.000000E+00
  1.10000  0.000000E+00
  1.11000  0.000000E+00
  1.12000  0.000000E+00
  1.13000  0.000000E+00
  1.14000  0.000000E+00
  1.15000  0.000000E+00
  1.16000  0.000000E+00
  1.17000  0.000000E+00
  1.18000  0.000000E+00
  1.19000  0.000000E+00
  1.20000  0.000000E+00
  1.21000  0.000000E+00
  1.22000  0.000000E+00
  1.23000  0.000000E+00
  1.24000  0.000000E+00
  1.25000  0.000000E+00
  1.26000  0.000000E+00
  1.27000  0.000000E+00
  1.28000  0.000000E+00
  1.29000  0.000000E+00
  1.30000  0.000000E+00
  1.31000  0.000000E+00
  1.32000  0.000000E+00
  1.33000  0.000000E+00
  1.34000  0.000000E+00
  1.35000  0.000000E+00
  1.36000  0.000000E+00
  1.37000  0.000000E+00
  1.38000  0.000000E+00
  1.39000  0.000000E+00
  1.40000  0.000000E+00
  1.41000  0.000000E+00
  1.42000  0.000000E+00
  1.43000  0.000000E+00
  1.44000  0.000000E+00
  1.45000  0.000000E+00
  1.46000  0.000000E+00
  1.47000  0.000000E+00
  1.48000  0.597964E-21
  1.49000  0.487918E-14
  1.50000  0.103493E-11
  1.51000  0.841187E-10
  1.52000  0.205244E-08
  1.53000  0.251872E-08
  1.54000  0.289455E-08
  1.55000  0.644644E-07
  1.56000  0.687575E-07
  1.57000  0.686422E-07
  1.58000  0.276702E-06
  1.59000  0.301770E-06
  1.60000  0.350388E-06
  1.61000  0.419652E-06
  1.62000  0.510950E-06
  1.63000  0.628358E-06
  1.64000  0.779781E-06
  1.65000  0.980103E-06
  1.66000  0.126169E-05
  1.67000  0.165611E-05
  1.68000  0.221516E-05
  1.69000  0.298826E-05
  1.70000  0.399940E-05
  1.71000  0.521069E-05
  1.72000  0.657575E-05
  1.73000  0.805965E-05
  1.74000  0.969494E-05
  1.75000  0.115552E-04
  1.76000  0.138004E-04
  1.77000  0.162625E-04
  1.78000  0.196166E-04
  1.79000  0.250960E-04
  1.80000  0.334107E-04
  1.81000  0.425133E-04
  1.82000  0.509666E-04
  1.83000  0.598332E-04
  1.84000  0.693343E-04
  1.85000  0.795000E-04
  1.86000  0.931736E-04
  1.87000  0.106173E-03
  1.88000  0.119355E-03
  1.89000  0.132590E-03
  1.90000  0.146940E-03
  1.91000  0.161865E-03
  1.92000  0.176409E-03
  1.93000  0.191305E-03
  1.94000  0.208191E-03
  1.95000  0.227324E-03
  1.96000  0.261742E-03
  1.97000  0.289759E-03
  1.98000  0.336007E-03
  1.99000  0.495831E-03
  2.00000  0.816700E-03
  2.01000  0.132608E-02
  2.02000  0.211450E-02
  2.03000  0.333035E-02
  2.04000  0.518433E-02
  2.05000  0.798338E-02
  2.06000  0.132631E-01
  2.07000  0.201608E-01
  2.08000  0.301277E-01
  2.09000  0.441677E-01
  2.10000  0.633467E-01
  2.11000  0.883723E-01
  2.12000  0.119340E+00
  2.13000  0.156016E+00
  2.14000  0.197977E+00
  2.15000  0.243892E+00
  2.16000  0.312797E+00
  2.17000  0.363960E+00
  2.18000  0.413448E+00
  2.19000  0.459281E+00
  2.20000  0.500280E+00
  2.21000  0.534804E+00
  2.22000  0.561102E+00
  2.23000  0.580484E+00
  2.24000  0.596508E+00
  2.25000  0.611969E+00
  2.26000  0.663359E+00
  2.27000  0.681062E+00
  2.28000  0.698908E+00
  2.29000  0.719159E+00
  2.30000  0.743948E+00
  2.31000  0.772793E+00
  2.32000  0.803824E+00
  2.33000  0.835417E+00
  2.34000  0.867170E+00
  2.35000  0.899042E+00
  2.36000  0.946147E+00
  2.37000  0.971386E+00
  2.38000  0.990734E+00
  2.39000  0.100000E+01
  2.40000  0.996983E+00
  2.41000  0.981684E+00
  2.42000  0.953140E+00
  2.43000  0.909752E+00
  2.44000  0.852629E+00
  2.45000  0.784514E+00
  2.46000  0.686368E+00
  2.47000  0.615345E+00
  2.48000  0.540380E+00
  2.49000  0.465264E+00
  2.50000  0.392891E+00
  2.51000  0.326360E+00
  2.52000  0.268113E+00
  2.53000  0.217678E+00
  2.54000  0.173284E+00
  2.55000  0.134837E+00
  2.56000  0.922242E-01
  2.57000  0.689372E-01
  2.58000  0.508604E-01
  2.59000  0.382664E-01
  2.60000  0.308958E-01
  2.61000  0.247531E-01
  2.62000  0.196039E-01
  2.63000  0.153629E-01
  2.64000  0.119599E-01
  2.65000  0.925721E-02
  2.66000  0.576678E-02
  2.67000  0.434780E-02
  2.68000  0.325881E-02
  2.69000  0.244244E-02
  2.70000  0.183680E-02
  2.71000  0.138918E-02
  2.72000  0.105898E-02
  2.73000  0.813728E-03
  2.74000  0.627789E-03
  2.75000  0.482800E-03
  2.76000  0.277051E-03
  2.77000  0.207168E-03
  2.78000  0.153314E-03
  2.79000  0.112543E-03
  2.80000  0.820121E-04
  2.81000  0.594578E-04
  2.82000  0.429319E-04
  2.83000  0.308532E-04
  2.84000  0.221438E-04
  2.85000  0.169370E-04
  2.86000  0.138694E-04
  2.87000  0.121963E-04
  2.88000  0.107666E-04
  2.89000  0.945643E-05
  2.90000  0.834495E-05
  2.91000  0.747989E-05
  2.92000  0.674362E-05
  2.93000  0.605061E-05
  2.94000  0.534005E-05
  2.95000  0.457330E-05
  2.96000  0.292208E-05
  2.97000  0.223241E-05
  2.98000  0.162161E-05
  2.99000  0.113246E-05
  3.00000  0.769592E-06
  3.01000  0.513820E-06
  3.02000  0.337837E-06
  3.03000  0.218484E-06
  3.04000  0.137418E-06
  3.05000  0.836232E-07
  3.06000  0.310099E-07
  3.07000  0.175769E-07
  3.08000  0.977295E-08
  3.09000  0.535056E-08
  3.10000  0.288124E-08
  3.11000  0.152265E-08
  3.12000  0.787772E-09
  3.13000  0.402339E-09
  3.14000  0.203329E-09
  3.15000  0.101953E-09
  3.16000  0.302461E-10
  3.17000  0.151658E-10
  3.18000  0.752482E-11
  3.19000  0.370095E-11
  3.20000  0.181362E-11
  3.21000  0.902653E-12
  3.22000  0.464093E-12
  3.23000  0.244552E-12
  3.24000  0.131811E-12
  3.25000  0.717504E-13
  3.26000  0.236767E-13
  3.27000  0.125030E-13
  3.28000  0.651177E-14
  3.29000  0.343481E-14
  3.30000  0.185836E-14
  3.31000  0.102949E-14
  3.32000  0.579022E-15
  3.33000  0.325168E-15
  3.34000  0.179415E-15
  3.35000  0.962558E-16
  3.36000  0.269173E-16
  3.37000  0.135130E-16
  3.38000  0.687014E-17
  3.39000  0.361524E-17
  3.40000  0.200774E-17
  3.41000  0.118978E-17
  3.42000  0.753691E-18
  3.43000  0.507884E-18
  3.44000  0.358284E-18
  3.45000  0.260253E-18
  3.46000  0.890305E-19
  3.47000  0.663442E-19
  3.48000  0.491647E-19
  3.49000  0.354795E-19
  3.50000  0.247810E-19
  3.51000  0.164741E-19
  3.52000  0.992410E-20
  3.53000  0.544668E-20
  3.54000  0.302851E-20
  3.55000  0.185090E-20
  3.56000  0.535483E-21
  3.57000  0.378004E-21
  3.58000  0.272868E-21
  3.59000  0.197505E-21
  3.60000  0.141483E-21
  3.61000  0.100179E-21
  3.62000  0.707211E-22
  3.63000  0.506882E-22
  3.64000  0.372072E-22
  3.65000  0.277570E-22
  3.66000  0.818599E-23
  3.67000  0.617669E-23
  3.68000  0.464717E-23
  3.69000  0.344974E-23
  3.70000  0.249158E-23
  3.71000  0.172672E-23
  3.72000  0.114417E-23
  3.73000  0.725902E-24
  3.74000  0.443409E-24
  3.75000  0.262681E-24
  3.76000  0.552782E-25
  3.77000  0.308571E-25
  3.78000  0.167033E-25
  3.79000  0.876712E-26
  3.80000  0.445842E-26
  3.81000  0.218310E-26
  3.82000  0.101466E-26
  3.83000  0.447973E-27
  3.84000  0.189145E-27
  3.85000  0.782761E-28
  3.86000  0.107965E-28
  3.87000  0.451550E-29
  3.88000  0.192935E-29
  3.89000  0.000000E+00
  3.90000  0.000000E+00
  3.91000  0.000000E+00
  3.92000  0.000000E+00
  3.93000  0.000000E+00
  3.94000  0.000000E+00
  3.95000  0.000000E+00
  3.96000  0.000000E+00
  3.97000  0.000000E+00
  3.98000  0.000000E+00
  3.99000  0.000000E+00
  4.00000  0.000000E+00
  4.01000  0.000000E+00
  4.02000  0.000000E+00
  4.03000  0.000000E+00
  4.04000  0.000000E+00
  4.05000  0.000000E+00
  4.06000  0.000000E+00
  4.07000  0.000000E+00
  4.08000  0.000000E+00
  4.09000  0.000000E+00
  4.10000  0.000000E+00
  4.11000  0.000000E+00
  4.12000  0.000000E+00
  4.13000  0.000000E+00
  4.14000  0.000000E+00
  4.15000  0.000000E+00
  4.16000  0.000000E+00
  4.17000  0.000000E+00
  4.18000  0.000000E+00
  4.19000  0.000000E+00
  4.20000  0.000000E+00
  4.21000  0.000000E+00
  4.22000  0.000000E+00
  4.23000  0.000000E+00
  4.24000  0.000000E+00
  4.25000  0.000000E+00
  4.26000  0.000000E+00
  4.27000  0.000000E+00
  4.28000  0.000000E+00
  4.29000  0.000000E+00
  4.30000  0.000000E+00
  4.31000  0.000000E+00
  4.32000  0.000000E+00
  4.33000  0.000000E+00
  4.34000  0.000000E+00
  4.35000  0.000000E+00
  4.36000  0.000000E+00
  4.37000  0.000000E+00
  4.38000  0.000000E+00
  4.39000  0.000000E+00
  4.40000  0.000000E+00
  4.41000  0.000000E+00
  4.42000  0.000000E+00
  4.43000  0.000000E+00
  4.44000  0.000000E+00
  4.45000  0.000000E+00
  4.46000  0.000000E+00
  4.47000  0.000000E+00
  4.48000  0.000000E+00
  4.49000  0.000000E+00
  4.50000  0.000000E+00
  4.51000  0.000000E+00
  4.52000  0.000000E+00
  4.53000  0.000000E+00
  4.54000  0.000000E+00
  4.55000  0.000000E+00
  4.56000  0.000000E+00
  4.57000  0.000000E+00
  4.58000  0.000000E+00
  4.59000  0.000000E+00
  4.60000  0.000000E+00
  4.61000  0.000000E+00
  4.62000  0.000000E+00
  4.63000  0.000000E+00
  4.64000  0.000000E+00
  4.65000  0.000000E+00
  4.66000  0.000000E+00
  4.67000  0.000000E+00
  4.68000  0.000000E+00
  4.69000  0.000000E+00
  4.70000  0.000000E+00
  4.71000  0.000000E+00
  4.72000  0.000000E+00
  4.73000  0.000000E+00
  4.74000  0.000000E+00
  4.75000  0.000000E+00
  4.76000  0.000000E+00
  4.77000  0.000000E+00
  4.78000  0.000000E+00
  4.79000  0.000000E+00
  4.80000  0.000000E+00
  4.81000  0.000000E+00
  4.82000  0.000000E+00
  4.83000  0.000000E+00
  4.84000  0.000000E+00
  4.85000  0.000000E+00
  4.86000  0.000000E+00
  4.87000  0.000000E+00
  4.88000  0.000000E+00
  4.89000  0.000000E+00
  4.90000  0.000000E+00
  4.91000  0.000000E+00
  4.92000  0.000000E+00
  4.93000  0.000000E+00
  4.94000  0.000000E+00
  4.95000  0.000000E+00
  4.96000  0.000000E+00
  4.97000  0.000000E+00
  4.98000  0.000000E+00
  4.99000  0.000000E+00
  5.00000  0.000000E+00
  5.01000  0.000000E+00
  5.02000  0.000000E+00
  5.03000  0.000000E+00
  5.04000  0.000000E+00
  5.05000  0.000000E+00
  5.06000  0.000000E+00
  5.07000  0.000000E+00
  5.08000  0.000000E+00
  5.09000  0.000000E+00
  5.10000  0.000000E+00
  5.11000  0.000000E+00
  5.12000  0.000000E+00
  5.13000  0.000000E+00
  5.14000  0.000000E+00
  5.15000  0.000000E+00
  5.16000  0.000000E+00
  5.17000  0.000000E+00
  5.18000  0.000000E+00
  5.19000  0.000000E+00
  5.20000  0.000000E+00
  5.21000  0.000000E+00
  5.22000  0.000000E+00
  5.23000  0.000000E+00
  5.24000  0.000000E+00
  5.25000  0.000000E+00
  5.26000  0.000000E+00
  5.27000  0.000000E+00
  5.28000  0.000000E+00
  5.29000  0.000000E+00
  5.30000  0.000000E+00
  5.31000  0.000000E+00
  5.32000  0.000000E+00
  5.33000  0.000000E+00
  5.34000  0.000000E+00
  5.35000  0.000000E+00
  5.36000  0.000000E+00
  5.37000  0.000000E+00
  5.38000  0.000000E+00
  5.39000  0.000000E+00
  5.40000  0.000000E+00
  5.41000  0.000000E+00
  5.42000  0.000000E+00
  5.43000  0.000000E+00
  5.44000  0.000000E+00
  5.45000  0.000000E+00
  5.46000  0.000000E+00
  5.47000  0.000000E+00
  5.48000  0.000000E+00
  5.49000  0.000000E+00
  5.50000  0.000000E+00
  5.51000  0.000000E+00
  5.52000  0.000000E+00
  5.53000  0.000000E+00
  5.54000  0.000000E+00
  5.55000  0.000000E+00
  5.56000  0.000000E+00
  5.57000  0.000000E+00
  5.58000  0.000000E+00
  5.59000  0.000000E+00
  5.60000  0.000000E+00
  5.61000  0.000000E+00
  5.62000  0.000000E+00
  5.63000  0.000000E+00
  5.64000  0.000000E+00
  5.65000  0.000000E+00
  5.66000  0.000000E+00
  5.67000  0.000000E+00
  5.68000  0.000000E+00
  5.69000  0.000000E+00
  5.70000  0.000000E+00
  5.71000  0.000000E+00
  5.72000  0.000000E+00
  5.73000  0.000000E+00
  5.74000  0.000000E+00
  5.75000  0.000000E+00
  5.76000  0.000000E+00
  5.77000  0.000000E+00
  5.78000  0.000000E+00
  5.79000  0.000000E+00
  5.80000  0.000000E+00
  5.81000  0.000000E+00
  5.82000  0.000000E+00
  5.83000  0.000000E+00
  5.84000  0.000000E+00
  5.85000  0.000000E+00
  5.86000  0.000000E+00
  5.87000  0.000000E+00
  5.88000  0.000000E+00
  5.89000  0.000000E+00
  5.90000  0.000000E+00
  5.91000  0.000000E+00
  5.92000  0.000000E+00
  5.93000  0.000000E+00
  5.94000  0.000000E+00
  5.95000  0.000000E+00
  5.96000  0.000000E+00
  5.97000  0.000000E+00
  5.98000  0.000000E+00
  5.99000  0.000000E+00
  6.00000  0.000000E+00
  6.20000  0.000000E+00
  6.40000  0.000000E+00
  6.60000  0.000000E+00
  6.80000  0.000000E+00
  7.00000  0.000000E+00
