  0.00000  0.000000E+00
  0.01000  0.000000E+00
  0.02000  0.637378E-27
  0.03000  0.148540E-26
  0.04000  0.456240E-26
  0.05000  0.190797E-25
  0.06000  0.311364E-24
  0.07000  0.188740E-23
  0.08000  0.299815E-23
  0.09000  0.331664E-23
  0.10000  0.145395E-23
  0.11000  0.126744E-23
  0.12000  0.221480E-23
  0.13000  0.542247E-23
  0.14000  0.201705E-22
  0.15000  0.870073E-22
  0.16000  0.163046E-21
  0.17000  0.127625E-21
  0.18000  0.721760E-22
  0.19000  0.492272E-22
  0.20000  0.544540E-22
  0.21000  0.428860E-22
  0.22000  0.195454E-22
  0.23000  0.120238E-22
  0.24000  0.866192E-23
  0.25000  0.423544E-23
  0.26000  0.181477E-23
  0.27000  0.701483E-24
  0.28000  0.410027E-24
  0.29000  0.127875E-24
  0.30000  0.468612E-25
  0.31000  0.204576E-25
  0.32000  0.693421E-26
  0.33000  0.232255E-26
  0.34000  0.897643E-27
  0.35000  0.337772E-27
  0.36000  0.152195E-27
  0.37000  0.588981E-28
  0.38000  0.220174E-28
  0.39000  0.417173E-28
  0.40000  0.249567E-27
  0.41000  0.696120E-27
  0.42000  0.175471E-26
  0.43000  0.524098E-26
  0.44000  0.107519E-25
  0.45000  0.169898E-25
  0.46000  0.342247E-25
  0.47000  0.454664E-25
  0.48000  0.402232E-25
  0.49000  0.425319E-25
  0.50000  0.219745E-24
  0.51000  0.298389E-23
  0.52000  0.145683E-22
  0.53000  0.445449E-22
  0.54000  0.133423E-21
  0.55000  0.448528E-21
  0.56000  0.139913E-20
  0.57000  0.528213E-20
  0.58000  0.175454E-19
  0.59000  0.400758E-19
  0.60000  0.839289E-19
  0.61000  0.178312E-18
  0.62000  0.396352E-18
  0.63000  0.103152E-17
  0.64000  0.231582E-17
  0.65000  0.387093E-17
  0.66000  0.536992E-17
  0.67000  0.101399E-16
  0.68000  0.304401E-16
  0.69000  0.773813E-16
  0.70000  0.170553E-15
  0.71000  0.335692E-15
  0.72000  0.560559E-15
  0.73000  0.997017E-15
  0.74000  0.259193E-14
  0.75000  0.862015E-14
  0.76000  0.249128E-13
  0.77000  0.508714E-13
  0.78000  0.882322E-13
  0.79000  0.154972E-12
  0.80000  0.260484E-12
  0.81000  0.335306E-12
  0.82000  0.352516E-12
  0.83000  0.375533E-12
  0.84000  0.383761E-12
  0.85000  0.355792E-12
  0.86000  0.318057E-12
  0.87000  0.291618E-12
  0.88000  0.250546E-12
  0.89000  0.200071E-12
  0.90000  0.155878E-12
  0.91000  0.114985E-12
  0.92000  0.729635E-13
  0.93000  0.400098E-13
  0.94000  0.218138E-13
  0.95000  0.129048E-13
  0.96000  0.835609E-14
  0.97000  0.571043E-14
  0.98000  0.381206E-14
  0.99000  0.255367E-14
  1.00000  0.172485E-14
  1.01000  0.106649E-14
  1.02000  0.502711E-15
  1.03000  0.185453E-15
  1.04000  0.657683E-16
  1.05000  0.307784E-16
  1.06000  0.293881E-16
  1.07000  0.288295E-16
  1.08000  0.291467E-16
  1.09000  0.296915E-16
  1.10000  0.300322E-16
  1.11000  0.995140E-16
  1.12000  0.378780E-15
  1.13000  0.110930E-14
  1.14000  0.232110E-14
  1.15000  0.391112E-14
  1.16000  0.644642E-14
  1.17000  0.105688E-13
  1.18000  0.239227E-13
  1.19000  0.591381E-13
  1.20000  0.123340E-12
  1.21000  0.261343E-12
  1.22000  0.535296E-12
  1.23000  0.104961E-11
  1.24000  0.183448E-11
  1.25000  0.220435E-11
  1.26000  0.197984E-11
  1.27000  0.204986E-11
  1.28000  0.290321E-11
  1.29000  0.477703E-11
  1.30000  0.737345E-11
  1.31000  0.130369E-10
  1.32000  0.290128E-10
  1.33000  0.102671E-09
  1.34000  0.532488E-09
  1.35000  0.256094E-08
  1.36000  0.754701E-08
  1.37000  0.141324E-07
  1.38000  0.207143E-07
  1.39000  0.269222E-07
  1.40000  0.269953E-07
  1.41000  0.233870E-07
  1.42000  0.206746E-07
  1.43000  0.166098E-07
  1.44000  0.147905E-07
  1.45000  0.156313E-07
  1.46000  0.181023E-07
  1.47000  0.246783E-07
  1.48000  0.402785E-07
  1.49000  0.603931E-07
  1.50000  0.857771E-07
  1.51000  0.120635E-06
  1.52000  0.172178E-06
  1.53000  0.249208E-06
  1.54000  0.356936E-06
  1.55000  0.496391E-06
  1.56000  0.693935E-06
  1.57000  0.101905E-05
  1.58000  0.153674E-05
  1.59000  0.230135E-05
  1.60000  0.344149E-05
  1.61000  0.521687E-05
  1.62000  0.786438E-05
  1.63000  0.112746E-04
  1.64000  0.147772E-04
  1.65000  0.174158E-04
  1.66000  0.189443E-04
  1.67000  0.192976E-04
  1.68000  0.189460E-04
  1.69000  0.184215E-04
  1.70000  0.180617E-04
  1.71000  0.331664E-04
  1.72000  0.149365E-03
  1.73000  0.498610E-03
  1.74000  0.119856E-02
  1.75000  0.224341E-02
  1.76000  0.362539E-02
  1.77000  0.734312E-02
  1.78000  0.153465E-01
  1.79000  0.292414E-01
  1.80000  0.507894E-01
  1.81000  0.796818E-01
  1.82000  0.113817E+00
  1.83000  0.151133E+00
  1.84000  0.190206E+00
  1.85000  0.233562E+00
  1.86000  0.282144E+00
  1.87000  0.342828E+00
  1.88000  0.409884E+00
  1.89000  0.475753E+00
  1.90000  0.533062E+00
  1.91000  0.582570E+00
  1.92000  0.630058E+00
  1.93000  0.686057E+00
  1.94000  0.758326E+00
  1.95000  0.849719E+00
  1.96000  0.925869E+00
  1.97000  0.100000E+01
  1.98000  0.989916E+00
  1.99000  0.897760E+00
  2.00000  0.748362E+00
  2.01000  0.576355E+00
  2.02000  0.416713E+00
  2.03000  0.285151E+00
  2.04000  0.187241E+00
  2.05000  0.120819E+00
  2.06000  0.721682E-01
  2.07000  0.468425E-01
  2.08000  0.328408E-01
  2.09000  0.251441E-01
  2.10000  0.185468E-01
  2.11000  0.130794E-01
  2.12000  0.924096E-02
  2.13000  0.699469E-02
  2.14000  0.517300E-02
  2.15000  0.374586E-02
  2.16000  0.242545E-02
  2.17000  0.174277E-02
  2.18000  0.126904E-02
  2.19000  0.937954E-03
  2.20000  0.705261E-03
  2.21000  0.542395E-03
  2.22000  0.428410E-03
  2.23000  0.345621E-03
  2.24000  0.281277E-03
  2.25000  0.230252E-03
  2.26000  0.167593E-03
  2.27000  0.139618E-03
  2.28000  0.117436E-03
  2.29000  0.999753E-04
  2.30000  0.855731E-04
  2.31000  0.736038E-04
  2.32000  0.642067E-04
  2.33000  0.567539E-04
  2.34000  0.506685E-04
  2.35000  0.460715E-04
  2.36000  0.372514E-04
  2.37000  0.352250E-04
  2.38000  0.335800E-04
  2.39000  0.322281E-04
  2.40000  0.310792E-04
  2.41000  0.298305E-04
  2.42000  0.284860E-04
  2.43000  0.269487E-04
  2.44000  0.251251E-04
  2.45000  0.230118E-04
  2.46000  0.171730E-04
  2.47000  0.147448E-04
  2.48000  0.118959E-04
  2.49000  0.878299E-05
  2.50000  0.587177E-05
  2.51000  0.355480E-05
  2.52000  0.194337E-05
  2.53000  0.959881E-06
  2.54000  0.442086E-06
  2.55000  0.200286E-06
  2.56000  0.730699E-07
  2.57000  0.333255E-07
  2.58000  0.151935E-07
  2.59000  0.699160E-08
  2.60000  0.326009E-08
  2.61000  0.171632E-08
  2.62000  0.993908E-09
  2.63000  0.576373E-09
  2.64000  0.340151E-09
  2.65000  0.206772E-09
  2.66000  0.848768E-10
  2.67000  0.517741E-10
  2.68000  0.312835E-10
  2.69000  0.186692E-10
  2.70000  0.109951E-10
  2.71000  0.643387E-11
  2.72000  0.379387E-11
  2.73000  0.228218E-11
  2.74000  0.140287E-11
  2.75000  0.872496E-12
  2.76000  0.298089E-12
  2.77000  0.179608E-12
  2.78000  0.105503E-12
  2.79000  0.599317E-13
  2.80000  0.328044E-13
  2.81000  0.173143E-13
  2.82000  0.875076E-14
  2.83000  0.422435E-14
  2.84000  0.193937E-14
  2.85000  0.844236E-15
  2.86000  0.159972E-15
  2.87000  0.617274E-16
  2.88000  0.225257E-16
  2.89000  0.770139E-17
  2.90000  0.243661E-17
  2.91000  0.710657E-18
  2.92000  0.191239E-18
  2.93000  0.478230E-19
  2.94000  0.112844E-19
  2.95000  0.254806E-20
  2.96000  0.185137E-21
  2.97000  0.214827E-21
  2.98000  0.513949E-21
  2.99000  0.136229E-20
  3.00000  0.387964E-20
  3.01000  0.113861E-19
  3.02000  0.313256E-19
  3.03000  0.723865E-19
  3.04000  0.122891E-18
  3.05000  0.134834E-18
  3.06000  0.224203E-19
  3.07000  0.778274E-20
  3.08000  0.348306E-20
  3.09000  0.134900E-20
  3.10000  0.431899E-21
  3.11000  0.122264E-21
  3.12000  0.303170E-22
  3.13000  0.622555E-23
  3.14000  0.103883E-23
  3.15000  0.151261E-24
  3.16000  0.288947E-26
  3.17000  0.378769E-27
  3.18000  0.444968E-28
  3.19000  0.778159E-29
  3.20000  0.150719E-29
  3.21000  0.000000E+00
  3.22000  0.000000E+00
  3.23000  0.000000E+00
  3.24000  0.000000E+00
  3.25000  0.000000E+00
  3.26000  0.000000E+00
  3.27000  0.000000E+00
  3.28000  0.000000E+00
  3.29000  0.000000E+00
  3.30000  0.000000E+00
  3.31000  0.000000E+00
  3.32000  0.000000E+00
  3.33000  0.000000E+00
  3.34000  0.000000E+00
  3.35000  0.000000E+00
  3.36000  0.000000E+00
  3.37000  0.000000E+00
  3.38000  0.000000E+00
  3.39000  0.000000E+00
  3.40000  0.000000E+00
  3.41000  0.000000E+00
  3.42000  0.000000E+00
  3.43000  0.000000E+00
  3.44000  0.000000E+00
  3.45000  0.000000E+00
  3.46000  0.000000E+00
  3.47000  0.000000E+00
  3.48000  0.000000E+00
  3.49000  0.000000E+00
  3.50000  0.000000E+00
  3.51000  0.000000E+00
  3.52000  0.000000E+00
  3.53000  0.000000E+00
  3.54000  0.000000E+00
  3.55000  0.000000E+00
  3.56000  0.000000E+00
  3.57000  0.000000E+00
  3.58000  0.000000E+00
  3.59000  0.000000E+00
  3.60000  0.000000E+00
  3.61000  0.000000E+00
  3.62000  0.000000E+00
  3.63000  0.000000E+00
  3.64000  0.000000E+00
  3.65000  0.000000E+00
  3.66000  0.000000E+00
  3.67000  0.000000E+00
  3.68000  0.000000E+00
  3.69000  0.000000E+00
  3.70000  0.000000E+00
  3.71000  0.000000E+00
  3.72000  0.000000E+00
  3.73000  0.000000E+00
  3.74000  0.000000E+00
  3.75000  0.000000E+00
  3.76000  0.000000E+00
  3.77000  0.000000E+00
  3.78000  0.000000E+00
  3.79000  0.000000E+00
  3.80000  0.000000E+00
  3.81000  0.000000E+00
  3.82000  0.000000E+00
  3.83000  0.000000E+00
  3.84000  0.000000E+00
  3.85000  0.000000E+00
  3.86000  0.000000E+00
  3.87000  0.000000E+00
  3.88000  0.000000E+00
  3.89000  0.000000E+00
  3.90000  0.000000E+00
  3.91000  0.000000E+00
  3.92000  0.000000E+00
  3.93000  0.000000E+00
  3.94000  0.000000E+00
  3.95000  0.000000E+00
  3.96000  0.000000E+00
  3.97000  0.000000E+00
  3.98000  0.000000E+00
  3.99000  0.000000E+00
  4.00000  0.000000E+00
  4.01000  0.000000E+00
  4.02000  0.000000E+00
  4.03000  0.000000E+00
  4.04000  0.000000E+00
  4.05000  0.000000E+00
  4.06000  0.000000E+00
  4.07000  0.000000E+00
  4.08000  0.000000E+00
  4.09000  0.000000E+00
  4.10000  0.000000E+00
  4.11000  0.000000E+00
  4.12000  0.000000E+00
  4.13000  0.000000E+00
  4.14000  0.000000E+00
  4.15000  0.000000E+00
  4.16000  0.000000E+00
  4.17000  0.000000E+00
  4.18000  0.000000E+00
  4.19000  0.000000E+00
  4.20000  0.000000E+00
  4.21000  0.000000E+00
  4.22000  0.000000E+00
  4.23000  0.000000E+00
  4.24000  0.000000E+00
  4.25000  0.000000E+00
  4.26000  0.000000E+00
  4.27000  0.000000E+00
  4.28000  0.000000E+00
  4.29000  0.000000E+00
  4.30000  0.000000E+00
  4.31000  0.000000E+00
  4.32000  0.000000E+00
  4.33000  0.000000E+00
  4.34000  0.000000E+00
  4.35000  0.000000E+00
  4.36000  0.000000E+00
  4.37000  0.000000E+00
  4.38000  0.000000E+00
  4.39000  0.000000E+00
  4.40000  0.000000E+00
  4.41000  0.000000E+00
  4.42000  0.000000E+00
  4.43000  0.000000E+00
  4.44000  0.000000E+00
  4.45000  0.000000E+00
  4.46000  0.000000E+00
  4.47000  0.000000E+00
  4.48000  0.000000E+00
  4.49000  0.000000E+00
  4.50000  0.000000E+00
  4.51000  0.000000E+00
  4.52000  0.000000E+00
  4.53000  0.000000E+00
  4.54000  0.000000E+00
  4.55000  0.000000E+00
  4.56000  0.000000E+00
  4.57000  0.000000E+00
  4.58000  0.000000E+00
  4.59000  0.000000E+00
  4.60000  0.000000E+00
  4.61000  0.000000E+00
  4.62000  0.000000E+00
  4.63000  0.000000E+00
  4.64000  0.000000E+00
  4.65000  0.000000E+00
  4.66000  0.000000E+00
  4.67000  0.000000E+00
  4.68000  0.000000E+00
  4.69000  0.000000E+00
  4.70000  0.000000E+00
  4.71000  0.000000E+00
  4.72000  0.000000E+00
  4.73000  0.000000E+00
  4.74000  0.000000E+00
  4.75000  0.000000E+00
  4.76000  0.000000E+00
  4.77000  0.000000E+00
  4.78000  0.000000E+00
  4.79000  0.000000E+00
  4.80000  0.000000E+00
  4.81000  0.000000E+00
  4.82000  0.000000E+00
  4.83000  0.000000E+00
  4.84000  0.000000E+00
  4.85000  0.000000E+00
  4.86000  0.000000E+00
  4.87000  0.000000E+00
  4.88000  0.000000E+00
  4.89000  0.000000E+00
  4.90000  0.000000E+00
  4.91000  0.000000E+00
  4.92000  0.000000E+00
  4.93000  0.000000E+00
  4.94000  0.000000E+00
  4.95000  0.000000E+00
  4.96000  0.000000E+00
  4.97000  0.000000E+00
  4.98000  0.000000E+00
  4.99000  0.000000E+00
  5.00000  0.000000E+00
  5.01000  0.000000E+00
  5.02000  0.000000E+00
  5.03000  0.000000E+00
  5.04000  0.000000E+00
  5.05000  0.000000E+00
  5.06000  0.000000E+00
  5.07000  0.000000E+00
  5.08000  0.000000E+00
  5.09000  0.000000E+00
  5.10000  0.000000E+00
  5.11000  0.000000E+00
  5.12000  0.000000E+00
  5.13000  0.000000E+00
  5.14000  0.000000E+00
  5.15000  0.000000E+00
  5.16000  0.000000E+00
  5.17000  0.000000E+00
  5.18000  0.000000E+00
  5.19000  0.000000E+00
  5.20000  0.000000E+00
  5.21000  0.000000E+00
  5.22000  0.000000E+00
  5.23000  0.000000E+00
  5.24000  0.000000E+00
  5.25000  0.000000E+00
  5.26000  0.000000E+00
  5.27000  0.000000E+00
  5.28000  0.000000E+00
  5.29000  0.000000E+00
  5.30000  0.000000E+00
  5.31000  0.000000E+00
  5.32000  0.000000E+00
  5.33000  0.000000E+00
  5.34000  0.000000E+00
  5.35000  0.000000E+00
  5.36000  0.000000E+00
  5.37000  0.000000E+00
  5.38000  0.000000E+00
  5.39000  0.000000E+00
  5.40000  0.000000E+00
  5.41000  0.000000E+00
  5.42000  0.000000E+00
  5.43000  0.000000E+00
  5.44000  0.000000E+00
  5.45000  0.000000E+00
  5.46000  0.000000E+00
  5.47000  0.000000E+00
  5.48000  0.000000E+00
  5.49000  0.000000E+00
  5.50000  0.000000E+00
  5.51000  0.000000E+00
  5.52000  0.000000E+00
  5.53000  0.000000E+00
  5.54000  0.000000E+00
  5.55000  0.000000E+00
  5.56000  0.000000E+00
  5.57000  0.000000E+00
  5.58000  0.000000E+00
  5.59000  0.000000E+00
  5.60000  0.000000E+00
  5.61000  0.000000E+00
  5.62000  0.000000E+00
  5.63000  0.000000E+00
  5.64000  0.000000E+00
  5.65000  0.000000E+00
  5.66000  0.000000E+00
  5.67000  0.000000E+00
  5.68000  0.000000E+00
  5.69000  0.000000E+00
  5.70000  0.000000E+00
  5.71000  0.000000E+00
  5.72000  0.000000E+00
  5.73000  0.000000E+00
  5.74000  0.000000E+00
  5.75000  0.000000E+00
  5.76000  0.000000E+00
  5.77000  0.000000E+00
  5.78000  0.000000E+00
  5.79000  0.000000E+00
  5.80000  0.000000E+00
  5.81000  0.000000E+00
  5.82000  0.000000E+00
  5.83000  0.000000E+00
  5.84000  0.000000E+00
  5.85000  0.000000E+00
  5.86000  0.000000E+00
  5.87000  0.000000E+00
  5.88000  0.000000E+00
  5.89000  0.000000E+00
  5.90000  0.000000E+00
  5.91000  0.000000E+00
  5.92000  0.000000E+00
  5.93000  0.000000E+00
  5.94000  0.000000E+00
  5.95000  0.000000E+00
  5.96000  0.000000E+00
  5.97000  0.000000E+00
  5.98000  0.000000E+00
  5.99000  0.000000E+00
  6.00000  0.000000E+00
  6.20000  0.000000E+00
  6.40000  0.000000E+00
  6.60000  0.000000E+00
  6.80000  0.000000E+00
  7.00000  0.000000E+00
