  0.00000  0.000000E+00
  0.01000  0.000000E+00
  0.02000  0.000000E+00
  0.03000  0.000000E+00
  0.04000  0.000000E+00
  0.05000  0.000000E+00
  0.06000  0.000000E+00
  0.07000  0.000000E+00
  0.08000  0.000000E+00
  0.09000  0.000000E+00
  0.10000  0.000000E+00
  0.11000  0.000000E+00
  0.12000  0.000000E+00
  0.13000  0.000000E+00
  0.14000  0.000000E+00
  0.15000  0.000000E+00
  0.16000  0.000000E+00
  0.17000  0.000000E+00
  0.18000  0.000000E+00
  0.19000  0.000000E+00
  0.20000  0.000000E+00
  0.21000  0.000000E+00
  0.22000  0.000000E+00
  0.23000  0.000000E+00
  0.24000  0.000000E+00
  0.25000  0.000000E+00
  0.26000  0.000000E+00
  0.27000  0.000000E+00
  0.28000  0.000000E+00
  0.29000  0.000000E+00
  0.30000  0.000000E+00
  0.31000  0.000000E+00
  0.32000  0.000000E+00
  0.33000  0.000000E+00
  0.34000  0.000000E+00
  0.35000  0.000000E+00
  0.36000  0.000000E+00
  0.37000  0.000000E+00
  0.38000  0.000000E+00
  0.39000  0.000000E+00
  0.40000  0.000000E+00
  0.41000  0.000000E+00
  0.42000  0.000000E+00
  0.43000  0.000000E+00
  0.44000  0.000000E+00
  0.45000  0.000000E+00
  0.46000  0.000000E+00
  0.47000  0.000000E+00
  0.48000  0.000000E+00
  0.49000  0.000000E+00
  0.50000  0.000000E+00
  0.51000  0.000000E+00
  0.52000  0.000000E+00
  0.53000  0.000000E+00
  0.54000  0.000000E+00
  0.55000  0.000000E+00
  0.56000  0.000000E+00
  0.57000  0.000000E+00
  0.58000  0.000000E+00
  0.59000  0.000000E+00
  0.60000  0.000000E+00
  0.61000  0.000000E+00
  0.62000  0.000000E+00
  0.63000  0.000000E+00
  0.64000  0.000000E+00
  0.65000  0.000000E+00
  0.66000  0.000000E+00
  0.67000  0.000000E+00
  0.68000  0.000000E+00
  0.69000  0.000000E+00
  0.70000  0.000000E+00
  0.71000  0.000000E+00
  0.72000  0.000000E+00
  0.73000  0.000000E+00
  0.74000  0.000000E+00
  0.75000  0.000000E+00
  0.76000  0.000000E+00
  0.77000  0.000000E+00
  0.78000  0.000000E+00
  0.79000  0.000000E+00
  0.80000  0.000000E+00
  0.81000  0.000000E+00
  0.82000  0.000000E+00
  0.83000  0.000000E+00
  0.84000  0.000000E+00
  0.85000  0.000000E+00
  0.86000  0.000000E+00
  0.87000  0.000000E+00
  0.88000  0.000000E+00
  0.89000  0.000000E+00
  0.90000  0.000000E+00
  0.91000  0.000000E+00
  0.92000  0.000000E+00
  0.93000  0.000000E+00
  0.94000  0.000000E+00
  0.95000  0.000000E+00
  0.96000  0.000000E+00
  0.97000  0.000000E+00
  0.98000  0.000000E+00
  0.99000  0.000000E+00
  1.00000  0.000000E+00
  1.01000  0.000000E+00
  1.02000  0.000000E+00
  1.03000  0.000000E+00
  1.04000  0.000000E+00
  1.05000  0.000000E+00
  1.06000  0.000000E+00
  1.07000  0.000000E+00
  1.08000  0.000000E+00
  1.09000  0.000000E+00
  1.10000  0.000000E+00
  1.11000  0.000000E+00
  1.12000  0.000000E+00
  1.13000  0.000000E+00
  1.14000  0.000000E+00
  1.15000  0.000000E+00
  1.16000  0.000000E+00
  1.17000  0.000000E+00
  1.18000  0.000000E+00
  1.19000  0.000000E+00
  1.20000  0.000000E+00
  1.21000  0.000000E+00
  1.22000  0.000000E+00
  1.23000  0.000000E+00
  1.24000  0.000000E+00
  1.25000  0.000000E+00
  1.26000  0.000000E+00
  1.27000  0.000000E+00
  1.28000  0.000000E+00
  1.29000  0.000000E+00
  1.30000  0.000000E+00
  1.31000  0.000000E+00
  1.32000  0.000000E+00
  1.33000  0.000000E+00
  1.34000  0.000000E+00
  1.35000  0.000000E+00
  1.36000  0.000000E+00
  1.37000  0.000000E+00
  1.38000  0.000000E+00
  1.39000  0.000000E+00
  1.40000  0.000000E+00
  1.41000  0.000000E+00
  1.42000  0.000000E+00
  1.43000  0.000000E+00
  1.44000  0.000000E+00
  1.45000  0.000000E+00
  1.46000  0.000000E+00
  1.47000  0.000000E+00
  1.48000  0.000000E+00
  1.49000  0.000000E+00
  1.50000  0.000000E+00
  1.51000  0.000000E+00
  1.52000  0.000000E+00
  1.53000  0.000000E+00
  1.54000  0.000000E+00
  1.55000  0.000000E+00
  1.56000  0.000000E+00
  1.57000  0.000000E+00
  1.58000  0.000000E+00
  1.59000  0.000000E+00
  1.60000  0.000000E+00
  1.61000  0.000000E+00
  1.62000  0.000000E+00
  1.63000  0.000000E+00
  1.64000  0.000000E+00
  1.65000  0.000000E+00
  1.66000  0.000000E+00
  1.67000  0.000000E+00
  1.68000  0.000000E+00
  1.69000  0.000000E+00
  1.70000  0.000000E+00
  1.71000  0.000000E+00
  1.72000  0.000000E+00
  1.73000  0.000000E+00
  1.74000  0.000000E+00
  1.75000  0.000000E+00
  1.76000  0.000000E+00
  1.77000  0.000000E+00
  1.78000  0.000000E+00
  1.79000  0.000000E+00
  1.80000  0.769595E-23
  1.81000  0.352716E-10
  1.82000  0.249465E-08
  1.83000  0.326593E-08
  1.84000  0.422135E-08
  1.85000  0.551573E-07
  1.86000  0.102961E-04
  1.87000  0.121216E-04
  1.88000  0.140226E-04
  1.89000  0.160743E-04
  1.90000  0.183073E-04
  1.91000  0.206365E-04
  1.92000  0.230674E-04
  1.93000  0.256706E-04
  1.94000  0.283964E-04
  1.95000  0.311273E-04
  1.96000  0.342786E-04
  1.97000  0.373059E-04
  1.98000  0.407854E-04
  1.99000  0.450525E-04
  2.00000  0.501436E-04
  2.01000  0.560526E-04
  2.02000  0.631307E-04
  2.03000  0.720344E-04
  2.04000  0.853208E-04
  2.05000  0.106803E-03
  2.06000  0.145126E-03
  2.07000  0.199043E-03
  2.08000  0.286787E-03
  2.09000  0.410911E-03
  2.10000  0.566122E-03
  2.11000  0.744954E-03
  2.12000  0.956602E-03
  2.13000  0.120169E-02
  2.14000  0.147388E-02
  2.15000  0.177030E-02
  2.16000  0.225689E-02
  2.17000  0.267137E-02
  2.18000  0.305039E-02
  2.19000  0.335449E-02
  2.20000  0.372296E-02
  2.21000  0.476044E-02
  2.22000  0.592396E-02
  2.23000  0.715007E-02
  2.24000  0.859979E-02
  2.25000  0.103997E-01
  2.26000  0.131287E-01
  2.27000  0.160242E-01
  2.28000  0.196562E-01
  2.29000  0.242623E-01
  2.30000  0.300890E-01
  2.31000  0.373597E-01
  2.32000  0.463366E-01
  2.33000  0.573008E-01
  2.34000  0.706310E-01
  2.35000  0.867956E-01
  2.36000  0.109795E+00
  2.37000  0.133316E+00
  2.38000  0.160983E+00
  2.39000  0.193647E+00
  2.40000  0.229216E+00
  2.41000  0.264735E+00
  2.42000  0.301826E+00
  2.43000  0.344328E+00
  2.44000  0.392795E+00
  2.45000  0.445256E+00
  2.46000  0.511805E+00
  2.47000  0.565265E+00
  2.48000  0.613152E+00
  2.49000  0.650685E+00
  2.50000  0.674037E+00
  2.51000  0.678251E+00
  2.52000  0.660611E+00
  2.53000  0.632551E+00
  2.54000  0.612248E+00
  2.55000  0.606214E+00
  2.56000  0.619654E+00
  2.57000  0.631145E+00
  2.58000  0.647108E+00
  2.59000  0.659015E+00
  2.60000  0.665782E+00
  2.61000  0.676910E+00
  2.62000  0.699028E+00
  2.63000  0.726266E+00
  2.64000  0.746656E+00
  2.65000  0.753505E+00
  2.66000  0.756366E+00
  2.67000  0.756448E+00
  2.68000  0.794399E+00
  2.69000  0.845378E+00
  2.70000  0.893341E+00
  2.71000  0.936401E+00
  2.72000  0.971339E+00
  2.73000  0.993102E+00
  2.74000  0.100000E+01
  2.75000  0.998385E+00
  2.76000  0.998861E+00
  2.77000  0.992862E+00
  2.78000  0.973639E+00
  2.79000  0.943402E+00
  2.80000  0.910339E+00
  2.81000  0.879579E+00
  2.82000  0.855208E+00
  2.83000  0.838822E+00
  2.84000  0.825785E+00
  2.85000  0.809696E+00
  2.86000  0.776650E+00
  2.87000  0.741426E+00
  2.88000  0.697892E+00
  2.89000  0.649974E+00
  2.90000  0.600966E+00
  2.91000  0.553303E+00
  2.92000  0.506654E+00
  2.93000  0.459488E+00
  2.94000  0.413568E+00
  2.95000  0.371718E+00
  2.96000  0.325925E+00
  2.97000  0.292173E+00
  2.98000  0.260460E+00
  2.99000  0.230526E+00
  3.00000  0.202936E+00
  3.01000  0.177864E+00
  3.02000  0.155146E+00
  3.03000  0.134854E+00
  3.04000  0.117096E+00
  3.05000  0.101520E+00
  3.06000  0.831555E-01
  3.07000  0.714796E-01
  3.08000  0.615292E-01
  3.09000  0.531798E-01
  3.10000  0.460037E-01
  3.11000  0.395428E-01
  3.12000  0.335840E-01
  3.13000  0.281952E-01
  3.14000  0.235228E-01
  3.15000  0.195763E-01
  3.16000  0.152823E-01
  3.17000  0.126104E-01
  3.18000  0.103312E-01
  3.19000  0.838926E-02
  3.20000  0.673636E-02
  3.21000  0.534301E-02
  3.22000  0.419623E-02
  3.23000  0.328681E-02
  3.24000  0.259336E-02
  3.25000  0.206916E-02
  3.26000  0.153400E-02
  3.27000  0.121512E-02
  3.28000  0.954051E-03
  3.29000  0.746480E-03
  3.30000  0.581766E-03
  3.31000  0.448409E-03
  3.32000  0.341494E-03
  3.33000  0.258711E-03
  3.34000  0.197124E-03
  3.35000  0.151619E-03
  3.36000  0.104742E-03
  3.37000  0.807758E-04
  3.38000  0.629024E-04
  3.39000  0.497253E-04
  3.40000  0.399895E-04
  3.41000  0.326079E-04
  3.42000  0.267446E-04
  3.43000  0.219374E-04
  3.44000  0.179635E-04
  3.45000  0.146703E-04
  3.46000  0.103254E-04
  3.47000  0.837324E-05
  3.48000  0.677563E-05
  3.49000  0.547294E-05
  3.50000  0.440395E-05
  3.51000  0.351828E-05
  3.52000  0.278811E-05
  3.53000  0.219292E-05
  3.54000  0.171918E-05
  3.55000  0.135857E-05
  3.56000  0.925823E-06
  3.57000  0.745215E-06
  3.58000  0.599526E-06
  3.59000  0.480357E-06
  3.60000  0.382394E-06
  3.61000  0.301054E-06
  3.62000  0.233720E-06
  3.63000  0.179289E-06
  3.64000  0.136530E-06
  3.65000  0.103781E-06
  3.66000  0.660305E-07
  3.67000  0.506680E-07
  3.68000  0.392405E-07
  3.69000  0.306189E-07
  3.70000  0.239245E-07
  3.71000  0.185911E-07
  3.72000  0.143204E-07
  3.73000  0.109478E-07
  3.74000  0.832021E-08
  3.75000  0.625843E-08
  3.76000  0.380239E-08
  3.77000  0.273815E-08
  3.78000  0.192121E-08
  3.79000  0.131188E-08
  3.80000  0.871363E-09
  3.81000  0.562076E-09
  3.82000  0.351483E-09
  3.83000  0.213520E-09
  3.84000  0.127272E-09
  3.85000  0.754530E-10
  3.86000  0.357039E-10
  3.87000  0.213442E-10
  3.88000  0.128795E-10
  3.89000  0.784651E-11
  3.90000  0.482305E-11
  3.91000  0.298665E-11
  3.92000  0.185702E-11
  3.93000  0.115257E-11
  3.94000  0.711262E-12
  3.95000  0.436710E-12
  3.96000  0.198214E-12
  3.97000  0.120540E-12
  3.98000  0.732072E-13
  3.99000  0.443247E-13
  4.00000  0.267638E-13
  4.01000  0.161369E-13
  4.02000  0.972594E-14
  4.03000  0.588839E-14
  4.04000  0.360325E-14
  4.05000  0.224328E-14
  4.06000  0.951140E-15
  4.07000  0.677714E-15
  4.08000  0.557954E-15
  4.09000  0.477630E-15
  4.10000  0.420018E-15
  4.11000  0.374846E-15
  4.12000  0.334861E-15
  4.13000  0.297158E-15
  4.14000  0.260418E-15
  4.15000  0.223439E-15
  4.16000  0.120441E-15
  4.17000  0.961040E-16
  4.18000  0.730353E-16
  4.19000  0.525403E-16
  4.20000  0.358735E-16
  4.21000  0.236811E-16
  4.22000  0.154932E-16
  4.23000  0.100791E-16
  4.24000  0.665091E-17
  4.25000  0.453831E-17
  4.26000  0.195095E-17
  4.27000  0.144665E-17
  4.28000  0.110733E-17
  4.29000  0.866272E-18
  4.30000  0.687606E-18
  4.31000  0.552386E-18
  4.32000  0.446469E-18
  4.33000  0.359674E-18
  4.34000  0.287414E-18
  4.35000  0.227432E-18
  4.36000  0.104515E-18
  4.37000  0.788044E-19
  4.38000  0.574710E-19
  4.39000  0.403595E-19
  4.40000  0.271315E-19
  4.41000  0.173398E-19
  4.42000  0.105035E-19
  4.43000  0.607623E-20
  4.44000  0.340523E-20
  4.45000  0.188701E-20
  4.46000  0.560828E-21
  4.47000  0.320887E-21
  4.48000  0.194537E-21
  4.49000  0.126098E-21
  4.50000  0.869248E-22
  4.51000  0.629777E-22
  4.52000  0.474310E-22
  4.53000  0.368271E-22
  4.54000  0.292215E-22
  4.55000  0.235533E-22
  4.56000  0.999906E-23
  4.57000  0.816884E-23
  4.58000  0.666639E-23
  4.59000  0.542607E-23
  4.60000  0.438799E-23
  4.61000  0.350366E-23
  4.62000  0.274138E-23
  4.63000  0.208834E-23
  4.64000  0.154987E-23
  4.65000  0.112635E-23
  4.66000  0.406084E-24
  4.67000  0.270525E-24
  4.68000  0.174906E-24
  4.69000  0.111091E-24
  4.70000  0.705902E-25
  4.71000  0.456689E-25
  4.72000  0.304764E-25
  4.73000  0.211892E-25
  4.74000  0.152230E-25
  4.75000  0.111442E-25
  4.76000  0.415408E-26
  4.77000  0.315038E-26
  4.78000  0.244076E-26
  4.79000  0.190603E-26
  4.80000  0.149879E-26
  4.81000  0.118357E-26
  4.82000  0.936210E-27
  4.83000  0.749105E-27
  4.84000  0.605583E-27
  4.85000  0.485358E-27
  4.86000  0.241012E-27
  4.87000  0.202293E-27
  4.88000  0.168905E-27
  4.89000  0.140448E-27
  4.90000  0.116015E-27
  4.91000  0.948017E-28
  4.92000  0.766064E-28
  4.93000  0.614530E-28
  4.94000  0.491228E-28
  4.95000  0.392573E-28
  4.96000  0.207155E-28
  4.97000  0.165994E-28
  4.98000  0.132674E-28
  4.99000  0.105223E-28
  5.00000  0.925515E-29
  5.01000  0.828426E-29
  5.02000  0.738343E-29
  5.03000  0.651359E-29
  5.04000  0.566728E-29
  5.05000  0.484483E-29
  5.06000  0.225599E-29
  5.07000  0.183109E-29
  5.08000  0.144667E-29
  5.09000  0.110986E-29
  5.10000  0.000000E+00
  5.11000  0.000000E+00
  5.12000  0.000000E+00
  5.13000  0.000000E+00
  5.14000  0.000000E+00
  5.15000  0.000000E+00
  5.16000  0.000000E+00
  5.17000  0.000000E+00
  5.18000  0.000000E+00
  5.19000  0.000000E+00
  5.20000  0.000000E+00
  5.21000  0.000000E+00
  5.22000  0.000000E+00
  5.23000  0.000000E+00
  5.24000  0.000000E+00
  5.25000  0.000000E+00
  5.26000  0.000000E+00
  5.27000  0.000000E+00
  5.28000  0.000000E+00
  5.29000  0.000000E+00
  5.30000  0.000000E+00
  5.31000  0.000000E+00
  5.32000  0.000000E+00
  5.33000  0.000000E+00
  5.34000  0.000000E+00
  5.35000  0.000000E+00
  5.36000  0.000000E+00
  5.37000  0.000000E+00
  5.38000  0.000000E+00
  5.39000  0.000000E+00
  5.40000  0.000000E+00
  5.41000  0.000000E+00
  5.42000  0.000000E+00
  5.43000  0.000000E+00
  5.44000  0.000000E+00
  5.45000  0.000000E+00
  5.46000  0.000000E+00
  5.47000  0.000000E+00
  5.48000  0.000000E+00
  5.49000  0.000000E+00
  5.50000  0.000000E+00
  5.51000  0.000000E+00
  5.52000  0.000000E+00
  5.53000  0.000000E+00
  5.54000  0.000000E+00
  5.55000  0.000000E+00
  5.56000  0.000000E+00
  5.57000  0.000000E+00
  5.58000  0.000000E+00
  5.59000  0.000000E+00
  5.60000  0.000000E+00
  5.61000  0.000000E+00
  5.62000  0.000000E+00
  5.63000  0.000000E+00
  5.64000  0.000000E+00
  5.65000  0.000000E+00
  5.66000  0.000000E+00
  5.67000  0.000000E+00
  5.68000  0.000000E+00
  5.69000  0.000000E+00
  5.70000  0.000000E+00
  5.71000  0.000000E+00
  5.72000  0.000000E+00
  5.73000  0.000000E+00
  5.74000  0.000000E+00
  5.75000  0.000000E+00
  5.76000  0.000000E+00
  5.77000  0.000000E+00
  5.78000  0.000000E+00
  5.79000  0.000000E+00
  5.80000  0.000000E+00
  5.81000  0.000000E+00
  5.82000  0.000000E+00
  5.83000  0.000000E+00
  5.84000  0.000000E+00
  5.85000  0.000000E+00
  5.86000  0.000000E+00
  5.87000  0.000000E+00
  5.88000  0.000000E+00
  5.89000  0.000000E+00
  5.90000  0.000000E+00
  5.91000  0.000000E+00
  5.92000  0.000000E+00
  5.93000  0.000000E+00
  5.94000  0.000000E+00
  5.95000  0.000000E+00
  5.96000  0.000000E+00
  5.97000  0.000000E+00
  5.98000  0.000000E+00
  5.99000  0.000000E+00
  6.00000  0.000000E+00
  6.20000  0.000000E+00
  6.40000  0.000000E+00
  6.60000  0.000000E+00
  6.80000  0.000000E+00
  7.00000  0.000000E+00
