  0.00000  0.000000E+00
  0.01000  0.000000E+00
  0.02000  0.000000E+00
  0.03000  0.000000E+00
  0.04000  0.000000E+00
  0.05000  0.000000E+00
  0.06000  0.000000E+00
  0.07000  0.000000E+00
  0.08000  0.000000E+00
  0.09000  0.000000E+00
  0.10000  0.000000E+00
  0.11000  0.000000E+00
  0.12000  0.000000E+00
  0.13000  0.000000E+00
  0.14000  0.000000E+00
  0.15000  0.000000E+00
  0.16000  0.000000E+00
  0.17000  0.000000E+00
  0.18000  0.000000E+00
  0.19000  0.000000E+00
  0.20000  0.000000E+00
  0.21000  0.000000E+00
  0.22000  0.000000E+00
  0.23000  0.000000E+00
  0.24000  0.000000E+00
  0.25000  0.000000E+00
  0.26000  0.000000E+00
  0.27000  0.000000E+00
  0.28000  0.000000E+00
  0.29000  0.000000E+00
  0.30000  0.000000E+00
  0.31000  0.000000E+00
  0.32000  0.000000E+00
  0.33000  0.000000E+00
  0.34000  0.000000E+00
  0.35000  0.000000E+00
  0.36000  0.000000E+00
  0.37000  0.000000E+00
  0.38000  0.000000E+00
  0.39000  0.000000E+00
  0.40000  0.000000E+00
  0.41000  0.000000E+00
  0.42000  0.000000E+00
  0.43000  0.000000E+00
  0.44000  0.000000E+00
  0.45000  0.000000E+00
  0.46000  0.000000E+00
  0.47000  0.220585E-11
  0.48000  0.263128E-11
  0.49000  0.282525E-11
  0.50000  0.131178E-10
  0.51000  0.160760E-09
  0.52000  0.351563E-09
  0.53000  0.169221E-09
  0.54000  0.458066E-10
  0.55000  0.359418E-10
  0.56000  0.345452E-10
  0.57000  0.148054E-10
  0.58000  0.427823E-11
  0.59000  0.871133E-12
  0.60000  0.245427E-12
  0.61000  0.120866E-12
  0.62000  0.195688E-13
  0.63000  0.120485E-14
  0.64000  0.903687E-16
  0.65000  0.721776E-17
  0.66000  0.981488E-18
  0.67000  0.959480E-18
  0.68000  0.315278E-16
  0.69000  0.652624E-10
  0.70000  0.220241E-04
  0.71000  0.136692E-01
  0.72000  0.149990E+00
  0.73000  0.100000E+01
  0.74000  0.802709E-01
  0.75000  0.425200E-04
  0.76000  0.762759E-08
  0.77000  0.313346E-10
  0.78000  0.582559E-13
  0.79000  0.696611E-15
  0.80000  0.273960E-15
  0.81000  0.326880E-15
  0.82000  0.963820E-15
  0.83000  0.416146E-14
  0.84000  0.223244E-13
  0.85000  0.232343E-12
  0.86000  0.334192E-11
  0.87000  0.473314E-10
  0.88000  0.607231E-09
  0.89000  0.491802E-08
  0.90000  0.297003E-07
  0.91000  0.210267E-06
  0.92000  0.186284E-05
  0.93000  0.114610E-04
  0.94000  0.346411E-04
  0.95000  0.673537E-04
  0.96000  0.110613E-03
  0.97000  0.150000E-03
  0.98000  0.173757E-03
  0.99000  0.149012E-03
  1.00000  0.876304E-04
  1.01000  0.412694E-04
  1.02000  0.180466E-04
  1.03000  0.739351E-05
  1.04000  0.249503E-05
  1.05000  0.713153E-06
  1.06000  0.263134E-06
  1.07000  0.167277E-06
  1.08000  0.144094E-06
  1.09000  0.116155E-06
  1.10000  0.769352E-07
  1.11000  0.298988E-07
  1.12000  0.741400E-08
  1.13000  0.160819E-08
  1.14000  0.361319E-09
  1.15000  0.777165E-10
  1.16000  0.164344E-10
  1.17000  0.487773E-11
  1.18000  0.187350E-11
  1.19000  0.749908E-12
  1.20000  0.303040E-12
  1.21000  0.127315E-12
  1.22000  0.462361E-13
  1.23000  0.138354E-13
  1.24000  0.481162E-14
  1.25000  0.159335E-14
  1.26000  0.393283E-15
  1.27000  0.684199E-16
  1.28000  0.101375E-16
  1.29000  0.155864E-17
  1.30000  0.242314E-18
  1.31000  0.481441E-19
  1.32000  0.122388E-19
  1.33000  0.385266E-20
  1.34000  0.148549E-20
  1.35000  0.739557E-21
  1.36000  0.480929E-21
  1.37000  0.333539E-21
  1.38000  0.173584E-21
  1.39000  0.721728E-22
  1.40000  0.285474E-22
  1.41000  0.120531E-22
  1.42000  0.692655E-23
  1.43000  0.563273E-23
  1.44000  0.533629E-23
  1.45000  0.544771E-23
  1.46000  0.610988E-23
  1.47000  0.749832E-23
  1.48000  0.100223E-22
  1.49000  0.141405E-22
  1.50000  0.204071E-22
  1.51000  0.301090E-22
  1.52000  0.434559E-22
  1.53000  0.580501E-22
  1.54000  0.709074E-22
  1.55000  0.813492E-22
  1.56000  0.963154E-22
  1.57000  0.252646E-21
  1.58000  0.296936E-21
  1.59000  0.759936E-22
  1.60000  0.253411E-22
  1.61000  0.703479E-23
  1.62000  0.198906E-23
  1.63000  0.651531E-24
  1.64000  0.250755E-24
  1.65000  0.109583E-24
  1.66000  0.512913E-25
  1.67000  0.247126E-25
  1.68000  0.198615E-24
  1.69000  0.161248E-23
  1.70000  0.469839E-23
  1.71000  0.520576E-23
  1.72000  0.275827E-23
  1.73000  0.933950E-24
  1.74000  0.280828E-24
  1.75000  0.105099E-24
  1.76000  0.692626E-25
  1.77000  0.106791E-24
  1.78000  0.367053E-24
  1.79000  0.203669E-23
  1.80000  0.997961E-23
  1.81000  0.263562E-22
  1.82000  0.292461E-22
  1.83000  0.133158E-22
  1.84000  0.393368E-23
  1.85000  0.113501E-23
  1.86000  0.352691E-24
  1.87000  0.120020E-24
  1.88000  0.418637E-25
  1.89000  0.148474E-25
  1.90000  0.530128E-26
  1.91000  0.149011E-26
  1.92000  0.222185E-27
  1.93000  0.203989E-28
  1.94000  0.819927E-29
  1.95000  0.345862E-29
  1.96000  0.193262E-29
  1.97000  0.134759E-29
  1.98000  0.144416E-29
  1.99000  0.242307E-29
  2.00000  0.617579E-29
  2.01000  0.223365E-28
  2.02000  0.111260E-27
  2.03000  0.837243E-27
  2.04000  0.101318E-25
  2.05000  0.179029E-24
  2.06000  0.210658E-22
  2.07000  0.370920E-20
  2.08000  0.178102E-18
  2.09000  0.211213E-17
  2.10000  0.618331E-17
  2.11000  0.516029E-17
  2.12000  0.156062E-17
  2.13000  0.270794E-18
  2.14000  0.130166E-18
  2.15000  0.100755E-18
  2.16000  0.940691E-19
  2.17000  0.538371E-19
  2.18000  0.216958E-19
  2.19000  0.556263E-20
  2.20000  0.862750E-21
  2.21000  0.928322E-22
  2.22000  0.863123E-23
  2.23000  0.773788E-24
  2.24000  0.769627E-25
  2.25000  0.102616E-25
  2.26000  0.162326E-26
  2.27000  0.474669E-27
  2.28000  0.199730E-27
  2.29000  0.110208E-27
  2.30000  0.737808E-28
  2.31000  0.579857E-28
  2.32000  0.520200E-28
  2.33000  0.516930E-28
  2.34000  0.539811E-28
  2.35000  0.550791E-28
  2.36000  0.387512E-28
  2.37000  0.312576E-28
  2.38000  0.196929E-28
  2.39000  0.839727E-29
  2.40000  0.269729E-29
  2.41000  0.000000E+00
  2.42000  0.000000E+00
  2.43000  0.000000E+00
  2.44000  0.105260E-29
  2.45000  0.480603E-29
  2.46000  0.520656E-28
  2.47000  0.599993E-27
  2.48000  0.762656E-26
  2.49000  0.890216E-25
  2.50000  0.796167E-24
  2.51000  0.456186E-23
  2.52000  0.138942E-22
  2.53000  0.181999E-22
  2.54000  0.782842E-23
  2.55000  0.910546E-24
  2.56000  0.900708E-26
  2.57000  0.918933E-28
  2.58000  0.000000E+00
  2.59000  0.000000E+00
  2.60000  0.000000E+00
  2.61000  0.000000E+00
  2.62000  0.000000E+00
  2.63000  0.000000E+00
  2.64000  0.000000E+00
  2.65000  0.000000E+00
  2.66000  0.000000E+00
  2.67000  0.000000E+00
  2.68000  0.000000E+00
  2.69000  0.000000E+00
  2.70000  0.000000E+00
  2.71000  0.000000E+00
  2.72000  0.000000E+00
  2.73000  0.000000E+00
  2.74000  0.000000E+00
  2.75000  0.000000E+00
  2.76000  0.000000E+00
  2.77000  0.000000E+00
  2.78000  0.000000E+00
  2.79000  0.000000E+00
  2.80000  0.000000E+00
  2.81000  0.000000E+00
  2.82000  0.000000E+00
  2.83000  0.000000E+00
  2.84000  0.000000E+00
  2.85000  0.000000E+00
  2.86000  0.000000E+00
  2.87000  0.000000E+00
  2.88000  0.000000E+00
  2.89000  0.000000E+00
  2.90000  0.000000E+00
  2.91000  0.000000E+00
  2.92000  0.000000E+00
  2.93000  0.000000E+00
  2.94000  0.000000E+00
  2.95000  0.000000E+00
  2.96000  0.000000E+00
  2.97000  0.000000E+00
  2.98000  0.000000E+00
  2.99000  0.000000E+00
  3.00000  0.000000E+00
  3.01000  0.000000E+00
  3.02000  0.000000E+00
  3.03000  0.000000E+00
  3.04000  0.000000E+00
  3.05000  0.000000E+00
  3.06000  0.000000E+00
  3.07000  0.000000E+00
  3.08000  0.000000E+00
  3.09000  0.000000E+00
  3.10000  0.000000E+00
  3.11000  0.000000E+00
  3.12000  0.000000E+00
  3.13000  0.000000E+00
  3.14000  0.000000E+00
  3.15000  0.000000E+00
  3.16000  0.000000E+00
  3.17000  0.000000E+00
  3.18000  0.000000E+00
  3.19000  0.000000E+00
  3.20000  0.000000E+00
  3.21000  0.000000E+00
  3.22000  0.000000E+00
  3.23000  0.000000E+00
  3.24000  0.000000E+00
  3.25000  0.000000E+00
  3.26000  0.000000E+00
  3.27000  0.000000E+00
  3.28000  0.000000E+00
  3.29000  0.000000E+00
  3.30000  0.000000E+00
  3.31000  0.000000E+00
  3.32000  0.000000E+00
  3.33000  0.000000E+00
  3.34000  0.000000E+00
  3.35000  0.000000E+00
  3.36000  0.000000E+00
  3.37000  0.000000E+00
  3.38000  0.000000E+00
  3.39000  0.000000E+00
  3.40000  0.000000E+00
  3.41000  0.000000E+00
  3.42000  0.000000E+00
  3.43000  0.000000E+00
  3.44000  0.000000E+00
  3.45000  0.000000E+00
  3.46000  0.000000E+00
  3.47000  0.000000E+00
  3.48000  0.000000E+00
  3.49000  0.000000E+00
  3.50000  0.000000E+00
  3.51000  0.000000E+00
  3.52000  0.000000E+00
  3.53000  0.000000E+00
  3.54000  0.000000E+00
  3.55000  0.000000E+00
  3.56000  0.000000E+00
  3.57000  0.000000E+00
  3.58000  0.000000E+00
  3.59000  0.000000E+00
  3.60000  0.000000E+00
  3.61000  0.000000E+00
  3.62000  0.000000E+00
  3.63000  0.000000E+00
  3.64000  0.000000E+00
  3.65000  0.000000E+00
  3.66000  0.000000E+00
  3.67000  0.000000E+00
  3.68000  0.000000E+00
  3.69000  0.000000E+00
  3.70000  0.000000E+00
  3.71000  0.000000E+00
  3.72000  0.000000E+00
  3.73000  0.000000E+00
  3.74000  0.000000E+00
  3.75000  0.000000E+00
  3.76000  0.000000E+00
  3.77000  0.000000E+00
  3.78000  0.000000E+00
  3.79000  0.000000E+00
  3.80000  0.000000E+00
  3.81000  0.000000E+00
  3.82000  0.000000E+00
  3.83000  0.000000E+00
  3.84000  0.000000E+00
  3.85000  0.000000E+00
  3.86000  0.000000E+00
  3.87000  0.000000E+00
  3.88000  0.000000E+00
  3.89000  0.000000E+00
  3.90000  0.000000E+00
  3.91000  0.000000E+00
  3.92000  0.000000E+00
  3.93000  0.000000E+00
  3.94000  0.000000E+00
  3.95000  0.000000E+00
  3.96000  0.000000E+00
  3.97000  0.000000E+00
  3.98000  0.000000E+00
  3.99000  0.000000E+00
  4.00000  0.000000E+00
  4.01000  0.000000E+00
  4.02000  0.000000E+00
  4.03000  0.000000E+00
  4.04000  0.000000E+00
  4.05000  0.000000E+00
  4.06000  0.000000E+00
  4.07000  0.000000E+00
  4.08000  0.000000E+00
  4.09000  0.000000E+00
  4.10000  0.000000E+00
  4.11000  0.000000E+00
  4.12000  0.000000E+00
  4.13000  0.000000E+00
  4.14000  0.000000E+00
  4.15000  0.000000E+00
  4.16000  0.000000E+00
  4.17000  0.000000E+00
  4.18000  0.000000E+00
  4.19000  0.000000E+00
  4.20000  0.000000E+00
  4.21000  0.000000E+00
  4.22000  0.000000E+00
  4.23000  0.000000E+00
  4.24000  0.000000E+00
  4.25000  0.000000E+00
  4.26000  0.000000E+00
  4.27000  0.000000E+00
  4.28000  0.000000E+00
  4.29000  0.000000E+00
  4.30000  0.000000E+00
  4.31000  0.000000E+00
  4.32000  0.000000E+00
  4.33000  0.000000E+00
  4.34000  0.000000E+00
  4.35000  0.000000E+00
  4.36000  0.000000E+00
  4.37000  0.000000E+00
  4.38000  0.000000E+00
  4.39000  0.000000E+00
  4.40000  0.000000E+00
  4.41000  0.000000E+00
  4.42000  0.000000E+00
  4.43000  0.000000E+00
  4.44000  0.000000E+00
  4.45000  0.000000E+00
  4.46000  0.000000E+00
  4.47000  0.000000E+00
  4.48000  0.000000E+00
  4.49000  0.000000E+00
  4.50000  0.000000E+00
  4.51000  0.000000E+00
  4.52000  0.000000E+00
  4.53000  0.000000E+00
  4.54000  0.000000E+00
  4.55000  0.000000E+00
  4.56000  0.000000E+00
  4.57000  0.000000E+00
  4.58000  0.000000E+00
  4.59000  0.000000E+00
  4.60000  0.000000E+00
  4.61000  0.000000E+00
  4.62000  0.000000E+00
  4.63000  0.000000E+00
  4.64000  0.000000E+00
  4.65000  0.000000E+00
  4.66000  0.000000E+00
  4.67000  0.000000E+00
  4.68000  0.000000E+00
  4.69000  0.000000E+00
  4.70000  0.000000E+00
  4.71000  0.000000E+00
  4.72000  0.000000E+00
  4.73000  0.000000E+00
  4.74000  0.000000E+00
  4.75000  0.000000E+00
  4.76000  0.000000E+00
  4.77000  0.000000E+00
  4.78000  0.000000E+00
  4.79000  0.000000E+00
  4.80000  0.000000E+00
  4.81000  0.000000E+00
  4.82000  0.000000E+00
  4.83000  0.000000E+00
  4.84000  0.000000E+00
  4.85000  0.000000E+00
  4.86000  0.000000E+00
  4.87000  0.000000E+00
  4.88000  0.000000E+00
  4.89000  0.000000E+00
  4.90000  0.000000E+00
  4.91000  0.000000E+00
  4.92000  0.000000E+00
  4.93000  0.000000E+00
  4.94000  0.000000E+00
  4.95000  0.000000E+00
  4.96000  0.000000E+00
  4.97000  0.000000E+00
  4.98000  0.000000E+00
  4.99000  0.000000E+00
  5.00000  0.000000E+00
  5.01000  0.000000E+00
  5.02000  0.000000E+00
  5.03000  0.000000E+00
  5.04000  0.000000E+00
  5.05000  0.000000E+00
  5.06000  0.000000E+00
  5.07000  0.000000E+00
  5.08000  0.000000E+00
  5.09000  0.000000E+00
  5.10000  0.000000E+00
  5.11000  0.000000E+00
  5.12000  0.000000E+00
  5.13000  0.000000E+00
  5.14000  0.000000E+00
  5.15000  0.000000E+00
  5.16000  0.000000E+00
  5.17000  0.000000E+00
  5.18000  0.000000E+00
  5.19000  0.000000E+00
  5.20000  0.000000E+00
  5.21000  0.000000E+00
  5.22000  0.000000E+00
  5.23000  0.000000E+00
  5.24000  0.000000E+00
  5.25000  0.000000E+00
  5.26000  0.000000E+00
  5.27000  0.000000E+00
  5.28000  0.000000E+00
  5.29000  0.000000E+00
  5.30000  0.000000E+00
  5.31000  0.000000E+00
  5.32000  0.000000E+00
  5.33000  0.000000E+00
  5.34000  0.000000E+00
  5.35000  0.000000E+00
  5.36000  0.000000E+00
  5.37000  0.000000E+00
  5.38000  0.000000E+00
  5.39000  0.000000E+00
  5.40000  0.000000E+00
  5.41000  0.000000E+00
  5.42000  0.000000E+00
  5.43000  0.000000E+00
  5.44000  0.000000E+00
  5.45000  0.000000E+00
  5.46000  0.000000E+00
  5.47000  0.000000E+00
  5.48000  0.000000E+00
  5.49000  0.000000E+00
  5.50000  0.000000E+00
  5.51000  0.000000E+00
  5.52000  0.000000E+00
  5.53000  0.000000E+00
  5.54000  0.000000E+00
  5.55000  0.000000E+00
  5.56000  0.000000E+00
  5.57000  0.000000E+00
  5.58000  0.000000E+00
  5.59000  0.000000E+00
  5.60000  0.000000E+00
  5.61000  0.000000E+00
  5.62000  0.000000E+00
  5.63000  0.000000E+00
  5.64000  0.000000E+00
  5.65000  0.000000E+00
  5.66000  0.000000E+00
  5.67000  0.000000E+00
  5.68000  0.000000E+00
  5.69000  0.000000E+00
  5.70000  0.000000E+00
  5.71000  0.000000E+00
  5.72000  0.000000E+00
  5.73000  0.000000E+00
  5.74000  0.000000E+00
  5.75000  0.000000E+00
  5.76000  0.000000E+00
  5.77000  0.000000E+00
  5.78000  0.000000E+00
  5.79000  0.000000E+00
  5.80000  0.000000E+00
  5.81000  0.000000E+00
  5.82000  0.000000E+00
  5.83000  0.000000E+00
  5.84000  0.000000E+00
  5.85000  0.000000E+00
  5.86000  0.000000E+00
  5.87000  0.000000E+00
  5.88000  0.000000E+00
  5.89000  0.000000E+00
  5.90000  0.000000E+00
  5.91000  0.000000E+00
  5.92000  0.000000E+00
  5.93000  0.000000E+00
  5.94000  0.000000E+00
  5.95000  0.000000E+00
  5.96000  0.000000E+00
  5.97000  0.000000E+00
  5.98000  0.000000E+00
  5.99000  0.000000E+00
  6.00000  0.000000E+00
  6.20000  0.000000E+00
  6.40000  0.000000E+00
  6.60000  0.000000E+00
  6.80000  0.000000E+00
  7.00000  0.000000E+00
