  0.00000  0.000000E+00
  0.01000  0.000000E+00
  0.02000  0.000000E+00
  0.03000  0.000000E+00
  0.04000  0.000000E+00
  0.05000  0.000000E+00
  0.06000  0.000000E+00
  0.07000  0.000000E+00
  0.08000  0.000000E+00
  0.09000  0.000000E+00
  0.10000  0.000000E+00
  0.11000  0.000000E+00
  0.12000  0.000000E+00
  0.13000  0.000000E+00
  0.14000  0.000000E+00
  0.15000  0.000000E+00
  0.16000  0.000000E+00
  0.17000  0.000000E+00
  0.18000  0.000000E+00
  0.19000  0.000000E+00
  0.20000  0.000000E+00
  0.21000  0.000000E+00
  0.22000  0.000000E+00
  0.23000  0.000000E+00
  0.24000  0.000000E+00
  0.25000  0.000000E+00
  0.26000  0.000000E+00
  0.27000  0.000000E+00
  0.28000  0.000000E+00
  0.29000  0.000000E+00
  0.30000  0.000000E+00
  0.31000  0.000000E+00
  0.32000  0.000000E+00
  0.33000  0.000000E+00
  0.34000  0.000000E+00
  0.35000  0.000000E+00
  0.36000  0.000000E+00
  0.37000  0.000000E+00
  0.38000  0.000000E+00
  0.39000  0.000000E+00
  0.40000  0.000000E+00
  0.41000  0.000000E+00
  0.42000  0.000000E+00
  0.43000  0.000000E+00
  0.44000  0.000000E+00
  0.45000  0.000000E+00
  0.46000  0.000000E+00
  0.47000  0.000000E+00
  0.48000  0.000000E+00
  0.49000  0.000000E+00
  0.50000  0.000000E+00
  0.51000  0.000000E+00
  0.52000  0.000000E+00
  0.53000  0.000000E+00
  0.54000  0.000000E+00
  0.55000  0.000000E+00
  0.56000  0.000000E+00
  0.57000  0.000000E+00
  0.58000  0.000000E+00
  0.59000  0.000000E+00
  0.60000  0.000000E+00
  0.61000  0.000000E+00
  0.62000  0.000000E+00
  0.63000  0.000000E+00
  0.64000  0.000000E+00
  0.65000  0.000000E+00
  0.66000  0.000000E+00
  0.67000  0.000000E+00
  0.68000  0.000000E+00
  0.69000  0.000000E+00
  0.70000  0.000000E+00
  0.71000  0.000000E+00
  0.72000  0.000000E+00
  0.73000  0.000000E+00
  0.74000  0.000000E+00
  0.75000  0.000000E+00
  0.76000  0.000000E+00
  0.77000  0.000000E+00
  0.78000  0.000000E+00
  0.79000  0.000000E+00
  0.80000  0.000000E+00
  0.81000  0.000000E+00
  0.82000  0.000000E+00
  0.83000  0.000000E+00
  0.84000  0.000000E+00
  0.85000  0.000000E+00
  0.86000  0.000000E+00
  0.87000  0.000000E+00
  0.88000  0.000000E+00
  0.89000  0.000000E+00
  0.90000  0.000000E+00
  0.91000  0.000000E+00
  0.92000  0.000000E+00
  0.93000  0.000000E+00
  0.94000  0.000000E+00
  0.95000  0.000000E+00
  0.96000  0.000000E+00
  0.97000  0.000000E+00
  0.98000  0.000000E+00
  0.99000  0.000000E+00
  1.00000  0.000000E+00
  1.01000  0.000000E+00
  1.02000  0.000000E+00
  1.03000  0.000000E+00
  1.04000  0.000000E+00
  1.05000  0.000000E+00
  1.06000  0.000000E+00
  1.07000  0.000000E+00
  1.08000  0.000000E+00
  1.09000  0.000000E+00
  1.10000  0.000000E+00
  1.11000  0.000000E+00
  1.12000  0.000000E+00
  1.13000  0.000000E+00
  1.14000  0.000000E+00
  1.15000  0.000000E+00
  1.16000  0.000000E+00
  1.17000  0.000000E+00
  1.18000  0.000000E+00
  1.19000  0.000000E+00
  1.20000  0.000000E+00
  1.21000  0.000000E+00
  1.22000  0.000000E+00
  1.23000  0.000000E+00
  1.24000  0.000000E+00
  1.25000  0.000000E+00
  1.26000  0.000000E+00
  1.27000  0.000000E+00
  1.28000  0.000000E+00
  1.29000  0.000000E+00
  1.30000  0.000000E+00
  1.31000  0.000000E+00
  1.32000  0.000000E+00
  1.33000  0.000000E+00
  1.34000  0.000000E+00
  1.35000  0.000000E+00
  1.36000  0.338669E-19
  1.37000  0.814675E-16
  1.38000  0.230597E-11
  1.39000  0.376413E-11
  1.40000  0.645343E-10
  1.41000  0.568462E-08
  1.42000  0.398926E-06
  1.43000  0.389316E-06
  1.44000  0.383105E-06
  1.45000  0.375726E-06
  1.46000  0.355785E-06
  1.47000  0.321254E-06
  1.48000  0.279918E-06
  1.49000  0.169995E-05
  1.50000  0.119318E-05
  1.51000  0.928386E-06
  1.52000  0.842727E-06
  1.53000  0.911900E-06
  1.54000  0.112866E-05
  1.55000  0.144895E-05
  1.56000  0.165120E-05
  1.57000  0.145984E-05
  1.58000  0.111715E-05
  1.59000  0.923215E-06
  1.60000  0.830831E-06
  1.61000  0.792963E-06
  1.62000  0.778701E-06
  1.63000  0.770555E-06
  1.64000  0.771601E-06
  1.65000  0.783549E-06
  1.66000  0.799344E-06
  1.67000  0.819842E-06
  1.68000  0.836736E-06
  1.69000  0.828747E-06
  1.70000  0.806992E-06
  1.71000  0.882233E-06
  1.72000  0.953503E-06
  1.73000  0.103330E-05
  1.74000  0.112988E-05
  1.75000  0.125145E-05
  1.76000  0.145003E-05
  1.77000  0.172902E-05
  1.78000  0.219362E-05
  1.79000  0.354552E-05
  1.80000  0.776815E-05
  1.81000  0.142272E-04
  1.82000  0.206205E-04
  1.83000  0.278552E-04
  1.84000  0.343696E-04
  1.85000  0.399234E-04
  1.86000  0.468133E-04
  1.87000  0.560201E-04
  1.88000  0.672734E-04
  1.89000  0.760422E-04
  1.90000  0.774210E-04
  1.91000  0.767787E-04
  1.92000  0.785114E-04
  1.93000  0.807073E-04
  1.94000  0.804805E-04
  1.95000  0.853529E-04
  1.96000  0.114530E-03
  1.97000  0.157112E-03
  1.98000  0.214646E-03
  1.99000  0.280643E-03
  2.00000  0.357548E-03
  2.01000  0.455327E-03
  2.02000  0.576612E-03
  2.03000  0.724705E-03
  2.04000  0.906891E-03
  2.05000  0.113432E-02
  2.06000  0.144725E-02
  2.07000  0.181141E-02
  2.08000  0.238620E-02
  2.09000  0.309857E-02
  2.10000  0.399030E-02
  2.11000  0.512355E-02
  2.12000  0.654252E-02
  2.13000  0.828729E-02
  2.14000  0.104162E-01
  2.15000  0.129214E-01
  2.16000  0.161755E-01
  2.17000  0.196057E-01
  2.18000  0.235187E-01
  2.19000  0.279547E-01
  2.20000  0.330785E-01
  2.21000  0.387284E-01
  2.22000  0.440873E-01
  2.23000  0.492772E-01
  2.24000  0.553845E-01
  2.25000  0.630328E-01
  2.26000  0.737028E-01
  2.27000  0.850036E-01
  2.28000  0.982399E-01
  2.29000  0.113530E+00
  2.30000  0.130786E+00
  2.31000  0.150302E+00
  2.32000  0.173175E+00
  2.33000  0.200387E+00
  2.34000  0.232631E+00
  2.35000  0.270833E+00
  2.36000  0.318540E+00
  2.37000  0.369997E+00
  2.38000  0.427396E+00
  2.39000  0.489834E+00
  2.40000  0.549946E+00
  2.41000  0.600023E+00
  2.42000  0.643128E+00
  2.43000  0.686629E+00
  2.44000  0.732500E+00
  2.45000  0.779567E+00
  2.46000  0.817773E+00
  2.47000  0.865005E+00
  2.48000  0.912667E+00
  2.49000  0.956303E+00
  2.50000  0.989086E+00
  2.51000  0.100000E+01
  2.52000  0.979020E+00
  2.53000  0.930989E+00
  2.54000  0.871991E+00
  2.55000  0.809923E+00
  2.56000  0.717174E+00
  2.57000  0.653206E+00
  2.58000  0.593817E+00
  2.59000  0.537934E+00
  2.60000  0.487002E+00
  2.61000  0.444484E+00
  2.62000  0.409919E+00
  2.63000  0.377776E+00
  2.64000  0.343302E+00
  2.65000  0.306214E+00
  2.66000  0.248080E+00
  2.67000  0.216406E+00
  2.68000  0.188124E+00
  2.69000  0.162539E+00
  2.70000  0.139614E+00
  2.71000  0.119561E+00
  2.72000  0.102300E+00
  2.73000  0.874660E-01
  2.74000  0.745613E-01
  2.75000  0.632365E-01
  2.76000  0.472507E-01
  2.77000  0.394197E-01
  2.78000  0.323425E-01
  2.79000  0.260271E-01
  2.80000  0.205819E-01
  2.81000  0.160452E-01
  2.82000  0.124378E-01
  2.83000  0.111831E-01
  2.84000  0.100931E-01
  2.85000  0.918317E-02
  2.86000  0.713406E-02
  2.87000  0.664587E-02
  2.88000  0.631537E-02
  2.89000  0.608062E-02
  2.90000  0.582836E-02
  2.91000  0.547624E-02
  2.92000  0.499378E-02
  2.93000  0.439703E-02
  2.94000  0.373789E-02
  2.95000  0.307691E-02
  2.96000  0.207248E-02
  2.97000  0.160255E-02
  2.98000  0.120253E-02
  2.99000  0.879723E-03
  3.00000  0.631869E-03
  3.01000  0.449359E-03
  3.02000  0.318933E-03
  3.03000  0.227363E-03
  3.04000  0.163059E-03
  3.05000  0.117419E-03
  3.06000  0.681367E-04
  3.07000  0.491058E-04
  3.08000  0.353683E-04
  3.09000  0.254388E-04
  3.10000  0.182926E-04
  3.11000  0.131407E-04
  3.12000  0.937793E-05
  3.13000  0.662816E-05
  3.14000  0.465782E-05
  3.15000  0.327674E-05
  3.16000  0.190260E-05
  3.17000  0.136061E-05
  3.18000  0.980408E-06
  3.19000  0.708833E-06
  3.20000  0.510444E-06
  3.21000  0.363940E-06
  3.22000  0.256003E-06
  3.23000  0.177434E-06
  3.24000  0.121836E-06
  3.25000  0.833745E-07
  3.26000  0.450770E-07
  3.27000  0.298814E-07
  3.28000  0.194364E-07
  3.29000  0.124699E-07
  3.30000  0.788815E-08
  3.31000  0.491652E-08
  3.32000  0.305133E-08
  3.33000  0.190500E-08
  3.34000  0.120176E-08
  3.35000  0.764003E-09
  3.36000  0.344885E-09
  3.37000  0.216140E-09
  3.38000  0.136466E-09
  3.39000  0.875846E-10
  3.40000  0.575888E-10
  3.41000  0.388101E-10
  3.42000  0.266431E-10
  3.43000  0.185445E-10
  3.44000  0.130582E-10
  3.45000  0.926068E-11
  3.46000  0.410527E-11
  3.47000  0.289620E-11
  3.48000  0.203586E-11
  3.49000  0.142780E-11
  3.50000  0.998618E-12
  3.51000  0.694271E-12
  3.52000  0.477732E-12
  3.53000  0.323152E-12
  3.54000  0.214553E-12
  3.55000  0.141541E-12
  3.56000  0.537946E-13
  3.57000  0.354212E-13
  3.58000  0.233195E-13
  3.59000  0.153779E-13
  3.60000  0.101859E-13
  3.61000  0.677623E-14
  3.62000  0.453398E-14
  3.63000  0.306808E-14
  3.64000  0.210736E-14
  3.65000  0.146917E-14
  3.66000  0.540793E-15
  3.67000  0.383353E-15
  3.68000  0.271401E-15
  3.69000  0.190122E-15
  3.70000  0.130505E-15
  3.71000  0.871263E-16
  3.72000  0.565329E-16
  3.73000  0.358599E-16
  3.74000  0.223938E-16
  3.75000  0.137910E-16
  3.76000  0.421318E-17
  3.77000  0.250308E-17
  3.78000  0.146046E-17
  3.79000  0.835564E-18
  3.80000  0.467687E-18
  3.81000  0.255210E-18
  3.82000  0.135122E-18
  3.83000  0.691915E-19
  3.84000  0.343831E-19
  3.85000  0.166896E-19
  3.86000  0.375369E-20
  3.87000  0.173526E-20
  3.88000  0.785248E-21
  3.89000  0.348910E-21
  3.90000  0.152658E-21
  3.91000  0.658518E-22
  3.92000  0.279977E-22
  3.93000  0.117153E-22
  3.94000  0.484026E-23
  3.95000  0.198897E-23
  3.96000  0.319761E-24
  3.97000  0.128021E-24
  3.98000  0.509776E-25
  3.99000  0.201160E-25
  4.00000  0.783790E-26
  4.01000  0.300208E-26
  4.02000  0.112672E-26
  4.03000  0.418353E-27
  4.04000  0.156141E-27
  4.05000  0.597417E-28
  4.06000  0.674726E-29
  4.07000  0.271835E-29
  4.08000  0.144348E-29
  4.09000  0.000000E+00
  4.10000  0.000000E+00
  4.11000  0.000000E+00
  4.12000  0.000000E+00
  4.13000  0.000000E+00
  4.14000  0.000000E+00
  4.15000  0.000000E+00
  4.16000  0.000000E+00
  4.17000  0.000000E+00
  4.18000  0.000000E+00
  4.19000  0.000000E+00
  4.20000  0.000000E+00
  4.21000  0.000000E+00
  4.22000  0.000000E+00
  4.23000  0.000000E+00
  4.24000  0.000000E+00
  4.25000  0.000000E+00
  4.26000  0.000000E+00
  4.27000  0.000000E+00
  4.28000  0.000000E+00
  4.29000  0.000000E+00
  4.30000  0.000000E+00
  4.31000  0.000000E+00
  4.32000  0.000000E+00
  4.33000  0.000000E+00
  4.34000  0.000000E+00
  4.35000  0.000000E+00
  4.36000  0.000000E+00
  4.37000  0.000000E+00
  4.38000  0.000000E+00
  4.39000  0.000000E+00
  4.40000  0.000000E+00
  4.41000  0.000000E+00
  4.42000  0.000000E+00
  4.43000  0.000000E+00
  4.44000  0.000000E+00
  4.45000  0.000000E+00
  4.46000  0.000000E+00
  4.47000  0.000000E+00
  4.48000  0.000000E+00
  4.49000  0.000000E+00
  4.50000  0.000000E+00
  4.51000  0.000000E+00
  4.52000  0.000000E+00
  4.53000  0.000000E+00
  4.54000  0.000000E+00
  4.55000  0.000000E+00
  4.56000  0.000000E+00
  4.57000  0.000000E+00
  4.58000  0.000000E+00
  4.59000  0.000000E+00
  4.60000  0.000000E+00
  4.61000  0.000000E+00
  4.62000  0.000000E+00
  4.63000  0.000000E+00
  4.64000  0.000000E+00
  4.65000  0.000000E+00
  4.66000  0.000000E+00
  4.67000  0.000000E+00
  4.68000  0.000000E+00
  4.69000  0.000000E+00
  4.70000  0.000000E+00
  4.71000  0.000000E+00
  4.72000  0.000000E+00
  4.73000  0.000000E+00
  4.74000  0.000000E+00
  4.75000  0.000000E+00
  4.76000  0.000000E+00
  4.77000  0.000000E+00
  4.78000  0.000000E+00
  4.79000  0.000000E+00
  4.80000  0.000000E+00
  4.81000  0.000000E+00
  4.82000  0.000000E+00
  4.83000  0.000000E+00
  4.84000  0.000000E+00
  4.85000  0.000000E+00
  4.86000  0.000000E+00
  4.87000  0.000000E+00
  4.88000  0.000000E+00
  4.89000  0.000000E+00
  4.90000  0.000000E+00
  4.91000  0.000000E+00
  4.92000  0.000000E+00
  4.93000  0.000000E+00
  4.94000  0.000000E+00
  4.95000  0.000000E+00
  4.96000  0.000000E+00
  4.97000  0.000000E+00
  4.98000  0.000000E+00
  4.99000  0.000000E+00
  5.00000  0.000000E+00
  5.01000  0.000000E+00
  5.02000  0.000000E+00
  5.03000  0.000000E+00
  5.04000  0.000000E+00
  5.05000  0.000000E+00
  5.06000  0.000000E+00
  5.07000  0.000000E+00
  5.08000  0.000000E+00
  5.09000  0.000000E+00
  5.10000  0.000000E+00
  5.11000  0.000000E+00
  5.12000  0.000000E+00
  5.13000  0.000000E+00
  5.14000  0.000000E+00
  5.15000  0.000000E+00
  5.16000  0.000000E+00
  5.17000  0.000000E+00
  5.18000  0.000000E+00
  5.19000  0.000000E+00
  5.20000  0.000000E+00
  5.21000  0.000000E+00
  5.22000  0.000000E+00
  5.23000  0.000000E+00
  5.24000  0.000000E+00
  5.25000  0.000000E+00
  5.26000  0.000000E+00
  5.27000  0.000000E+00
  5.28000  0.000000E+00
  5.29000  0.000000E+00
  5.30000  0.000000E+00
  5.31000  0.000000E+00
  5.32000  0.000000E+00
  5.33000  0.000000E+00
  5.34000  0.000000E+00
  5.35000  0.000000E+00
  5.36000  0.000000E+00
  5.37000  0.000000E+00
  5.38000  0.000000E+00
  5.39000  0.000000E+00
  5.40000  0.000000E+00
  5.41000  0.000000E+00
  5.42000  0.000000E+00
  5.43000  0.000000E+00
  5.44000  0.000000E+00
  5.45000  0.000000E+00
  5.46000  0.000000E+00
  5.47000  0.000000E+00
  5.48000  0.000000E+00
  5.49000  0.000000E+00
  5.50000  0.000000E+00
  5.51000  0.000000E+00
  5.52000  0.000000E+00
  5.53000  0.000000E+00
  5.54000  0.000000E+00
  5.55000  0.000000E+00
  5.56000  0.000000E+00
  5.57000  0.000000E+00
  5.58000  0.000000E+00
  5.59000  0.000000E+00
  5.60000  0.000000E+00
  5.61000  0.000000E+00
  5.62000  0.000000E+00
  5.63000  0.000000E+00
  5.64000  0.000000E+00
  5.65000  0.000000E+00
  5.66000  0.000000E+00
  5.67000  0.000000E+00
  5.68000  0.000000E+00
  5.69000  0.000000E+00
  5.70000  0.000000E+00
  5.71000  0.000000E+00
  5.72000  0.000000E+00
  5.73000  0.000000E+00
  5.74000  0.000000E+00
  5.75000  0.000000E+00
  5.76000  0.000000E+00
  5.77000  0.000000E+00
  5.78000  0.000000E+00
  5.79000  0.000000E+00
  5.80000  0.000000E+00
  5.81000  0.000000E+00
  5.82000  0.000000E+00
  5.83000  0.000000E+00
  5.84000  0.000000E+00
  5.85000  0.000000E+00
  5.86000  0.000000E+00
  5.87000  0.000000E+00
  5.88000  0.000000E+00
  5.89000  0.000000E+00
  5.90000  0.000000E+00
  5.91000  0.000000E+00
  5.92000  0.000000E+00
  5.93000  0.000000E+00
  5.94000  0.000000E+00
  5.95000  0.000000E+00
  5.96000  0.000000E+00
  5.97000  0.000000E+00
  5.98000  0.000000E+00
  5.99000  0.000000E+00
  6.00000  0.000000E+00
  6.20000  0.000000E+00
  6.40000  0.000000E+00
  6.60000  0.000000E+00
  6.80000  0.000000E+00
  7.00000  0.000000E+00
