  0.00000  0.000000E+00
  0.01000  0.000000E+00
  0.02000  0.000000E+00
  0.03000  0.000000E+00
  0.04000  0.000000E+00
  0.05000  0.000000E+00
  0.06000  0.000000E+00
  0.07000  0.000000E+00
  0.08000  0.000000E+00
  0.09000  0.000000E+00
  0.10000  0.000000E+00
  0.11000  0.000000E+00
  0.12000  0.000000E+00
  0.13000  0.000000E+00
  0.14000  0.000000E+00
  0.15000  0.000000E+00
  0.16000  0.000000E+00
  0.17000  0.000000E+00
  0.18000  0.000000E+00
  0.19000  0.000000E+00
  0.20000  0.000000E+00
  0.21000  0.000000E+00
  0.22000  0.000000E+00
  0.23000  0.000000E+00
  0.24000  0.000000E+00
  0.25000  0.000000E+00
  0.26000  0.000000E+00
  0.27000  0.000000E+00
  0.28000  0.000000E+00
  0.29000  0.000000E+00
  0.30000  0.000000E+00
  0.31000  0.000000E+00
  0.32000  0.000000E+00
  0.33000  0.000000E+00
  0.34000  0.000000E+00
  0.35000  0.000000E+00
  0.36000  0.000000E+00
  0.37000  0.000000E+00
  0.38000  0.000000E+00
  0.39000  0.000000E+00
  0.40000  0.000000E+00
  0.41000  0.000000E+00
  0.42000  0.000000E+00
  0.43000  0.000000E+00
  0.44000  0.000000E+00
  0.45000  0.000000E+00
  0.46000  0.000000E+00
  0.47000  0.000000E+00
  0.48000  0.000000E+00
  0.49000  0.000000E+00
  0.50000  0.000000E+00
  0.51000  0.000000E+00
  0.52000  0.000000E+00
  0.53000  0.000000E+00
  0.54000  0.000000E+00
  0.55000  0.000000E+00
  0.56000  0.000000E+00
  0.57000  0.000000E+00
  0.58000  0.000000E+00
  0.59000  0.000000E+00
  0.60000  0.000000E+00
  0.61000  0.000000E+00
  0.62000  0.000000E+00
  0.63000  0.000000E+00
  0.64000  0.000000E+00
  0.65000  0.000000E+00
  0.66000  0.000000E+00
  0.67000  0.000000E+00
  0.68000  0.000000E+00
  0.69000  0.000000E+00
  0.70000  0.000000E+00
  0.71000  0.000000E+00
  0.72000  0.000000E+00
  0.73000  0.000000E+00
  0.74000  0.000000E+00
  0.75000  0.000000E+00
  0.76000  0.000000E+00
  0.77000  0.000000E+00
  0.78000  0.000000E+00
  0.79000  0.000000E+00
  0.80000  0.000000E+00
  0.81000  0.000000E+00
  0.82000  0.000000E+00
  0.83000  0.000000E+00
  0.84000  0.000000E+00
  0.85000  0.000000E+00
  0.86000  0.000000E+00
  0.87000  0.000000E+00
  0.88000  0.000000E+00
  0.89000  0.000000E+00
  0.90000  0.000000E+00
  0.91000  0.000000E+00
  0.92000  0.000000E+00
  0.93000  0.000000E+00
  0.94000  0.000000E+00
  0.95000  0.000000E+00
  0.96000  0.000000E+00
  0.97000  0.000000E+00
  0.98000  0.000000E+00
  0.99000  0.000000E+00
  1.00000  0.000000E+00
  1.01000  0.000000E+00
  1.02000  0.000000E+00
  1.03000  0.000000E+00
  1.04000  0.000000E+00
  1.05000  0.000000E+00
  1.06000  0.000000E+00
  1.07000  0.000000E+00
  1.08000  0.000000E+00
  1.09000  0.000000E+00
  1.10000  0.000000E+00
  1.11000  0.000000E+00
  1.12000  0.000000E+00
  1.13000  0.000000E+00
  1.14000  0.000000E+00
  1.15000  0.000000E+00
  1.16000  0.000000E+00
  1.17000  0.000000E+00
  1.18000  0.000000E+00
  1.19000  0.000000E+00
  1.20000  0.000000E+00
  1.21000  0.000000E+00
  1.22000  0.000000E+00
  1.23000  0.000000E+00
  1.24000  0.000000E+00
  1.25000  0.000000E+00
  1.26000  0.000000E+00
  1.27000  0.000000E+00
  1.28000  0.000000E+00
  1.29000  0.000000E+00
  1.30000  0.000000E+00
  1.31000  0.000000E+00
  1.32000  0.000000E+00
  1.33000  0.000000E+00
  1.34000  0.000000E+00
  1.35000  0.000000E+00
  1.36000  0.000000E+00
  1.37000  0.000000E+00
  1.38000  0.000000E+00
  1.39000  0.000000E+00
  1.40000  0.000000E+00
  1.41000  0.000000E+00
  1.42000  0.000000E+00
  1.43000  0.000000E+00
  1.44000  0.000000E+00
  1.45000  0.000000E+00
  1.46000  0.000000E+00
  1.47000  0.000000E+00
  1.48000  0.000000E+00
  1.49000  0.000000E+00
  1.50000  0.000000E+00
  1.51000  0.000000E+00
  1.52000  0.000000E+00
  1.53000  0.000000E+00
  1.54000  0.000000E+00
  1.55000  0.000000E+00
  1.56000  0.000000E+00
  1.57000  0.000000E+00
  1.58000  0.000000E+00
  1.59000  0.000000E+00
  1.60000  0.000000E+00
  1.61000  0.000000E+00
  1.62000  0.000000E+00
  1.63000  0.000000E+00
  1.64000  0.000000E+00
  1.65000  0.000000E+00
  1.66000  0.000000E+00
  1.67000  0.000000E+00
  1.68000  0.000000E+00
  1.69000  0.000000E+00
  1.70000  0.331454E+00
  1.71000  0.362627E+00
  1.72000  0.398175E+00
  1.73000  0.439123E+00
  1.74000  0.484528E+00
  1.75000  0.531762E+00
  1.76000  0.582767E+00
  1.77000  0.639875E+00
  1.78000  0.702730E+00
  1.79000  0.771765E+00
  1.80000  0.841044E+00
  1.81000  0.900899E+00
  1.82000  0.947253E+00
  1.83000  0.980442E+00
  1.84000  0.999298E+00
  1.85000  0.100000E+01
  1.86000  0.979924E+00
  1.87000  0.945482E+00
  1.88000  0.898993E+00
  1.89000  0.844931E+00
  1.90000  0.786646E+00
  1.91000  0.730137E+00
  1.92000  0.676863E+00
  1.93000  0.621840E+00
  1.94000  0.562985E+00
  1.95000  0.504116E+00
  1.96000  0.446688E+00
  1.97000  0.394382E+00
  1.98000  0.344522E+00
  1.99000  0.295582E+00
  2.00000  0.249695E+00
  2.01000  0.211774E+00
  2.02000  0.182347E+00
  2.03000  0.156881E+00
  2.04000  0.133486E+00
  2.05000  0.112409E+00
  2.06000  0.908238E-01
  2.07000  0.702246E-01
  2.08000  0.527753E-01
  2.09000  0.395566E-01
  2.10000  0.290774E-01
  2.11000  0.213337E-01
  2.12000  0.159676E-01
  2.13000  0.122327E-01
  2.14000  0.946392E-02
  2.15000  0.764821E-02
  2.16000  0.627340E-02
  2.17000  0.519861E-02
  2.18000  0.433395E-02
  2.19000  0.363974E-02
  2.20000  0.307406E-02
  2.21000  0.261204E-02
  2.22000  0.223902E-02
  2.23000  0.193388E-02
  2.24000  0.167682E-02
  2.25000  0.145355E-02
  2.26000  0.123992E-02
  2.27000  0.105927E-02
  2.28000  0.894742E-03
  2.29000  0.748606E-03
  2.30000  0.622444E-03
  2.31000  0.515990E-03
  2.32000  0.427058E-03
  2.33000  0.352433E-03
  2.34000  0.288946E-03
  2.35000  0.234700E-03
  2.36000  0.187128E-03
  2.37000  0.150031E-03
  2.38000  0.119614E-03
  2.39000  0.947826E-04
  2.40000  0.753049E-04
  2.41000  0.618620E-04
  2.42000  0.517319E-04
  2.43000  0.436224E-04
  2.44000  0.375809E-04
  2.45000  0.326492E-04
  2.46000  0.287136E-04
  2.47000  0.264452E-04
  2.48000  0.282741E-04
  2.49000  0.324049E-04
  2.50000  0.385152E-04
  2.51000  0.459066E-04
  2.52000  0.536110E-04
  2.53000  0.600484E-04
  2.54000  0.635658E-04
  2.55000  0.636187E-04
  2.56000  0.602598E-04
  2.57000  0.554795E-04
  2.58000  0.496727E-04
  2.59000  0.437378E-04
  2.60000  0.379270E-04
  2.61000  0.321913E-04
  2.62000  0.266663E-04
  2.63000  0.217044E-04
  2.64000  0.175773E-04
  2.65000  0.142893E-04
  2.66000  0.115162E-04
  2.67000  0.931868E-05
  2.68000  0.749015E-05
  2.69000  0.601285E-05
  2.70000  0.484580E-05
  2.71000  0.391974E-05
  2.72000  0.354754E-05
  2.73000  0.330197E-05
  2.74000  0.289606E-05
  2.75000  0.239815E-05
  2.76000  0.256256E-05
  2.77000  0.273941E-05
  2.78000  0.293149E-05
  2.79000  0.314567E-05
  2.80000  0.337888E-05
  2.81000  0.362744E-05
  2.82000  0.387911E-05
  2.83000  0.412192E-05
  2.84000  0.435103E-05
  2.85000  0.456853E-05
  2.86000  0.475126E-05
  2.87000  0.493288E-05
  2.88000  0.508674E-05
  2.89000  0.521857E-05
  2.90000  0.535428E-05
  2.91000  0.551830E-05
  2.92000  0.571845E-05
  2.93000  0.593794E-05
  2.94000  0.614474E-05
  2.95000  0.630457E-05
  2.96000  0.634597E-05
  2.97000  0.633385E-05
  2.98000  0.624463E-05
  2.99000  0.608713E-05
  3.00000  0.585482E-05
  3.01000  0.552750E-05
  3.02000  0.509461E-05
  3.03000  0.455246E-05
  3.04000  0.394308E-05
  3.05000  0.334133E-05
  3.06000  0.277631E-05
  3.07000  0.234028E-05
  3.08000  0.200071E-05
  3.09000  0.173061E-05
  3.10000  0.150901E-05
  3.11000  0.131943E-05
  3.12000  0.115319E-05
  3.13000  0.100366E-05
  3.14000  0.866936E-06
  3.15000  0.741941E-06
  3.16000  0.633189E-06
  3.17000  0.658813E-06
  3.18000  0.685220E-06
  3.19000  0.712560E-06
  3.20000  0.739988E-06
  3.21000  0.766129E-06
  3.22000  0.788525E-06
  3.23000  0.805237E-06
  3.24000  0.816301E-06
  3.25000  0.823090E-06
  3.26000  0.813516E-06
  3.27000  0.813313E-06
  3.28000  0.811175E-06
  3.29000  0.808071E-06
  3.30000  0.803193E-06
  3.31000  0.794718E-06
  3.32000  0.781743E-06
  3.33000  0.764300E-06
  3.34000  0.742504E-06
  3.35000  0.716367E-06
  3.36000  0.671969E-06
  3.37000  0.637754E-06
  3.38000  0.601791E-06
  3.39000  0.566175E-06
  3.40000  0.531716E-06
  3.41000  0.498420E-06
  3.42000  0.466691E-06
  3.43000  0.437931E-06
  3.44000  0.412896E-06
  3.45000  0.392014E-06
  3.46000  0.366409E-06
  3.47000  0.352996E-06
  3.48000  0.341135E-06
  3.49000  0.329302E-06
  3.50000  0.316239E-06
  3.51000  0.300830E-06
  3.52000  0.282737E-06
  3.53000  0.263215E-06
  3.54000  0.245129E-06
  3.55000  0.231087E-06
  3.56000  0.216317E-06
  3.57000  0.211874E-06
  3.58000  0.210620E-06
  3.59000  0.210088E-06
  3.60000  0.208273E-06
  3.61000  0.203572E-06
  3.62000  0.195790E-06
  3.63000  0.185656E-06
  3.64000  0.174084E-06
  3.65000  0.161992E-06
  3.66000  0.146111E-06
  3.67000  0.135571E-06
  3.68000  0.126206E-06
  3.69000  0.118113E-06
  3.70000  0.111174E-06
  3.71000  0.105181E-06
  3.72000  0.997746E-07
  3.73000  0.946585E-07
  3.74000  0.896169E-07
  3.75000  0.844971E-07
  3.76000  0.770732E-07
  3.77000  0.718241E-07
  3.78000  0.663725E-07
  3.79000  0.606612E-07
  3.80000  0.546588E-07
  3.81000  0.483794E-07
  3.82000  0.491382E-07
  3.83000  0.499033E-07
  3.84000  0.503542E-07
  3.85000  0.505452E-07
  3.86000  0.482504E-07
  3.87000  0.480994E-07
  3.88000  0.478641E-07
  3.89000  0.474982E-07
  3.90000  0.468918E-07
  3.91000  0.459443E-07
  3.92000  0.445639E-07
  3.93000  0.427714E-07
  3.94000  0.406190E-07
  3.95000  0.381504E-07
  3.96000  0.335422E-07
  3.97000  0.307041E-07
  3.98000  0.277760E-07
  3.99000  0.248424E-07
  4.00000  0.219858E-07
  4.01000  0.192794E-07
  4.02000  0.167841E-07
  4.03000  0.145589E-07
  4.04000  0.126220E-07
  4.05000  0.109741E-07
  4.06000  0.900219E-08
  4.07000  0.794596E-08
  4.08000  0.707666E-08
  4.09000  0.634845E-08
  4.10000  0.572505E-08
  4.11000  0.517878E-08
  4.12000  0.469558E-08
  4.13000  0.425722E-08
  4.14000  0.385701E-08
  4.15000  0.348359E-08
  4.16000  0.293205E-08
  4.17000  0.262830E-08
  4.18000  0.234595E-08
  4.19000  0.208629E-08
  4.20000  0.185152E-08
  4.21000  0.164337E-08
  4.22000  0.146140E-08
  4.23000  0.130374E-08
  4.24000  0.116679E-08
  4.25000  0.104743E-08
  4.26000  0.874997E-09
  4.27000  0.786817E-09
  4.28000  0.704695E-09
  4.29000  0.626875E-09
  4.30000  0.552808E-09
  4.31000  0.483409E-09
  4.32000  0.418941E-09
  4.33000  0.359412E-09
  4.34000  0.305290E-09
  4.35000  0.257139E-09
  4.36000  0.197989E-09
  4.37000  0.163357E-09
  4.38000  0.133161E-09
  4.39000  0.107348E-09
  4.40000  0.856763E-10
  4.41000  0.677455E-10
  4.42000  0.531544E-10
  4.43000  0.415723E-10
  4.44000  0.326049E-10
  4.45000  0.257456E-10
  4.46000  0.186816E-10
  4.47000  0.150313E-10
  4.48000  0.122677E-10
  4.49000  0.101508E-10
  4.50000  0.849281E-11
  4.51000  0.716828E-11
  4.52000  0.609806E-11
  4.53000  0.584878E-11
  4.54000  0.574613E-11
  4.55000  0.569314E-11
  4.56000  0.504131E-11
  4.57000  0.505983E-11
  4.58000  0.509273E-11
  4.59000  0.512013E-11
  4.60000  0.513435E-11
  4.61000  0.513683E-11
  4.62000  0.511714E-11
  4.63000  0.506283E-11
  4.64000  0.497021E-11
  4.65000  0.484115E-11
  4.66000  0.412135E-11
  4.67000  0.396348E-11
  4.68000  0.377420E-11
  4.69000  0.355084E-11
  4.70000  0.330113E-11
  4.71000  0.304548E-11
  4.72000  0.279229E-11
  4.73000  0.255029E-11
  4.74000  0.231777E-11
  4.75000  0.209181E-11
  4.76000  0.162722E-11
  4.77000  0.146909E-11
  4.78000  0.133400E-11
  4.79000  0.121268E-11
  4.80000  0.110460E-11
  4.81000  0.101233E-11
  4.82000  0.932207E-12
  4.83000  0.866702E-12
  4.84000  0.813217E-12
  4.85000  0.761434E-12
  4.86000  0.626036E-12
  4.87000  0.587677E-12
  4.88000  0.566100E-12
  4.89000  0.589071E-12
  4.90000  0.614284E-12
  4.91000  0.639905E-12
  4.92000  0.665423E-12
  4.93000  0.692813E-12
  4.94000  0.723609E-12
  4.95000  0.760059E-12
  4.96000  0.698665E-12
  4.97000  0.745170E-12
  4.98000  0.796733E-12
  4.99000  0.847435E-12
  5.00000  0.891207E-12
  5.01000  0.922018E-12
  5.02000  0.935655E-12
  5.03000  0.930981E-12
  5.04000  0.907871E-12
  5.05000  0.102471E-11
  5.06000  0.108703E-11
  5.07000  0.126501E-11
  5.08000  0.145149E-11
  5.09000  0.163811E-11
  5.10000  0.181593E-11
  5.11000  0.197402E-11
  5.12000  0.209830E-11
  5.13000  0.218212E-11
  5.14000  0.221881E-11
  5.15000  0.221521E-11
  5.16000  0.185825E-11
  5.17000  0.179057E-11
  5.18000  0.172391E-11
  5.19000  0.167605E-11
  5.20000  0.165663E-11
  5.21000  0.166496E-11
  5.22000  0.169990E-11
  5.23000  0.175618E-11
  5.24000  0.182693E-11
  5.25000  0.190161E-11
  5.26000  0.166654E-11
  5.27000  0.172529E-11
  5.28000  0.177707E-11
  5.29000  0.181823E-11
  5.30000  0.184282E-11
  5.31000  0.184924E-11
  5.32000  0.183563E-11
  5.33000  0.180365E-11
  5.34000  0.175197E-11
  5.35000  0.168423E-11
  5.36000  0.136763E-11
  5.37000  0.129500E-11
  5.38000  0.121893E-11
  5.39000  0.114137E-11
  5.40000  0.106653E-11
  5.41000  0.996079E-12
  5.42000  0.929639E-12
  5.43000  0.865853E-12
  5.44000  0.806196E-12
  5.45000  0.752233E-12
  5.46000  0.601123E-12
  5.47000  0.565764E-12
  5.48000  0.533969E-12
  5.49000  0.505614E-12
  5.50000  0.479230E-12
  5.51000  0.454166E-12
  5.52000  0.428094E-12
  5.53000  0.400397E-12
  5.54000  0.371786E-12
  5.55000  0.342874E-12
  5.56000  0.269929E-12
  5.57000  0.246392E-12
  5.58000  0.223485E-12
  5.59000  0.201293E-12
  5.60000  0.180267E-12
  5.61000  0.160474E-12
  5.62000  0.142681E-12
  5.63000  0.126529E-12
  5.64000  0.111752E-12
  5.65000  0.981670E-13
  5.66000  0.736104E-13
  5.67000  0.639371E-13
  5.68000  0.555004E-13
  5.69000  0.479692E-13
  5.70000  0.411685E-13
  5.71000  0.351057E-13
  5.72000  0.297495E-13
  5.73000  0.252155E-13
  5.74000  0.213658E-13
  5.75000  0.180487E-13
  5.76000  0.130456E-13
  5.77000  0.108873E-13
  5.78000  0.903758E-14
  5.79000  0.750841E-14
  5.80000  0.622236E-14
  5.81000  0.515179E-14
  5.82000  0.423375E-14
  5.83000  0.346375E-14
  5.84000  0.282050E-14
  5.85000  0.229810E-14
  5.86000  0.162202E-14
  5.87000  0.132932E-14
  5.88000  0.109074E-14
  5.89000  0.901990E-15
  5.90000  0.753790E-15
  5.91000  0.639914E-15
  5.92000  0.552662E-15
  5.93000  0.485605E-15
  5.94000  0.431083E-15
  5.95000  0.386668E-15
  5.96000  0.303328E-15
  5.97000  0.274594E-15
  5.98000  0.249750E-15
  5.99000  0.227642E-15
  6.00000  0.208923E-15
  6.20000  0.774027E-15
  6.40000  0.209400E-15
  6.60000  0.120861E-16
  6.80000  0.102493E-17
  7.00000  0.166524E-19
