  0.00000  0.000000E+00
  0.01000  0.000000E+00
  0.02000  0.000000E+00
  0.03000  0.000000E+00
  0.04000  0.000000E+00
  0.05000  0.000000E+00
  0.06000  0.000000E+00
  0.07000  0.000000E+00
  0.08000  0.000000E+00
  0.09000  0.000000E+00
  0.10000  0.000000E+00
  0.11000  0.000000E+00
  0.12000  0.000000E+00
  0.13000  0.000000E+00
  0.14000  0.000000E+00
  0.15000  0.000000E+00
  0.16000  0.000000E+00
  0.17000  0.000000E+00
  0.18000  0.000000E+00
  0.19000  0.000000E+00
  0.20000  0.000000E+00
  0.21000  0.000000E+00
  0.22000  0.000000E+00
  0.23000  0.000000E+00
  0.24000  0.000000E+00
  0.25000  0.000000E+00
  0.26000  0.000000E+00
  0.27000  0.000000E+00
  0.28000  0.000000E+00
  0.29000  0.000000E+00
  0.30000  0.000000E+00
  0.31000  0.000000E+00
  0.32000  0.000000E+00
  0.33000  0.000000E+00
  0.34000  0.000000E+00
  0.35000  0.000000E+00
  0.36000  0.000000E+00
  0.37000  0.000000E+00
  0.38000  0.000000E+00
  0.39000  0.000000E+00
  0.40000  0.000000E+00
  0.41000  0.000000E+00
  0.42000  0.000000E+00
  0.43000  0.000000E+00
  0.44000  0.000000E+00
  0.45000  0.000000E+00
  0.46000  0.000000E+00
  0.47000  0.000000E+00
  0.48000  0.000000E+00
  0.49000  0.000000E+00
  0.50000  0.000000E+00
  0.51000  0.000000E+00
  0.52000  0.000000E+00
  0.53000  0.000000E+00
  0.54000  0.000000E+00
  0.55000  0.000000E+00
  0.56000  0.000000E+00
  0.57000  0.000000E+00
  0.58000  0.000000E+00
  0.59000  0.000000E+00
  0.60000  0.000000E+00
  0.61000  0.000000E+00
  0.62000  0.000000E+00
  0.63000  0.000000E+00
  0.64000  0.000000E+00
  0.65000  0.000000E+00
  0.66000  0.000000E+00
  0.67000  0.000000E+00
  0.68000  0.000000E+00
  0.69000  0.000000E+00
  0.70000  0.000000E+00
  0.71000  0.000000E+00
  0.72000  0.000000E+00
  0.73000  0.000000E+00
  0.74000  0.000000E+00
  0.75000  0.000000E+00
  0.76000  0.000000E+00
  0.77000  0.000000E+00
  0.78000  0.000000E+00
  0.79000  0.000000E+00
  0.80000  0.000000E+00
  0.81000  0.000000E+00
  0.82000  0.000000E+00
  0.83000  0.000000E+00
  0.84000  0.000000E+00
  0.85000  0.000000E+00
  0.86000  0.000000E+00
  0.87000  0.000000E+00
  0.88000  0.000000E+00
  0.89000  0.000000E+00
  0.90000  0.000000E+00
  0.91000  0.000000E+00
  0.92000  0.000000E+00
  0.93000  0.000000E+00
  0.94000  0.000000E+00
  0.95000  0.000000E+00
  0.96000  0.000000E+00
  0.97000  0.000000E+00
  0.98000  0.000000E+00
  0.99000  0.000000E+00
  1.00000  0.000000E+00
  1.01000  0.000000E+00
  1.02000  0.000000E+00
  1.03000  0.000000E+00
  1.04000  0.000000E+00
  1.05000  0.000000E+00
  1.06000  0.000000E+00
  1.07000  0.000000E+00
  1.08000  0.000000E+00
  1.09000  0.000000E+00
  1.10000  0.000000E+00
  1.11000  0.000000E+00
  1.12000  0.000000E+00
  1.13000  0.000000E+00
  1.14000  0.000000E+00
  1.15000  0.000000E+00
  1.16000  0.000000E+00
  1.17000  0.000000E+00
  1.18000  0.000000E+00
  1.19000  0.000000E+00
  1.20000  0.000000E+00
  1.21000  0.000000E+00
  1.22000  0.000000E+00
  1.23000  0.000000E+00
  1.24000  0.000000E+00
  1.25000  0.000000E+00
  1.26000  0.000000E+00
  1.27000  0.000000E+00
  1.28000  0.000000E+00
  1.29000  0.000000E+00
  1.30000  0.000000E+00
  1.31000  0.000000E+00
  1.32000  0.000000E+00
  1.33000  0.000000E+00
  1.34000  0.000000E+00
  1.35000  0.000000E+00
  1.36000  0.000000E+00
  1.37000  0.000000E+00
  1.38000  0.000000E+00
  1.39000  0.000000E+00
  1.40000  0.000000E+00
  1.41000  0.000000E+00
  1.42000  0.000000E+00
  1.43000  0.000000E+00
  1.44000  0.000000E+00
  1.45000  0.000000E+00
  1.46000  0.000000E+00
  1.47000  0.000000E+00
  1.48000  0.000000E+00
  1.49000  0.000000E+00
  1.50000  0.000000E+00
  1.51000  0.000000E+00
  1.52000  0.000000E+00
  1.53000  0.000000E+00
  1.54000  0.000000E+00
  1.55000  0.000000E+00
  1.56000  0.000000E+00
  1.57000  0.000000E+00
  1.58000  0.000000E+00
  1.59000  0.000000E+00
  1.60000  0.000000E+00
  1.61000  0.000000E+00
  1.62000  0.000000E+00
  1.63000  0.000000E+00
  1.64000  0.000000E+00
  1.65000  0.000000E+00
  1.66000  0.000000E+00
  1.67000  0.000000E+00
  1.68000  0.000000E+00
  1.69000  0.000000E+00
  1.70000  0.000000E+00
  1.71000  0.000000E+00
  1.72000  0.000000E+00
  1.73000  0.000000E+00
  1.74000  0.000000E+00
  1.75000  0.000000E+00
  1.76000  0.000000E+00
  1.77000  0.000000E+00
  1.78000  0.000000E+00
  1.79000  0.000000E+00
  1.80000  0.000000E+00
  1.81000  0.000000E+00
  1.82000  0.000000E+00
  1.83000  0.000000E+00
  1.84000  0.000000E+00
  1.85000  0.000000E+00
  1.86000  0.000000E+00
  1.87000  0.000000E+00
  1.88000  0.000000E+00
  1.89000  0.000000E+00
  1.90000  0.000000E+00
  1.91000  0.000000E+00
  1.92000  0.000000E+00
  1.93000  0.000000E+00
  1.94000  0.000000E+00
  1.95000  0.000000E+00
  1.96000  0.000000E+00
  1.97000  0.000000E+00
  1.98000  0.000000E+00
  1.99000  0.000000E+00
  2.00000  0.000000E+00
  2.01000  0.000000E+00
  2.02000  0.000000E+00
  2.03000  0.000000E+00
  2.04000  0.000000E+00
  2.05000  0.000000E+00
  2.06000  0.000000E+00
  2.07000  0.000000E+00
  2.08000  0.000000E+00
  2.09000  0.000000E+00
  2.10000  0.320917E-04
  2.11000  0.746730E-04
  2.12000  0.245725E-02
  2.13000  0.106336E-01
  2.14000  0.117963E-01
  2.15000  0.130007E-01
  2.16000  0.144626E-01
  2.17000  0.158460E-01
  2.18000  0.172846E-01
  2.19000  0.188661E-01
  2.20000  0.207591E-01
  2.21000  0.289677E-01
  2.22000  0.308682E-01
  2.23000  0.331452E-01
  2.24000  0.405448E-01
  2.25000  0.515081E-01
  2.26000  0.662414E-01
  2.27000  0.807056E-01
  2.28000  0.971095E-01
  2.29000  0.115374E+00
  2.30000  0.134895E+00
  2.31000  0.154785E+00
  2.32000  0.175193E+00
  2.33000  0.196265E+00
  2.34000  0.217749E+00
  2.35000  0.239104E+00
  2.36000  0.265385E+00
  2.37000  0.282766E+00
  2.38000  0.298992E+00
  2.39000  0.318805E+00
  2.40000  0.340256E+00
  2.41000  0.362625E+00
  2.42000  0.390990E+00
  2.43000  0.428944E+00
  2.44000  0.475927E+00
  2.45000  0.532346E+00
  2.46000  0.613562E+00
  2.47000  0.692307E+00
  2.48000  0.774183E+00
  2.49000  0.854165E+00
  2.50000  0.925706E+00
  2.51000  0.978182E+00
  2.52000  0.100000E+01
  2.53000  0.997056E+00
  2.54000  0.989700E+00
  2.55000  0.982628E+00
  2.56000  0.987570E+00
  2.57000  0.967017E+00
  2.58000  0.953767E+00
  2.59000  0.937711E+00
  2.60000  0.907892E+00
  2.61000  0.869850E+00
  2.62000  0.830583E+00
  2.63000  0.788489E+00
  2.64000  0.756086E+00
  2.65000  0.747064E+00
  2.66000  0.733088E+00
  2.67000  0.718541E+00
  2.68000  0.707014E+00
  2.69000  0.692730E+00
  2.70000  0.672438E+00
  2.71000  0.646309E+00
  2.72000  0.614853E+00
  2.73000  0.577634E+00
  2.74000  0.534023E+00
  2.75000  0.486565E+00
  2.76000  0.439759E+00
  2.77000  0.397058E+00
  2.78000  0.357411E+00
  2.79000  0.320315E+00
  2.80000  0.286132E+00
  2.81000  0.257596E+00
  2.82000  0.249315E+00
  2.83000  0.241889E+00
  2.84000  0.233913E+00
  2.85000  0.224363E+00
  2.86000  0.214699E+00
  2.87000  0.201940E+00
  2.88000  0.189480E+00
  2.89000  0.177553E+00
  2.90000  0.166121E+00
  2.91000  0.155845E+00
  2.92000  0.146922E+00
  2.93000  0.138969E+00
  2.94000  0.131592E+00
  2.95000  0.124502E+00
  2.96000  0.116820E+00
  2.97000  0.109099E+00
  2.98000  0.101307E+00
  2.99000  0.935633E-01
  3.00000  0.856771E-01
  3.01000  0.774539E-01
  3.02000  0.690565E-01
  3.03000  0.608951E-01
  3.04000  0.532979E-01
  3.05000  0.463717E-01
  3.06000  0.394483E-01
  3.07000  0.338544E-01
  3.08000  0.289693E-01
  3.09000  0.247836E-01
  3.10000  0.212584E-01
  3.11000  0.182531E-01
  3.12000  0.155275E-01
  3.13000  0.129802E-01
  3.14000  0.118579E-01
  3.15000  0.108937E-01
  3.16000  0.983012E-02
  3.17000  0.899511E-02
  3.18000  0.823277E-02
  3.19000  0.753409E-02
  3.20000  0.688032E-02
  3.21000  0.626178E-02
  3.22000  0.568917E-02
  3.23000  0.519448E-02
  3.24000  0.481691E-02
  3.25000  0.456030E-02
  3.26000  0.428860E-02
  3.27000  0.407050E-02
  3.28000  0.382598E-02
  3.29000  0.358782E-02
  3.30000  0.335695E-02
  3.31000  0.310961E-02
  3.32000  0.284684E-02
  3.33000  0.259995E-02
  3.34000  0.239437E-02
  3.35000  0.221891E-02
  3.36000  0.201610E-02
  3.37000  0.185013E-02
  3.38000  0.170013E-02
  3.39000  0.157420E-02
  3.40000  0.147315E-02
  3.41000  0.138746E-02
  3.42000  0.130333E-02
  3.43000  0.121651E-02
  3.44000  0.113276E-02
  3.45000  0.105722E-02
  3.46000  0.973547E-03
  3.47000  0.917561E-03
  3.48000  0.870631E-03
  3.49000  0.831910E-03
  3.50000  0.798782E-03
  3.51000  0.768137E-03
  3.52000  0.739066E-03
  3.53000  0.711219E-03
  3.54000  0.685300E-03
  3.55000  0.664836E-03
  3.56000  0.636227E-03
  3.57000  0.625092E-03
  3.58000  0.613426E-03
  3.59000  0.600041E-03
  3.60000  0.585042E-03
  3.61000  0.567631E-03
  3.62000  0.547313E-03
  3.63000  0.524921E-03
  3.64000  0.502142E-03
  3.65000  0.480536E-03
  3.66000  0.448791E-03
  3.67000  0.432135E-03
  3.68000  0.417848E-03
  3.69000  0.405344E-03
  3.70000  0.393398E-03
  3.71000  0.380771E-03
  3.72000  0.367078E-03
  3.73000  0.353117E-03
  3.74000  0.339711E-03
  3.75000  0.326457E-03
  3.76000  0.304531E-03
  3.77000  0.289615E-03
  3.78000  0.273913E-03
  3.79000  0.257948E-03
  3.80000  0.242127E-03
  3.81000  0.226554E-03
  3.82000  0.210992E-03
  3.83000  0.195373E-03
  3.84000  0.180151E-03
  3.85000  0.165779E-03
  3.86000  0.148747E-03
  3.87000  0.136517E-03
  3.88000  0.125060E-03
  3.89000  0.114383E-03
  3.90000  0.104520E-03
  3.91000  0.954860E-04
  3.92000  0.871828E-04
  3.93000  0.794568E-04
  3.94000  0.722520E-04
  3.95000  0.656310E-04
  3.96000  0.580616E-04
  3.97000  0.526520E-04
  3.98000  0.475884E-04
  3.99000  0.428098E-04
  4.00000  0.383605E-04
  4.01000  0.343051E-04
  4.02000  0.306695E-04
  4.03000  0.274461E-04
  4.04000  0.246044E-04
  4.05000  0.220775E-04
  4.06000  0.191614E-04
  4.07000  0.171571E-04
  4.08000  0.153716E-04
  4.09000  0.137971E-04
  4.10000  0.124058E-04
  4.11000  0.111586E-04
  4.12000  0.100307E-04
  4.13000  0.901547E-05
  4.14000  0.810698E-05
  4.15000  0.729362E-05
  4.16000  0.631317E-05
  4.17000  0.567347E-05
  4.18000  0.509698E-05
  4.19000  0.458539E-05
  4.20000  0.414352E-05
  4.21000  0.377141E-05
  4.22000  0.345553E-05
  4.23000  0.317066E-05
  4.24000  0.289641E-05
  4.25000  0.263203E-05
  4.26000  0.228564E-05
  4.27000  0.206679E-05
  4.28000  0.186319E-05
  4.29000  0.167376E-05
  4.30000  0.149883E-05
  4.31000  0.133780E-05
  4.32000  0.119013E-05
  4.33000  0.105599E-05
  4.34000  0.935736E-06
  4.35000  0.828239E-06
  4.36000  0.699922E-06
  4.37000  0.616876E-06
  4.38000  0.542447E-06
  4.39000  0.476138E-06
  4.40000  0.417449E-06
  4.41000  0.365733E-06
  4.42000  0.320172E-06
  4.43000  0.291975E-06
  4.44000  0.271642E-06
  4.45000  0.251469E-06
  4.46000  0.223668E-06
  4.47000  0.205744E-06
  4.48000  0.189496E-06
  4.49000  0.174912E-06
  4.50000  0.161720E-06
  4.51000  0.149618E-06
  4.52000  0.138415E-06
  4.53000  0.128124E-06
  4.54000  0.118838E-06
  4.55000  0.110537E-06
  4.56000  0.992389E-07
  4.57000  0.928155E-07
  4.58000  0.870944E-07
  4.59000  0.820729E-07
  4.60000  0.776269E-07
  4.61000  0.735555E-07
  4.62000  0.696597E-07
  4.63000  0.657888E-07
  4.64000  0.618714E-07
  4.65000  0.579027E-07
  4.66000  0.518818E-07
  4.67000  0.481577E-07
  4.68000  0.446153E-07
  4.69000  0.412936E-07
  4.70000  0.382200E-07
  4.71000  0.353769E-07
  4.72000  0.327217E-07
  4.73000  0.302272E-07
  4.74000  0.278745E-07
  4.75000  0.256860E-07
  4.76000  0.227067E-07
  4.77000  0.209818E-07
  4.78000  0.194650E-07
  4.79000  0.181349E-07
  4.80000  0.169691E-07
  4.81000  0.159421E-07
  4.82000  0.150324E-07
  4.83000  0.142107E-07
  4.84000  0.134326E-07
  4.85000  0.126537E-07
  4.86000  0.113783E-07
  4.87000  0.105518E-07
  4.88000  0.970872E-08
  4.89000  0.888534E-08
  4.90000  0.810829E-08
  4.91000  0.738544E-08
  4.92000  0.670471E-08
  4.93000  0.605965E-08
  4.94000  0.544484E-08
  4.95000  0.486727E-08
  4.96000  0.415319E-08
  4.97000  0.369522E-08
  4.98000  0.329197E-08
  4.99000  0.294163E-08
  5.00000  0.263610E-08
  5.01000  0.236464E-08
  5.02000  0.211940E-08
  5.03000  0.189350E-08
  5.04000  0.168149E-08
  5.05000  0.148201E-08
  5.06000  0.123608E-08
  5.07000  0.107293E-08
  5.08000  0.926214E-09
  5.09000  0.796001E-09
  5.10000  0.680878E-09
  5.11000  0.579441E-09
  5.12000  0.491536E-09
  5.13000  0.415193E-09
  5.14000  0.350013E-09
  5.15000  0.294717E-09
  5.16000  0.235890E-09
  5.17000  0.199352E-09
  5.18000  0.168893E-09
  5.19000  0.144288E-09
  5.20000  0.124436E-09
  5.21000  0.108365E-09
  5.22000  0.953288E-10
  5.23000  0.844624E-10
  5.24000  0.753074E-10
  5.25000  0.674079E-10
  5.26000  0.575070E-10
  5.27000  0.517135E-10
  5.28000  0.465171E-10
  5.29000  0.417924E-10
  5.30000  0.374607E-10
  5.31000  0.334238E-10
  5.32000  0.296794E-10
  5.33000  0.262419E-10
  5.34000  0.231174E-10
  5.35000  0.203155E-10
  5.36000  0.169837E-10
  5.37000  0.148745E-10
  5.38000  0.130065E-10
  5.39000  0.113582E-10
  5.40000  0.990448E-11
  5.41000  0.862752E-11
  5.42000  0.750740E-11
  5.43000  0.653160E-11
  5.44000  0.568566E-11
  5.45000  0.495791E-11
  5.46000  0.414121E-11
  5.47000  0.363947E-11
  5.48000  0.321520E-11
  5.49000  0.285204E-11
  5.50000  0.253453E-11
  5.51000  0.225287E-11
  5.52000  0.199955E-11
  5.53000  0.177038E-11
  5.54000  0.156424E-11
  5.55000  0.138001E-11
  5.56000  0.116448E-11
  5.57000  0.102772E-11
  5.58000  0.907948E-12
  5.59000  0.802256E-12
  5.60000  0.708399E-12
  5.61000  0.624254E-12
  5.62000  0.549072E-12
  5.63000  0.482174E-12
  5.64000  0.422926E-12
  5.65000  0.371012E-12
  5.66000  0.312208E-12
  5.67000  0.274570E-12
  5.68000  0.242130E-12
  5.69000  0.214114E-12
  5.70000  0.189943E-12
  5.71000  0.168994E-12
  5.72000  0.150799E-12
  5.73000  0.134785E-12
  5.74000  0.120512E-12
  5.75000  0.107576E-12
  5.76000  0.920963E-13
  5.77000  0.818196E-13
  5.78000  0.725637E-13
  5.79000  0.642932E-13
  5.80000  0.569568E-13
  5.81000  0.505209E-13
  5.82000  0.449007E-13
  5.83000  0.399758E-13
  5.84000  0.356470E-13
  5.85000  0.318176E-13
  5.86000  0.273479E-13
  5.87000  0.243928E-13
  5.88000  0.217330E-13
  5.89000  0.193392E-13
  5.90000  0.171859E-13
  5.91000  0.152540E-13
  5.92000  0.135242E-13
  5.93000  0.123595E-13
  5.94000  0.114208E-13
  5.95000  0.105476E-13
  5.96000  0.918775E-14
  5.97000  0.845788E-14
  5.98000  0.776524E-14
  5.99000  0.711330E-14
  6.00000  0.650925E-14
  6.20000  0.151676E-14
  6.40000  0.525320E-15
  6.60000  0.428446E-15
  6.80000  0.226943E-15
  7.00000  0.858266E-16
