  0.00000  0.000000E+00
  0.01000  0.000000E+00
  0.02000  0.000000E+00
  0.03000  0.000000E+00
  0.04000  0.000000E+00
  0.05000  0.000000E+00
  0.06000  0.000000E+00
  0.07000  0.000000E+00
  0.08000  0.000000E+00
  0.09000  0.000000E+00
  0.10000  0.000000E+00
  0.11000  0.000000E+00
  0.12000  0.000000E+00
  0.13000  0.000000E+00
  0.14000  0.000000E+00
  0.15000  0.000000E+00
  0.16000  0.000000E+00
  0.17000  0.000000E+00
  0.18000  0.000000E+00
  0.19000  0.000000E+00
  0.20000  0.000000E+00
  0.21000  0.000000E+00
  0.22000  0.000000E+00
  0.23000  0.000000E+00
  0.24000  0.000000E+00
  0.25000  0.000000E+00
  0.26000  0.000000E+00
  0.27000  0.000000E+00
  0.28000  0.000000E+00
  0.29000  0.000000E+00
  0.30000  0.000000E+00
  0.31000  0.000000E+00
  0.32000  0.000000E+00
  0.33000  0.000000E+00
  0.34000  0.000000E+00
  0.35000  0.000000E+00
  0.36000  0.000000E+00
  0.37000  0.000000E+00
  0.38000  0.000000E+00
  0.39000  0.000000E+00
  0.40000  0.000000E+00
  0.41000  0.000000E+00
  0.42000  0.000000E+00
  0.43000  0.000000E+00
  0.44000  0.000000E+00
  0.45000  0.000000E+00
  0.46000  0.000000E+00
  0.47000  0.000000E+00
  0.48000  0.000000E+00
  0.49000  0.000000E+00
  0.50000  0.000000E+00
  0.51000  0.000000E+00
  0.52000  0.000000E+00
  0.53000  0.000000E+00
  0.54000  0.000000E+00
  0.55000  0.000000E+00
  0.56000  0.000000E+00
  0.57000  0.000000E+00
  0.58000  0.000000E+00
  0.59000  0.000000E+00
  0.60000  0.000000E+00
  0.61000  0.000000E+00
  0.62000  0.000000E+00
  0.63000  0.000000E+00
  0.64000  0.000000E+00
  0.65000  0.000000E+00
  0.66000  0.000000E+00
  0.67000  0.000000E+00
  0.68000  0.000000E+00
  0.69000  0.000000E+00
  0.70000  0.000000E+00
  0.71000  0.000000E+00
  0.72000  0.000000E+00
  0.73000  0.000000E+00
  0.74000  0.000000E+00
  0.75000  0.000000E+00
  0.76000  0.000000E+00
  0.77000  0.000000E+00
  0.78000  0.000000E+00
  0.79000  0.000000E+00
  0.80000  0.000000E+00
  0.81000  0.000000E+00
  0.82000  0.000000E+00
  0.83000  0.000000E+00
  0.84000  0.000000E+00
  0.85000  0.000000E+00
  0.86000  0.000000E+00
  0.87000  0.000000E+00
  0.88000  0.000000E+00
  0.89000  0.000000E+00
  0.90000  0.000000E+00
  0.91000  0.270536E-16
  0.92000  0.597382E-13
  0.93000  0.487553E-08
  0.94000  0.103444E-02
  0.95000  0.143966E-02
  0.96000  0.214802E-02
  0.97000  0.204557E-02
  0.98000  0.265864E-02
  0.99000  0.376930E-02
  1.00000  0.531512E-02
  1.01000  0.632741E-02
  1.02000  0.567791E-02
  1.03000  0.458532E-02
  1.04000  0.439876E-02
  1.05000  0.459408E-02
  1.06000  0.442849E-02
  1.07000  0.377604E-02
  1.08000  0.314158E-02
  1.09000  0.254859E-02
  1.10000  0.192000E-02
  1.11000  0.128322E-02
  1.12000  0.758702E-03
  1.13000  0.458290E-03
  1.14000  0.293300E-03
  1.15000  0.253433E-03
  1.16000  0.216688E-03
  1.17000  0.152904E-03
  1.18000  0.934089E-04
  1.19000  0.168690E-03
  1.20000  0.341503E-03
  1.21000  0.614528E-03
  1.22000  0.102431E-02
  1.23000  0.169136E-02
  1.24000  0.265471E-02
  1.25000  0.383337E-02
  1.26000  0.512904E-02
  1.27000  0.961542E-02
  1.28000  0.174877E-01
  1.29000  0.250979E-01
  1.30000  0.306689E-01
  1.31000  0.402144E-01
  1.32000  0.581905E-01
  1.33000  0.955739E-01
  1.34000  0.145387E+00
  1.35000  0.171731E+00
  1.36000  0.179345E+00
  1.37000  0.191580E+00
  1.38000  0.210474E+00
  1.39000  0.250296E+00
  1.40000  0.310725E+00
  1.41000  0.314321E+00
  1.42000  0.260541E+00
  1.43000  0.250408E+00
  1.44000  0.261674E+00
  1.45000  0.275109E+00
  1.46000  0.287983E+00
  1.47000  0.295966E+00
  1.48000  0.296387E+00
  1.49000  0.300792E+00
  1.50000  0.316053E+00
  1.51000  0.329942E+00
  1.52000  0.330649E+00
  1.53000  0.315352E+00
  1.54000  0.300594E+00
  1.55000  0.384403E+00
  1.56000  0.487098E+00
  1.57000  0.609906E+00
  1.58000  0.741564E+00
  1.59000  0.858147E+00
  1.60000  0.929430E+00
  1.61000  0.963169E+00
  1.62000  0.985525E+00
  1.63000  0.997447E+00
  1.64000  0.100000E+01
  1.65000  0.993807E+00
  1.66000  0.970115E+00
  1.67000  0.927576E+00
  1.68000  0.856040E+00
  1.69000  0.755084E+00
  1.70000  0.644900E+00
  1.71000  0.543260E+00
  1.72000  0.453375E+00
  1.73000  0.375943E+00
  1.74000  0.312740E+00
  1.75000  0.263663E+00
  1.76000  0.223903E+00
  1.77000  0.190702E+00
  1.78000  0.159367E+00
  1.79000  0.129712E+00
  1.80000  0.102858E+00
  1.81000  0.802622E-01
  1.82000  0.630305E-01
  1.83000  0.505137E-01
  1.84000  0.409966E-01
  1.85000  0.330748E-01
  1.86000  0.257362E-01
  1.87000  0.199332E-01
  1.88000  0.152234E-01
  1.89000  0.114981E-01
  1.90000  0.849972E-02
  1.91000  0.607476E-02
  1.92000  0.418214E-02
  1.93000  0.278504E-02
  1.94000  0.179699E-02
  1.95000  0.111989E-02
  1.96000  0.630787E-03
  1.97000  0.351484E-03
  1.98000  0.182449E-03
  1.99000  0.888222E-04
  2.00000  0.417308E-04
  2.01000  0.196334E-04
  2.02000  0.150125E-04
  2.03000  0.151392E-04
  2.04000  0.128521E-04
  2.05000  0.901876E-05
  2.06000  0.459952E-05
  2.07000  0.247077E-05
  2.08000  0.129770E-05
  2.09000  0.684226E-06
  2.10000  0.361667E-06
  2.11000  0.189974E-06
  2.12000  0.101951E-06
  2.13000  0.570515E-07
  2.14000  0.305451E-07
  2.15000  0.166501E-07
  2.16000  0.729140E-08
  2.17000  0.456359E-08
  2.18000  0.292398E-08
  2.19000  0.168196E-08
  2.20000  0.750093E-09
  2.21000  0.232567E-09
  2.22000  0.469310E-10
  2.23000  0.621892E-11
  2.24000  0.637431E-12
  2.25000  0.864951E-13
  2.26000  0.872247E-14
  2.27000  0.189966E-14
  2.28000  0.431815E-15
  2.29000  0.190479E-15
  2.30000  0.110242E-15
  2.31000  0.608972E-16
  2.32000  0.317052E-16
  2.33000  0.156384E-16
  2.34000  0.122448E-16
  2.35000  0.113664E-16
  2.36000  0.736021E-17
  2.37000  0.714402E-17
  2.38000  0.629913E-17
  2.39000  0.530226E-17
  2.40000  0.439619E-17
  2.41000  0.416573E-17
  2.42000  0.372991E-17
  2.43000  0.300854E-17
  2.44000  0.225048E-17
  2.45000  0.162292E-17
  2.46000  0.562057E-18
  2.47000  0.497544E-18
  2.48000  0.569082E-18
  2.49000  0.839278E-18
  2.50000  0.138574E-17
  2.51000  0.200853E-17
  2.52000  0.208947E-17
  2.53000  0.147018E-17
  2.54000  0.745179E-18
  2.55000  0.305402E-18
  2.56000  0.404392E-19
  2.57000  0.127087E-19
  2.58000  0.380112E-20
  2.59000  0.113701E-20
  2.60000  0.356210E-21
  2.61000  0.121183E-21
  2.62000  0.458961E-22
  2.63000  0.195419E-22
  2.64000  0.902472E-23
  2.65000  0.413610E-23
  2.66000  0.407541E-24
  2.67000  0.143903E-24
  2.68000  0.459335E-25
  2.69000  0.139245E-25
  2.70000  0.418556E-26
  2.71000  0.128903E-26
  2.72000  0.419367E-27
  2.73000  0.147441E-27
  2.74000  0.536918E-28
  2.75000  0.186789E-28
  2.76000  0.000000E+00
  2.77000  0.000000E+00
  2.78000  0.000000E+00
  2.79000  0.000000E+00
  2.80000  0.000000E+00
  2.81000  0.000000E+00
  2.82000  0.000000E+00
  2.83000  0.000000E+00
  2.84000  0.000000E+00
  2.85000  0.000000E+00
  2.86000  0.000000E+00
  2.87000  0.000000E+00
  2.88000  0.000000E+00
  2.89000  0.000000E+00
  2.90000  0.000000E+00
  2.91000  0.000000E+00
  2.92000  0.000000E+00
  2.93000  0.000000E+00
  2.94000  0.000000E+00
  2.95000  0.000000E+00
  2.96000  0.000000E+00
  2.97000  0.000000E+00
  2.98000  0.000000E+00
  2.99000  0.000000E+00
  3.00000  0.000000E+00
  3.01000  0.000000E+00
  3.02000  0.000000E+00
  3.03000  0.000000E+00
  3.04000  0.000000E+00
  3.05000  0.000000E+00
  3.06000  0.000000E+00
  3.07000  0.000000E+00
  3.08000  0.000000E+00
  3.09000  0.000000E+00
  3.10000  0.000000E+00
  3.11000  0.000000E+00
  3.12000  0.000000E+00
  3.13000  0.000000E+00
  3.14000  0.000000E+00
  3.15000  0.000000E+00
  3.16000  0.000000E+00
  3.17000  0.000000E+00
  3.18000  0.000000E+00
  3.19000  0.000000E+00
  3.20000  0.000000E+00
  3.21000  0.000000E+00
  3.22000  0.000000E+00
  3.23000  0.000000E+00
  3.24000  0.000000E+00
  3.25000  0.000000E+00
  3.26000  0.000000E+00
  3.27000  0.000000E+00
  3.28000  0.000000E+00
  3.29000  0.000000E+00
  3.30000  0.000000E+00
  3.31000  0.000000E+00
  3.32000  0.000000E+00
  3.33000  0.000000E+00
  3.34000  0.000000E+00
  3.35000  0.000000E+00
  3.36000  0.000000E+00
  3.37000  0.000000E+00
  3.38000  0.000000E+00
  3.39000  0.000000E+00
  3.40000  0.000000E+00
  3.41000  0.000000E+00
  3.42000  0.000000E+00
  3.43000  0.000000E+00
  3.44000  0.000000E+00
  3.45000  0.000000E+00
  3.46000  0.000000E+00
  3.47000  0.000000E+00
  3.48000  0.000000E+00
  3.49000  0.000000E+00
  3.50000  0.000000E+00
  3.51000  0.000000E+00
  3.52000  0.000000E+00
  3.53000  0.000000E+00
  3.54000  0.000000E+00
  3.55000  0.000000E+00
  3.56000  0.000000E+00
  3.57000  0.000000E+00
  3.58000  0.000000E+00
  3.59000  0.000000E+00
  3.60000  0.000000E+00
  3.61000  0.000000E+00
  3.62000  0.000000E+00
  3.63000  0.000000E+00
  3.64000  0.000000E+00
  3.65000  0.000000E+00
  3.66000  0.000000E+00
  3.67000  0.000000E+00
  3.68000  0.000000E+00
  3.69000  0.000000E+00
  3.70000  0.000000E+00
  3.71000  0.000000E+00
  3.72000  0.000000E+00
  3.73000  0.000000E+00
  3.74000  0.000000E+00
  3.75000  0.000000E+00
  3.76000  0.000000E+00
  3.77000  0.000000E+00
  3.78000  0.000000E+00
  3.79000  0.000000E+00
  3.80000  0.000000E+00
  3.81000  0.000000E+00
  3.82000  0.000000E+00
  3.83000  0.000000E+00
  3.84000  0.000000E+00
  3.85000  0.000000E+00
  3.86000  0.000000E+00
  3.87000  0.000000E+00
  3.88000  0.000000E+00
  3.89000  0.000000E+00
  3.90000  0.000000E+00
  3.91000  0.000000E+00
  3.92000  0.000000E+00
  3.93000  0.000000E+00
  3.94000  0.000000E+00
  3.95000  0.000000E+00
  3.96000  0.000000E+00
  3.97000  0.000000E+00
  3.98000  0.000000E+00
  3.99000  0.000000E+00
  4.00000  0.000000E+00
  4.01000  0.000000E+00
  4.02000  0.000000E+00
  4.03000  0.000000E+00
  4.04000  0.000000E+00
  4.05000  0.000000E+00
  4.06000  0.000000E+00
  4.07000  0.000000E+00
  4.08000  0.000000E+00
  4.09000  0.000000E+00
  4.10000  0.000000E+00
  4.11000  0.000000E+00
  4.12000  0.000000E+00
  4.13000  0.000000E+00
  4.14000  0.000000E+00
  4.15000  0.000000E+00
  4.16000  0.000000E+00
  4.17000  0.000000E+00
  4.18000  0.000000E+00
  4.19000  0.000000E+00
  4.20000  0.000000E+00
  4.21000  0.000000E+00
  4.22000  0.000000E+00
  4.23000  0.000000E+00
  4.24000  0.000000E+00
  4.25000  0.000000E+00
  4.26000  0.000000E+00
  4.27000  0.000000E+00
  4.28000  0.000000E+00
  4.29000  0.000000E+00
  4.30000  0.000000E+00
  4.31000  0.000000E+00
  4.32000  0.000000E+00
  4.33000  0.000000E+00
  4.34000  0.000000E+00
  4.35000  0.000000E+00
  4.36000  0.000000E+00
  4.37000  0.000000E+00
  4.38000  0.000000E+00
  4.39000  0.000000E+00
  4.40000  0.000000E+00
  4.41000  0.000000E+00
  4.42000  0.000000E+00
  4.43000  0.000000E+00
  4.44000  0.000000E+00
  4.45000  0.000000E+00
  4.46000  0.000000E+00
  4.47000  0.000000E+00
  4.48000  0.000000E+00
  4.49000  0.000000E+00
  4.50000  0.000000E+00
  4.51000  0.000000E+00
  4.52000  0.000000E+00
  4.53000  0.000000E+00
  4.54000  0.000000E+00
  4.55000  0.000000E+00
  4.56000  0.000000E+00
  4.57000  0.000000E+00
  4.58000  0.000000E+00
  4.59000  0.000000E+00
  4.60000  0.000000E+00
  4.61000  0.000000E+00
  4.62000  0.000000E+00
  4.63000  0.000000E+00
  4.64000  0.000000E+00
  4.65000  0.000000E+00
  4.66000  0.000000E+00
  4.67000  0.000000E+00
  4.68000  0.000000E+00
  4.69000  0.000000E+00
  4.70000  0.000000E+00
  4.71000  0.000000E+00
  4.72000  0.000000E+00
  4.73000  0.000000E+00
  4.74000  0.000000E+00
  4.75000  0.000000E+00
  4.76000  0.000000E+00
  4.77000  0.000000E+00
  4.78000  0.000000E+00
  4.79000  0.000000E+00
  4.80000  0.000000E+00
  4.81000  0.000000E+00
  4.82000  0.000000E+00
  4.83000  0.000000E+00
  4.84000  0.000000E+00
  4.85000  0.000000E+00
  4.86000  0.000000E+00
  4.87000  0.000000E+00
  4.88000  0.000000E+00
  4.89000  0.000000E+00
  4.90000  0.000000E+00
  4.91000  0.000000E+00
  4.92000  0.000000E+00
  4.93000  0.000000E+00
  4.94000  0.000000E+00
  4.95000  0.000000E+00
  4.96000  0.000000E+00
  4.97000  0.000000E+00
  4.98000  0.000000E+00
  4.99000  0.000000E+00
  5.00000  0.000000E+00
  5.01000  0.000000E+00
  5.02000  0.000000E+00
  5.03000  0.000000E+00
  5.04000  0.000000E+00
  5.05000  0.000000E+00
  5.06000  0.000000E+00
  5.07000  0.000000E+00
  5.08000  0.000000E+00
  5.09000  0.000000E+00
  5.10000  0.000000E+00
  5.11000  0.000000E+00
  5.12000  0.000000E+00
  5.13000  0.000000E+00
  5.14000  0.000000E+00
  5.15000  0.000000E+00
  5.16000  0.000000E+00
  5.17000  0.000000E+00
  5.18000  0.000000E+00
  5.19000  0.000000E+00
  5.20000  0.000000E+00
  5.21000  0.000000E+00
  5.22000  0.000000E+00
  5.23000  0.000000E+00
  5.24000  0.000000E+00
  5.25000  0.000000E+00
  5.26000  0.000000E+00
  5.27000  0.000000E+00
  5.28000  0.000000E+00
  5.29000  0.000000E+00
  5.30000  0.000000E+00
  5.31000  0.000000E+00
  5.32000  0.000000E+00
  5.33000  0.000000E+00
  5.34000  0.000000E+00
  5.35000  0.000000E+00
  5.36000  0.000000E+00
  5.37000  0.000000E+00
  5.38000  0.000000E+00
  5.39000  0.000000E+00
  5.40000  0.000000E+00
  5.41000  0.000000E+00
  5.42000  0.000000E+00
  5.43000  0.000000E+00
  5.44000  0.000000E+00
  5.45000  0.000000E+00
  5.46000  0.000000E+00
  5.47000  0.000000E+00
  5.48000  0.000000E+00
  5.49000  0.000000E+00
  5.50000  0.000000E+00
  5.51000  0.000000E+00
  5.52000  0.000000E+00
  5.53000  0.000000E+00
  5.54000  0.000000E+00
  5.55000  0.000000E+00
  5.56000  0.000000E+00
  5.57000  0.000000E+00
  5.58000  0.000000E+00
  5.59000  0.000000E+00
  5.60000  0.000000E+00
  5.61000  0.000000E+00
  5.62000  0.000000E+00
  5.63000  0.000000E+00
  5.64000  0.000000E+00
  5.65000  0.000000E+00
  5.66000  0.000000E+00
  5.67000  0.000000E+00
  5.68000  0.000000E+00
  5.69000  0.000000E+00
  5.70000  0.000000E+00
  5.71000  0.000000E+00
  5.72000  0.000000E+00
  5.73000  0.000000E+00
  5.74000  0.000000E+00
  5.75000  0.000000E+00
  5.76000  0.000000E+00
  5.77000  0.000000E+00
  5.78000  0.000000E+00
  5.79000  0.000000E+00
  5.80000  0.000000E+00
  5.81000  0.000000E+00
  5.82000  0.000000E+00
  5.83000  0.000000E+00
  5.84000  0.000000E+00
  5.85000  0.000000E+00
  5.86000  0.000000E+00
  5.87000  0.000000E+00
  5.88000  0.000000E+00
  5.89000  0.000000E+00
  5.90000  0.000000E+00
  5.91000  0.000000E+00
  5.92000  0.000000E+00
  5.93000  0.000000E+00
  5.94000  0.000000E+00
  5.95000  0.000000E+00
  5.96000  0.000000E+00
  5.97000  0.000000E+00
  5.98000  0.000000E+00
  5.99000  0.000000E+00
  6.00000  0.000000E+00
  6.20000  0.000000E+00
  6.40000  0.000000E+00
  6.60000  0.000000E+00
  6.80000  0.000000E+00
  7.00000  0.000000E+00
