  0.00000  0.000000E+00
  0.01000  0.000000E+00
  0.02000  0.000000E+00
  0.03000  0.000000E+00
  0.04000  0.000000E+00
  0.05000  0.000000E+00
  0.06000  0.000000E+00
  0.07000  0.000000E+00
  0.08000  0.000000E+00
  0.09000  0.000000E+00
  0.10000  0.000000E+00
  0.11000  0.000000E+00
  0.12000  0.000000E+00
  0.13000  0.000000E+00
  0.14000  0.000000E+00
  0.15000  0.134937E-28
  0.16000  0.547349E-28
  0.17000  0.105403E-27
  0.18000  0.139133E-26
  0.19000  0.471132E-25
  0.20000  0.238229E-23
  0.21000  0.101895E-22
  0.22000  0.262271E-23
  0.23000  0.455482E-23
  0.24000  0.303716E-23
  0.25000  0.530276E-24
  0.26000  0.120795E-24
  0.27000  0.918780E-24
  0.28000  0.366059E-19
  0.29000  0.758920E-16
  0.30000  0.784675E-15
  0.31000  0.201107E-14
  0.32000  0.166413E-14
  0.33000  0.378649E-15
  0.34000  0.386069E-16
  0.35000  0.450316E-17
  0.36000  0.884916E-18
  0.37000  0.280045E-18
  0.38000  0.729412E-18
  0.39000  0.801539E-16
  0.40000  0.438649E-14
  0.41000  0.462182E-13
  0.42000  0.331391E-12
  0.43000  0.158857E-11
  0.44000  0.348603E-11
  0.45000  0.496482E-11
  0.46000  0.669681E-11
  0.47000  0.382283E-11
  0.48000  0.755034E-12
  0.49000  0.112322E-12
  0.50000  0.462588E-12
  0.51000  0.413061E-10
  0.52000  0.362692E-09
  0.53000  0.101506E-08
  0.54000  0.329664E-08
  0.55000  0.210091E-07
  0.56000  0.150871E-06
  0.57000  0.244506E-05
  0.58000  0.303828E-04
  0.59000  0.121815E-03
  0.60000  0.214632E-03
  0.61000  0.182485E-03
  0.62000  0.142525E-03
  0.63000  0.182916E-03
  0.64000  0.156646E-03
  0.65000  0.615502E-04
  0.66000  0.155585E-04
  0.67000  0.132865E-04
  0.68000  0.153609E-03
  0.69000  0.225001E-02
  0.70000  0.969716E-02
  0.71000  0.291396E-01
  0.72000  0.705404E-01
  0.73000  0.116831E+00
  0.74000  0.100751E+00
  0.75000  0.541652E-01
  0.76000  0.244211E-01
  0.77000  0.878649E-02
  0.78000  0.179071E-02
  0.79000  0.226565E-03
  0.80000  0.237748E-04
  0.81000  0.207394E-04
  0.82000  0.582708E-04
  0.83000  0.197207E-03
  0.84000  0.525784E-03
  0.85000  0.971016E-03
  0.86000  0.134177E-02
  0.87000  0.148650E-02
  0.88000  0.156552E-02
  0.89000  0.193075E-02
  0.90000  0.208715E-02
  0.91000  0.213404E-02
  0.92000  0.223480E-02
  0.93000  0.356706E-02
  0.94000  0.455778E-02
  0.95000  0.550781E-02
  0.96000  0.780208E-02
  0.97000  0.118153E-01
  0.98000  0.159292E-01
  0.99000  0.196811E-01
  1.00000  0.268492E-01
  1.01000  0.444223E-01
  1.02000  0.855745E-01
  1.03000  0.174331E+00
  1.04000  0.332617E+00
  1.05000  0.645343E+00
  1.06000  0.944947E+00
  1.07000  0.979661E+00
  1.08000  0.876544E+00
  1.09000  0.973062E+00
  1.10000  0.100000E+01
  1.11000  0.894384E+00
  1.12000  0.666595E+00
  1.13000  0.486035E+00
  1.14000  0.375263E+00
  1.15000  0.263442E+00
  1.16000  0.200888E+00
  1.17000  0.155217E+00
  1.18000  0.138879E+00
  1.19000  0.141895E+00
  1.20000  0.152785E+00
  1.21000  0.169359E+00
  1.22000  0.190957E+00
  1.23000  0.180323E+00
  1.24000  0.140703E+00
  1.25000  0.883511E-01
  1.26000  0.625503E-01
  1.27000  0.141991E+00
  1.28000  0.107446E+00
  1.29000  0.648821E-01
  1.30000  0.417549E-01
  1.31000  0.251393E-01
  1.32000  0.105595E-01
  1.33000  0.131092E-02
  1.34000  0.459567E-04
  1.35000  0.230540E-04
  1.36000  0.161084E-04
  1.37000  0.916039E-05
  1.38000  0.860507E-05
  1.39000  0.743898E-05
  1.40000  0.587292E-05
  1.41000  0.436402E-05
  1.42000  0.438112E-05
  1.43000  0.472044E-05
  1.44000  0.473458E-05
  1.45000  0.437892E-05
  1.46000  0.366351E-05
  1.47000  0.273692E-05
  1.48000  0.187255E-05
  1.49000  0.128692E-05
  1.50000  0.967707E-06
  1.51000  0.751344E-06
  1.52000  0.578797E-06
  1.53000  0.446051E-06
  1.54000  0.358481E-06
  1.55000  0.304058E-06
  1.56000  0.260028E-06
  1.57000  0.348107E-06
  1.58000  0.450444E-06
  1.59000  0.537991E-06
  1.60000  0.581169E-06
  1.61000  0.584294E-06
  1.62000  0.586910E-06
  1.63000  0.614042E-06
  1.64000  0.655986E-06
  1.65000  0.701538E-06
  1.66000  0.732827E-06
  1.67000  0.758352E-06
  1.68000  0.810766E-06
  1.69000  0.926772E-06
  1.70000  0.112444E-05
  1.71000  0.138497E-05
  1.72000  0.161677E-05
  1.73000  0.173061E-05
  1.74000  0.175718E-05
  1.75000  0.173324E-05
  1.76000  0.165460E-05
  1.77000  0.150503E-05
  1.78000  0.127368E-05
  1.79000  0.994970E-06
  1.80000  0.735063E-06
  1.81000  0.750238E-06
  1.82000  0.808215E-06
  1.83000  0.834004E-06
  1.84000  0.792315E-06
  1.85000  0.708712E-06
  1.86000  0.625603E-06
  1.87000  0.572947E-06
  1.88000  0.535898E-06
  1.89000  0.478058E-06
  1.90000  0.384373E-06
  1.91000  0.275028E-06
  1.92000  0.183586E-06
  1.93000  0.123358E-06
  1.94000  0.101396E-06
  1.95000  0.126026E-06
  1.96000  0.156240E-06
  1.97000  0.195916E-06
  1.98000  0.243866E-06
  1.99000  0.297292E-06
  2.00000  0.353505E-06
  2.01000  0.411246E-06
  2.02000  0.469221E-06
  2.03000  0.618166E-06
  2.04000  0.854391E-06
  2.05000  0.102642E-05
  2.06000  0.131336E-05
  2.07000  0.160693E-05
  2.08000  0.161290E-05
  2.09000  0.128615E-05
  2.10000  0.797235E-06
  2.11000  0.609509E-06
  2.12000  0.591476E-06
  2.13000  0.562834E-06
  2.14000  0.525874E-06
  2.15000  0.485051E-06
  2.16000  0.440930E-06
  2.17000  0.400741E-06
  2.18000  0.356271E-06
  2.19000  0.302635E-06
  2.20000  0.240941E-06
  2.21000  0.178141E-06
  2.22000  0.122360E-06
  2.23000  0.787256E-07
  2.24000  0.479605E-07
  2.25000  0.278396E-07
  2.26000  0.153304E-07
  2.27000  0.813710E-08
  2.28000  0.415162E-08
  2.29000  0.204655E-08
  2.30000  0.976616E-09
  2.31000  0.449936E-09
  2.32000  0.199589E-09
  2.33000  0.853783E-10
  2.34000  0.355569E-10
  2.35000  0.146192E-10
  2.36000  0.594025E-11
  2.37000  0.242547E-11
  2.38000  0.990612E-12
  2.39000  0.408715E-12
  2.40000  0.172408E-12
  2.41000  0.751289E-13
  2.42000  0.339191E-13
  2.43000  0.181374E-13
  2.44000  0.108770E-13
  2.45000  0.652016E-14
  2.46000  0.384373E-14
  2.47000  0.231947E-14
  2.48000  0.141343E-14
  2.49000  0.871583E-15
  2.50000  0.542769E-15
  2.51000  0.341201E-15
  2.52000  0.216180E-15
  2.53000  0.137199E-15
  2.54000  0.867535E-16
  2.55000  0.769621E-16
  2.56000  0.706829E-16
  2.57000  0.654000E-16
  2.58000  0.589523E-16
  2.59000  0.523233E-16
  2.60000  0.460994E-16
  2.61000  0.405117E-16
  2.62000  0.357154E-16
  2.63000  0.316853E-16
  2.64000  0.433951E-16
  2.65000  0.626345E-16
  2.66000  0.747583E-16
  2.67000  0.886866E-16
  2.68000  0.940343E-16
  2.69000  0.890966E-16
  2.70000  0.758388E-16
  2.71000  0.590719E-16
  2.72000  0.431609E-16
  2.73000  0.309526E-16
  2.74000  0.226141E-16
  2.75000  0.170897E-16
  2.76000  0.108165E-16
  2.77000  0.838566E-17
  2.78000  0.633659E-17
  2.79000  0.461914E-17
  2.80000  0.327509E-17
  2.81000  0.231677E-17
  2.82000  0.165966E-17
  2.83000  0.120883E-17
  2.84000  0.888035E-18
  2.85000  0.641175E-18
  2.86000  0.347613E-18
  2.87000  0.217161E-18
  2.88000  0.119281E-18
  2.89000  0.563338E-19
  2.90000  0.227835E-19
  2.91000  0.804938E-20
  2.92000  0.259480E-20
  2.93000  0.816751E-21
  2.94000  0.272819E-21
  2.95000  0.102629E-21
  2.96000  0.795079E-26
  2.97000  0.510141E-26
  2.98000  0.341615E-26
  2.99000  0.230315E-26
  3.00000  0.153334E-26
  3.01000  0.998783E-27
  3.02000  0.627484E-27
  3.03000  0.152304E-28
  3.04000  0.149220E-28
  3.05000  0.000000E+00
  3.06000  0.000000E+00
  3.07000  0.000000E+00
  3.08000  0.000000E+00
  3.09000  0.000000E+00
  3.10000  0.000000E+00
  3.11000  0.000000E+00
  3.12000  0.000000E+00
  3.13000  0.000000E+00
  3.14000  0.000000E+00
  3.15000  0.000000E+00
  3.16000  0.000000E+00
  3.17000  0.000000E+00
  3.18000  0.000000E+00
  3.19000  0.000000E+00
  3.20000  0.000000E+00
  3.21000  0.000000E+00
  3.22000  0.000000E+00
  3.23000  0.000000E+00
  3.24000  0.000000E+00
  3.25000  0.000000E+00
  3.26000  0.000000E+00
  3.27000  0.000000E+00
  3.28000  0.000000E+00
  3.29000  0.000000E+00
  3.30000  0.000000E+00
  3.31000  0.000000E+00
  3.32000  0.000000E+00
  3.33000  0.000000E+00
  3.34000  0.000000E+00
  3.35000  0.000000E+00
  3.36000  0.000000E+00
  3.37000  0.000000E+00
  3.38000  0.000000E+00
  3.39000  0.000000E+00
  3.40000  0.000000E+00
  3.41000  0.000000E+00
  3.42000  0.000000E+00
  3.43000  0.000000E+00
  3.44000  0.000000E+00
  3.45000  0.000000E+00
  3.46000  0.000000E+00
  3.47000  0.000000E+00
  3.48000  0.000000E+00
  3.49000  0.000000E+00
  3.50000  0.000000E+00
  3.51000  0.000000E+00
  3.52000  0.000000E+00
  3.53000  0.000000E+00
  3.54000  0.000000E+00
  3.55000  0.000000E+00
  3.56000  0.000000E+00
  3.57000  0.000000E+00
  3.58000  0.000000E+00
  3.59000  0.000000E+00
  3.60000  0.000000E+00
  3.61000  0.000000E+00
  3.62000  0.000000E+00
  3.63000  0.000000E+00
  3.64000  0.000000E+00
  3.65000  0.000000E+00
  3.66000  0.000000E+00
  3.67000  0.000000E+00
  3.68000  0.000000E+00
  3.69000  0.000000E+00
  3.70000  0.000000E+00
  3.71000  0.000000E+00
  3.72000  0.000000E+00
  3.73000  0.000000E+00
  3.74000  0.000000E+00
  3.75000  0.000000E+00
  3.76000  0.000000E+00
  3.77000  0.000000E+00
  3.78000  0.000000E+00
  3.79000  0.000000E+00
  3.80000  0.000000E+00
  3.81000  0.000000E+00
  3.82000  0.000000E+00
  3.83000  0.000000E+00
  3.84000  0.000000E+00
  3.85000  0.000000E+00
  3.86000  0.000000E+00
  3.87000  0.000000E+00
  3.88000  0.000000E+00
  3.89000  0.000000E+00
  3.90000  0.000000E+00
  3.91000  0.000000E+00
  3.92000  0.000000E+00
  3.93000  0.000000E+00
  3.94000  0.000000E+00
  3.95000  0.000000E+00
  3.96000  0.000000E+00
  3.97000  0.000000E+00
  3.98000  0.000000E+00
  3.99000  0.000000E+00
  4.00000  0.000000E+00
  4.01000  0.000000E+00
  4.02000  0.000000E+00
  4.03000  0.000000E+00
  4.04000  0.000000E+00
  4.05000  0.000000E+00
  4.06000  0.000000E+00
  4.07000  0.000000E+00
  4.08000  0.000000E+00
  4.09000  0.000000E+00
  4.10000  0.000000E+00
  4.11000  0.000000E+00
  4.12000  0.000000E+00
  4.13000  0.000000E+00
  4.14000  0.000000E+00
  4.15000  0.000000E+00
  4.16000  0.000000E+00
  4.17000  0.000000E+00
  4.18000  0.000000E+00
  4.19000  0.000000E+00
  4.20000  0.000000E+00
  4.21000  0.000000E+00
  4.22000  0.000000E+00
  4.23000  0.000000E+00
  4.24000  0.000000E+00
  4.25000  0.000000E+00
  4.26000  0.000000E+00
  4.27000  0.000000E+00
  4.28000  0.000000E+00
  4.29000  0.000000E+00
  4.30000  0.000000E+00
  4.31000  0.000000E+00
  4.32000  0.000000E+00
  4.33000  0.000000E+00
  4.34000  0.000000E+00
  4.35000  0.000000E+00
  4.36000  0.000000E+00
  4.37000  0.000000E+00
  4.38000  0.000000E+00
  4.39000  0.000000E+00
  4.40000  0.000000E+00
  4.41000  0.000000E+00
  4.42000  0.000000E+00
  4.43000  0.000000E+00
  4.44000  0.000000E+00
  4.45000  0.000000E+00
  4.46000  0.000000E+00
  4.47000  0.000000E+00
  4.48000  0.000000E+00
  4.49000  0.000000E+00
  4.50000  0.000000E+00
  4.51000  0.000000E+00
  4.52000  0.000000E+00
  4.53000  0.000000E+00
  4.54000  0.000000E+00
  4.55000  0.000000E+00
  4.56000  0.000000E+00
  4.57000  0.000000E+00
  4.58000  0.000000E+00
  4.59000  0.000000E+00
  4.60000  0.000000E+00
  4.61000  0.000000E+00
  4.62000  0.000000E+00
  4.63000  0.000000E+00
  4.64000  0.000000E+00
  4.65000  0.000000E+00
  4.66000  0.000000E+00
  4.67000  0.000000E+00
  4.68000  0.000000E+00
  4.69000  0.000000E+00
  4.70000  0.000000E+00
  4.71000  0.000000E+00
  4.72000  0.000000E+00
  4.73000  0.000000E+00
  4.74000  0.000000E+00
  4.75000  0.000000E+00
  4.76000  0.000000E+00
  4.77000  0.000000E+00
  4.78000  0.000000E+00
  4.79000  0.000000E+00
  4.80000  0.000000E+00
  4.81000  0.000000E+00
  4.82000  0.000000E+00
  4.83000  0.000000E+00
  4.84000  0.000000E+00
  4.85000  0.000000E+00
  4.86000  0.000000E+00
  4.87000  0.000000E+00
  4.88000  0.000000E+00
  4.89000  0.000000E+00
  4.90000  0.000000E+00
  4.91000  0.000000E+00
  4.92000  0.000000E+00
  4.93000  0.000000E+00
  4.94000  0.000000E+00
  4.95000  0.000000E+00
  4.96000  0.000000E+00
  4.97000  0.000000E+00
  4.98000  0.000000E+00
  4.99000  0.000000E+00
  5.00000  0.000000E+00
  5.01000  0.000000E+00
  5.02000  0.000000E+00
  5.03000  0.000000E+00
  5.04000  0.000000E+00
  5.05000  0.000000E+00
  5.06000  0.000000E+00
  5.07000  0.000000E+00
  5.08000  0.000000E+00
  5.09000  0.000000E+00
  5.10000  0.000000E+00
  5.11000  0.000000E+00
  5.12000  0.000000E+00
  5.13000  0.000000E+00
  5.14000  0.000000E+00
  5.15000  0.000000E+00
  5.16000  0.000000E+00
  5.17000  0.000000E+00
  5.18000  0.000000E+00
  5.19000  0.000000E+00
  5.20000  0.000000E+00
  5.21000  0.000000E+00
  5.22000  0.000000E+00
  5.23000  0.000000E+00
  5.24000  0.000000E+00
  5.25000  0.000000E+00
  5.26000  0.000000E+00
  5.27000  0.000000E+00
  5.28000  0.000000E+00
  5.29000  0.000000E+00
  5.30000  0.000000E+00
  5.31000  0.000000E+00
  5.32000  0.000000E+00
  5.33000  0.000000E+00
  5.34000  0.000000E+00
  5.35000  0.000000E+00
  5.36000  0.000000E+00
  5.37000  0.000000E+00
  5.38000  0.000000E+00
  5.39000  0.000000E+00
  5.40000  0.000000E+00
  5.41000  0.000000E+00
  5.42000  0.000000E+00
  5.43000  0.000000E+00
  5.44000  0.000000E+00
  5.45000  0.000000E+00
  5.46000  0.000000E+00
  5.47000  0.000000E+00
  5.48000  0.000000E+00
  5.49000  0.000000E+00
  5.50000  0.000000E+00
  5.51000  0.000000E+00
  5.52000  0.000000E+00
  5.53000  0.000000E+00
  5.54000  0.000000E+00
  5.55000  0.000000E+00
  5.56000  0.000000E+00
  5.57000  0.000000E+00
  5.58000  0.000000E+00
  5.59000  0.000000E+00
  5.60000  0.000000E+00
  5.61000  0.000000E+00
  5.62000  0.000000E+00
  5.63000  0.000000E+00
  5.64000  0.000000E+00
  5.65000  0.000000E+00
  5.66000  0.000000E+00
  5.67000  0.000000E+00
  5.68000  0.000000E+00
  5.69000  0.000000E+00
  5.70000  0.000000E+00
  5.71000  0.000000E+00
  5.72000  0.000000E+00
  5.73000  0.000000E+00
  5.74000  0.000000E+00
  5.75000  0.000000E+00
  5.76000  0.000000E+00
  5.77000  0.000000E+00
  5.78000  0.000000E+00
  5.79000  0.000000E+00
  5.80000  0.000000E+00
  5.81000  0.000000E+00
  5.82000  0.000000E+00
  5.83000  0.000000E+00
  5.84000  0.000000E+00
  5.85000  0.000000E+00
  5.86000  0.000000E+00
  5.87000  0.000000E+00
  5.88000  0.000000E+00
  5.89000  0.000000E+00
  5.90000  0.000000E+00
  5.91000  0.000000E+00
  5.92000  0.000000E+00
  5.93000  0.000000E+00
  5.94000  0.000000E+00
  5.95000  0.000000E+00
  5.96000  0.000000E+00
  5.97000  0.000000E+00
  5.98000  0.000000E+00
  5.99000  0.000000E+00
  6.00000  0.000000E+00
  6.20000  0.000000E+00
  6.40000  0.000000E+00
  6.60000  0.000000E+00
  6.80000  0.000000E+00
  7.00000  0.000000E+00
