  0.00000  0.000000E+00
  0.01000  0.415768E-02
  0.02000  0.172632E-01
  0.03000  0.184461E-01
  0.04000  0.195775E-01
  0.05000  0.206595E-01
  0.06000  0.217231E-01
  0.07000  0.227671E-01
  0.08000  0.237526E-01
  0.09000  0.246568E-01
  0.10000  0.254739E-01
  0.11000  0.261905E-01
  0.12000  0.267928E-01
  0.13000  0.272739E-01
  0.14000  0.276313E-01
  0.15000  0.278597E-01
  0.16000  0.279779E-01
  0.17000  0.280327E-01
  0.18000  0.280542E-01
  0.19000  0.280647E-01
  0.20000  0.281223E-01
  0.21000  0.281977E-01
  0.22000  0.283120E-01
  0.23000  0.285284E-01
  0.24000  0.287270E-01
  0.25000  0.289477E-01
  0.26000  0.292072E-01
  0.27000  0.295183E-01
  0.28000  0.298306E-01
  0.29000  0.301551E-01
  0.30000  0.304970E-01
  0.31000  0.309970E-01
  0.32000  0.315887E-01
  0.33000  0.322848E-01
  0.34000  0.331351E-01
  0.35000  0.341689E-01
  0.36000  0.354040E-01
  0.37000  0.367764E-01
  0.38000  0.383214E-01
  0.39000  0.398166E-01
  0.40000  0.412880E-01
  0.41000  0.428540E-01
  0.42000  0.444394E-01
  0.43000  0.459630E-01
  0.44000  0.474627E-01
  0.45000  0.489931E-01
  0.46000  0.504996E-01
  0.47000  0.520589E-01
  0.48000  0.535959E-01
  0.49000  0.550114E-01
  0.50000  0.563207E-01
  0.51000  0.575092E-01
  0.52000  0.586506E-01
  0.53000  0.597058E-01
  0.54000  0.605574E-01
  0.55000  0.612380E-01
  0.56000  0.614994E-01
  0.57000  0.613978E-01
  0.58000  0.612300E-01
  0.59000  0.609934E-01
  0.60000  0.606830E-01
  0.61000  0.604362E-01
  0.62000  0.603439E-01
  0.63000  0.602847E-01
  0.64000  0.601555E-01
  0.65000  0.599280E-01
  0.66000  0.595750E-01
  0.67000  0.590468E-01
  0.68000  0.583817E-01
  0.69000  0.577145E-01
  0.70000  0.571475E-01
  0.71000  0.567100E-01
  0.72000  0.563031E-01
  0.73000  0.559007E-01
  0.74000  0.555298E-01
  0.75000  0.551085E-01
  0.76000  0.545794E-01
  0.77000  0.537762E-01
  0.78000  0.521061E-01
  0.79000  0.492393E-01
  0.80000  0.467044E-01
  0.81000  0.454989E-01
  0.82000  0.450559E-01
  0.83000  0.447578E-01
  0.84000  0.445787E-01
  0.85000  0.443719E-01
  0.86000  0.440612E-01
  0.87000  0.437647E-01
  0.88000  0.435742E-01
  0.89000  0.436372E-01
  0.90000  0.453927E-01
  0.91000  0.471229E-01
  0.92000  0.487292E-01
  0.93000  0.502467E-01
  0.94000  0.517805E-01
  0.95000  0.533122E-01
  0.96000  0.548139E-01
  0.97000  0.564192E-01
  0.98000  0.581694E-01
  0.99000  0.599631E-01
  1.00000  0.618121E-01
  1.01000  0.640624E-01
  1.02000  0.675075E-01
  1.03000  0.721983E-01
  1.04000  0.766166E-01
  1.05000  0.796630E-01
  1.06000  0.816527E-01
  1.07000  0.831453E-01
  1.08000  0.844286E-01
  1.09000  0.856243E-01
  1.10000  0.868383E-01
  1.11000  0.881314E-01
  1.12000  0.893784E-01
  1.13000  0.904700E-01
  1.14000  0.914551E-01
  1.15000  0.924998E-01
  1.16000  0.935513E-01
  1.17000  0.944318E-01
  1.18000  0.951428E-01
  1.19000  0.957600E-01
  1.20000  0.963913E-01
  1.21000  0.971305E-01
  1.22000  0.979369E-01
  1.23000  0.988404E-01
  1.24000  0.998606E-01
  1.25000  0.100897E+00
  1.26000  0.101962E+00
  1.27000  0.103175E+00
  1.28000  0.104596E+00
  1.29000  0.106270E+00
  1.30000  0.108160E+00
  1.31000  0.110123E+00
  1.32000  0.112267E+00
  1.33000  0.114714E+00
  1.34000  0.117187E+00
  1.35000  0.119434E+00
  1.36000  0.121641E+00
  1.37000  0.123885E+00
  1.38000  0.126177E+00
  1.39000  0.128540E+00
  1.40000  0.130790E+00
  1.41000  0.132750E+00
  1.42000  0.134370E+00
  1.43000  0.135906E+00
  1.44000  0.137406E+00
  1.45000  0.138908E+00
  1.46000  0.140516E+00
  1.47000  0.142261E+00
  1.48000  0.144271E+00
  1.49000  0.146581E+00
  1.50000  0.148937E+00
  1.51000  0.151236E+00
  1.52000  0.153598E+00
  1.53000  0.156133E+00
  1.54000  0.158904E+00
  1.55000  0.161892E+00
  1.56000  0.164961E+00
  1.57000  0.167935E+00
  1.58000  0.170915E+00
  1.59000  0.173908E+00
  1.60000  0.176707E+00
  1.61000  0.179197E+00
  1.62000  0.181471E+00
  1.63000  0.183552E+00
  1.64000  0.185426E+00
  1.65000  0.187174E+00
  1.66000  0.188616E+00
  1.67000  0.189477E+00
  1.68000  0.190096E+00
  1.69000  0.190876E+00
  1.70000  0.191539E+00
  1.71000  0.191823E+00
  1.72000  0.191920E+00
  1.73000  0.192014E+00
  1.74000  0.192117E+00
  1.75000  0.192269E+00
  1.76000  0.192557E+00
  1.77000  0.193033E+00
  1.78000  0.193634E+00
  1.79000  0.194364E+00
  1.80000  0.195421E+00
  1.81000  0.196746E+00
  1.82000  0.197960E+00
  1.83000  0.198973E+00
  1.84000  0.199881E+00
  1.85000  0.200573E+00
  1.86000  0.201056E+00
  1.87000  0.201487E+00
  1.88000  0.201988E+00
  1.89000  0.202579E+00
  1.90000  0.203192E+00
  1.91000  0.203633E+00
  1.92000  0.203872E+00
  1.93000  0.204071E+00
  1.94000  0.204088E+00
  1.95000  0.203441E+00
  1.96000  0.202004E+00
  1.97000  0.199893E+00
  1.98000  0.196589E+00
  1.99000  0.190904E+00
  2.00000  0.181428E+00
  2.01000  0.166976E+00
  2.02000  0.147734E+00
  2.03000  0.127416E+00
  2.04000  0.111521E+00
  2.05000  0.105945E+00
  2.06000  0.103078E+00
  2.07000  0.101734E+00
  2.08000  0.101437E+00
  2.09000  0.101949E+00
  2.10000  0.102981E+00
  2.11000  0.104241E+00
  2.12000  0.105535E+00
  2.13000  0.106765E+00
  2.14000  0.107982E+00
  2.15000  0.109199E+00
  2.16000  0.110421E+00
  2.17000  0.111732E+00
  2.18000  0.113231E+00
  2.19000  0.114913E+00
  2.20000  0.116490E+00
  2.21000  0.117896E+00
  2.22000  0.119091E+00
  2.23000  0.120016E+00
  2.24000  0.120625E+00
  2.25000  0.121031E+00
  2.26000  0.121548E+00
  2.27000  0.122349E+00
  2.28000  0.123498E+00
  2.29000  0.125046E+00
  2.30000  0.126943E+00
  2.31000  0.129201E+00
  2.32000  0.131719E+00
  2.33000  0.134328E+00
  2.34000  0.136961E+00
  2.35000  0.139478E+00
  2.36000  0.141825E+00
  2.37000  0.144110E+00
  2.38000  0.146292E+00
  2.39000  0.148188E+00
  2.40000  0.149857E+00
  2.41000  0.151543E+00
  2.42000  0.153324E+00
  2.43000  0.155411E+00
  2.44000  0.157989E+00
  2.45000  0.160826E+00
  2.46000  0.163819E+00
  2.47000  0.167485E+00
  2.48000  0.172754E+00
  2.49000  0.180183E+00
  2.50000  0.190694E+00
  2.51000  0.206288E+00
  2.52000  0.228326E+00
  2.53000  0.254509E+00
  2.54000  0.280183E+00
  2.55000  0.312100E+00
  2.56000  0.335383E+00
  2.57000  0.351472E+00
  2.58000  0.362364E+00
  2.59000  0.369864E+00
  2.60000  0.375454E+00
  2.61000  0.380010E+00
  2.62000  0.384053E+00
  2.63000  0.387843E+00
  2.64000  0.391557E+00
  2.65000  0.395377E+00
  2.66000  0.399461E+00
  2.67000  0.403882E+00
  2.68000  0.408306E+00
  2.69000  0.412085E+00
  2.70000  0.414911E+00
  2.71000  0.416948E+00
  2.72000  0.418644E+00
  2.73000  0.420403E+00
  2.74000  0.422427E+00
  2.75000  0.424691E+00
  2.76000  0.427331E+00
  2.77000  0.430585E+00
  2.78000  0.434467E+00
  2.79000  0.438641E+00
  2.80000  0.443002E+00
  2.81000  0.447639E+00
  2.82000  0.452486E+00
  2.83000  0.457384E+00
  2.84000  0.462193E+00
  2.85000  0.466843E+00
  2.86000  0.471362E+00
  2.87000  0.475692E+00
  2.88000  0.479932E+00
  2.89000  0.484315E+00
  2.90000  0.488707E+00
  2.91000  0.492812E+00
  2.92000  0.496084E+00
  2.93000  0.497990E+00
  2.94000  0.497996E+00
  2.95000  0.496498E+00
  2.96000  0.494802E+00
  2.97000  0.491008E+00
  2.98000  0.487261E+00
  2.99000  0.485734E+00
  3.00000  0.486675E+00
  3.01000  0.488692E+00
  3.02000  0.490815E+00
  3.03000  0.492954E+00
  3.04000  0.495250E+00
  3.05000  0.497283E+00
  3.06000  0.498703E+00
  3.07000  0.499539E+00
  3.08000  0.499913E+00
  3.09000  0.500159E+00
  3.10000  0.500564E+00
  3.11000  0.501535E+00
  3.12000  0.503578E+00
  3.13000  0.506508E+00
  3.14000  0.510155E+00
  3.15000  0.514657E+00
  3.16000  0.520055E+00
  3.17000  0.526364E+00
  3.18000  0.533570E+00
  3.19000  0.541159E+00
  3.20000  0.548867E+00
  3.21000  0.556560E+00
  3.22000  0.564013E+00
  3.23000  0.571208E+00
  3.24000  0.578241E+00
  3.25000  0.585265E+00
  3.26000  0.592263E+00
  3.27000  0.599401E+00
  3.28000  0.606661E+00
  3.29000  0.614067E+00
  3.30000  0.621815E+00
  3.31000  0.630038E+00
  3.32000  0.638734E+00
  3.33000  0.647720E+00
  3.34000  0.657244E+00
  3.35000  0.667308E+00
  3.36000  0.677743E+00
  3.37000  0.688485E+00
  3.38000  0.699187E+00
  3.39000  0.709396E+00
  3.40000  0.718907E+00
  3.41000  0.728039E+00
  3.42000  0.737071E+00
  3.43000  0.746056E+00
  3.44000  0.754756E+00
  3.45000  0.762884E+00
  3.46000  0.770663E+00
  3.47000  0.778207E+00
  3.48000  0.785533E+00
  3.49000  0.792662E+00
  3.50000  0.799671E+00
  3.51000  0.806428E+00
  3.52000  0.812614E+00
  3.53000  0.818075E+00
  3.54000  0.822771E+00
  3.55000  0.827257E+00
  3.56000  0.832419E+00
  3.57000  0.838349E+00
  3.58000  0.844937E+00
  3.59000  0.852903E+00
  3.60000  0.863805E+00
  3.61000  0.878942E+00
  3.62000  0.897572E+00
  3.63000  0.916584E+00
  3.64000  0.933048E+00
  3.65000  0.946326E+00
  3.66000  0.957252E+00
  3.67000  0.966663E+00
  3.68000  0.974899E+00
  3.69000  0.981992E+00
  3.70000  0.987912E+00
  3.71000  0.992670E+00
  3.72000  0.996289E+00
  3.73000  0.998749E+00
  3.74000  0.100000E+01
  3.75000  0.999787E+00
  3.76000  0.997793E+00
  3.77000  0.993510E+00
  3.78000  0.986509E+00
  3.79000  0.976427E+00
  3.80000  0.962838E+00
  3.81000  0.945228E+00
  3.82000  0.923238E+00
  3.83000  0.897683E+00
  3.84000  0.869932E+00
  3.85000  0.842650E+00
  3.86000  0.818131E+00
  3.87000  0.798297E+00
  3.88000  0.783621E+00
  3.89000  0.773561E+00
  3.90000  0.766549E+00
  3.91000  0.761049E+00
  3.92000  0.755662E+00
  3.93000  0.749455E+00
  3.94000  0.741974E+00
  3.95000  0.733288E+00
  3.96000  0.723793E+00
  3.97000  0.713945E+00
  3.98000  0.704183E+00
  3.99000  0.694818E+00
  4.00000  0.686078E+00
  4.01000  0.678109E+00
  4.02000  0.671366E+00
  4.03000  0.672238E+00
  4.04000  0.673298E+00
  4.05000  0.674293E+00
  4.06000  0.675056E+00
  4.07000  0.675463E+00
  4.08000  0.675486E+00
  4.09000  0.675146E+00
  4.10000  0.674482E+00
  4.11000  0.673484E+00
  4.12000  0.672064E+00
  4.13000  0.670111E+00
  4.14000  0.667535E+00
  4.15000  0.664249E+00
  4.16000  0.660240E+00
  4.17000  0.655598E+00
  4.18000  0.650622E+00
  4.19000  0.645709E+00
  4.20000  0.641388E+00
  4.21000  0.640614E+00
  4.22000  0.640468E+00
  4.23000  0.640889E+00
  4.24000  0.641727E+00
  4.25000  0.642632E+00
  4.26000  0.643245E+00
  4.27000  0.643208E+00
  4.28000  0.642239E+00
  4.29000  0.640180E+00
  4.30000  0.637048E+00
  4.31000  0.633068E+00
  4.32000  0.628548E+00
  4.33000  0.623820E+00
  4.34000  0.619217E+00
  4.35000  0.614982E+00
  4.36000  0.611315E+00
  4.37000  0.608341E+00
  4.38000  0.606003E+00
  4.39000  0.604161E+00
  4.40000  0.603973E+00
  4.41000  0.604391E+00
  4.42000  0.604514E+00
  4.43000  0.604186E+00
  4.44000  0.603303E+00
  4.45000  0.601854E+00
  4.46000  0.599913E+00
  4.47000  0.597646E+00
  4.48000  0.595273E+00
  4.49000  0.592982E+00
  4.50000  0.590887E+00
  4.51000  0.589138E+00
  4.52000  0.587870E+00
  4.53000  0.587150E+00
  4.54000  0.586967E+00
  4.55000  0.587252E+00
  4.56000  0.587923E+00
  4.57000  0.588778E+00
  4.58000  0.589579E+00
  4.59000  0.590136E+00
  4.60000  0.590338E+00
  4.61000  0.590132E+00
  4.62000  0.589563E+00
  4.63000  0.588698E+00
  4.64000  0.587651E+00
  4.65000  0.586551E+00
  4.66000  0.585528E+00
  4.67000  0.584655E+00
  4.68000  0.583970E+00
  4.69000  0.583424E+00
  4.70000  0.583030E+00
  4.71000  0.590669E+00
  4.72000  0.598977E+00
  4.73000  0.607182E+00
  4.74000  0.615247E+00
  4.75000  0.623141E+00
  4.76000  0.630847E+00
  4.77000  0.638358E+00
  4.78000  0.645650E+00
  4.79000  0.652656E+00
  4.80000  0.659335E+00
  4.81000  0.665665E+00
  4.82000  0.671678E+00
  4.83000  0.677473E+00
  4.84000  0.683149E+00
  4.85000  0.688771E+00
  4.86000  0.694355E+00
  4.87000  0.699902E+00
  4.88000  0.705423E+00
  4.89000  0.710918E+00
  4.90000  0.716369E+00
  4.91000  0.721763E+00
  4.92000  0.727058E+00
  4.93000  0.732180E+00
  4.94000  0.737061E+00
  4.95000  0.741622E+00
  4.96000  0.745807E+00
  4.97000  0.749612E+00
  4.98000  0.753058E+00
  4.99000  0.785036E+00
  5.00000  0.815510E+00
  5.01000  0.842206E+00
  5.02000  0.864461E+00
  5.03000  0.882308E+00
  5.04000  0.896473E+00
  5.05000  0.907715E+00
  5.06000  0.916747E+00
  5.07000  0.924154E+00
  5.08000  0.930345E+00
  5.09000  0.935698E+00
  5.10000  0.861267E+00
  5.11000  0.864245E+00
  5.12000  0.867403E+00
  5.13000  0.871078E+00
  5.14000  0.721365E+00
  5.15000  0.725164E+00
  5.16000  0.729580E+00
  5.17000  0.734332E+00
  5.18000  0.604328E+00
  5.19000  0.418938E+00
  5.20000  0.420808E+00
  5.21000  0.422461E+00
  5.22000  0.423962E+00
  5.23000  0.425335E+00
  5.24000  0.426538E+00
  5.25000  0.427472E+00
  5.26000  0.428023E+00
  5.27000  0.428107E+00
  5.28000  0.427643E+00
  5.29000  0.464483E-01
  5.30000  0.462982E-01
  5.31000  0.461299E-01
  5.32000  0.459458E-01
  5.33000  0.457520E-01
  5.34000  0.198638E-01
  5.35000  0.199341E-01
  5.36000  0.199709E-01
  5.37000  0.199915E-01
  5.38000  0.200097E-01
  5.39000  0.200360E-01
  5.40000  0.185962E-01
  5.41000  0.185166E-01
  5.42000  0.184245E-01
  5.43000  0.183222E-01
  5.44000  0.182119E-01
  5.45000  0.180960E-01
  5.46000  0.179769E-01
  5.47000  0.178586E-01
  5.48000  0.177436E-01
  5.49000  0.176350E-01
  5.50000  0.175367E-01
  5.51000  0.174499E-01
  5.52000  0.114502E-01
  5.53000  0.114641E-01
  5.54000  0.114753E-01
  5.55000  0.114853E-01
  5.56000  0.114918E-01
  5.57000  0.114894E-01
  5.58000  0.114745E-01
  5.59000  0.114513E-01
  5.60000  0.114203E-01
  5.61000  0.113872E-01
  5.62000  0.546756E-02
  5.63000  0.543321E-02
  5.64000  0.540075E-02
  5.65000  0.536964E-02
  5.66000  0.533982E-02
  5.67000  0.178393E-02
  5.68000  0.177190E-02
  5.69000  0.175957E-02
  5.70000  0.174693E-02
  5.71000  0.173408E-02
  5.72000  0.172109E-02
  5.73000  0.170821E-02
  5.74000  0.169550E-02
  5.75000  0.168304E-02
  5.76000  0.167098E-02
  5.77000  0.165941E-02
  5.78000  0.164839E-02
  5.79000  0.163792E-02
  5.80000  0.162795E-02
  5.81000  0.161854E-02
  5.82000  0.160961E-02
  5.83000  0.160117E-02
  5.84000  0.159314E-02
  5.85000  0.158554E-02
  5.86000  0.157859E-02
  5.87000  0.104719E-02
  5.88000  0.104160E-02
  5.89000  0.103742E-02
  5.90000  0.103473E-02
  5.91000  0.103369E-02
  5.92000  0.103442E-02
  5.93000  0.198250E-03
  5.94000  0.177093E-03
  5.95000  0.175824E-03
  5.96000  0.122714E-03
  5.97000  0.124029E-03
  5.98000  0.125431E-03
  5.99000  0.126836E-03
  6.00000  0.128163E-03
  6.20000  0.117008E-03
  6.40000  0.879482E-04
  6.60000  0.417012E-04
  6.80000  0.449329E-05
  7.00000  0.177370E-05
