  0.00000  0.000000E+00
  0.01000  0.000000E+00
  0.02000  0.000000E+00
  0.03000  0.000000E+00
  0.04000  0.000000E+00
  0.05000  0.000000E+00
  0.06000  0.189283E-28
  0.07000  0.954090E-24
  0.08000  0.166462E-22
  0.09000  0.273463E-23
  0.10000  0.612831E-28
  0.11000  0.200475E-28
  0.12000  0.589555E-29
  0.13000  0.191194E-29
  0.14000  0.000000E+00
  0.15000  0.166108E-24
  0.16000  0.555637E-24
  0.17000  0.315267E-24
  0.18000  0.923889E-24
  0.19000  0.687253E-23
  0.20000  0.518632E-22
  0.21000  0.172586E-22
  0.22000  0.115722E-23
  0.23000  0.194483E-24
  0.24000  0.135922E-25
  0.25000  0.153764E-27
  0.26000  0.308414E-29
  0.27000  0.000000E+00
  0.28000  0.000000E+00
  0.29000  0.000000E+00
  0.30000  0.000000E+00
  0.31000  0.000000E+00
  0.32000  0.000000E+00
  0.33000  0.000000E+00
  0.34000  0.000000E+00
  0.35000  0.000000E+00
  0.36000  0.000000E+00
  0.37000  0.000000E+00
  0.38000  0.000000E+00
  0.39000  0.000000E+00
  0.40000  0.000000E+00
  0.41000  0.000000E+00
  0.42000  0.000000E+00
  0.43000  0.000000E+00
  0.44000  0.000000E+00
  0.45000  0.000000E+00
  0.46000  0.000000E+00
  0.47000  0.000000E+00
  0.48000  0.000000E+00
  0.49000  0.000000E+00
  0.50000  0.000000E+00
  0.51000  0.000000E+00
  0.52000  0.000000E+00
  0.53000  0.000000E+00
  0.54000  0.000000E+00
  0.55000  0.000000E+00
  0.56000  0.000000E+00
  0.57000  0.000000E+00
  0.58000  0.000000E+00
  0.59000  0.000000E+00
  0.60000  0.000000E+00
  0.61000  0.000000E+00
  0.62000  0.000000E+00
  0.63000  0.000000E+00
  0.64000  0.000000E+00
  0.65000  0.000000E+00
  0.66000  0.000000E+00
  0.67000  0.000000E+00
  0.68000  0.000000E+00
  0.69000  0.000000E+00
  0.70000  0.000000E+00
  0.71000  0.000000E+00
  0.72000  0.000000E+00
  0.73000  0.000000E+00
  0.74000  0.000000E+00
  0.75000  0.130892E-24
  0.76000  0.810944E-21
  0.77000  0.505622E-19
  0.78000  0.186610E-18
  0.79000  0.468042E-18
  0.80000  0.259636E-17
  0.81000  0.112080E-16
  0.82000  0.263865E-16
  0.83000  0.353207E-16
  0.84000  0.138054E-16
  0.85000  0.211413E-17
  0.86000  0.448696E-18
  0.87000  0.252599E-18
  0.88000  0.364842E-18
  0.89000  0.122324E-17
  0.90000  0.735351E-17
  0.91000  0.436831E-16
  0.92000  0.769256E-16
  0.93000  0.153627E-16
  0.94000  0.916319E-18
  0.95000  0.939652E-19
  0.96000  0.214670E-19
  0.97000  0.778029E-20
  0.98000  0.545840E-20
  0.99000  0.107988E-19
  1.00000  0.442206E-19
  1.01000  0.153801E-18
  1.02000  0.183659E-18
  1.03000  0.695121E-19
  1.04000  0.152914E-19
  1.05000  0.299750E-20
  1.06000  0.553563E-21
  1.07000  0.121862E-21
  1.08000  0.115950E-21
  1.09000  0.827285E-22
  1.10000  0.282058E-22
  1.11000  0.685625E-23
  1.12000  0.230295E-23
  1.13000  0.117712E-23
  1.14000  0.730482E-24
  1.15000  0.732895E-24
  1.16000  0.705653E-23
  1.17000  0.155018E-22
  1.18000  0.815850E-22
  1.19000  0.403984E-21
  1.20000  0.139401E-20
  1.21000  0.515603E-20
  1.22000  0.219555E-19
  1.23000  0.821497E-19
  1.24000  0.194533E-18
  1.25000  0.530788E-18
  1.26000  0.284411E-17
  1.27000  0.123774E-16
  1.28000  0.378194E-16
  1.29000  0.842274E-16
  1.30000  0.149576E-15
  1.31000  0.216189E-15
  1.32000  0.148612E-14
  1.33000  0.830440E-13
  1.34000  0.513497E-11
  1.35000  0.101576E-09
  1.36000  0.497721E-09
  1.37000  0.124691E-08
  1.38000  0.322294E-08
  1.39000  0.762802E-08
  1.40000  0.123391E-07
  1.41000  0.236426E-07
  1.42000  0.599702E-07
  1.43000  0.124110E-06
  1.44000  0.244573E-06
  1.45000  0.607360E-06
  1.46000  0.192368E-05
  1.47000  0.676048E-05
  1.48000  0.228179E-04
  1.49000  0.632587E-04
  1.50000  0.131432E-03
  1.51000  0.271781E-03
  1.52000  0.644084E-03
  1.53000  0.150682E-02
  1.54000  0.291264E-02
  1.55000  0.483167E-02
  1.56000  0.805970E-02
  1.57000  0.146516E-01
  1.58000  0.267183E-01
  1.59000  0.497148E-01
  1.60000  0.933526E-01
  1.61000  0.162967E+00
  1.62000  0.263930E+00
  1.63000  0.391597E+00
  1.64000  0.606027E+00
  1.65000  0.911640E+00
  1.66000  0.100000E+01
  1.67000  0.796505E+00
  1.68000  0.532297E+00
  1.69000  0.315418E+00
  1.70000  0.155112E+00
  1.71000  0.489422E-01
  1.72000  0.134897E-01
  1.73000  0.497642E-02
  1.74000  0.235271E-02
  1.75000  0.138586E-02
  1.76000  0.887968E-03
  1.77000  0.619901E-03
  1.78000  0.441231E-03
  1.79000  0.296013E-03
  1.80000  0.180522E-03
  1.81000  0.102303E-03
  1.82000  0.578233E-04
  1.83000  0.365949E-04
  1.84000  0.206658E-04
  1.85000  0.108103E-04
  1.86000  0.437290E-05
  1.87000  0.196457E-05
  1.88000  0.839828E-06
  1.89000  0.329398E-06
  1.90000  0.118775E-06
  1.91000  0.407394E-07
  1.92000  0.137121E-07
  1.93000  0.475918E-08
  1.94000  0.181322E-08
  1.95000  0.774192E-09
  1.96000  0.202719E-09
  1.97000  0.896211E-10
  1.98000  0.421663E-10
  1.99000  0.196592E-10
  2.00000  0.925685E-11
  2.01000  0.448319E-11
  2.02000  0.243827E-11
  2.03000  0.130200E-11
  2.04000  0.627271E-12
  2.05000  0.286615E-12
  2.06000  0.430466E-13
  2.07000  0.220091E-13
  2.08000  0.126195E-13
  2.09000  0.758566E-14
  2.10000  0.455126E-14
  2.11000  0.287423E-14
  2.12000  0.195545E-14
  2.13000  0.140048E-14
  2.14000  0.100401E-14
  2.15000  0.761253E-15
  2.16000  0.111478E-15
  2.17000  0.922535E-16
  2.18000  0.763949E-16
  2.19000  0.592426E-16
  2.20000  0.381524E-16
  2.21000  0.181637E-16
  2.22000  0.628796E-17
  2.23000  0.238133E-17
  2.24000  0.110628E-17
  2.25000  0.458290E-18
  2.26000  0.241675E-19
  2.27000  0.103958E-19
  2.28000  0.484036E-20
  2.29000  0.243754E-20
  2.30000  0.130612E-20
  2.31000  0.733620E-21
  2.32000  0.447065E-21
  2.33000  0.313055E-21
  2.34000  0.247145E-21
  2.35000  0.196477E-21
  2.36000  0.146407E-22
  2.37000  0.855158E-23
  2.38000  0.375176E-23
  2.39000  0.122946E-23
  2.40000  0.323453E-24
  2.41000  0.715410E-25
  2.42000  0.132960E-25
  2.43000  0.194180E-26
  2.44000  0.200903E-27
  2.45000  0.137930E-28
  2.46000  0.000000E+00
  2.47000  0.000000E+00
  2.48000  0.000000E+00
  2.49000  0.000000E+00
  2.50000  0.000000E+00
  2.51000  0.000000E+00
  2.52000  0.000000E+00
  2.53000  0.000000E+00
  2.54000  0.000000E+00
  2.55000  0.000000E+00
  2.56000  0.000000E+00
  2.57000  0.000000E+00
  2.58000  0.000000E+00
  2.59000  0.000000E+00
  2.60000  0.000000E+00
  2.61000  0.000000E+00
  2.62000  0.000000E+00
  2.63000  0.000000E+00
  2.64000  0.000000E+00
  2.65000  0.000000E+00
  2.66000  0.000000E+00
  2.67000  0.000000E+00
  2.68000  0.000000E+00
  2.69000  0.000000E+00
  2.70000  0.000000E+00
  2.71000  0.000000E+00
  2.72000  0.000000E+00
  2.73000  0.000000E+00
  2.74000  0.000000E+00
  2.75000  0.000000E+00
  2.76000  0.000000E+00
  2.77000  0.000000E+00
  2.78000  0.000000E+00
  2.79000  0.000000E+00
  2.80000  0.000000E+00
  2.81000  0.000000E+00
  2.82000  0.000000E+00
  2.83000  0.000000E+00
  2.84000  0.000000E+00
  2.85000  0.000000E+00
  2.86000  0.000000E+00
  2.87000  0.000000E+00
  2.88000  0.000000E+00
  2.89000  0.000000E+00
  2.90000  0.000000E+00
  2.91000  0.000000E+00
  2.92000  0.000000E+00
  2.93000  0.000000E+00
  2.94000  0.000000E+00
  2.95000  0.000000E+00
  2.96000  0.000000E+00
  2.97000  0.000000E+00
  2.98000  0.000000E+00
  2.99000  0.000000E+00
  3.00000  0.000000E+00
  3.01000  0.000000E+00
  3.02000  0.000000E+00
  3.03000  0.000000E+00
  3.04000  0.000000E+00
  3.05000  0.000000E+00
  3.06000  0.000000E+00
  3.07000  0.000000E+00
  3.08000  0.000000E+00
  3.09000  0.000000E+00
  3.10000  0.000000E+00
  3.11000  0.000000E+00
  3.12000  0.000000E+00
  3.13000  0.000000E+00
  3.14000  0.000000E+00
  3.15000  0.000000E+00
  3.16000  0.000000E+00
  3.17000  0.000000E+00
  3.18000  0.000000E+00
  3.19000  0.000000E+00
  3.20000  0.000000E+00
  3.21000  0.000000E+00
  3.22000  0.000000E+00
  3.23000  0.000000E+00
  3.24000  0.000000E+00
  3.25000  0.000000E+00
  3.26000  0.000000E+00
  3.27000  0.000000E+00
  3.28000  0.000000E+00
  3.29000  0.000000E+00
  3.30000  0.000000E+00
  3.31000  0.000000E+00
  3.32000  0.000000E+00
  3.33000  0.000000E+00
  3.34000  0.000000E+00
  3.35000  0.000000E+00
  3.36000  0.000000E+00
  3.37000  0.000000E+00
  3.38000  0.000000E+00
  3.39000  0.000000E+00
  3.40000  0.000000E+00
  3.41000  0.000000E+00
  3.42000  0.000000E+00
  3.43000  0.000000E+00
  3.44000  0.000000E+00
  3.45000  0.000000E+00
  3.46000  0.000000E+00
  3.47000  0.000000E+00
  3.48000  0.000000E+00
  3.49000  0.000000E+00
  3.50000  0.000000E+00
  3.51000  0.000000E+00
  3.52000  0.000000E+00
  3.53000  0.000000E+00
  3.54000  0.000000E+00
  3.55000  0.000000E+00
  3.56000  0.000000E+00
  3.57000  0.000000E+00
  3.58000  0.000000E+00
  3.59000  0.000000E+00
  3.60000  0.000000E+00
  3.61000  0.000000E+00
  3.62000  0.000000E+00
  3.63000  0.000000E+00
  3.64000  0.000000E+00
  3.65000  0.000000E+00
  3.66000  0.000000E+00
  3.67000  0.000000E+00
  3.68000  0.000000E+00
  3.69000  0.000000E+00
  3.70000  0.000000E+00
  3.71000  0.000000E+00
  3.72000  0.000000E+00
  3.73000  0.000000E+00
  3.74000  0.000000E+00
  3.75000  0.000000E+00
  3.76000  0.000000E+00
  3.77000  0.000000E+00
  3.78000  0.000000E+00
  3.79000  0.000000E+00
  3.80000  0.000000E+00
  3.81000  0.000000E+00
  3.82000  0.000000E+00
  3.83000  0.000000E+00
  3.84000  0.000000E+00
  3.85000  0.000000E+00
  3.86000  0.000000E+00
  3.87000  0.000000E+00
  3.88000  0.000000E+00
  3.89000  0.000000E+00
  3.90000  0.000000E+00
  3.91000  0.000000E+00
  3.92000  0.000000E+00
  3.93000  0.000000E+00
  3.94000  0.000000E+00
  3.95000  0.000000E+00
  3.96000  0.000000E+00
  3.97000  0.000000E+00
  3.98000  0.000000E+00
  3.99000  0.000000E+00
  4.00000  0.000000E+00
  4.01000  0.000000E+00
  4.02000  0.000000E+00
  4.03000  0.000000E+00
  4.04000  0.000000E+00
  4.05000  0.000000E+00
  4.06000  0.000000E+00
  4.07000  0.000000E+00
  4.08000  0.000000E+00
  4.09000  0.000000E+00
  4.10000  0.000000E+00
  4.11000  0.000000E+00
  4.12000  0.000000E+00
  4.13000  0.000000E+00
  4.14000  0.000000E+00
  4.15000  0.000000E+00
  4.16000  0.000000E+00
  4.17000  0.000000E+00
  4.18000  0.000000E+00
  4.19000  0.000000E+00
  4.20000  0.000000E+00
  4.21000  0.000000E+00
  4.22000  0.000000E+00
  4.23000  0.000000E+00
  4.24000  0.000000E+00
  4.25000  0.000000E+00
  4.26000  0.000000E+00
  4.27000  0.000000E+00
  4.28000  0.000000E+00
  4.29000  0.000000E+00
  4.30000  0.000000E+00
  4.31000  0.000000E+00
  4.32000  0.000000E+00
  4.33000  0.000000E+00
  4.34000  0.000000E+00
  4.35000  0.000000E+00
  4.36000  0.000000E+00
  4.37000  0.000000E+00
  4.38000  0.000000E+00
  4.39000  0.000000E+00
  4.40000  0.000000E+00
  4.41000  0.000000E+00
  4.42000  0.000000E+00
  4.43000  0.000000E+00
  4.44000  0.000000E+00
  4.45000  0.000000E+00
  4.46000  0.000000E+00
  4.47000  0.000000E+00
  4.48000  0.000000E+00
  4.49000  0.000000E+00
  4.50000  0.000000E+00
  4.51000  0.000000E+00
  4.52000  0.000000E+00
  4.53000  0.000000E+00
  4.54000  0.000000E+00
  4.55000  0.000000E+00
  4.56000  0.000000E+00
  4.57000  0.000000E+00
  4.58000  0.000000E+00
  4.59000  0.000000E+00
  4.60000  0.000000E+00
  4.61000  0.000000E+00
  4.62000  0.000000E+00
  4.63000  0.000000E+00
  4.64000  0.000000E+00
  4.65000  0.000000E+00
  4.66000  0.000000E+00
  4.67000  0.000000E+00
  4.68000  0.000000E+00
  4.69000  0.000000E+00
  4.70000  0.000000E+00
  4.71000  0.000000E+00
  4.72000  0.000000E+00
  4.73000  0.000000E+00
  4.74000  0.000000E+00
  4.75000  0.000000E+00
  4.76000  0.000000E+00
  4.77000  0.000000E+00
  4.78000  0.000000E+00
  4.79000  0.000000E+00
  4.80000  0.000000E+00
  4.81000  0.000000E+00
  4.82000  0.000000E+00
  4.83000  0.000000E+00
  4.84000  0.000000E+00
  4.85000  0.000000E+00
  4.86000  0.000000E+00
  4.87000  0.000000E+00
  4.88000  0.000000E+00
  4.89000  0.000000E+00
  4.90000  0.000000E+00
  4.91000  0.000000E+00
  4.92000  0.000000E+00
  4.93000  0.000000E+00
  4.94000  0.000000E+00
  4.95000  0.000000E+00
  4.96000  0.000000E+00
  4.97000  0.000000E+00
  4.98000  0.000000E+00
  4.99000  0.000000E+00
  5.00000  0.000000E+00
  5.01000  0.000000E+00
  5.02000  0.000000E+00
  5.03000  0.000000E+00
  5.04000  0.000000E+00
  5.05000  0.000000E+00
  5.06000  0.000000E+00
  5.07000  0.000000E+00
  5.08000  0.000000E+00
  5.09000  0.000000E+00
  5.10000  0.000000E+00
  5.11000  0.000000E+00
  5.12000  0.000000E+00
  5.13000  0.000000E+00
  5.14000  0.000000E+00
  5.15000  0.000000E+00
  5.16000  0.000000E+00
  5.17000  0.000000E+00
  5.18000  0.000000E+00
  5.19000  0.000000E+00
  5.20000  0.000000E+00
  5.21000  0.000000E+00
  5.22000  0.000000E+00
  5.23000  0.000000E+00
  5.24000  0.000000E+00
  5.25000  0.000000E+00
  5.26000  0.000000E+00
  5.27000  0.000000E+00
  5.28000  0.000000E+00
  5.29000  0.000000E+00
  5.30000  0.000000E+00
  5.31000  0.000000E+00
  5.32000  0.000000E+00
  5.33000  0.000000E+00
  5.34000  0.000000E+00
  5.35000  0.000000E+00
  5.36000  0.000000E+00
  5.37000  0.000000E+00
  5.38000  0.000000E+00
  5.39000  0.000000E+00
  5.40000  0.000000E+00
  5.41000  0.000000E+00
  5.42000  0.000000E+00
  5.43000  0.000000E+00
  5.44000  0.000000E+00
  5.45000  0.000000E+00
  5.46000  0.000000E+00
  5.47000  0.000000E+00
  5.48000  0.000000E+00
  5.49000  0.000000E+00
  5.50000  0.000000E+00
  5.51000  0.000000E+00
  5.52000  0.000000E+00
  5.53000  0.000000E+00
  5.54000  0.000000E+00
  5.55000  0.000000E+00
  5.56000  0.000000E+00
  5.57000  0.000000E+00
  5.58000  0.000000E+00
  5.59000  0.000000E+00
  5.60000  0.000000E+00
  5.61000  0.000000E+00
  5.62000  0.000000E+00
  5.63000  0.000000E+00
  5.64000  0.000000E+00
  5.65000  0.000000E+00
  5.66000  0.000000E+00
  5.67000  0.000000E+00
  5.68000  0.000000E+00
  5.69000  0.000000E+00
  5.70000  0.000000E+00
  5.71000  0.000000E+00
  5.72000  0.000000E+00
  5.73000  0.000000E+00
  5.74000  0.000000E+00
  5.75000  0.000000E+00
  5.76000  0.000000E+00
  5.77000  0.000000E+00
  5.78000  0.000000E+00
  5.79000  0.000000E+00
  5.80000  0.000000E+00
  5.81000  0.000000E+00
  5.82000  0.000000E+00
  5.83000  0.000000E+00
  5.84000  0.000000E+00
  5.85000  0.000000E+00
  5.86000  0.000000E+00
  5.87000  0.000000E+00
  5.88000  0.000000E+00
  5.89000  0.000000E+00
  5.90000  0.000000E+00
  5.91000  0.000000E+00
  5.92000  0.000000E+00
  5.93000  0.000000E+00
  5.94000  0.000000E+00
  5.95000  0.000000E+00
  5.96000  0.000000E+00
  5.97000  0.000000E+00
  5.98000  0.000000E+00
  5.99000  0.000000E+00
  6.00000  0.000000E+00
  6.20000  0.000000E+00
  6.40000  0.000000E+00
  6.60000  0.000000E+00
  6.80000  0.000000E+00
  7.00000  0.000000E+00
