  0.00000  0.000000E+00
  0.01000  0.000000E+00
  0.02000  0.000000E+00
  0.03000  0.000000E+00
  0.04000  0.000000E+00
  0.05000  0.000000E+00
  0.06000  0.000000E+00
  0.07000  0.000000E+00
  0.08000  0.000000E+00
  0.09000  0.000000E+00
  0.10000  0.000000E+00
  0.11000  0.000000E+00
  0.12000  0.000000E+00
  0.13000  0.000000E+00
  0.14000  0.000000E+00
  0.15000  0.000000E+00
  0.16000  0.000000E+00
  0.17000  0.000000E+00
  0.18000  0.000000E+00
  0.19000  0.000000E+00
  0.20000  0.000000E+00
  0.21000  0.000000E+00
  0.22000  0.000000E+00
  0.23000  0.000000E+00
  0.24000  0.000000E+00
  0.25000  0.000000E+00
  0.26000  0.000000E+00
  0.27000  0.000000E+00
  0.28000  0.000000E+00
  0.29000  0.000000E+00
  0.30000  0.000000E+00
  0.31000  0.000000E+00
  0.32000  0.000000E+00
  0.33000  0.000000E+00
  0.34000  0.000000E+00
  0.35000  0.000000E+00
  0.36000  0.000000E+00
  0.37000  0.000000E+00
  0.38000  0.000000E+00
  0.39000  0.000000E+00
  0.40000  0.000000E+00
  0.41000  0.000000E+00
  0.42000  0.000000E+00
  0.43000  0.000000E+00
  0.44000  0.000000E+00
  0.45000  0.000000E+00
  0.46000  0.000000E+00
  0.47000  0.000000E+00
  0.48000  0.000000E+00
  0.49000  0.000000E+00
  0.50000  0.000000E+00
  0.51000  0.000000E+00
  0.52000  0.000000E+00
  0.53000  0.000000E+00
  0.54000  0.000000E+00
  0.55000  0.000000E+00
  0.56000  0.000000E+00
  0.57000  0.000000E+00
  0.58000  0.000000E+00
  0.59000  0.000000E+00
  0.60000  0.000000E+00
  0.61000  0.000000E+00
  0.62000  0.991558E-23
  0.63000  0.255413E-08
  0.64000  0.214655E-01
  0.65000  0.332825E-01
  0.66000  0.483867E-01
  0.67000  0.196870E+00
  0.68000  0.448807E+00
  0.69000  0.885608E-02
  0.70000  0.129528E-02
  0.71000  0.595776E-03
  0.72000  0.148886E-02
  0.73000  0.465032E-02
  0.74000  0.188302E-01
  0.75000  0.693658E-01
  0.76000  0.141475E+00
  0.77000  0.240424E+00
  0.78000  0.499951E+00
  0.79000  0.870124E+00
  0.80000  0.100000E+01
  0.81000  0.939037E+00
  0.82000  0.625226E+00
  0.83000  0.240222E+00
  0.84000  0.100639E+00
  0.85000  0.786317E-01
  0.86000  0.676000E-01
  0.87000  0.553664E-01
  0.88000  0.623839E-01
  0.89000  0.561567E-01
  0.90000  0.291479E-01
  0.91000  0.101542E-01
  0.92000  0.290035E-02
  0.93000  0.850224E-03
  0.94000  0.261199E-03
  0.95000  0.142061E-03
  0.96000  0.117243E-03
  0.97000  0.485033E-04
  0.98000  0.126490E-04
  0.99000  0.230867E-05
  1.00000  0.330608E-06
  1.01000  0.108105E-06
  1.02000  0.303089E-08
  1.03000  0.194434E-09
  1.04000  0.147178E-10
  1.05000  0.232359E-11
  1.06000  0.470359E-12
  1.07000  0.631039E-13
  1.08000  0.580774E-14
  1.09000  0.454992E-13
  1.10000  0.641230E-13
  1.11000  0.147277E-14
  1.12000  0.582784E-17
  1.13000  0.354852E-18
  1.14000  0.139676E-18
  1.15000  0.138227E-18
  1.16000  0.103542E-17
  1.17000  0.885852E-17
  1.18000  0.993921E-18
  1.19000  0.325696E-20
  1.20000  0.208878E-22
  1.21000  0.133294E-23
  1.22000  0.355513E-24
  1.23000  0.213239E-24
  1.24000  0.158092E-24
  1.25000  0.210598E-25
  1.26000  0.447175E-28
  1.27000  0.000000E+00
  1.28000  0.000000E+00
  1.29000  0.000000E+00
  1.30000  0.000000E+00
  1.31000  0.000000E+00
  1.32000  0.000000E+00
  1.33000  0.000000E+00
  1.34000  0.000000E+00
  1.35000  0.000000E+00
  1.36000  0.000000E+00
  1.37000  0.000000E+00
  1.38000  0.000000E+00
  1.39000  0.000000E+00
  1.40000  0.000000E+00
  1.41000  0.000000E+00
  1.42000  0.000000E+00
  1.43000  0.000000E+00
  1.44000  0.000000E+00
  1.45000  0.000000E+00
  1.46000  0.000000E+00
  1.47000  0.000000E+00
  1.48000  0.000000E+00
  1.49000  0.000000E+00
  1.50000  0.000000E+00
  1.51000  0.000000E+00
  1.52000  0.000000E+00
  1.53000  0.166539E-29
  1.54000  0.335626E-29
  1.55000  0.495457E-29
  1.56000  0.543219E-29
  1.57000  0.941716E-29
  1.58000  0.201093E-28
  1.59000  0.269776E-28
  1.60000  0.254550E-28
  1.61000  0.168315E-28
  1.62000  0.944780E-29
  1.63000  0.573080E-29
  1.64000  0.461820E-29
  1.65000  0.553355E-29
  1.66000  0.847748E-29
  1.67000  0.179388E-28
  1.68000  0.362794E-28
  1.69000  0.656153E-28
  1.70000  0.116747E-27
  1.71000  0.220666E-27
  1.72000  0.439685E-27
  1.73000  0.904389E-27
  1.74000  0.208206E-26
  1.75000  0.615484E-26
  1.76000  0.219510E-25
  1.77000  0.124182E-24
  1.78000  0.875143E-24
  1.79000  0.636490E-23
  1.80000  0.340348E-22
  1.81000  0.101519E-21
  1.82000  0.172628E-21
  1.83000  0.207937E-21
  1.84000  0.237444E-21
  1.85000  0.314213E-21
  1.86000  0.451832E-21
  1.87000  0.109489E-20
  1.88000  0.369305E-20
  1.89000  0.156077E-19
  1.90000  0.700069E-19
  1.91000  0.300187E-18
  1.92000  0.140367E-17
  1.93000  0.429753E-17
  1.94000  0.684687E-17
  1.95000  0.519419E-17
  1.96000  0.160867E-17
  1.97000  0.394015E-18
  1.98000  0.673283E-19
  1.99000  0.815498E-20
  2.00000  0.684844E-21
  2.01000  0.423081E-22
  2.02000  0.237561E-23
  2.03000  0.162489E-24
  2.04000  0.156258E-25
  2.05000  0.198315E-26
  2.06000  0.221000E-27
  2.07000  0.411370E-28
  2.08000  0.108332E-28
  2.09000  0.402209E-29
  2.10000  0.186302E-29
  2.11000  0.000000E+00
  2.12000  0.000000E+00
  2.13000  0.000000E+00
  2.14000  0.000000E+00
  2.15000  0.000000E+00
  2.16000  0.000000E+00
  2.17000  0.000000E+00
  2.18000  0.000000E+00
  2.19000  0.000000E+00
  2.20000  0.000000E+00
  2.21000  0.000000E+00
  2.22000  0.000000E+00
  2.23000  0.000000E+00
  2.24000  0.000000E+00
  2.25000  0.000000E+00
  2.26000  0.000000E+00
  2.27000  0.000000E+00
  2.28000  0.000000E+00
  2.29000  0.000000E+00
  2.30000  0.000000E+00
  2.31000  0.000000E+00
  2.32000  0.000000E+00
  2.33000  0.000000E+00
  2.34000  0.000000E+00
  2.35000  0.000000E+00
  2.36000  0.000000E+00
  2.37000  0.000000E+00
  2.38000  0.000000E+00
  2.39000  0.000000E+00
  2.40000  0.000000E+00
  2.41000  0.000000E+00
  2.42000  0.000000E+00
  2.43000  0.000000E+00
  2.44000  0.000000E+00
  2.45000  0.000000E+00
  2.46000  0.000000E+00
  2.47000  0.000000E+00
  2.48000  0.000000E+00
  2.49000  0.000000E+00
  2.50000  0.000000E+00
  2.51000  0.000000E+00
  2.52000  0.000000E+00
  2.53000  0.000000E+00
  2.54000  0.000000E+00
  2.55000  0.000000E+00
  2.56000  0.000000E+00
  2.57000  0.000000E+00
  2.58000  0.000000E+00
  2.59000  0.000000E+00
  2.60000  0.000000E+00
  2.61000  0.000000E+00
  2.62000  0.000000E+00
  2.63000  0.000000E+00
  2.64000  0.000000E+00
  2.65000  0.000000E+00
  2.66000  0.000000E+00
  2.67000  0.000000E+00
  2.68000  0.000000E+00
  2.69000  0.000000E+00
  2.70000  0.000000E+00
  2.71000  0.000000E+00
  2.72000  0.000000E+00
  2.73000  0.000000E+00
  2.74000  0.000000E+00
  2.75000  0.000000E+00
  2.76000  0.000000E+00
  2.77000  0.000000E+00
  2.78000  0.000000E+00
  2.79000  0.000000E+00
  2.80000  0.000000E+00
  2.81000  0.000000E+00
  2.82000  0.000000E+00
  2.83000  0.000000E+00
  2.84000  0.000000E+00
  2.85000  0.000000E+00
  2.86000  0.000000E+00
  2.87000  0.000000E+00
  2.88000  0.000000E+00
  2.89000  0.000000E+00
  2.90000  0.000000E+00
  2.91000  0.000000E+00
  2.92000  0.000000E+00
  2.93000  0.000000E+00
  2.94000  0.000000E+00
  2.95000  0.000000E+00
  2.96000  0.000000E+00
  2.97000  0.000000E+00
  2.98000  0.000000E+00
  2.99000  0.000000E+00
  3.00000  0.000000E+00
  3.01000  0.000000E+00
  3.02000  0.000000E+00
  3.03000  0.000000E+00
  3.04000  0.000000E+00
  3.05000  0.000000E+00
  3.06000  0.000000E+00
  3.07000  0.000000E+00
  3.08000  0.000000E+00
  3.09000  0.000000E+00
  3.10000  0.000000E+00
  3.11000  0.000000E+00
  3.12000  0.000000E+00
  3.13000  0.000000E+00
  3.14000  0.000000E+00
  3.15000  0.000000E+00
  3.16000  0.000000E+00
  3.17000  0.000000E+00
  3.18000  0.000000E+00
  3.19000  0.000000E+00
  3.20000  0.000000E+00
  3.21000  0.000000E+00
  3.22000  0.000000E+00
  3.23000  0.000000E+00
  3.24000  0.000000E+00
  3.25000  0.000000E+00
  3.26000  0.000000E+00
  3.27000  0.000000E+00
  3.28000  0.000000E+00
  3.29000  0.000000E+00
  3.30000  0.000000E+00
  3.31000  0.000000E+00
  3.32000  0.000000E+00
  3.33000  0.000000E+00
  3.34000  0.000000E+00
  3.35000  0.000000E+00
  3.36000  0.000000E+00
  3.37000  0.000000E+00
  3.38000  0.000000E+00
  3.39000  0.000000E+00
  3.40000  0.000000E+00
  3.41000  0.000000E+00
  3.42000  0.000000E+00
  3.43000  0.000000E+00
  3.44000  0.000000E+00
  3.45000  0.000000E+00
  3.46000  0.000000E+00
  3.47000  0.000000E+00
  3.48000  0.000000E+00
  3.49000  0.000000E+00
  3.50000  0.000000E+00
  3.51000  0.000000E+00
  3.52000  0.000000E+00
  3.53000  0.000000E+00
  3.54000  0.000000E+00
  3.55000  0.000000E+00
  3.56000  0.000000E+00
  3.57000  0.000000E+00
  3.58000  0.000000E+00
  3.59000  0.000000E+00
  3.60000  0.000000E+00
  3.61000  0.000000E+00
  3.62000  0.000000E+00
  3.63000  0.000000E+00
  3.64000  0.000000E+00
  3.65000  0.000000E+00
  3.66000  0.000000E+00
  3.67000  0.000000E+00
  3.68000  0.000000E+00
  3.69000  0.000000E+00
  3.70000  0.000000E+00
  3.71000  0.000000E+00
  3.72000  0.000000E+00
  3.73000  0.000000E+00
  3.74000  0.000000E+00
  3.75000  0.000000E+00
  3.76000  0.000000E+00
  3.77000  0.000000E+00
  3.78000  0.000000E+00
  3.79000  0.000000E+00
  3.80000  0.000000E+00
  3.81000  0.000000E+00
  3.82000  0.000000E+00
  3.83000  0.000000E+00
  3.84000  0.000000E+00
  3.85000  0.000000E+00
  3.86000  0.000000E+00
  3.87000  0.000000E+00
  3.88000  0.000000E+00
  3.89000  0.000000E+00
  3.90000  0.000000E+00
  3.91000  0.000000E+00
  3.92000  0.000000E+00
  3.93000  0.000000E+00
  3.94000  0.000000E+00
  3.95000  0.000000E+00
  3.96000  0.000000E+00
  3.97000  0.000000E+00
  3.98000  0.000000E+00
  3.99000  0.000000E+00
  4.00000  0.000000E+00
  4.01000  0.000000E+00
  4.02000  0.000000E+00
  4.03000  0.000000E+00
  4.04000  0.000000E+00
  4.05000  0.000000E+00
  4.06000  0.000000E+00
  4.07000  0.000000E+00
  4.08000  0.000000E+00
  4.09000  0.000000E+00
  4.10000  0.000000E+00
  4.11000  0.000000E+00
  4.12000  0.000000E+00
  4.13000  0.000000E+00
  4.14000  0.000000E+00
  4.15000  0.000000E+00
  4.16000  0.000000E+00
  4.17000  0.000000E+00
  4.18000  0.000000E+00
  4.19000  0.000000E+00
  4.20000  0.000000E+00
  4.21000  0.000000E+00
  4.22000  0.000000E+00
  4.23000  0.000000E+00
  4.24000  0.000000E+00
  4.25000  0.000000E+00
  4.26000  0.000000E+00
  4.27000  0.000000E+00
  4.28000  0.000000E+00
  4.29000  0.000000E+00
  4.30000  0.000000E+00
  4.31000  0.000000E+00
  4.32000  0.000000E+00
  4.33000  0.000000E+00
  4.34000  0.000000E+00
  4.35000  0.000000E+00
  4.36000  0.000000E+00
  4.37000  0.000000E+00
  4.38000  0.000000E+00
  4.39000  0.000000E+00
  4.40000  0.000000E+00
  4.41000  0.000000E+00
  4.42000  0.000000E+00
  4.43000  0.000000E+00
  4.44000  0.000000E+00
  4.45000  0.000000E+00
  4.46000  0.000000E+00
  4.47000  0.000000E+00
  4.48000  0.000000E+00
  4.49000  0.000000E+00
  4.50000  0.000000E+00
  4.51000  0.000000E+00
  4.52000  0.000000E+00
  4.53000  0.000000E+00
  4.54000  0.000000E+00
  4.55000  0.000000E+00
  4.56000  0.000000E+00
  4.57000  0.000000E+00
  4.58000  0.000000E+00
  4.59000  0.000000E+00
  4.60000  0.000000E+00
  4.61000  0.000000E+00
  4.62000  0.000000E+00
  4.63000  0.000000E+00
  4.64000  0.000000E+00
  4.65000  0.000000E+00
  4.66000  0.000000E+00
  4.67000  0.000000E+00
  4.68000  0.000000E+00
  4.69000  0.000000E+00
  4.70000  0.000000E+00
  4.71000  0.000000E+00
  4.72000  0.000000E+00
  4.73000  0.000000E+00
  4.74000  0.000000E+00
  4.75000  0.000000E+00
  4.76000  0.000000E+00
  4.77000  0.000000E+00
  4.78000  0.000000E+00
  4.79000  0.000000E+00
  4.80000  0.000000E+00
  4.81000  0.000000E+00
  4.82000  0.000000E+00
  4.83000  0.000000E+00
  4.84000  0.000000E+00
  4.85000  0.000000E+00
  4.86000  0.000000E+00
  4.87000  0.000000E+00
  4.88000  0.000000E+00
  4.89000  0.000000E+00
  4.90000  0.000000E+00
  4.91000  0.000000E+00
  4.92000  0.000000E+00
  4.93000  0.000000E+00
  4.94000  0.000000E+00
  4.95000  0.000000E+00
  4.96000  0.000000E+00
  4.97000  0.000000E+00
  4.98000  0.000000E+00
  4.99000  0.000000E+00
  5.00000  0.000000E+00
  5.01000  0.000000E+00
  5.02000  0.000000E+00
  5.03000  0.000000E+00
  5.04000  0.000000E+00
  5.05000  0.000000E+00
  5.06000  0.000000E+00
  5.07000  0.000000E+00
  5.08000  0.000000E+00
  5.09000  0.000000E+00
  5.10000  0.000000E+00
  5.11000  0.000000E+00
  5.12000  0.000000E+00
  5.13000  0.000000E+00
  5.14000  0.000000E+00
  5.15000  0.000000E+00
  5.16000  0.000000E+00
  5.17000  0.000000E+00
  5.18000  0.000000E+00
  5.19000  0.000000E+00
  5.20000  0.000000E+00
  5.21000  0.000000E+00
  5.22000  0.000000E+00
  5.23000  0.000000E+00
  5.24000  0.000000E+00
  5.25000  0.000000E+00
  5.26000  0.000000E+00
  5.27000  0.000000E+00
  5.28000  0.000000E+00
  5.29000  0.000000E+00
  5.30000  0.000000E+00
  5.31000  0.000000E+00
  5.32000  0.000000E+00
  5.33000  0.000000E+00
  5.34000  0.000000E+00
  5.35000  0.000000E+00
  5.36000  0.000000E+00
  5.37000  0.000000E+00
  5.38000  0.000000E+00
  5.39000  0.000000E+00
  5.40000  0.000000E+00
  5.41000  0.000000E+00
  5.42000  0.000000E+00
  5.43000  0.000000E+00
  5.44000  0.000000E+00
  5.45000  0.000000E+00
  5.46000  0.000000E+00
  5.47000  0.000000E+00
  5.48000  0.000000E+00
  5.49000  0.000000E+00
  5.50000  0.000000E+00
  5.51000  0.000000E+00
  5.52000  0.000000E+00
  5.53000  0.000000E+00
  5.54000  0.000000E+00
  5.55000  0.000000E+00
  5.56000  0.000000E+00
  5.57000  0.000000E+00
  5.58000  0.000000E+00
  5.59000  0.000000E+00
  5.60000  0.000000E+00
  5.61000  0.000000E+00
  5.62000  0.000000E+00
  5.63000  0.000000E+00
  5.64000  0.000000E+00
  5.65000  0.000000E+00
  5.66000  0.000000E+00
  5.67000  0.000000E+00
  5.68000  0.000000E+00
  5.69000  0.000000E+00
  5.70000  0.000000E+00
  5.71000  0.000000E+00
  5.72000  0.000000E+00
  5.73000  0.000000E+00
  5.74000  0.000000E+00
  5.75000  0.000000E+00
  5.76000  0.000000E+00
  5.77000  0.000000E+00
  5.78000  0.000000E+00
  5.79000  0.000000E+00
  5.80000  0.000000E+00
  5.81000  0.000000E+00
  5.82000  0.000000E+00
  5.83000  0.000000E+00
  5.84000  0.000000E+00
  5.85000  0.000000E+00
  5.86000  0.000000E+00
  5.87000  0.000000E+00
  5.88000  0.000000E+00
  5.89000  0.000000E+00
  5.90000  0.000000E+00
  5.91000  0.000000E+00
  5.92000  0.000000E+00
  5.93000  0.000000E+00
  5.94000  0.000000E+00
  5.95000  0.000000E+00
  5.96000  0.000000E+00
  5.97000  0.000000E+00
  5.98000  0.000000E+00
  5.99000  0.000000E+00
  6.00000  0.000000E+00
  6.20000  0.000000E+00
  6.40000  0.000000E+00
  6.60000  0.000000E+00
  6.80000  0.000000E+00
  7.00000  0.000000E+00
