  0.00000  0.000000E+00
  0.01000  0.000000E+00
  0.02000  0.000000E+00
  0.03000  0.574491E-22
  0.04000  0.130901E-21
  0.05000  0.344733E-21
  0.06000  0.150604E-20
  0.07000  0.206570E-20
  0.08000  0.136936E-20
  0.09000  0.660307E-21
  0.10000  0.801698E-22
  0.11000  0.176442E-22
  0.12000  0.137004E-22
  0.13000  0.211204E-22
  0.14000  0.594499E-22
  0.15000  0.320579E-21
  0.16000  0.775963E-21
  0.17000  0.123346E-20
  0.18000  0.186945E-20
  0.19000  0.274822E-20
  0.20000  0.551040E-20
  0.21000  0.990448E-20
  0.22000  0.171802E-19
  0.23000  0.226963E-19
  0.24000  0.207127E-19
  0.25000  0.155061E-19
  0.26000  0.109192E-19
  0.27000  0.668659E-20
  0.28000  0.331455E-20
  0.29000  0.218801E-20
  0.30000  0.347716E-20
  0.31000  0.641577E-20
  0.32000  0.671996E-20
  0.33000  0.672497E-20
  0.34000  0.628042E-20
  0.35000  0.518432E-20
  0.36000  0.419640E-20
  0.37000  0.313603E-20
  0.38000  0.273883E-20
  0.39000  0.329013E-20
  0.40000  0.385656E-20
  0.41000  0.351284E-20
  0.42000  0.267191E-20
  0.43000  0.203494E-20
  0.44000  0.126406E-20
  0.45000  0.752644E-21
  0.46000  0.583469E-21
  0.47000  0.475818E-21
  0.48000  0.385801E-21
  0.49000  0.339720E-21
  0.50000  0.390708E-21
  0.51000  0.629298E-21
  0.52000  0.105182E-20
  0.53000  0.159163E-20
  0.54000  0.235228E-20
  0.55000  0.358683E-20
  0.56000  0.579216E-20
  0.57000  0.109851E-19
  0.58000  0.219025E-19
  0.59000  0.370130E-19
  0.60000  0.610079E-19
  0.61000  0.112953E-18
  0.62000  0.222318E-18
  0.63000  0.402534E-18
  0.64000  0.656094E-18
  0.65000  0.915798E-18
  0.66000  0.120986E-17
  0.67000  0.183697E-17
  0.68000  0.287203E-17
  0.69000  0.434372E-17
  0.70000  0.808757E-17
  0.71000  0.192651E-16
  0.72000  0.348402E-16
  0.73000  0.557260E-16
  0.74000  0.942106E-16
  0.75000  0.174446E-15
  0.76000  0.328018E-15
  0.77000  0.661764E-15
  0.78000  0.132957E-14
  0.79000  0.266794E-14
  0.80000  0.544117E-14
  0.81000  0.117039E-13
  0.82000  0.305854E-13
  0.83000  0.116102E-12
  0.84000  0.384658E-12
  0.85000  0.959356E-12
  0.86000  0.203547E-11
  0.87000  0.388929E-11
  0.88000  0.724089E-11
  0.89000  0.137980E-10
  0.90000  0.266919E-10
  0.91000  0.496579E-10
  0.92000  0.856018E-10
  0.93000  0.135690E-09
  0.94000  0.210100E-09
  0.95000  0.338396E-09
  0.96000  0.569722E-09
  0.97000  0.959171E-09
  0.98000  0.160230E-08
  0.99000  0.256500E-08
  1.00000  0.388023E-08
  1.01000  0.559657E-08
  1.02000  0.792840E-08
  1.03000  0.107735E-07
  1.04000  0.137626E-07
  1.05000  0.176124E-07
  1.06000  0.231731E-07
  1.07000  0.312653E-07
  1.08000  0.435825E-07
  1.09000  0.614551E-07
  1.10000  0.840273E-07
  1.11000  0.116553E-06
  1.12000  0.179482E-06
  1.13000  0.334235E-06
  1.14000  0.598765E-06
  1.15000  0.826398E-06
  1.16000  0.102606E-05
  1.17000  0.123850E-05
  1.18000  0.139330E-05
  1.19000  0.144165E-05
  1.20000  0.139850E-05
  1.21000  0.129531E-05
  1.22000  0.115834E-05
  1.23000  0.100968E-05
  1.24000  0.860986E-06
  1.25000  0.719069E-06
  1.26000  0.597473E-06
  1.27000  0.493030E-06
  1.28000  0.400960E-06
  1.29000  0.330941E-06
  1.30000  0.276043E-06
  1.31000  0.226740E-06
  1.32000  0.183699E-06
  1.33000  0.150840E-06
  1.34000  0.128454E-06
  1.35000  0.112729E-06
  1.36000  0.993582E-07
  1.37000  0.852255E-07
  1.38000  0.118445E-06
  1.39000  0.274580E-06
  1.40000  0.108920E-05
  1.41000  0.287481E-05
  1.42000  0.505952E-05
  1.43000  0.527299E-05
  1.44000  0.447833E-05
  1.45000  0.501384E-05
  1.46000  0.772509E-05
  1.47000  0.151683E-04
  1.48000  0.263240E-04
  1.49000  0.374051E-04
  1.50000  0.499774E-04
  1.51000  0.668953E-04
  1.52000  0.871782E-04
  1.53000  0.105729E-03
  1.54000  0.121605E-03
  1.55000  0.132889E-03
  1.56000  0.128549E-03
  1.57000  0.789253E-04
  1.58000  0.309209E-04
  1.59000  0.251232E-04
  1.60000  0.272278E-04
  1.61000  0.305982E-04
  1.62000  0.348221E-04
  1.63000  0.398361E-04
  1.64000  0.453642E-04
  1.65000  0.517122E-04
  1.66000  0.593260E-04
  1.67000  0.688587E-04
  1.68000  0.826160E-04
  1.69000  0.965992E-04
  1.70000  0.109694E-03
  1.71000  0.120591E-03
  1.72000  0.130553E-03
  1.73000  0.141476E-03
  1.74000  0.155370E-03
  1.75000  0.177780E-03
  1.76000  0.214803E-03
  1.77000  0.265703E-03
  1.78000  0.383834E-03
  1.79000  0.108205E-02
  1.80000  0.400069E-02
  1.81000  0.866714E-02
  1.82000  0.132325E-01
  1.83000  0.177607E-01
  1.84000  0.210420E-01
  1.85000  0.233527E-01
  1.86000  0.255182E-01
  1.87000  0.284604E-01
  1.88000  0.320995E-01
  1.89000  0.346046E-01
  1.90000  0.352911E-01
  1.91000  0.353957E-01
  1.92000  0.357751E-01
  1.93000  0.364550E-01
  1.94000  0.368981E-01
  1.95000  0.367122E-01
  1.96000  0.358305E-01
  1.97000  0.345255E-01
  1.98000  0.332996E-01
  1.99000  0.321845E-01
  2.00000  0.308457E-01
  2.01000  0.291774E-01
  2.02000  0.273447E-01
  2.03000  0.253849E-01
  2.04000  0.259270E-01
  2.05000  0.280928E-01
  2.06000  0.304590E-01
  2.07000  0.339389E-01
  2.08000  0.384530E-01
  2.09000  0.429039E-01
  2.10000  0.509839E-01
  2.11000  0.653817E-01
  2.12000  0.820688E-01
  2.13000  0.100672E+00
  2.14000  0.121749E+00
  2.15000  0.145392E+00
  2.16000  0.171805E+00
  2.17000  0.207975E+00
  2.18000  0.264507E+00
  2.19000  0.330008E+00
  2.20000  0.404416E+00
  2.21000  0.485053E+00
  2.22000  0.567071E+00
  2.23000  0.648512E+00
  2.24000  0.728561E+00
  2.25000  0.803516E+00
  2.26000  0.871897E+00
  2.27000  0.927599E+00
  2.28000  0.970774E+00
  2.29000  0.996540E+00
  2.30000  0.100000E+01
  2.31000  0.982054E+00
  2.32000  0.947447E+00
  2.33000  0.914776E+00
  2.34000  0.869998E+00
  2.35000  0.815157E+00
  2.36000  0.754877E+00
  2.37000  0.684437E+00
  2.38000  0.610487E+00
  2.39000  0.537527E+00
  2.40000  0.467077E+00
  2.41000  0.400133E+00
  2.42000  0.338319E+00
  2.43000  0.282858E+00
  2.44000  0.233815E+00
  2.45000  0.191165E+00
  2.46000  0.155068E+00
  2.47000  0.125158E+00
  2.48000  0.100634E+00
  2.49000  0.801675E-01
  2.50000  0.630165E-01
  2.51000  0.489082E-01
  2.52000  0.375326E-01
  2.53000  0.284670E-01
  2.54000  0.213251E-01
  2.55000  0.158040E-01
  2.56000  0.114761E-01
  2.57000  0.834994E-02
  2.58000  0.602242E-02
  2.59000  0.431593E-02
  2.60000  0.307146E-02
  2.61000  0.215943E-02
  2.62000  0.149436E-02
  2.63000  0.101866E-02
  2.64000  0.687414E-03
  2.65000  0.460817E-03
  2.66000  0.297505E-03
  2.67000  0.197690E-03
  2.68000  0.130804E-03
  2.69000  0.858386E-04
  2.70000  0.614410E-04
  2.71000  0.472561E-04
  2.72000  0.362857E-04
  2.73000  0.278542E-04
  2.74000  0.213166E-04
  2.75000  0.161931E-04
  2.76000  0.115937E-04
  2.77000  0.867499E-05
  2.78000  0.647571E-05
  2.79000  0.483425E-05
  2.80000  0.360761E-05
  2.81000  0.268327E-05
  2.82000  0.198113E-05
  2.83000  0.144460E-05
  2.84000  0.103758E-05
  2.85000  0.733208E-06
  2.86000  0.476701E-06
  2.87000  0.327176E-06
  2.88000  0.223494E-06
  2.89000  0.151466E-06
  2.90000  0.101220E-06
  2.91000  0.666690E-07
  2.92000  0.434728E-07
  2.93000  0.281073E-07
  2.94000  0.180409E-07
  2.95000  0.115159E-07
  2.96000  0.666040E-08
  2.97000  0.417403E-08
  2.98000  0.259335E-08
  2.99000  0.160751E-08
  3.00000  0.100279E-08
  3.01000  0.636365E-09
  3.02000  0.411543E-09
  3.03000  0.268790E-09
  3.04000  0.176358E-09
  3.05000  0.116539E-09
  3.06000  0.673219E-10
  3.07000  0.450613E-10
  3.08000  0.304845E-10
  3.09000  0.209332E-10
  3.10000  0.146028E-10
  3.11000  0.102365E-10
  3.12000  0.708728E-11
  3.13000  0.479332E-11
  3.14000  0.316764E-11
  3.15000  0.205846E-11
  3.16000  0.112517E-11
  3.17000  0.703851E-12
  3.18000  0.429217E-12
  3.19000  0.255638E-12
  3.20000  0.149006E-12
  3.21000  0.854164E-13
  3.22000  0.484670E-13
  3.23000  0.274007E-13
  3.24000  0.164937E-13
  3.25000  0.126643E-13
  3.26000  0.805350E-14
  3.27000  0.626966E-14
  3.28000  0.480556E-14
  3.29000  0.369687E-14
  3.30000  0.285706E-14
  3.31000  0.217878E-14
  3.32000  0.163342E-14
  3.33000  0.122079E-14
  3.34000  0.913564E-15
  3.35000  0.673369E-15
  3.36000  0.363097E-15
  3.37000  0.242862E-15
  3.38000  0.155389E-15
  3.39000  0.958480E-16
  3.40000  0.575727E-16
  3.41000  0.340808E-16
  3.42000  0.201101E-16
  3.43000  0.120399E-16
  3.44000  0.742542E-17
  3.45000  0.478585E-17
  3.46000  0.220884E-17
  3.47000  0.155294E-17
  3.48000  0.111288E-17
  3.49000  0.802458E-18
  3.50000  0.576151E-18
  3.51000  0.407019E-18
  3.52000  0.279458E-18
  3.53000  0.185307E-18
  3.54000  0.120011E-18
  3.55000  0.766470E-19
  3.56000  0.315902E-19
  3.57000  0.195720E-19
  3.58000  0.119713E-19
  3.59000  0.714766E-20
  3.60000  0.413220E-20
  3.61000  0.231981E-20
  3.62000  0.127996E-20
  3.63000  0.705468E-21
  3.64000  0.394749E-21
  3.65000  0.226103E-21
  3.66000  0.803492E-22
  3.67000  0.496128E-22
  3.68000  0.320391E-22
  3.69000  0.216271E-22
  3.70000  0.152169E-22
  3.71000  0.111283E-22
  3.72000  0.841860E-23
  3.73000  0.655813E-23
  3.74000  0.522465E-23
  3.75000  0.422707E-23
  3.76000  0.202505E-23
  3.77000  0.168103E-23
  3.78000  0.140576E-23
  3.79000  0.117294E-23
  3.80000  0.965236E-24
  3.81000  0.778898E-24
  3.82000  0.618618E-24
  3.83000  0.488907E-24
  3.84000  0.390166E-24
  3.85000  0.318947E-24
  3.86000  0.148211E-24
  3.87000  0.127946E-24
  3.88000  0.233226E-25
  3.89000  0.239793E-25
  3.90000  0.249165E-25
  3.91000  0.259647E-25
  3.92000  0.269277E-25
  3.93000  0.275934E-25
  3.94000  0.275814E-25
  3.95000  0.263784E-25
  3.96000  0.121563E-25
  3.97000  0.997142E-26
  3.98000  0.759388E-26
  3.99000  0.543078E-26
  4.00000  0.367365E-26
  4.01000  0.235856E-26
  4.02000  0.144003E-26
  4.03000  0.830880E-27
  4.04000  0.452944E-27
  4.05000  0.238492E-27
  4.06000  0.492972E-28
  4.07000  0.269599E-28
  4.08000  0.157592E-28
  4.09000  0.968270E-29
  4.10000  0.608419E-29
  4.11000  0.381391E-29
  4.12000  0.231485E-29
  4.13000  0.132153E-29
  4.14000  0.000000E+00
  4.15000  0.000000E+00
  4.16000  0.000000E+00
  4.17000  0.000000E+00
  4.18000  0.000000E+00
  4.19000  0.000000E+00
  4.20000  0.000000E+00
  4.21000  0.000000E+00
  4.22000  0.000000E+00
  4.23000  0.000000E+00
  4.24000  0.000000E+00
  4.25000  0.000000E+00
  4.26000  0.000000E+00
  4.27000  0.000000E+00
  4.28000  0.000000E+00
  4.29000  0.000000E+00
  4.30000  0.000000E+00
  4.31000  0.000000E+00
  4.32000  0.000000E+00
  4.33000  0.000000E+00
  4.34000  0.000000E+00
  4.35000  0.000000E+00
  4.36000  0.000000E+00
  4.37000  0.000000E+00
  4.38000  0.000000E+00
  4.39000  0.000000E+00
  4.40000  0.000000E+00
  4.41000  0.000000E+00
  4.42000  0.000000E+00
  4.43000  0.000000E+00
  4.44000  0.000000E+00
  4.45000  0.000000E+00
  4.46000  0.000000E+00
  4.47000  0.000000E+00
  4.48000  0.000000E+00
  4.49000  0.000000E+00
  4.50000  0.000000E+00
  4.51000  0.000000E+00
  4.52000  0.000000E+00
  4.53000  0.000000E+00
  4.54000  0.000000E+00
  4.55000  0.000000E+00
  4.56000  0.000000E+00
  4.57000  0.000000E+00
  4.58000  0.000000E+00
  4.59000  0.000000E+00
  4.60000  0.000000E+00
  4.61000  0.000000E+00
  4.62000  0.000000E+00
  4.63000  0.000000E+00
  4.64000  0.000000E+00
  4.65000  0.000000E+00
  4.66000  0.000000E+00
  4.67000  0.000000E+00
  4.68000  0.000000E+00
  4.69000  0.000000E+00
  4.70000  0.000000E+00
  4.71000  0.000000E+00
  4.72000  0.000000E+00
  4.73000  0.000000E+00
  4.74000  0.000000E+00
  4.75000  0.000000E+00
  4.76000  0.000000E+00
  4.77000  0.000000E+00
  4.78000  0.000000E+00
  4.79000  0.000000E+00
  4.80000  0.000000E+00
  4.81000  0.000000E+00
  4.82000  0.000000E+00
  4.83000  0.000000E+00
  4.84000  0.000000E+00
  4.85000  0.000000E+00
  4.86000  0.000000E+00
  4.87000  0.000000E+00
  4.88000  0.000000E+00
  4.89000  0.000000E+00
  4.90000  0.000000E+00
  4.91000  0.000000E+00
  4.92000  0.000000E+00
  4.93000  0.000000E+00
  4.94000  0.000000E+00
  4.95000  0.000000E+00
  4.96000  0.000000E+00
  4.97000  0.000000E+00
  4.98000  0.000000E+00
  4.99000  0.000000E+00
  5.00000  0.000000E+00
  5.01000  0.000000E+00
  5.02000  0.000000E+00
  5.03000  0.000000E+00
  5.04000  0.000000E+00
  5.05000  0.000000E+00
  5.06000  0.000000E+00
  5.07000  0.000000E+00
  5.08000  0.000000E+00
  5.09000  0.000000E+00
  5.10000  0.000000E+00
  5.11000  0.000000E+00
  5.12000  0.000000E+00
  5.13000  0.000000E+00
  5.14000  0.000000E+00
  5.15000  0.000000E+00
  5.16000  0.000000E+00
  5.17000  0.000000E+00
  5.18000  0.000000E+00
  5.19000  0.000000E+00
  5.20000  0.000000E+00
  5.21000  0.000000E+00
  5.22000  0.000000E+00
  5.23000  0.000000E+00
  5.24000  0.000000E+00
  5.25000  0.000000E+00
  5.26000  0.000000E+00
  5.27000  0.000000E+00
  5.28000  0.000000E+00
  5.29000  0.000000E+00
  5.30000  0.000000E+00
  5.31000  0.000000E+00
  5.32000  0.000000E+00
  5.33000  0.000000E+00
  5.34000  0.000000E+00
  5.35000  0.000000E+00
  5.36000  0.000000E+00
  5.37000  0.000000E+00
  5.38000  0.000000E+00
  5.39000  0.000000E+00
  5.40000  0.000000E+00
  5.41000  0.000000E+00
  5.42000  0.000000E+00
  5.43000  0.000000E+00
  5.44000  0.000000E+00
  5.45000  0.000000E+00
  5.46000  0.000000E+00
  5.47000  0.000000E+00
  5.48000  0.000000E+00
  5.49000  0.000000E+00
  5.50000  0.000000E+00
  5.51000  0.000000E+00
  5.52000  0.000000E+00
  5.53000  0.000000E+00
  5.54000  0.000000E+00
  5.55000  0.000000E+00
  5.56000  0.000000E+00
  5.57000  0.000000E+00
  5.58000  0.000000E+00
  5.59000  0.000000E+00
  5.60000  0.000000E+00
  5.61000  0.000000E+00
  5.62000  0.000000E+00
  5.63000  0.000000E+00
  5.64000  0.000000E+00
  5.65000  0.000000E+00
  5.66000  0.000000E+00
  5.67000  0.000000E+00
  5.68000  0.000000E+00
  5.69000  0.000000E+00
  5.70000  0.000000E+00
  5.71000  0.000000E+00
  5.72000  0.000000E+00
  5.73000  0.000000E+00
  5.74000  0.000000E+00
  5.75000  0.000000E+00
  5.76000  0.000000E+00
  5.77000  0.000000E+00
  5.78000  0.000000E+00
  5.79000  0.000000E+00
  5.80000  0.000000E+00
  5.81000  0.000000E+00
  5.82000  0.000000E+00
  5.83000  0.000000E+00
  5.84000  0.000000E+00
  5.85000  0.000000E+00
  5.86000  0.000000E+00
  5.87000  0.000000E+00
  5.88000  0.000000E+00
  5.89000  0.000000E+00
  5.90000  0.000000E+00
  5.91000  0.000000E+00
  5.92000  0.000000E+00
  5.93000  0.000000E+00
  5.94000  0.000000E+00
  5.95000  0.000000E+00
  5.96000  0.000000E+00
  5.97000  0.000000E+00
  5.98000  0.000000E+00
  5.99000  0.000000E+00
  6.00000  0.000000E+00
  6.20000  0.000000E+00
  6.40000  0.000000E+00
  6.60000  0.000000E+00
  6.80000  0.000000E+00
  7.00000  0.000000E+00
