  0.00000  0.000000E+00
  0.01000  0.000000E+00
  0.02000  0.183183E-09
  0.03000  0.331007E-09
  0.04000  0.649495E-09
  0.05000  0.150893E-08
  0.06000  0.513128E-08
  0.07000  0.750929E-08
  0.08000  0.545395E-08
  0.09000  0.257583E-08
  0.10000  0.330942E-09
  0.11000  0.605284E-09
  0.12000  0.101672E-08
  0.13000  0.161291E-08
  0.14000  0.273951E-08
  0.15000  0.695443E-08
  0.16000  0.223499E-07
  0.17000  0.414399E-07
  0.18000  0.674108E-07
  0.19000  0.886574E-07
  0.20000  0.127115E-06
  0.21000  0.186061E-06
  0.22000  0.244456E-06
  0.23000  0.249471E-06
  0.24000  0.233246E-06
  0.25000  0.224474E-06
  0.26000  0.195026E-06
  0.27000  0.157402E-06
  0.28000  0.110351E-06
  0.29000  0.689923E-07
  0.30000  0.572650E-07
  0.31000  0.576696E-07
  0.32000  0.621631E-07
  0.33000  0.850793E-07
  0.34000  0.117670E-06
  0.35000  0.125990E-06
  0.36000  0.130239E-06
  0.37000  0.122094E-06
  0.38000  0.116441E-06
  0.39000  0.124422E-06
  0.40000  0.116877E-06
  0.41000  0.102032E-06
  0.42000  0.880396E-07
  0.43000  0.715341E-07
  0.44000  0.457249E-07
  0.45000  0.319247E-07
  0.46000  0.283289E-07
  0.47000  0.246496E-07
  0.48000  0.209253E-07
  0.49000  0.190612E-07
  0.50000  0.202025E-07
  0.51000  0.264574E-07
  0.52000  0.293167E-07
  0.53000  0.289591E-07
  0.54000  0.275898E-07
  0.55000  0.252630E-07
  0.56000  0.215694E-07
  0.57000  0.186424E-07
  0.58000  0.162807E-07
  0.59000  0.137882E-07
  0.60000  0.112188E-07
  0.61000  0.955095E-08
  0.62000  0.833451E-08
  0.63000  0.715227E-08
  0.64000  0.607865E-08
  0.65000  0.658992E-08
  0.66000  0.702653E-08
  0.67000  0.774639E-08
  0.68000  0.866371E-08
  0.69000  0.102346E-07
  0.70000  0.148017E-07
  0.71000  0.225269E-07
  0.72000  0.300895E-07
  0.73000  0.417243E-07
  0.74000  0.741259E-07
  0.75000  0.148903E-06
  0.76000  0.256450E-06
  0.77000  0.364310E-06
  0.78000  0.469475E-06
  0.79000  0.592016E-06
  0.80000  0.786254E-06
  0.81000  0.122149E-05
  0.82000  0.240685E-05
  0.83000  0.600874E-05
  0.84000  0.140375E-04
  0.85000  0.281253E-04
  0.86000  0.488845E-04
  0.87000  0.746503E-04
  0.88000  0.109759E-03
  0.89000  0.158375E-03
  0.90000  0.217165E-03
  0.91000  0.274369E-03
  0.92000  0.313837E-03
  0.93000  0.304123E-03
  0.94000  0.278301E-03
  0.95000  0.276482E-03
  0.96000  0.304201E-03
  0.97000  0.359017E-03
  0.98000  0.452705E-03
  0.99000  0.594397E-03
  1.00000  0.792278E-03
  1.01000  0.106788E-02
  1.02000  0.143990E-02
  1.03000  0.186433E-02
  1.04000  0.227164E-02
  1.05000  0.262299E-02
  1.06000  0.289455E-02
  1.07000  0.310164E-02
  1.08000  0.333787E-02
  1.09000  0.352347E-02
  1.10000  0.350523E-02
  1.11000  0.350445E-02
  1.12000  0.393181E-02
  1.13000  0.549387E-02
  1.14000  0.708183E-02
  1.15000  0.715011E-02
  1.16000  0.742207E-02
  1.17000  0.785607E-02
  1.18000  0.780257E-02
  1.19000  0.733796E-02
  1.20000  0.664423E-02
  1.21000  0.586986E-02
  1.22000  0.511124E-02
  1.23000  0.445720E-02
  1.24000  0.393366E-02
  1.25000  0.348826E-02
  1.26000  0.303034E-02
  1.27000  0.251311E-02
  1.28000  0.198634E-02
  1.29000  0.153285E-02
  1.30000  0.118543E-02
  1.31000  0.929412E-03
  1.32000  0.749148E-03
  1.33000  0.632415E-03
  1.34000  0.564656E-03
  1.35000  0.524158E-03
  1.36000  0.488902E-03
  1.37000  0.442490E-03
  1.38000  0.381513E-03
  1.39000  0.316123E-03
  1.40000  0.257493E-03
  1.41000  0.212318E-03
  1.42000  0.177799E-03
  1.43000  0.152483E-03
  1.44000  0.140486E-03
  1.45000  0.145343E-03
  1.46000  0.169051E-03
  1.47000  0.214410E-03
  1.48000  0.276581E-03
  1.49000  0.336846E-03
  1.50000  0.371079E-03
  1.51000  0.370922E-03
  1.52000  0.385898E-03
  1.53000  0.425435E-03
  1.54000  0.443526E-03
  1.55000  0.443054E-03
  1.56000  0.422282E-03
  1.57000  0.338310E-03
  1.58000  0.365347E-03
  1.59000  0.413452E-03
  1.60000  0.464744E-03
  1.61000  0.522912E-03
  1.62000  0.586713E-03
  1.63000  0.651248E-03
  1.64000  0.713516E-03
  1.65000  0.771853E-03
  1.66000  0.829667E-03
  1.67000  0.895865E-03
  1.68000  0.972242E-03
  1.69000  0.104875E-02
  1.70000  0.111794E-02
  1.71000  0.117520E-02
  1.72000  0.122048E-02
  1.73000  0.126311E-02
  1.74000  0.131962E-02
  1.75000  0.140269E-02
  1.76000  0.152103E-02
  1.77000  0.167448E-02
  1.78000  0.186120E-02
  1.79000  0.289121E-02
  1.80000  0.963399E-02
  1.81000  0.194282E-01
  1.82000  0.305903E-01
  1.83000  0.437804E-01
  1.84000  0.532478E-01
  1.85000  0.597464E-01
  1.86000  0.658530E-01
  1.87000  0.752966E-01
  1.88000  0.920866E-01
  1.89000  0.108867E+00
  1.90000  0.119089E+00
  1.91000  0.124633E+00
  1.92000  0.126211E+00
  1.93000  0.122383E+00
  1.94000  0.112442E+00
  1.95000  0.998186E-01
  1.96000  0.910687E-01
  1.97000  0.862773E-01
  1.98000  0.846030E-01
  1.99000  0.839926E-01
  2.00000  0.839442E-01
  2.01000  0.849248E-01
  2.02000  0.869125E-01
  2.03000  0.901946E-01
  2.04000  0.946691E-01
  2.05000  0.103065E+00
  2.06000  0.117796E+00
  2.07000  0.129214E+00
  2.08000  0.137943E+00
  2.09000  0.144769E+00
  2.10000  0.149276E+00
  2.11000  0.160209E+00
  2.12000  0.171519E+00
  2.13000  0.182975E+00
  2.14000  0.194463E+00
  2.15000  0.206344E+00
  2.16000  0.220971E+00
  2.17000  0.234806E+00
  2.18000  0.249613E+00
  2.19000  0.265180E+00
  2.20000  0.280906E+00
  2.21000  0.299555E+00
  2.22000  0.317013E+00
  2.23000  0.332346E+00
  2.24000  0.345941E+00
  2.25000  0.357078E+00
  2.26000  0.368287E+00
  2.27000  0.405157E+00
  2.28000  0.436763E+00
  2.29000  0.462422E+00
  2.30000  0.483644E+00
  2.31000  0.502210E+00
  2.32000  0.519045E+00
  2.33000  0.533711E+00
  2.34000  0.544585E+00
  2.35000  0.550515E+00
  2.36000  0.552483E+00
  2.37000  0.547450E+00
  2.38000  0.537083E+00
  2.39000  0.521717E+00
  2.40000  0.504470E+00
  2.41000  0.505549E+00
  2.42000  0.531374E+00
  2.43000  0.561198E+00
  2.44000  0.595188E+00
  2.45000  0.632651E+00
  2.46000  0.666707E+00
  2.47000  0.704629E+00
  2.48000  0.742791E+00
  2.49000  0.781218E+00
  2.50000  0.819281E+00
  2.51000  0.857597E+00
  2.52000  0.898094E+00
  2.53000  0.939104E+00
  2.54000  0.975024E+00
  2.55000  0.100000E+01
  2.56000  0.973354E+00
  2.57000  0.957821E+00
  2.58000  0.916564E+00
  2.59000  0.851189E+00
  2.60000  0.766251E+00
  2.61000  0.666717E+00
  2.62000  0.560413E+00
  2.63000  0.457071E+00
  2.64000  0.364346E+00
  2.65000  0.285407E+00
  2.66000  0.206007E+00
  2.67000  0.165340E+00
  2.68000  0.134005E+00
  2.69000  0.107833E+00
  2.70000  0.864636E-01
  2.71000  0.691125E-01
  2.72000  0.549947E-01
  2.73000  0.435630E-01
  2.74000  0.343521E-01
  2.75000  0.269015E-01
  2.76000  0.188177E-01
  2.77000  0.144740E-01
  2.78000  0.111090E-01
  2.79000  0.852856E-02
  2.80000  0.653911E-02
  2.81000  0.498401E-02
  2.82000  0.374468E-02
  2.83000  0.274354E-02
  2.84000  0.194220E-02
  2.85000  0.131963E-02
  2.86000  0.738505E-03
  2.87000  0.455791E-03
  2.88000  0.268342E-03
  2.89000  0.150402E-03
  2.90000  0.802889E-04
  2.91000  0.510057E-04
  2.92000  0.372122E-04
  2.93000  0.259825E-04
  2.94000  0.174008E-04
  2.95000  0.111893E-04
  2.96000  0.678170E-05
  2.97000  0.399765E-05
  2.98000  0.231295E-05
  2.99000  0.132717E-05
  3.00000  0.764596E-06
  3.01000  0.449434E-06
  3.02000  0.274680E-06
  3.03000  0.176997E-06
  3.04000  0.121122E-06
  3.05000  0.882139E-07
  3.06000  0.465234E-07
  3.07000  0.374867E-07
  3.08000  0.317837E-07
  3.09000  0.275628E-07
  3.10000  0.237244E-07
  3.11000  0.198858E-07
  3.12000  0.160487E-07
  3.13000  0.124169E-07
  3.14000  0.920365E-08
  3.15000  0.656680E-08
  3.16000  0.290162E-08
  3.17000  0.195568E-08
  3.18000  0.129331E-08
  3.19000  0.842049E-09
  3.20000  0.537861E-09
  3.21000  0.335500E-09
  3.22000  0.202902E-09
  3.23000  0.117737E-09
  3.24000  0.649614E-10
  3.25000  0.340183E-10
  3.26000  0.962923E-11
  3.27000  0.455309E-11
  3.28000  0.208416E-11
  3.29000  0.929583E-12
  3.30000  0.410385E-12
  3.31000  0.182526E-12
  3.32000  0.836971E-13
  3.33000  0.398757E-13
  3.34000  0.197088E-13
  3.35000  0.101136E-13
  3.36000  0.211864E-14
  3.37000  0.114288E-14
  3.38000  0.654044E-15
  3.39000  0.400229E-15
  3.40000  0.263220E-15
  3.41000  0.185426E-15
  3.42000  0.138151E-15
  3.43000  0.106668E-15
  3.44000  0.831616E-16
  3.45000  0.639467E-16
  3.46000  0.135098E-16
  3.47000  0.983055E-17
  3.48000  0.697700E-17
  3.49000  0.483399E-17
  3.50000  0.327147E-17
  3.51000  0.216248E-17
  3.52000  0.139152E-17
  3.53000  0.865912E-18
  3.54000  0.521873E-18
  3.55000  0.310148E-18
  3.56000  0.435669E-19
  3.57000  0.257414E-19
  3.58000  0.152871E-19
  3.59000  0.909491E-20
  3.60000  0.538478E-20
  3.61000  0.314256E-20
  3.62000  0.180365E-20
  3.63000  0.102638E-20
  3.64000  0.582234E-21
  3.65000  0.329789E-21
  3.66000  0.339732E-22
  3.67000  0.190922E-22
  3.68000  0.107153E-22
  3.69000  0.596523E-23
  3.70000  0.325763E-23
  3.71000  0.172065E-23
  3.72000  0.875458E-24
  3.73000  0.431221E-24
  3.74000  0.207505E-24
  3.75000  0.979592E-25
  3.76000  0.662422E-26
  3.77000  0.296309E-26
  3.78000  0.129909E-26
  3.79000  0.558655E-27
  3.80000  0.236821E-27
  3.81000  0.993105E-28
  3.82000  0.411614E-28
  3.83000  0.183951E-28
  3.84000  0.911579E-29
  3.85000  0.450248E-29
  3.86000  0.000000E+00
  3.87000  0.000000E+00
  3.88000  0.000000E+00
  3.89000  0.000000E+00
  3.90000  0.000000E+00
  3.91000  0.000000E+00
  3.92000  0.000000E+00
  3.93000  0.000000E+00
  3.94000  0.000000E+00
  3.95000  0.000000E+00
  3.96000  0.000000E+00
  3.97000  0.000000E+00
  3.98000  0.000000E+00
  3.99000  0.000000E+00
  4.00000  0.000000E+00
  4.01000  0.000000E+00
  4.02000  0.000000E+00
  4.03000  0.000000E+00
  4.04000  0.000000E+00
  4.05000  0.000000E+00
  4.06000  0.000000E+00
  4.07000  0.000000E+00
  4.08000  0.000000E+00
  4.09000  0.000000E+00
  4.10000  0.000000E+00
  4.11000  0.000000E+00
  4.12000  0.000000E+00
  4.13000  0.000000E+00
  4.14000  0.000000E+00
  4.15000  0.000000E+00
  4.16000  0.000000E+00
  4.17000  0.000000E+00
  4.18000  0.000000E+00
  4.19000  0.000000E+00
  4.20000  0.000000E+00
  4.21000  0.000000E+00
  4.22000  0.000000E+00
  4.23000  0.000000E+00
  4.24000  0.000000E+00
  4.25000  0.000000E+00
  4.26000  0.000000E+00
  4.27000  0.000000E+00
  4.28000  0.000000E+00
  4.29000  0.000000E+00
  4.30000  0.000000E+00
  4.31000  0.000000E+00
  4.32000  0.000000E+00
  4.33000  0.000000E+00
  4.34000  0.000000E+00
  4.35000  0.000000E+00
  4.36000  0.000000E+00
  4.37000  0.000000E+00
  4.38000  0.000000E+00
  4.39000  0.000000E+00
  4.40000  0.000000E+00
  4.41000  0.000000E+00
  4.42000  0.000000E+00
  4.43000  0.000000E+00
  4.44000  0.000000E+00
  4.45000  0.000000E+00
  4.46000  0.000000E+00
  4.47000  0.000000E+00
  4.48000  0.000000E+00
  4.49000  0.000000E+00
  4.50000  0.000000E+00
  4.51000  0.000000E+00
  4.52000  0.000000E+00
  4.53000  0.000000E+00
  4.54000  0.000000E+00
  4.55000  0.000000E+00
  4.56000  0.000000E+00
  4.57000  0.000000E+00
  4.58000  0.000000E+00
  4.59000  0.000000E+00
  4.60000  0.000000E+00
  4.61000  0.000000E+00
  4.62000  0.000000E+00
  4.63000  0.000000E+00
  4.64000  0.000000E+00
  4.65000  0.000000E+00
  4.66000  0.000000E+00
  4.67000  0.000000E+00
  4.68000  0.000000E+00
  4.69000  0.000000E+00
  4.70000  0.000000E+00
  4.71000  0.000000E+00
  4.72000  0.000000E+00
  4.73000  0.000000E+00
  4.74000  0.000000E+00
  4.75000  0.000000E+00
  4.76000  0.000000E+00
  4.77000  0.000000E+00
  4.78000  0.000000E+00
  4.79000  0.000000E+00
  4.80000  0.000000E+00
  4.81000  0.000000E+00
  4.82000  0.000000E+00
  4.83000  0.000000E+00
  4.84000  0.000000E+00
  4.85000  0.000000E+00
  4.86000  0.000000E+00
  4.87000  0.000000E+00
  4.88000  0.000000E+00
  4.89000  0.000000E+00
  4.90000  0.000000E+00
  4.91000  0.000000E+00
  4.92000  0.000000E+00
  4.93000  0.000000E+00
  4.94000  0.000000E+00
  4.95000  0.000000E+00
  4.96000  0.000000E+00
  4.97000  0.000000E+00
  4.98000  0.000000E+00
  4.99000  0.000000E+00
  5.00000  0.000000E+00
  5.01000  0.000000E+00
  5.02000  0.000000E+00
  5.03000  0.000000E+00
  5.04000  0.000000E+00
  5.05000  0.000000E+00
  5.06000  0.000000E+00
  5.07000  0.000000E+00
  5.08000  0.000000E+00
  5.09000  0.000000E+00
  5.10000  0.000000E+00
  5.11000  0.000000E+00
  5.12000  0.000000E+00
  5.13000  0.000000E+00
  5.14000  0.000000E+00
  5.15000  0.000000E+00
  5.16000  0.000000E+00
  5.17000  0.000000E+00
  5.18000  0.000000E+00
  5.19000  0.000000E+00
  5.20000  0.000000E+00
  5.21000  0.000000E+00
  5.22000  0.000000E+00
  5.23000  0.000000E+00
  5.24000  0.000000E+00
  5.25000  0.000000E+00
  5.26000  0.000000E+00
  5.27000  0.000000E+00
  5.28000  0.000000E+00
  5.29000  0.000000E+00
  5.30000  0.000000E+00
  5.31000  0.000000E+00
  5.32000  0.000000E+00
  5.33000  0.000000E+00
  5.34000  0.000000E+00
  5.35000  0.000000E+00
  5.36000  0.000000E+00
  5.37000  0.000000E+00
  5.38000  0.000000E+00
  5.39000  0.000000E+00
  5.40000  0.000000E+00
  5.41000  0.000000E+00
  5.42000  0.000000E+00
  5.43000  0.000000E+00
  5.44000  0.000000E+00
  5.45000  0.000000E+00
  5.46000  0.000000E+00
  5.47000  0.000000E+00
  5.48000  0.000000E+00
  5.49000  0.000000E+00
  5.50000  0.000000E+00
  5.51000  0.000000E+00
  5.52000  0.000000E+00
  5.53000  0.000000E+00
  5.54000  0.000000E+00
  5.55000  0.000000E+00
  5.56000  0.000000E+00
  5.57000  0.000000E+00
  5.58000  0.000000E+00
  5.59000  0.000000E+00
  5.60000  0.000000E+00
  5.61000  0.000000E+00
  5.62000  0.000000E+00
  5.63000  0.000000E+00
  5.64000  0.000000E+00
  5.65000  0.000000E+00
  5.66000  0.000000E+00
  5.67000  0.000000E+00
  5.68000  0.000000E+00
  5.69000  0.000000E+00
  5.70000  0.000000E+00
  5.71000  0.000000E+00
  5.72000  0.000000E+00
  5.73000  0.000000E+00
  5.74000  0.000000E+00
  5.75000  0.000000E+00
  5.76000  0.000000E+00
  5.77000  0.000000E+00
  5.78000  0.000000E+00
  5.79000  0.000000E+00
  5.80000  0.000000E+00
  5.81000  0.000000E+00
  5.82000  0.000000E+00
  5.83000  0.000000E+00
  5.84000  0.000000E+00
  5.85000  0.000000E+00
  5.86000  0.000000E+00
  5.87000  0.000000E+00
  5.88000  0.000000E+00
  5.89000  0.000000E+00
  5.90000  0.000000E+00
  5.91000  0.000000E+00
  5.92000  0.000000E+00
  5.93000  0.000000E+00
  5.94000  0.000000E+00
  5.95000  0.000000E+00
  5.96000  0.000000E+00
  5.97000  0.000000E+00
  5.98000  0.000000E+00
  5.99000  0.000000E+00
  6.00000  0.000000E+00
  6.20000  0.000000E+00
  6.40000  0.000000E+00
  6.60000  0.000000E+00
  6.80000  0.000000E+00
  7.00000  0.000000E+00
