  0.00000  0.000000E+00
  0.01000  0.000000E+00
  0.02000  0.000000E+00
  0.03000  0.350506E-09
  0.04000  0.147768E-06
  0.05000  0.612859E-06
  0.06000  0.119080E-05
  0.07000  0.175862E-05
  0.08000  0.232736E-05
  0.09000  0.313656E-05
  0.10000  0.401905E-05
  0.11000  0.488567E-05
  0.12000  0.643217E-05
  0.13000  0.841920E-05
  0.14000  0.104869E-04
  0.15000  0.120753E-04
  0.16000  0.143210E-04
  0.17000  0.179158E-04
  0.18000  0.228799E-04
  0.19000  0.287175E-04
  0.20000  0.379635E-04
  0.21000  0.503056E-04
  0.22000  0.640714E-04
  0.23000  0.751912E-04
  0.24000  0.861081E-04
  0.25000  0.100652E-03
  0.26000  0.112123E-03
  0.27000  0.116958E-03
  0.28000  0.135928E-03
  0.29000  0.164122E-03
  0.30000  0.185411E-03
  0.31000  0.203670E-03
  0.32000  0.219019E-03
  0.33000  0.239371E-03
  0.34000  0.260266E-03
  0.35000  0.289657E-03
  0.36000  0.328949E-03
  0.37000  0.373006E-03
  0.38000  0.417174E-03
  0.39000  0.453230E-03
  0.40000  0.487747E-03
  0.41000  0.516801E-03
  0.42000  0.541557E-03
  0.43000  0.586487E-03
  0.44000  0.662224E-03
  0.45000  0.743233E-03
  0.46000  0.838963E-03
  0.47000  0.960173E-03
  0.48000  0.109113E-02
  0.49000  0.119802E-02
  0.50000  0.125153E-02
  0.51000  0.129894E-02
  0.52000  0.138568E-02
  0.53000  0.149485E-02
  0.54000  0.160671E-02
  0.55000  0.169844E-02
  0.56000  0.180281E-02
  0.57000  0.197350E-02
  0.58000  0.220107E-02
  0.59000  0.246212E-02
  0.60000  0.275538E-02
  0.61000  0.304441E-02
  0.62000  0.328892E-02
  0.63000  0.352660E-02
  0.64000  0.369435E-02
  0.65000  0.380078E-02
  0.66000  0.385529E-02
  0.67000  0.381548E-02
  0.68000  0.381485E-02
  0.69000  0.400456E-02
  0.70000  0.428256E-02
  0.71000  0.462454E-02
  0.72000  0.498092E-02
  0.73000  0.530948E-02
  0.74000  0.554959E-02
  0.75000  0.579008E-02
  0.76000  0.609979E-02
  0.77000  0.642571E-02
  0.78000  0.679186E-02
  0.79000  0.721075E-02
  0.80000  0.763717E-02
  0.81000  0.810574E-02
  0.82000  0.883771E-02
  0.83000  0.102187E-01
  0.84000  0.115374E-01
  0.85000  0.125857E-01
  0.86000  0.135116E-01
  0.87000  0.143566E-01
  0.88000  0.151326E-01
  0.89000  0.159559E-01
  0.90000  0.169309E-01
  0.91000  0.179819E-01
  0.92000  0.190420E-01
  0.93000  0.201448E-01
  0.94000  0.212757E-01
  0.95000  0.223998E-01
  0.96000  0.236242E-01
  0.97000  0.250266E-01
  0.98000  0.267181E-01
  0.99000  0.284186E-01
  1.00000  0.298370E-01
  1.01000  0.310529E-01
  1.02000  0.323442E-01
  1.03000  0.338550E-01
  1.04000  0.355331E-01
  1.05000  0.373631E-01
  1.06000  0.391967E-01
  1.07000  0.410544E-01
  1.08000  0.436996E-01
  1.09000  0.474657E-01
  1.10000  0.522253E-01
  1.11000  0.587889E-01
  1.12000  0.689441E-01
  1.13000  0.885550E-01
  1.14000  0.114157E+00
  1.15000  0.132255E+00
  1.16000  0.144380E+00
  1.17000  0.153888E+00
  1.18000  0.160577E+00
  1.19000  0.163106E+00
  1.20000  0.162429E+00
  1.21000  0.162146E+00
  1.22000  0.163227E+00
  1.23000  0.164836E+00
  1.24000  0.165403E+00
  1.25000  0.164538E+00
  1.26000  0.163248E+00
  1.27000  0.161737E+00
  1.28000  0.160472E+00
  1.29000  0.160476E+00
  1.30000  0.161641E+00
  1.31000  0.163364E+00
  1.32000  0.164808E+00
  1.33000  0.165898E+00
  1.34000  0.167168E+00
  1.35000  0.169193E+00
  1.36000  0.172231E+00
  1.37000  0.175917E+00
  1.38000  0.179042E+00
  1.39000  0.184182E+00
  1.40000  0.191054E+00
  1.41000  0.196973E+00
  1.42000  0.204571E+00
  1.43000  0.215043E+00
  1.44000  0.225223E+00
  1.45000  0.233444E+00
  1.46000  0.240522E+00
  1.47000  0.246837E+00
  1.48000  0.251573E+00
  1.49000  0.254569E+00
  1.50000  0.256449E+00
  1.51000  0.257633E+00
  1.52000  0.258508E+00
  1.53000  0.258845E+00
  1.54000  0.258369E+00
  1.55000  0.257011E+00
  1.56000  0.254307E+00
  1.57000  0.248077E+00
  1.58000  0.239367E+00
  1.59000  0.234107E+00
  1.60000  0.232012E+00
  1.61000  0.231345E+00
  1.62000  0.230852E+00
  1.63000  0.232472E+00
  1.64000  0.234930E+00
  1.65000  0.236076E+00
  1.66000  0.235047E+00
  1.67000  0.232502E+00
  1.68000  0.228469E+00
  1.69000  0.222604E+00
  1.70000  0.215272E+00
  1.71000  0.207654E+00
  1.72000  0.201360E+00
  1.73000  0.196296E+00
  1.74000  0.192081E+00
  1.75000  0.188627E+00
  1.76000  0.186111E+00
  1.77000  0.184622E+00
  1.78000  0.184568E+00
  1.79000  0.190017E+00
  1.80000  0.200573E+00
  1.81000  0.208351E+00
  1.82000  0.211985E+00
  1.83000  0.214464E+00
  1.84000  0.216270E+00
  1.85000  0.217388E+00
  1.86000  0.218214E+00
  1.87000  0.218876E+00
  1.88000  0.224457E+00
  1.89000  0.235101E+00
  1.90000  0.241966E+00
  1.91000  0.246759E+00
  1.92000  0.250738E+00
  1.93000  0.253674E+00
  1.94000  0.254876E+00
  1.95000  0.254496E+00
  1.96000  0.254017E+00
  1.97000  0.254669E+00
  1.98000  0.256318E+00
  1.99000  0.258231E+00
  2.00000  0.259920E+00
  2.01000  0.261084E+00
  2.02000  0.261556E+00
  2.03000  0.261088E+00
  2.04000  0.259406E+00
  2.05000  0.256157E+00
  2.06000  0.250527E+00
  2.07000  0.241237E+00
  2.08000  0.245732E+00
  2.09000  0.267350E+00
  2.10000  0.286558E+00
  2.11000  0.314819E+00
  2.12000  0.338661E+00
  2.13000  0.359453E+00
  2.14000  0.379416E+00
  2.15000  0.398976E+00
  2.16000  0.418222E+00
  2.17000  0.438660E+00
  2.18000  0.463224E+00
  2.19000  0.491163E+00
  2.20000  0.519356E+00
  2.21000  0.551321E+00
  2.22000  0.586419E+00
  2.23000  0.616180E+00
  2.24000  0.638490E+00
  2.25000  0.656669E+00
  2.26000  0.673879E+00
  2.27000  0.693156E+00
  2.28000  0.715419E+00
  2.29000  0.738844E+00
  2.30000  0.760844E+00
  2.31000  0.781138E+00
  2.32000  0.800485E+00
  2.33000  0.818893E+00
  2.34000  0.836089E+00
  2.35000  0.852328E+00
  2.36000  0.867408E+00
  2.37000  0.878957E+00
  2.38000  0.889106E+00
  2.39000  0.905213E+00
  2.40000  0.922757E+00
  2.41000  0.936244E+00
  2.42000  0.948678E+00
  2.43000  0.962844E+00
  2.44000  0.977539E+00
  2.45000  0.990530E+00
  2.46000  0.999100E+00
  2.47000  0.100000E+01
  2.48000  0.991767E+00
  2.49000  0.975913E+00
  2.50000  0.953133E+00
  2.51000  0.924309E+00
  2.52000  0.893305E+00
  2.53000  0.864792E+00
  2.54000  0.841705E+00
  2.55000  0.824632E+00
  2.56000  0.812921E+00
  2.57000  0.806142E+00
  2.58000  0.801631E+00
  2.59000  0.798489E+00
  2.60000  0.797208E+00
  2.61000  0.798922E+00
  2.62000  0.803732E+00
  2.63000  0.810218E+00
  2.64000  0.816516E+00
  2.65000  0.822053E+00
  2.66000  0.827096E+00
  2.67000  0.834957E+00
  2.68000  0.844290E+00
  2.69000  0.853515E+00
  2.70000  0.861269E+00
  2.71000  0.866132E+00
  2.72000  0.867815E+00
  2.73000  0.868474E+00
  2.74000  0.874314E+00
  2.75000  0.890633E+00
  2.76000  0.909378E+00
  2.77000  0.923019E+00
  2.78000  0.926405E+00
  2.79000  0.922917E+00
  2.80000  0.916484E+00
  2.81000  0.909600E+00
  2.82000  0.903587E+00
  2.83000  0.898682E+00
  2.84000  0.894275E+00
  2.85000  0.889167E+00
  2.86000  0.879815E+00
  2.87000  0.870436E+00
  2.88000  0.858712E+00
  2.89000  0.845785E+00
  2.90000  0.833658E+00
  2.91000  0.823341E+00
  2.92000  0.814085E+00
  2.93000  0.804765E+00
  2.94000  0.795335E+00
  2.95000  0.786318E+00
  2.96000  0.774692E+00
  2.97000  0.765980E+00
  2.98000  0.756993E+00
  2.99000  0.747870E+00
  3.00000  0.739026E+00
  3.01000  0.731045E+00
  3.02000  0.724121E+00
  3.03000  0.718188E+00
  3.04000  0.712543E+00
  3.05000  0.705747E+00
  3.06000  0.692221E+00
  3.07000  0.680484E+00
  3.08000  0.667011E+00
  3.09000  0.652590E+00
  3.10000  0.637450E+00
  3.11000  0.621374E+00
  3.12000  0.604549E+00
  3.13000  0.586899E+00
  3.14000  0.568041E+00
  3.15000  0.547916E+00
  3.16000  0.522858E+00
  3.17000  0.500491E+00
  3.18000  0.477512E+00
  3.19000  0.454529E+00
  3.20000  0.431940E+00
  3.21000  0.410071E+00
  3.22000  0.389271E+00
  3.23000  0.370072E+00
  3.24000  0.352787E+00
  3.25000  0.337094E+00
  3.26000  0.319618E+00
  3.27000  0.304914E+00
  3.28000  0.289832E+00
  3.29000  0.274318E+00
  3.30000  0.258703E+00
  3.31000  0.243430E+00
  3.32000  0.228989E+00
  3.33000  0.215739E+00
  3.34000  0.203773E+00
  3.35000  0.192828E+00
  3.36000  0.180551E+00
  3.37000  0.170949E+00
  3.38000  0.162619E+00
  3.39000  0.155909E+00
  3.40000  0.150613E+00
  3.41000  0.146097E+00
  3.42000  0.141640E+00
  3.43000  0.136862E+00
  3.44000  0.131807E+00
  3.45000  0.126685E+00
  3.46000  0.120155E+00
  3.47000  0.115702E+00
  3.48000  0.111701E+00
  3.49000  0.107878E+00
  3.50000  0.103761E+00
  3.51000  0.986419E-01
  3.52000  0.917979E-01
  3.53000  0.837977E-01
  3.54000  0.767260E-01
  3.55000  0.722248E-01
  3.56000  0.692050E-01
  3.57000  0.686588E-01
  3.58000  0.687937E-01
  3.59000  0.691808E-01
  3.60000  0.695677E-01
  3.61000  0.697403E-01
  3.62000  0.696114E-01
  3.63000  0.691436E-01
  3.64000  0.683693E-01
  3.65000  0.673993E-01
  3.66000  0.653652E-01
  3.67000  0.643854E-01
  3.68000  0.635812E-01
  3.69000  0.629634E-01
  3.70000  0.624359E-01
  3.71000  0.619073E-01
  3.72000  0.613241E-01
  3.73000  0.606601E-01
  3.74000  0.598972E-01
  3.75000  0.590011E-01
  3.76000  0.571203E-01
  3.77000  0.559857E-01
  3.78000  0.547816E-01
  3.79000  0.535865E-01
  3.80000  0.524932E-01
  3.81000  0.515624E-01
  3.82000  0.507937E-01
  3.83000  0.501447E-01
  3.84000  0.495845E-01
  3.85000  0.490480E-01
  3.86000  0.477227E-01
  3.87000  0.470166E-01
  3.88000  0.461545E-01
  3.89000  0.451288E-01
  3.90000  0.439874E-01
  3.91000  0.427893E-01
  3.92000  0.415587E-01
  3.93000  0.402979E-01
  3.94000  0.390384E-01
  3.95000  0.378259E-01
  3.96000  0.360282E-01
  3.97000  0.349227E-01
  3.98000  0.338235E-01
  3.99000  0.327180E-01
  4.00000  0.315897E-01
  4.01000  0.304218E-01
  4.02000  0.292099E-01
  4.03000  0.279826E-01
  4.04000  0.267655E-01
  4.05000  0.255963E-01
  4.06000  0.239676E-01
  4.07000  0.229741E-01
  4.08000  0.220643E-01
  4.09000  0.212105E-01
  4.10000  0.203711E-01
  4.11000  0.195215E-01
  4.12000  0.186667E-01
  4.13000  0.178362E-01
  4.14000  0.170548E-01
  4.15000  0.163340E-01
  4.16000  0.152813E-01
  4.17000  0.146938E-01
  4.18000  0.141582E-01
  4.19000  0.136695E-01
  4.20000  0.132324E-01
  4.21000  0.128481E-01
  4.22000  0.125054E-01
  4.23000  0.121828E-01
  4.24000  0.118638E-01
  4.25000  0.115479E-01
  4.26000  0.109471E-01
  4.27000  0.106597E-01
  4.28000  0.103790E-01
  4.29000  0.101049E-01
  4.30000  0.983927E-02
  4.31000  0.959007E-02
  4.32000  0.936529E-02
  4.33000  0.916744E-02
  4.34000  0.898930E-02
  4.35000  0.881545E-02
  4.36000  0.841068E-02
  4.37000  0.821379E-02
  4.38000  0.799205E-02
  4.39000  0.774478E-02
  4.40000  0.747360E-02
  4.41000  0.718618E-02
  4.42000  0.688600E-02
  4.43000  0.657663E-02
  4.44000  0.626639E-02
  4.45000  0.596265E-02
  4.46000  0.553288E-02
  4.47000  0.526442E-02
  4.48000  0.500944E-02
  4.49000  0.476966E-02
  4.50000  0.454355E-02
  4.51000  0.432948E-02
  4.52000  0.412595E-02
  4.53000  0.393271E-02
  4.54000  0.375068E-02
  4.55000  0.358006E-02
  4.56000  0.333240E-02
  4.57000  0.318579E-02
  4.58000  0.305012E-02
  4.59000  0.292611E-02
  4.60000  0.281273E-02
  4.61000  0.270765E-02
  4.62000  0.260904E-02
  4.63000  0.251541E-02
  4.64000  0.242483E-02
  4.65000  0.234204E-02
  4.66000  0.223070E-02
  4.67000  0.216062E-02
  4.68000  0.209188E-02
  4.69000  0.202463E-02
  4.70000  0.195894E-02
  4.71000  0.189494E-02
  4.72000  0.183233E-02
  4.73000  0.177047E-02
  4.74000  0.170936E-02
  4.75000  0.164904E-02
  4.76000  0.156097E-02
  4.77000  0.150440E-02
  4.78000  0.144947E-02
  4.79000  0.139607E-02
  4.80000  0.134406E-02
  4.81000  0.129333E-02
  4.82000  0.124345E-02
  4.83000  0.119433E-02
  4.84000  0.114562E-02
  4.85000  0.109661E-02
  4.86000  0.102835E-02
  4.87000  0.978487E-03
  4.88000  0.928467E-03
  4.89000  0.879413E-03
  4.90000  0.832141E-03
  4.91000  0.786874E-03
  4.92000  0.743300E-03
  4.93000  0.701463E-03
  4.94000  0.661178E-03
  4.95000  0.622555E-03
  4.96000  0.574985E-03
  4.97000  0.540845E-03
  4.98000  0.508824E-03
  4.99000  0.478917E-03
  5.00000  0.450963E-03
  5.01000  0.424719E-03
  5.02000  0.399885E-03
  5.03000  0.376295E-03
  5.04000  0.353751E-03
  5.05000  0.332203E-03
  5.06000  0.305360E-03
  5.07000  0.286295E-03
  5.08000  0.268407E-03
  5.09000  0.251706E-03
  5.10000  0.236167E-03
  5.11000  0.221697E-03
  5.12000  0.208188E-03
  5.13000  0.195592E-03
  5.14000  0.183868E-03
  5.15000  0.172991E-03
  5.16000  0.159334E-03
  5.17000  0.150145E-03
  5.18000  0.141619E-03
  5.19000  0.133775E-03
  5.20000  0.126594E-03
  5.21000  0.120034E-03
  5.22000  0.114031E-03
  5.23000  0.108479E-03
  5.24000  0.103304E-03
  5.25000  0.984272E-04
  5.26000  0.917386E-04
  5.27000  0.873909E-04
  5.28000  0.831874E-04
  5.29000  0.790967E-04
  5.30000  0.750975E-04
  5.31000  0.711519E-04
  5.32000  0.672689E-04
  5.33000  0.634632E-04
  5.34000  0.597622E-04
  5.35000  0.565973E-04
  5.36000  0.525391E-04
  5.37000  0.497814E-04
  5.38000  0.471275E-04
  5.39000  0.445821E-04
  5.40000  0.421453E-04
  5.41000  0.398148E-04
  5.42000  0.375849E-04
  5.43000  0.354562E-04
  5.44000  0.334296E-04
  5.45000  0.315093E-04
  5.46000  0.291271E-04
  5.47000  0.274774E-04
  5.48000  0.259489E-04
  5.49000  0.245306E-04
  5.50000  0.232058E-04
  5.51000  0.219598E-04
  5.52000  0.207807E-04
  5.53000  0.196585E-04
  5.54000  0.185936E-04
  5.55000  0.175859E-04
  5.56000  0.163414E-04
  5.57000  0.154676E-04
  5.58000  0.146477E-04
  5.59000  0.138737E-04
  5.60000  0.131392E-04
  5.61000  0.124362E-04
  5.62000  0.117637E-04
  5.63000  0.111214E-04
  5.64000  0.105101E-04
  5.65000  0.993156E-05
  5.66000  0.923129E-05
  5.67000  0.872489E-05
  5.68000  0.824752E-05
  5.69000  0.779680E-05
  5.70000  0.737103E-05
  5.71000  0.696886E-05
  5.72000  0.658880E-05
  5.73000  0.622843E-05
  5.74000  0.588450E-05
  5.75000  0.555361E-05
  5.76000  0.515628E-05
  5.77000  0.485340E-05
  5.78000  0.456302E-05
  5.79000  0.428637E-05
  5.80000  0.402437E-05
  5.81000  0.377809E-05
  5.82000  0.354737E-05
  5.83000  0.333122E-05
  5.84000  0.312850E-05
  5.85000  0.293758E-05
  5.86000  0.271839E-05
  5.87000  0.254907E-05
  5.88000  0.238789E-05
  5.89000  0.223440E-05
  5.90000  0.208832E-05
  5.91000  0.195591E-05
  5.92000  0.184172E-05
  5.93000  0.173140E-05
  5.94000  0.162565E-05
  5.95000  0.152452E-05
  5.96000  0.139811E-05
  5.97000  0.130817E-05
  5.98000  0.122257E-05
  5.99000  0.114146E-05
  6.00000  0.106512E-05
  6.20000  0.301950E-06
  6.40000  0.102616E-06
  6.60000  0.169937E-07
  6.80000  0.554458E-08
  7.00000  0.768922E-09
