  0.00000  0.000000E+00
  0.01000  0.000000E+00
  0.02000  0.196150E-21
  0.03000  0.309182E-14
  0.04000  0.903446E-14
  0.05000  0.328435E-13
  0.06000  0.822805E-12
  0.07000  0.851516E-11
  0.08000  0.255961E-10
  0.09000  0.198580E-10
  0.10000  0.106046E-11
  0.11000  0.181999E-12
  0.12000  0.160539E-12
  0.13000  0.333966E-12
  0.14000  0.312724E-11
  0.15000  0.160652E-09
  0.16000  0.131226E-08
  0.17000  0.227586E-08
  0.18000  0.248510E-08
  0.19000  0.194513E-08
  0.20000  0.197730E-08
  0.21000  0.198192E-08
  0.22000  0.150006E-08
  0.23000  0.210115E-08
  0.24000  0.319223E-08
  0.25000  0.434074E-08
  0.26000  0.386158E-08
  0.27000  0.296176E-08
  0.28000  0.516479E-08
  0.29000  0.605500E-08
  0.30000  0.581401E-08
  0.31000  0.620749E-08
  0.32000  0.759063E-08
  0.33000  0.152563E-07
  0.34000  0.299183E-07
  0.35000  0.305688E-07
  0.36000  0.271159E-07
  0.37000  0.247127E-07
  0.38000  0.295229E-07
  0.39000  0.699267E-07
  0.40000  0.172569E-06
  0.41000  0.342208E-06
  0.42000  0.669941E-06
  0.43000  0.108546E-05
  0.44000  0.923465E-06
  0.45000  0.718903E-06
  0.46000  0.604244E-06
  0.47000  0.472535E-06
  0.48000  0.356613E-06
  0.49000  0.287992E-06
  0.50000  0.517181E-06
  0.51000  0.178323E-05
  0.52000  0.392388E-05
  0.53000  0.729626E-05
  0.54000  0.139855E-04
  0.55000  0.251236E-04
  0.56000  0.348493E-04
  0.57000  0.423841E-04
  0.58000  0.480383E-04
  0.59000  0.525748E-04
  0.60000  0.539838E-04
  0.61000  0.529274E-04
  0.62000  0.559062E-04
  0.63000  0.666564E-04
  0.64000  0.872443E-04
  0.65000  0.982086E-04
  0.66000  0.101131E-03
  0.67000  0.119348E-03
  0.68000  0.166216E-03
  0.69000  0.205003E-03
  0.70000  0.226809E-03
  0.71000  0.252957E-03
  0.72000  0.274537E-03
  0.73000  0.294671E-03
  0.74000  0.318756E-03
  0.75000  0.339331E-03
  0.76000  0.349167E-03
  0.77000  0.338051E-03
  0.78000  0.310291E-03
  0.79000  0.288328E-03
  0.80000  0.273290E-03
  0.81000  0.261733E-03
  0.82000  0.323919E-03
  0.83000  0.663476E-03
  0.84000  0.111903E-02
  0.85000  0.131822E-02
  0.86000  0.126598E-02
  0.87000  0.127525E-02
  0.88000  0.127557E-02
  0.89000  0.123073E-02
  0.90000  0.116037E-02
  0.91000  0.104361E-02
  0.92000  0.856200E-03
  0.93000  0.726270E-03
  0.94000  0.620239E-03
  0.95000  0.532548E-03
  0.96000  0.541118E-03
  0.97000  0.628568E-03
  0.98000  0.711021E-03
  0.99000  0.779846E-03
  1.00000  0.829064E-03
  1.01000  0.859078E-03
  1.02000  0.878321E-03
  1.03000  0.894734E-03
  1.04000  0.896247E-03
  1.05000  0.882099E-03
  1.06000  0.940736E-03
  1.07000  0.972915E-03
  1.08000  0.104720E-02
  1.09000  0.106075E-02
  1.10000  0.102715E-02
  1.11000  0.105214E-02
  1.12000  0.116836E-02
  1.13000  0.154370E-02
  1.14000  0.156471E-02
  1.15000  0.141633E-02
  1.16000  0.148531E-02
  1.17000  0.154247E-02
  1.18000  0.159015E-02
  1.19000  0.163673E-02
  1.20000  0.179595E-02
  1.21000  0.188850E-02
  1.22000  0.187663E-02
  1.23000  0.192196E-02
  1.24000  0.194363E-02
  1.25000  0.193473E-02
  1.26000  0.192007E-02
  1.27000  0.189407E-02
  1.28000  0.185995E-02
  1.29000  0.193066E-02
  1.30000  0.206897E-02
  1.31000  0.216293E-02
  1.32000  0.222312E-02
  1.33000  0.217203E-02
  1.34000  0.203235E-02
  1.35000  0.192140E-02
  1.36000  0.198952E-02
  1.37000  0.224789E-02
  1.38000  0.253577E-02
  1.39000  0.396958E-02
  1.40000  0.794306E-02
  1.41000  0.150830E-01
  1.42000  0.208462E-01
  1.43000  0.215870E-01
  1.44000  0.197524E-01
  1.45000  0.185704E-01
  1.46000  0.205461E-01
  1.47000  0.268078E-01
  1.48000  0.311149E-01
  1.49000  0.327781E-01
  1.50000  0.333576E-01
  1.51000  0.333527E-01
  1.52000  0.330728E-01
  1.53000  0.324546E-01
  1.54000  0.314034E-01
  1.55000  0.316340E-01
  1.56000  0.352303E-01
  1.57000  0.384594E-01
  1.58000  0.358398E-01
  1.59000  0.333157E-01
  1.60000  0.324818E-01
  1.61000  0.321898E-01
  1.62000  0.321923E-01
  1.63000  0.325163E-01
  1.64000  0.333989E-01
  1.65000  0.396083E-01
  1.66000  0.469680E-01
  1.67000  0.553177E-01
  1.68000  0.643721E-01
  1.69000  0.744194E-01
  1.70000  0.861755E-01
  1.71000  0.996108E-01
  1.72000  0.114270E+00
  1.73000  0.130001E+00
  1.74000  0.147715E+00
  1.75000  0.167456E+00
  1.76000  0.187081E+00
  1.77000  0.206465E+00
  1.78000  0.227416E+00
  1.79000  0.250276E+00
  1.80000  0.275401E+00
  1.81000  0.315276E+00
  1.82000  0.368785E+00
  1.83000  0.417522E+00
  1.84000  0.456656E+00
  1.85000  0.490260E+00
  1.86000  0.520637E+00
  1.87000  0.549107E+00
  1.88000  0.582338E+00
  1.89000  0.615450E+00
  1.90000  0.647123E+00
  1.91000  0.672536E+00
  1.92000  0.686174E+00
  1.93000  0.691722E+00
  1.94000  0.733601E+00
  1.95000  0.783949E+00
  1.96000  0.827605E+00
  1.97000  0.869631E+00
  1.98000  0.905540E+00
  1.99000  0.940066E+00
  2.00000  0.975179E+00
  2.01000  0.100000E+01
  2.02000  0.999675E+00
  2.03000  0.976456E+00
  2.04000  0.936205E+00
  2.05000  0.877604E+00
  2.06000  0.794846E+00
  2.07000  0.714531E+00
  2.08000  0.627391E+00
  2.09000  0.540940E+00
  2.10000  0.461946E+00
  2.11000  0.389875E+00
  2.12000  0.322606E+00
  2.13000  0.261915E+00
  2.14000  0.209871E+00
  2.15000  0.165637E+00
  2.16000  0.125660E+00
  2.17000  0.960557E-01
  2.18000  0.726329E-01
  2.19000  0.560546E-01
  2.20000  0.429461E-01
  2.21000  0.324911E-01
  2.22000  0.244964E-01
  2.23000  0.196378E-01
  2.24000  0.156731E-01
  2.25000  0.124384E-01
  2.26000  0.956126E-02
  2.27000  0.754106E-02
  2.28000  0.617235E-02
  2.29000  0.559157E-02
  2.30000  0.488959E-02
  2.31000  0.412405E-02
  2.32000  0.336886E-02
  2.33000  0.270812E-02
  2.34000  0.221282E-02
  2.35000  0.187657E-02
  2.36000  0.164004E-02
  2.37000  0.154922E-02
  2.38000  0.149192E-02
  2.39000  0.136126E-02
  2.40000  0.121509E-02
  2.41000  0.109548E-02
  2.42000  0.973156E-03
  2.43000  0.834669E-03
  2.44000  0.693022E-03
  2.45000  0.564168E-03
  2.46000  0.455370E-03
  2.47000  0.385771E-03
  2.48000  0.337344E-03
  2.49000  0.298287E-03
  2.50000  0.264100E-03
  2.51000  0.233775E-03
  2.52000  0.206091E-03
  2.53000  0.181375E-03
  2.54000  0.161139E-03
  2.55000  0.144829E-03
  2.56000  0.128037E-03
  2.57000  0.112486E-03
  2.58000  0.963249E-04
  2.59000  0.810078E-04
  2.60000  0.677751E-04
  2.61000  0.569834E-04
  2.62000  0.516009E-04
  2.63000  0.539410E-04
  2.64000  0.578944E-04
  2.65000  0.639298E-04
  2.66000  0.671078E-04
  2.67000  0.728748E-04
  2.68000  0.763152E-04
  2.69000  0.773745E-04
  2.70000  0.760228E-04
  2.71000  0.718656E-04
  2.72000  0.649333E-04
  2.73000  0.560140E-04
  2.74000  0.461056E-04
  2.75000  0.360108E-04
  2.76000  0.241114E-04
  2.77000  0.171186E-04
  2.78000  0.118939E-04
  2.79000  0.112744E-04
  2.80000  0.107296E-04
  2.81000  0.102265E-04
  2.82000  0.976127E-05
  2.83000  0.960338E-05
  2.84000  0.948285E-05
  2.85000  0.936611E-05
  2.86000  0.900477E-05
  2.87000  0.900438E-05
  2.88000  0.900718E-05
  2.89000  0.891387E-05
  2.90000  0.864452E-05
  2.91000  0.821557E-05
  2.92000  0.774949E-05
  2.93000  0.734654E-05
  2.94000  0.701085E-05
  2.95000  0.667279E-05
  2.96000  0.601980E-05
  2.97000  0.556326E-05
  2.98000  0.506769E-05
  2.99000  0.456860E-05
  3.00000  0.410291E-05
  3.01000  0.369523E-05
  3.02000  0.334772E-05
  3.03000  0.304759E-05
  3.04000  0.277461E-05
  3.05000  0.252464E-05
  3.06000  0.216600E-05
  3.07000  0.201191E-05
  3.08000  0.191115E-05
  3.09000  0.186058E-05
  3.10000  0.184989E-05
  3.11000  0.186084E-05
  3.12000  0.187233E-05
  3.13000  0.186289E-05
  3.14000  0.182135E-05
  3.15000  0.175023E-05
  3.16000  0.154078E-05
  3.17000  0.145235E-05
  3.18000  0.136864E-05
  3.19000  0.128815E-05
  3.20000  0.120302E-05
  3.21000  0.110596E-05
  3.22000  0.995279E-06
  3.23000  0.874658E-06
  3.24000  0.753848E-06
  3.25000  0.642623E-06
  3.26000  0.498208E-06
  3.27000  0.421725E-06
  3.28000  0.356223E-06
  3.29000  0.299263E-06
  3.30000  0.249935E-06
  3.31000  0.208090E-06
  3.32000  0.173178E-06
  3.33000  0.143833E-06
  3.34000  0.118659E-06
  3.35000  0.968487E-07
  3.36000  0.691797E-07
  3.37000  0.550095E-07
  3.38000  0.436634E-07
  3.39000  0.350308E-07
  3.40000  0.287117E-07
  3.41000  0.241782E-07
  3.42000  0.209262E-07
  3.43000  0.185314E-07
  3.44000  0.166983E-07
  3.45000  0.152126E-07
  3.46000  0.118844E-07
  3.47000  0.108072E-07
  3.48000  0.972322E-08
  3.49000  0.858702E-08
  3.50000  0.739826E-08
  3.51000  0.619759E-08
  3.52000  0.502583E-08
  3.53000  0.395206E-08
  3.54000  0.308131E-08
  3.55000  0.245973E-08
  3.56000  0.170076E-08
  3.57000  0.145013E-08
  3.58000  0.126544E-08
  3.59000  0.112515E-08
  3.60000  0.101172E-08
  3.61000  0.916328E-09
  3.62000  0.835863E-09
  3.63000  0.768990E-09
  3.64000  0.714033E-09
  3.65000  0.666491E-09
  3.66000  0.508388E-09
  3.67000  0.469593E-09
  3.68000  0.430104E-09
  3.69000  0.391209E-09
  3.70000  0.163182E-09
  3.71000  0.173640E-09
  3.72000  0.182306E-09
  3.73000  0.188266E-09
  3.74000  0.190370E-09
  3.75000  0.188060E-09
  3.76000  0.135872E-09
  3.77000  0.128202E-09
  3.78000  0.118581E-09
  3.79000  0.108034E-09
  3.80000  0.973011E-10
  3.81000  0.866847E-10
  3.82000  0.760398E-10
  3.83000  0.653234E-10
  3.84000  0.547640E-10
  3.85000  0.447214E-10
  3.86000  0.264069E-10
  3.87000  0.205611E-10
  3.88000  0.157746E-10
  3.89000  0.119814E-10
  3.90000  0.904566E-11
  3.91000  0.681734E-11
  3.92000  0.860066E-13
  3.93000  0.918135E-13
  3.94000  0.916104E-13
  3.95000  0.849689E-13
  3.96000  0.543351E-13
  3.97000  0.433778E-13
  3.98000  0.329611E-13
  3.99000  0.245892E-13
  4.00000  0.186074E-13
  4.01000  0.145618E-13
  4.02000  0.117342E-13
  4.03000  0.950318E-14
  4.04000  0.756820E-14
  4.05000  0.591046E-14
  4.06000  0.316369E-14
  4.07000  0.249676E-14
  4.08000  0.239464E-14
  4.09000  0.172783E-14
  4.10000  0.150162E-14
  4.11000  0.131960E-14
  4.12000  0.114696E-14
  4.13000  0.960766E-15
  4.14000  0.336430E-15
  4.15000  0.339858E-15
  4.16000  0.164229E-16
  4.17000  0.185484E-16
  4.18000  0.207195E-16
  4.19000  0.227584E-16
  4.20000  0.245400E-16
  4.21000  0.259710E-16
  4.22000  0.418421E-17
  4.23000  0.399686E-17
  4.24000  0.375061E-17
  4.25000  0.345720E-17
  4.26000  0.412430E-19
  4.27000  0.398019E-19
  4.28000  0.373913E-19
  4.29000  0.340907E-19
  4.30000  0.300431E-19
  4.31000  0.255330E-19
  4.32000  0.209668E-19
  4.33000  0.166454E-19
  4.34000  0.127886E-19
  4.35000  0.951909E-20
  4.36000  0.357661E-20
  4.37000  0.251373E-20
  4.38000  0.174616E-20
  4.39000  0.120956E-20
  4.40000  0.841770E-21
  4.41000  0.595200E-21
  4.42000  0.502796E-22
  4.43000  0.381856E-22
  4.44000  0.300520E-22
  4.45000  0.246434E-22
  4.46000  0.950756E-23
  4.47000  0.835547E-23
  4.48000  0.758858E-23
  4.49000  0.706627E-23
  4.50000  0.357738E-25
  4.51000  0.419752E-25
  4.52000  0.486508E-25
  4.53000  0.551833E-25
  4.54000  0.607401E-25
  4.55000  0.641724E-25
  4.56000  0.246591E-25
  4.57000  0.230952E-25
  4.58000  0.202641E-25
  4.59000  0.167037E-25
  4.60000  0.129670E-25
  4.61000  0.458138E-26
  4.62000  0.373508E-26
  4.63000  0.288633E-26
  4.64000  0.211361E-26
  4.65000  0.147143E-26
  4.66000  0.367804E-27
  4.67000  0.228280E-27
  4.68000  0.137498E-27
  4.69000  0.819638E-28
  4.70000  0.496137E-28
  4.71000  0.312297E-28
  4.72000  0.207076E-28
  4.73000  0.192350E-29
  4.74000  0.176775E-29
  4.75000  0.166799E-29
  4.76000  0.000000E+00
  4.77000  0.000000E+00
  4.78000  0.000000E+00
  4.79000  0.000000E+00
  4.80000  0.000000E+00
  4.81000  0.000000E+00
  4.82000  0.000000E+00
  4.83000  0.000000E+00
  4.84000  0.000000E+00
  4.85000  0.000000E+00
  4.86000  0.000000E+00
  4.87000  0.000000E+00
  4.88000  0.000000E+00
  4.89000  0.000000E+00
  4.90000  0.000000E+00
  4.91000  0.000000E+00
  4.92000  0.000000E+00
  4.93000  0.000000E+00
  4.94000  0.000000E+00
  4.95000  0.000000E+00
  4.96000  0.000000E+00
  4.97000  0.000000E+00
  4.98000  0.000000E+00
  4.99000  0.000000E+00
  5.00000  0.000000E+00
  5.01000  0.000000E+00
  5.02000  0.000000E+00
  5.03000  0.000000E+00
  5.04000  0.000000E+00
  5.05000  0.000000E+00
  5.06000  0.000000E+00
  5.07000  0.000000E+00
  5.08000  0.000000E+00
  5.09000  0.000000E+00
  5.10000  0.000000E+00
  5.11000  0.000000E+00
  5.12000  0.000000E+00
  5.13000  0.000000E+00
  5.14000  0.000000E+00
  5.15000  0.000000E+00
  5.16000  0.000000E+00
  5.17000  0.000000E+00
  5.18000  0.000000E+00
  5.19000  0.000000E+00
  5.20000  0.000000E+00
  5.21000  0.000000E+00
  5.22000  0.000000E+00
  5.23000  0.000000E+00
  5.24000  0.000000E+00
  5.25000  0.000000E+00
  5.26000  0.000000E+00
  5.27000  0.000000E+00
  5.28000  0.000000E+00
  5.29000  0.000000E+00
  5.30000  0.000000E+00
  5.31000  0.000000E+00
  5.32000  0.000000E+00
  5.33000  0.000000E+00
  5.34000  0.000000E+00
  5.35000  0.000000E+00
  5.36000  0.000000E+00
  5.37000  0.000000E+00
  5.38000  0.000000E+00
  5.39000  0.000000E+00
  5.40000  0.000000E+00
  5.41000  0.000000E+00
  5.42000  0.000000E+00
  5.43000  0.000000E+00
  5.44000  0.000000E+00
  5.45000  0.000000E+00
  5.46000  0.000000E+00
  5.47000  0.000000E+00
  5.48000  0.000000E+00
  5.49000  0.000000E+00
  5.50000  0.000000E+00
  5.51000  0.000000E+00
  5.52000  0.000000E+00
  5.53000  0.000000E+00
  5.54000  0.000000E+00
  5.55000  0.000000E+00
  5.56000  0.000000E+00
  5.57000  0.000000E+00
  5.58000  0.000000E+00
  5.59000  0.000000E+00
  5.60000  0.000000E+00
  5.61000  0.000000E+00
  5.62000  0.000000E+00
  5.63000  0.000000E+00
  5.64000  0.000000E+00
  5.65000  0.000000E+00
  5.66000  0.000000E+00
  5.67000  0.000000E+00
  5.68000  0.000000E+00
  5.69000  0.000000E+00
  5.70000  0.000000E+00
  5.71000  0.000000E+00
  5.72000  0.000000E+00
  5.73000  0.000000E+00
  5.74000  0.000000E+00
  5.75000  0.000000E+00
  5.76000  0.000000E+00
  5.77000  0.000000E+00
  5.78000  0.000000E+00
  5.79000  0.000000E+00
  5.80000  0.000000E+00
  5.81000  0.000000E+00
  5.82000  0.000000E+00
  5.83000  0.000000E+00
  5.84000  0.000000E+00
  5.85000  0.000000E+00
  5.86000  0.000000E+00
  5.87000  0.000000E+00
  5.88000  0.000000E+00
  5.89000  0.000000E+00
  5.90000  0.000000E+00
  5.91000  0.000000E+00
  5.92000  0.000000E+00
  5.93000  0.000000E+00
  5.94000  0.000000E+00
  5.95000  0.000000E+00
  5.96000  0.000000E+00
  5.97000  0.000000E+00
  5.98000  0.000000E+00
  5.99000  0.000000E+00
  6.00000  0.000000E+00
  6.20000  0.000000E+00
  6.40000  0.000000E+00
  6.60000  0.000000E+00
  6.80000  0.000000E+00
  7.00000  0.000000E+00
