  0.00000  0.000000E+00
  0.01000  0.000000E+00
  0.02000  0.000000E+00
  0.03000  0.000000E+00
  0.04000  0.199254E-05
  0.05000  0.459946E-04
  0.06000  0.801522E-03
  0.07000  0.790013E-03
  0.08000  0.116765E-02
  0.09000  0.326758E-02
  0.10000  0.316706E-02
  0.11000  0.313554E-02
  0.12000  0.327114E-02
  0.13000  0.351158E-02
  0.14000  0.378815E-02
  0.15000  0.414174E-02
  0.16000  0.449527E-02
  0.17000  0.477049E-02
  0.18000  0.510072E-02
  0.19000  0.545959E-02
  0.20000  0.590162E-02
  0.21000  0.631127E-02
  0.22000  0.669232E-02
  0.23000  0.715369E-02
  0.24000  0.762194E-02
  0.25000  0.801351E-02
  0.26000  0.836423E-02
  0.27000  0.878617E-02
  0.28000  0.922278E-02
  0.29000  0.969740E-02
  0.30000  0.102975E-01
  0.31000  0.109111E-01
  0.32000  0.113952E-01
  0.33000  0.117816E-01
  0.34000  0.120808E-01
  0.35000  0.123573E-01
  0.36000  0.126212E-01
  0.37000  0.128814E-01
  0.38000  0.131738E-01
  0.39000  0.134770E-01
  0.40000  0.137495E-01
  0.41000  0.140424E-01
  0.42000  0.143509E-01
  0.43000  0.146122E-01
  0.44000  0.146665E-01
  0.45000  0.146924E-01
  0.46000  0.148023E-01
  0.47000  0.149223E-01
  0.48000  0.150135E-01
  0.49000  0.150683E-01
  0.50000  0.151764E-01
  0.51000  0.154341E-01
  0.52000  0.156975E-01
  0.53000  0.159971E-01
  0.54000  0.163519E-01
  0.55000  0.167097E-01
  0.56000  0.170135E-01
  0.57000  0.173099E-01
  0.58000  0.176249E-01
  0.59000  0.179245E-01
  0.60000  0.181907E-01
  0.61000  0.184227E-01
  0.62000  0.186297E-01
  0.63000  0.188595E-01
  0.64000  0.189793E-01
  0.65000  0.189915E-01
  0.66000  0.188454E-01
  0.67000  0.183811E-01
  0.68000  0.177854E-01
  0.69000  0.175770E-01
  0.70000  0.177424E-01
  0.71000  0.180922E-01
  0.72000  0.184742E-01
  0.73000  0.188532E-01
  0.74000  0.192461E-01
  0.75000  0.196886E-01
  0.76000  0.201334E-01
  0.77000  0.205513E-01
  0.78000  0.210037E-01
  0.79000  0.214635E-01
  0.80000  0.219029E-01
  0.81000  0.223380E-01
  0.82000  0.227451E-01
  0.83000  0.231534E-01
  0.84000  0.236245E-01
  0.85000  0.241598E-01
  0.86000  0.248002E-01
  0.87000  0.254939E-01
  0.88000  0.261657E-01
  0.89000  0.268418E-01
  0.90000  0.275537E-01
  0.91000  0.282866E-01
  0.92000  0.290601E-01
  0.93000  0.298489E-01
  0.94000  0.305664E-01
  0.95000  0.312440E-01
  0.96000  0.319593E-01
  0.97000  0.327504E-01
  0.98000  0.336426E-01
  0.99000  0.345717E-01
  1.00000  0.354920E-01
  1.01000  0.364393E-01
  1.02000  0.374375E-01
  1.03000  0.384685E-01
  1.04000  0.394653E-01
  1.05000  0.403515E-01
  1.06000  0.410858E-01
  1.07000  0.417089E-01
  1.08000  0.425062E-01
  1.09000  0.435329E-01
  1.10000  0.447388E-01
  1.11000  0.463981E-01
  1.12000  0.489865E-01
  1.13000  0.538185E-01
  1.14000  0.596980E-01
  1.15000  0.657357E-01
  1.16000  0.699672E-01
  1.17000  0.725586E-01
  1.18000  0.743360E-01
  1.19000  0.757572E-01
  1.20000  0.770616E-01
  1.21000  0.784342E-01
  1.22000  0.797902E-01
  1.23000  0.809835E-01
  1.24000  0.820380E-01
  1.25000  0.829750E-01
  1.26000  0.837392E-01
  1.27000  0.843722E-01
  1.28000  0.849835E-01
  1.29000  0.857082E-01
  1.30000  0.866775E-01
  1.31000  0.879682E-01
  1.32000  0.895521E-01
  1.33000  0.912105E-01
  1.34000  0.926595E-01
  1.35000  0.940874E-01
  1.36000  0.963195E-01
  1.37000  0.984188E-01
  1.38000  0.100319E+00
  1.39000  0.102421E+00
  1.40000  0.104782E+00
  1.41000  0.107355E+00
  1.42000  0.110053E+00
  1.43000  0.112761E+00
  1.44000  0.115499E+00
  1.45000  0.118340E+00
  1.46000  0.121307E+00
  1.47000  0.124422E+00
  1.48000  0.127639E+00
  1.49000  0.130927E+00
  1.50000  0.134309E+00
  1.51000  0.137804E+00
  1.52000  0.141487E+00
  1.53000  0.145231E+00
  1.54000  0.148871E+00
  1.55000  0.152352E+00
  1.56000  0.155556E+00
  1.57000  0.158675E+00
  1.58000  0.163443E+00
  1.59000  0.168205E+00
  1.60000  0.173650E+00
  1.61000  0.179582E+00
  1.62000  0.185496E+00
  1.63000  0.191341E+00
  1.64000  0.197187E+00
  1.65000  0.202731E+00
  1.66000  0.207878E+00
  1.67000  0.213043E+00
  1.68000  0.218107E+00
  1.69000  0.222729E+00
  1.70000  0.226761E+00
  1.71000  0.230486E+00
  1.72000  0.234475E+00
  1.73000  0.238706E+00
  1.74000  0.243239E+00
  1.75000  0.247921E+00
  1.76000  0.252789E+00
  1.77000  0.257960E+00
  1.78000  0.263201E+00
  1.79000  0.268291E+00
  1.80000  0.273296E+00
  1.81000  0.282270E+00
  1.82000  0.290121E+00
  1.83000  0.297242E+00
  1.84000  0.303931E+00
  1.85000  0.310290E+00
  1.86000  0.316774E+00
  1.87000  0.323619E+00
  1.88000  0.330521E+00
  1.89000  0.336972E+00
  1.90000  0.342446E+00
  1.91000  0.346999E+00
  1.92000  0.350885E+00
  1.93000  0.354223E+00
  1.94000  0.357096E+00
  1.95000  0.359474E+00
  1.96000  0.361327E+00
  1.97000  0.362401E+00
  1.98000  0.362195E+00
  1.99000  0.360073E+00
  2.00000  0.355277E+00
  2.01000  0.347759E+00
  2.02000  0.339303E+00
  2.03000  0.332008E+00
  2.04000  0.326161E+00
  2.05000  0.325739E+00
  2.06000  0.325816E+00
  2.07000  0.325739E+00
  2.08000  0.325480E+00
  2.09000  0.325112E+00
  2.10000  0.324801E+00
  2.11000  0.324486E+00
  2.12000  0.323827E+00
  2.13000  0.322778E+00
  2.14000  0.321407E+00
  2.15000  0.319802E+00
  2.16000  0.318071E+00
  2.17000  0.316113E+00
  2.18000  0.313495E+00
  2.19000  0.310245E+00
  2.20000  0.307041E+00
  2.21000  0.304137E+00
  2.22000  0.300750E+00
  2.23000  0.297055E+00
  2.24000  0.293462E+00
  2.25000  0.290166E+00
  2.26000  0.288016E+00
  2.27000  0.287553E+00
  2.28000  0.287348E+00
  2.29000  0.287402E+00
  2.30000  0.287388E+00
  2.31000  0.287035E+00
  2.32000  0.286439E+00
  2.33000  0.285708E+00
  2.34000  0.284622E+00
  2.35000  0.282954E+00
  2.36000  0.280132E+00
  2.37000  0.274696E+00
  2.38000  0.267833E+00
  2.39000  0.262673E+00
  2.40000  0.258947E+00
  2.41000  0.255745E+00
  2.42000  0.253028E+00
  2.43000  0.250828E+00
  2.44000  0.248914E+00
  2.45000  0.247298E+00
  2.46000  0.246495E+00
  2.47000  0.247410E+00
  2.48000  0.251348E+00
  2.49000  0.259619E+00
  2.50000  0.272485E+00
  2.51000  0.288446E+00
  2.52000  0.305034E+00
  2.53000  0.319840E+00
  2.54000  0.331450E+00
  2.55000  0.339491E+00
  2.56000  0.344273E+00
  2.57000  0.346683E+00
  2.58000  0.347572E+00
  2.59000  0.347413E+00
  2.60000  0.346314E+00
  2.61000  0.344359E+00
  2.62000  0.341613E+00
  2.63000  0.338061E+00
  2.64000  0.333663E+00
  2.65000  0.328422E+00
  2.66000  0.322672E+00
  2.67000  0.316701E+00
  2.68000  0.310539E+00
  2.69000  0.307693E+00
  2.70000  0.312629E+00
  2.71000  0.317048E+00
  2.72000  0.321382E+00
  2.73000  0.326324E+00
  2.74000  0.333379E+00
  2.75000  0.344157E+00
  2.76000  0.356726E+00
  2.77000  0.366972E+00
  2.78000  0.373435E+00
  2.79000  0.377591E+00
  2.80000  0.380907E+00
  2.81000  0.384019E+00
  2.82000  0.387067E+00
  2.83000  0.389995E+00
  2.84000  0.392797E+00
  2.85000  0.395428E+00
  2.86000  0.397655E+00
  2.87000  0.399330E+00
  2.88000  0.399987E+00
  2.89000  0.399189E+00
  2.90000  0.397811E+00
  2.91000  0.396402E+00
  2.92000  0.393377E+00
  2.93000  0.385951E+00
  2.94000  0.372056E+00
  2.95000  0.352473E+00
  2.96000  0.331835E+00
  2.97000  0.313627E+00
  2.98000  0.297712E+00
  2.99000  0.282982E+00
  3.00000  0.273750E+00
  3.01000  0.272784E+00
  3.02000  0.271661E+00
  3.03000  0.270422E+00
  3.04000  0.269100E+00
  3.05000  0.267710E+00
  3.06000  0.266328E+00
  3.07000  0.264865E+00
  3.08000  0.263357E+00
  3.09000  0.261793E+00
  3.10000  0.260281E+00
  3.11000  0.259022E+00
  3.12000  0.257974E+00
  3.13000  0.256814E+00
  3.14000  0.255354E+00
  3.15000  0.253657E+00
  3.16000  0.251900E+00
  3.17000  0.250055E+00
  3.18000  0.248253E+00
  3.19000  0.246541E+00
  3.20000  0.244889E+00
  3.21000  0.243255E+00
  3.22000  0.241653E+00
  3.23000  0.240209E+00
  3.24000  0.239166E+00
  3.25000  0.238686E+00
  3.26000  0.238613E+00
  3.27000  0.238362E+00
  3.28000  0.237843E+00
  3.29000  0.237235E+00
  3.30000  0.236634E+00
  3.31000  0.235957E+00
  3.32000  0.235211E+00
  3.33000  0.234572E+00
  3.34000  0.234162E+00
  3.35000  0.233839E+00
  3.36000  0.233457E+00
  3.37000  0.232735E+00
  3.38000  0.231910E+00
  3.39000  0.231219E+00
  3.40000  0.230807E+00
  3.41000  0.232716E+00
  3.42000  0.235946E+00
  3.43000  0.238805E+00
  3.44000  0.241332E+00
  3.45000  0.243616E+00
  3.46000  0.245788E+00
  3.47000  0.247942E+00
  3.48000  0.250229E+00
  3.49000  0.252639E+00
  3.50000  0.255081E+00
  3.51000  0.257397E+00
  3.52000  0.259416E+00
  3.53000  0.261206E+00
  3.54000  0.263191E+00
  3.55000  0.265881E+00
  3.56000  0.269673E+00
  3.57000  0.274847E+00
  3.58000  0.281638E+00
  3.59000  0.289986E+00
  3.60000  0.299454E+00
  3.61000  0.309443E+00
  3.62000  0.319395E+00
  3.63000  0.328929E+00
  3.64000  0.337946E+00
  3.65000  0.346521E+00
  3.66000  0.354868E+00
  3.67000  0.363132E+00
  3.68000  0.371541E+00
  3.69000  0.380325E+00
  3.70000  0.389692E+00
  3.71000  0.406483E+00
  3.72000  0.428349E+00
  3.73000  0.452610E+00
  3.74000  0.478253E+00
  3.75000  0.503658E+00
  3.76000  0.527823E+00
  3.77000  0.548506E+00
  3.78000  0.565849E+00
  3.79000  0.580259E+00
  3.80000  0.592810E+00
  3.81000  0.604487E+00
  3.82000  0.615173E+00
  3.83000  0.623316E+00
  3.84000  0.627242E+00
  3.85000  0.626270E+00
  3.86000  0.622647E+00
  3.87000  0.617950E+00
  3.88000  0.615317E+00
  3.89000  0.615227E+00
  3.90000  0.616688E+00
  3.91000  0.618709E+00
  3.92000  0.620398E+00
  3.93000  0.621139E+00
  3.94000  0.620576E+00
  3.95000  0.618511E+00
  3.96000  0.615978E+00
  3.97000  0.611722E+00
  3.98000  0.622653E+00
  3.99000  0.637059E+00
  4.00000  0.652262E+00
  4.01000  0.667933E+00
  4.02000  0.683723E+00
  4.03000  0.699212E+00
  4.04000  0.714055E+00
  4.05000  0.728212E+00
  4.06000  0.742018E+00
  4.07000  0.755024E+00
  4.08000  0.767609E+00
  4.09000  0.779759E+00
  4.10000  0.791509E+00
  4.11000  0.802794E+00
  4.12000  0.813619E+00
  4.13000  0.823958E+00
  4.14000  0.833819E+00
  4.15000  0.843205E+00
  4.16000  0.852346E+00
  4.17000  0.860694E+00
  4.18000  0.868515E+00
  4.19000  0.875792E+00
  4.20000  0.882602E+00
  4.21000  0.889015E+00
  4.22000  0.895074E+00
  4.23000  0.900840E+00
  4.24000  0.906445E+00
  4.25000  0.912052E+00
  4.26000  0.917841E+00
  4.27000  0.923663E+00
  4.28000  0.929478E+00
  4.29000  0.935191E+00
  4.30000  0.940684E+00
  4.31000  0.945869E+00
  4.32000  0.950747E+00
  4.33000  0.955361E+00
  4.34000  0.959745E+00
  4.35000  0.963859E+00
  4.36000  0.967555E+00
  4.37000  0.971111E+00
  4.38000  0.974398E+00
  4.39000  0.977366E+00
  4.40000  0.979985E+00
  4.41000  0.982212E+00
  4.42000  0.984066E+00
  4.43000  0.985510E+00
  4.44000  0.986504E+00
  4.45000  0.987100E+00
  4.46000  0.987128E+00
  4.47000  0.987286E+00
  4.48000  0.987415E+00
  4.49000  0.987602E+00
  4.50000  0.987896E+00
  4.51000  0.988379E+00
  4.52000  0.989083E+00
  4.53000  0.989985E+00
  4.54000  0.991039E+00
  4.55000  0.992186E+00
  4.56000  0.993078E+00
  4.57000  0.994372E+00
  4.58000  0.995649E+00
  4.59000  0.996850E+00
  4.60000  0.997917E+00
  4.61000  0.998813E+00
  4.62000  0.999479E+00
  4.63000  0.999880E+00
  4.64000  0.100000E+01
  4.65000  0.999841E+00
  4.66000  0.999039E+00
  4.67000  0.998262E+00
  4.68000  0.997178E+00
  4.69000  0.995856E+00
  4.70000  0.994390E+00
  4.71000  0.992888E+00
  4.72000  0.991386E+00
  4.73000  0.989872E+00
  4.74000  0.989218E+00
  4.75000  0.989709E+00
  4.76000  0.989334E+00
  4.77000  0.989600E+00
  4.78000  0.989663E+00
  4.79000  0.989567E+00
  4.80000  0.989272E+00
  4.81000  0.988720E+00
  4.82000  0.987904E+00
  4.83000  0.986789E+00
  4.84000  0.985427E+00
  4.85000  0.983907E+00
  4.86000  0.981468E+00
  4.87000  0.979748E+00
  4.88000  0.978000E+00
  4.89000  0.976151E+00
  4.90000  0.974198E+00
  4.91000  0.972214E+00
  4.92000  0.970284E+00
  4.93000  0.968550E+00
  4.94000  0.967114E+00
  4.95000  0.965955E+00
  4.96000  0.964057E+00
  4.97000  0.962875E+00
  4.98000  0.961219E+00
  4.99000  0.958841E+00
  5.00000  0.955656E+00
  5.01000  0.951769E+00
  5.02000  0.947369E+00
  5.03000  0.942684E+00
  5.04000  0.937891E+00
  5.05000  0.933198E+00
  5.06000  0.928012E+00
  5.07000  0.924095E+00
  5.08000  0.920645E+00
  5.09000  0.917553E+00
  5.10000  0.914563E+00
  5.11000  0.911360E+00
  5.12000  0.907638E+00
  5.13000  0.903354E+00
  5.14000  0.898540E+00
  5.15000  0.893287E+00
  5.16000  0.886998E+00
  5.17000  0.881353E+00
  5.18000  0.875729E+00
  5.19000  0.870153E+00
  5.20000  0.864664E+00
  5.21000  0.859356E+00
  5.22000  0.854220E+00
  5.23000  0.849263E+00
  5.24000  0.844469E+00
  5.25000  0.839852E+00
  5.26000  0.834740E+00
  5.27000  0.830430E+00
  5.28000  0.826269E+00
  5.29000  0.822234E+00
  5.30000  0.818304E+00
  5.31000  0.814462E+00
  5.32000  0.810645E+00
  5.33000  0.806779E+00
  5.34000  0.802857E+00
  5.35000  0.798848E+00
  5.36000  0.794135E+00
  5.37000  0.789848E+00
  5.38000  0.785394E+00
  5.39000  0.780782E+00
  5.40000  0.776008E+00
  5.41000  0.771089E+00
  5.42000  0.766022E+00
  5.43000  0.760841E+00
  5.44000  0.755599E+00
  5.45000  0.754492E+00
  5.46000  0.751629E+00
  5.47000  0.749857E+00
  5.48000  0.747931E+00
  5.49000  0.746054E+00
  5.50000  0.744153E+00
  5.51000  0.742333E+00
  5.52000  0.740342E+00
  5.53000  0.739627E+00
  5.54000  0.739706E+00
  5.55000  0.739872E+00
  5.56000  0.738759E+00
  5.57000  0.739167E+00
  5.58000  0.739749E+00
  5.59000  0.740502E+00
  5.60000  0.741429E+00
  5.61000  0.742416E+00
  5.62000  0.743390E+00
  5.63000  0.744317E+00
  5.64000  0.745216E+00
  5.65000  0.746110E+00
  5.66000  0.745605E+00
  5.67000  0.746480E+00
  5.68000  0.747349E+00
  5.69000  0.748197E+00
  5.70000  0.749026E+00
  5.71000  0.749811E+00
  5.72000  0.750516E+00
  5.73000  0.751087E+00
  5.74000  0.751492E+00
  5.75000  0.751669E+00
  5.76000  0.750281E+00
  5.77000  0.750041E+00
  5.78000  0.749596E+00
  5.79000  0.748949E+00
  5.80000  0.748129E+00
  5.81000  0.747164E+00
  5.82000  0.746058E+00
  5.83000  0.744817E+00
  5.84000  0.743462E+00
  5.85000  0.742037E+00
  5.86000  0.739311E+00
  5.87000  0.737911E+00
  5.88000  0.736577E+00
  5.89000  0.735317E+00
  5.90000  0.734087E+00
  5.91000  0.732887E+00
  5.92000  0.731660E+00
  5.93000  0.730386E+00
  5.94000  0.728996E+00
  5.95000  0.727453E+00
  5.96000  0.724518E+00
  5.97000  0.722646E+00
  5.98000  0.720657E+00
  5.99000  0.718541E+00
  6.00000  0.716314E+00
  6.20000  0.682738E+00
  6.40000  0.635490E+00
  6.60000  0.582898E+00
  6.80000  0.564134E+00
  7.00000  0.590659E+00
