  0.00000  0.000000E+00
  0.01000  0.000000E+00
  0.02000  0.000000E+00
  0.03000  0.000000E+00
  0.04000  0.000000E+00
  0.05000  0.000000E+00
  0.06000  0.285902E-28
  0.07000  0.457665E-27
  0.08000  0.789510E-27
  0.09000  0.622827E-27
  0.10000  0.131987E-27
  0.11000  0.302930E-28
  0.12000  0.273541E-28
  0.13000  0.633727E-28
  0.14000  0.326656E-27
  0.15000  0.281521E-26
  0.16000  0.661433E-26
  0.17000  0.505065E-26
  0.18000  0.274658E-26
  0.19000  0.161284E-26
  0.20000  0.298484E-26
  0.21000  0.445617E-26
  0.22000  0.271513E-26
  0.23000  0.875409E-26
  0.24000  0.435099E-25
  0.25000  0.164904E-24
  0.26000  0.223152E-24
  0.27000  0.857334E-25
  0.28000  0.247689E-24
  0.29000  0.260598E-24
  0.30000  0.144410E-24
  0.31000  0.160115E-24
  0.32000  0.141309E-24
  0.33000  0.209519E-24
  0.34000  0.285997E-23
  0.35000  0.889359E-23
  0.36000  0.258979E-22
  0.37000  0.112446E-21
  0.38000  0.771220E-21
  0.39000  0.968935E-20
  0.40000  0.617357E-19
  0.41000  0.172247E-18
  0.42000  0.419501E-18
  0.43000  0.114632E-17
  0.44000  0.391045E-17
  0.45000  0.115396E-16
  0.46000  0.273747E-16
  0.47000  0.646399E-16
  0.48000  0.165861E-15
  0.49000  0.368547E-15
  0.50000  0.115369E-14
  0.51000  0.607325E-14
  0.52000  0.202905E-13
  0.53000  0.558166E-13
  0.54000  0.129863E-12
  0.55000  0.203630E-12
  0.56000  0.270003E-12
  0.57000  0.587447E-12
  0.58000  0.144140E-11
  0.59000  0.258062E-11
  0.60000  0.441977E-11
  0.61000  0.729620E-11
  0.62000  0.123842E-10
  0.63000  0.249101E-10
  0.64000  0.446879E-10
  0.65000  0.833288E-10
  0.66000  0.190099E-09
  0.67000  0.446948E-09
  0.68000  0.115987E-08
  0.69000  0.239321E-08
  0.70000  0.352159E-08
  0.71000  0.447942E-08
  0.72000  0.474427E-08
  0.73000  0.422710E-08
  0.74000  0.412728E-08
  0.75000  0.520685E-08
  0.76000  0.719044E-08
  0.77000  0.929588E-08
  0.78000  0.118526E-07
  0.79000  0.168630E-07
  0.80000  0.256468E-07
  0.81000  0.369550E-07
  0.82000  0.466282E-07
  0.83000  0.506890E-07
  0.84000  0.475597E-07
  0.85000  0.392029E-07
  0.86000  0.302387E-07
  0.87000  0.236717E-07
  0.88000  0.179408E-07
  0.89000  0.137783E-07
  0.90000  0.118199E-07
  0.91000  0.112016E-07
  0.92000  0.104370E-07
  0.93000  0.986601E-08
  0.94000  0.103730E-07
  0.95000  0.113105E-07
  0.96000  0.120549E-07
  0.97000  0.122700E-07
  0.98000  0.204045E-07
  0.99000  0.381289E-07
  1.00000  0.574019E-07
  1.01000  0.554768E-07
  1.02000  0.304814E-07
  1.03000  0.160613E-07
  1.04000  0.272627E-07
  1.05000  0.440415E-07
  1.06000  0.704731E-07
  1.07000  0.127445E-06
  1.08000  0.221773E-06
  1.09000  0.361597E-06
  1.10000  0.670430E-06
  1.11000  0.235138E-05
  1.12000  0.839143E-05
  1.13000  0.178541E-04
  1.14000  0.107338E-04
  1.15000  0.763706E-05
  1.16000  0.767147E-05
  1.17000  0.831894E-05
  1.18000  0.129153E-04
  1.19000  0.275530E-04
  1.20000  0.568424E-04
  1.21000  0.929197E-04
  1.22000  0.126314E-03
  1.23000  0.154511E-03
  1.24000  0.193297E-03
  1.25000  0.305919E-03
  1.26000  0.540333E-03
  1.27000  0.788426E-03
  1.28000  0.958279E-03
  1.29000  0.103722E-02
  1.30000  0.107938E-02
  1.31000  0.117500E-02
  1.32000  0.131620E-02
  1.33000  0.145381E-02
  1.34000  0.136621E-02
  1.35000  0.101463E-02
  1.36000  0.738302E-03
  1.37000  0.654089E-03
  1.38000  0.622073E-03
  1.39000  0.638562E-03
  1.40000  0.580858E-03
  1.41000  0.470746E-03
  1.42000  0.413249E-03
  1.43000  0.436503E-03
  1.44000  0.430287E-03
  1.45000  0.420669E-03
  1.46000  0.393796E-03
  1.47000  0.371263E-03
  1.48000  0.399665E-03
  1.49000  0.436762E-03
  1.50000  0.460064E-03
  1.51000  0.663272E-03
  1.52000  0.952252E-03
  1.53000  0.130752E-02
  1.54000  0.185152E-02
  1.55000  0.295762E-02
  1.56000  0.552599E-02
  1.57000  0.102985E-01
  1.58000  0.152595E-01
  1.59000  0.179639E-01
  1.60000  0.187719E-01
  1.61000  0.187702E-01
  1.62000  0.200078E-01
  1.63000  0.255986E-01
  1.64000  0.339490E-01
  1.65000  0.446827E-01
  1.66000  0.561538E-01
  1.67000  0.661696E-01
  1.68000  0.721578E-01
  1.69000  0.733366E-01
  1.70000  0.763934E-01
  1.71000  0.859392E-01
  1.72000  0.119911E+00
  1.73000  0.164054E+00
  1.74000  0.217938E+00
  1.75000  0.280310E+00
  1.76000  0.352164E+00
  1.77000  0.433934E+00
  1.78000  0.521282E+00
  1.79000  0.608426E+00
  1.80000  0.691895E+00
  1.81000  0.773452E+00
  1.82000  0.855053E+00
  1.83000  0.928003E+00
  1.84000  0.979461E+00
  1.85000  0.100000E+01
  1.86000  0.992712E+00
  1.87000  0.968457E+00
  1.88000  0.928337E+00
  1.89000  0.868340E+00
  1.90000  0.785599E+00
  1.91000  0.690725E+00
  1.92000  0.596161E+00
  1.93000  0.502884E+00
  1.94000  0.408325E+00
  1.95000  0.317430E+00
  1.96000  0.235780E+00
  1.97000  0.168265E+00
  1.98000  0.114389E+00
  1.99000  0.732410E-01
  2.00000  0.442059E-01
  2.01000  0.257280E-01
  2.02000  0.165458E-01
  2.03000  0.111479E-01
  2.04000  0.716838E-02
  2.05000  0.438436E-02
  2.06000  0.252401E-02
  2.07000  0.139998E-02
  2.08000  0.750984E-03
  2.09000  0.386761E-03
  2.10000  0.188793E-03
  2.11000  0.880847E-04
  2.12000  0.402486E-04
  2.13000  0.181382E-04
  2.14000  0.794116E-05
  2.15000  0.335957E-05
  2.16000  0.134849E-05
  2.17000  0.530855E-06
  2.18000  0.203840E-06
  2.19000  0.772536E-07
  2.20000  0.290547E-07
  2.21000  0.108663E-07
  2.22000  0.406121E-08
  2.23000  0.152152E-08
  2.24000  0.595111E-09
  2.25000  0.426311E-09
  2.26000  0.290473E-09
  2.27000  0.196742E-09
  2.28000  0.129788E-09
  2.29000  0.835188E-10
  2.30000  0.525623E-10
  2.31000  0.325769E-10
  2.32000  0.201779E-10
  2.33000  0.126656E-10
  2.34000  0.807949E-11
  2.35000  0.521383E-11
  2.36000  0.329725E-11
  2.37000  0.215653E-11
  2.38000  0.141431E-11
  2.39000  0.931462E-12
  2.40000  0.628095E-12
  2.41000  0.437494E-12
  2.42000  0.307360E-12
  2.43000  0.212593E-12
  2.44000  0.144267E-12
  2.45000  0.961326E-13
  2.46000  0.605990E-13
  2.47000  0.391758E-13
  2.48000  0.255943E-13
  2.49000  0.171518E-13
  2.50000  0.118056E-13
  2.51000  0.837095E-14
  2.52000  0.616751E-14
  2.53000  0.459880E-14
  2.54000  0.331165E-14
  2.55000  0.227817E-14
  2.56000  0.145168E-14
  2.57000  0.936271E-15
  2.58000  0.580632E-15
  2.59000  0.353162E-15
  2.60000  0.213003E-15
  2.61000  0.126164E-15
  2.62000  0.735895E-16
  2.63000  0.495399E-16
  2.64000  0.355025E-16
  2.65000  0.330853E-16
  2.66000  0.306254E-16
  2.67000  0.295282E-16
  2.68000  0.284306E-16
  2.69000  0.277201E-16
  2.70000  0.273882E-16
  2.71000  0.269506E-16
  2.72000  0.256281E-16
  2.73000  0.225893E-16
  2.74000  0.173877E-16
  2.75000  0.113472E-16
  2.76000  0.648444E-17
  2.77000  0.444638E-17
  2.78000  0.376368E-17
  2.79000  0.366651E-17
  2.80000  0.369572E-17
  2.81000  0.364057E-17
  2.82000  0.343449E-17
  2.83000  0.312500E-17
  2.84000  0.277428E-17
  2.85000  0.240386E-17
  2.86000  0.188614E-17
  2.87000  0.154905E-17
  2.88000  0.124681E-17
  2.89000  0.992210E-18
  2.90000  0.786163E-18
  2.91000  0.625166E-18
  2.92000  0.506800E-18
  2.93000  0.419279E-18
  2.94000  0.347895E-18
  2.95000  0.280186E-18
  2.96000  0.192660E-18
  2.97000  0.137719E-18
  2.98000  0.930760E-19
  2.99000  0.603165E-19
  3.00000  0.384126E-19
  3.01000  0.245646E-19
  3.02000  0.160046E-19
  3.03000  0.106511E-19
  3.04000  0.719533E-20
  3.05000  0.491251E-20
  3.06000  0.284418E-20
  3.07000  0.201254E-20
  3.08000  0.149671E-20
  3.09000  0.117503E-20
  3.10000  0.957529E-21
  3.11000  0.783665E-21
  3.12000  0.624624E-21
  3.13000  0.476739E-21
  3.14000  0.347571E-21
  3.15000  0.242117E-21
  3.16000  0.130988E-21
  3.17000  0.841513E-22
  3.18000  0.525965E-22
  3.19000  0.322895E-22
  3.20000  0.195092E-22
  3.21000  0.115141E-22
  3.22000  0.662233E-23
  3.23000  0.371253E-23
  3.24000  0.204311E-23
  3.25000  0.110263E-23
  3.26000  0.439752E-24
  3.27000  0.213390E-24
  3.28000  0.978575E-25
  3.29000  0.441275E-25
  3.30000  0.203507E-25
  3.31000  0.967613E-26
  3.32000  0.473525E-26
  3.33000  0.236956E-26
  3.34000  0.120964E-26
  3.35000  0.631996E-27
  3.36000  0.239986E-27
  3.37000  0.132293E-27
  3.38000  0.758583E-28
  3.39000  0.454259E-28
  3.40000  0.284875E-28
  3.41000  0.187108E-28
  3.42000  0.128230E-28
  3.43000  0.907940E-29
  3.44000  0.657865E-29
  3.45000  0.491192E-29
  3.46000  0.288855E-29
  3.47000  0.269458E-29
  3.48000  0.251985E-29
  3.49000  0.233246E-29
  3.50000  0.210903E-29
  3.51000  0.183166E-29
  3.52000  0.148316E-29
  3.53000  0.112061E-29
  3.54000  0.000000E+00
  3.55000  0.000000E+00
  3.56000  0.000000E+00
  3.57000  0.000000E+00
  3.58000  0.000000E+00
  3.59000  0.000000E+00
  3.60000  0.000000E+00
  3.61000  0.000000E+00
  3.62000  0.000000E+00
  3.63000  0.000000E+00
  3.64000  0.000000E+00
  3.65000  0.000000E+00
  3.66000  0.000000E+00
  3.67000  0.000000E+00
  3.68000  0.000000E+00
  3.69000  0.000000E+00
  3.70000  0.000000E+00
  3.71000  0.000000E+00
  3.72000  0.000000E+00
  3.73000  0.000000E+00
  3.74000  0.000000E+00
  3.75000  0.000000E+00
  3.76000  0.000000E+00
  3.77000  0.000000E+00
  3.78000  0.000000E+00
  3.79000  0.000000E+00
  3.80000  0.000000E+00
  3.81000  0.000000E+00
  3.82000  0.000000E+00
  3.83000  0.000000E+00
  3.84000  0.000000E+00
  3.85000  0.000000E+00
  3.86000  0.000000E+00
  3.87000  0.000000E+00
  3.88000  0.000000E+00
  3.89000  0.000000E+00
  3.90000  0.000000E+00
  3.91000  0.000000E+00
  3.92000  0.000000E+00
  3.93000  0.000000E+00
  3.94000  0.000000E+00
  3.95000  0.000000E+00
  3.96000  0.000000E+00
  3.97000  0.000000E+00
  3.98000  0.000000E+00
  3.99000  0.000000E+00
  4.00000  0.000000E+00
  4.01000  0.000000E+00
  4.02000  0.000000E+00
  4.03000  0.000000E+00
  4.04000  0.000000E+00
  4.05000  0.000000E+00
  4.06000  0.000000E+00
  4.07000  0.000000E+00
  4.08000  0.000000E+00
  4.09000  0.000000E+00
  4.10000  0.000000E+00
  4.11000  0.000000E+00
  4.12000  0.000000E+00
  4.13000  0.000000E+00
  4.14000  0.000000E+00
  4.15000  0.000000E+00
  4.16000  0.000000E+00
  4.17000  0.000000E+00
  4.18000  0.000000E+00
  4.19000  0.000000E+00
  4.20000  0.000000E+00
  4.21000  0.000000E+00
  4.22000  0.000000E+00
  4.23000  0.000000E+00
  4.24000  0.000000E+00
  4.25000  0.000000E+00
  4.26000  0.000000E+00
  4.27000  0.000000E+00
  4.28000  0.000000E+00
  4.29000  0.000000E+00
  4.30000  0.000000E+00
  4.31000  0.000000E+00
  4.32000  0.000000E+00
  4.33000  0.000000E+00
  4.34000  0.000000E+00
  4.35000  0.000000E+00
  4.36000  0.000000E+00
  4.37000  0.000000E+00
  4.38000  0.000000E+00
  4.39000  0.000000E+00
  4.40000  0.000000E+00
  4.41000  0.000000E+00
  4.42000  0.000000E+00
  4.43000  0.000000E+00
  4.44000  0.000000E+00
  4.45000  0.000000E+00
  4.46000  0.000000E+00
  4.47000  0.000000E+00
  4.48000  0.000000E+00
  4.49000  0.000000E+00
  4.50000  0.000000E+00
  4.51000  0.000000E+00
  4.52000  0.000000E+00
  4.53000  0.000000E+00
  4.54000  0.000000E+00
  4.55000  0.000000E+00
  4.56000  0.000000E+00
  4.57000  0.000000E+00
  4.58000  0.000000E+00
  4.59000  0.000000E+00
  4.60000  0.000000E+00
  4.61000  0.000000E+00
  4.62000  0.000000E+00
  4.63000  0.000000E+00
  4.64000  0.000000E+00
  4.65000  0.000000E+00
  4.66000  0.000000E+00
  4.67000  0.000000E+00
  4.68000  0.000000E+00
  4.69000  0.000000E+00
  4.70000  0.000000E+00
  4.71000  0.000000E+00
  4.72000  0.000000E+00
  4.73000  0.000000E+00
  4.74000  0.000000E+00
  4.75000  0.000000E+00
  4.76000  0.000000E+00
  4.77000  0.000000E+00
  4.78000  0.000000E+00
  4.79000  0.000000E+00
  4.80000  0.000000E+00
  4.81000  0.000000E+00
  4.82000  0.000000E+00
  4.83000  0.000000E+00
  4.84000  0.000000E+00
  4.85000  0.000000E+00
  4.86000  0.000000E+00
  4.87000  0.000000E+00
  4.88000  0.000000E+00
  4.89000  0.000000E+00
  4.90000  0.000000E+00
  4.91000  0.000000E+00
  4.92000  0.000000E+00
  4.93000  0.000000E+00
  4.94000  0.000000E+00
  4.95000  0.000000E+00
  4.96000  0.000000E+00
  4.97000  0.000000E+00
  4.98000  0.000000E+00
  4.99000  0.000000E+00
  5.00000  0.000000E+00
  5.01000  0.000000E+00
  5.02000  0.000000E+00
  5.03000  0.000000E+00
  5.04000  0.000000E+00
  5.05000  0.000000E+00
  5.06000  0.000000E+00
  5.07000  0.000000E+00
  5.08000  0.000000E+00
  5.09000  0.000000E+00
  5.10000  0.000000E+00
  5.11000  0.000000E+00
  5.12000  0.000000E+00
  5.13000  0.000000E+00
  5.14000  0.000000E+00
  5.15000  0.000000E+00
  5.16000  0.000000E+00
  5.17000  0.000000E+00
  5.18000  0.000000E+00
  5.19000  0.000000E+00
  5.20000  0.000000E+00
  5.21000  0.000000E+00
  5.22000  0.000000E+00
  5.23000  0.000000E+00
  5.24000  0.000000E+00
  5.25000  0.000000E+00
  5.26000  0.000000E+00
  5.27000  0.000000E+00
  5.28000  0.000000E+00
  5.29000  0.000000E+00
  5.30000  0.000000E+00
  5.31000  0.000000E+00
  5.32000  0.000000E+00
  5.33000  0.000000E+00
  5.34000  0.000000E+00
  5.35000  0.000000E+00
  5.36000  0.000000E+00
  5.37000  0.000000E+00
  5.38000  0.000000E+00
  5.39000  0.000000E+00
  5.40000  0.000000E+00
  5.41000  0.000000E+00
  5.42000  0.000000E+00
  5.43000  0.000000E+00
  5.44000  0.000000E+00
  5.45000  0.000000E+00
  5.46000  0.000000E+00
  5.47000  0.000000E+00
  5.48000  0.000000E+00
  5.49000  0.000000E+00
  5.50000  0.000000E+00
  5.51000  0.000000E+00
  5.52000  0.000000E+00
  5.53000  0.000000E+00
  5.54000  0.000000E+00
  5.55000  0.000000E+00
  5.56000  0.000000E+00
  5.57000  0.000000E+00
  5.58000  0.000000E+00
  5.59000  0.000000E+00
  5.60000  0.000000E+00
  5.61000  0.000000E+00
  5.62000  0.000000E+00
  5.63000  0.000000E+00
  5.64000  0.000000E+00
  5.65000  0.000000E+00
  5.66000  0.000000E+00
  5.67000  0.000000E+00
  5.68000  0.000000E+00
  5.69000  0.000000E+00
  5.70000  0.000000E+00
  5.71000  0.000000E+00
  5.72000  0.000000E+00
  5.73000  0.000000E+00
  5.74000  0.000000E+00
  5.75000  0.000000E+00
  5.76000  0.000000E+00
  5.77000  0.000000E+00
  5.78000  0.000000E+00
  5.79000  0.000000E+00
  5.80000  0.000000E+00
  5.81000  0.000000E+00
  5.82000  0.000000E+00
  5.83000  0.000000E+00
  5.84000  0.000000E+00
  5.85000  0.000000E+00
  5.86000  0.000000E+00
  5.87000  0.000000E+00
  5.88000  0.000000E+00
  5.89000  0.000000E+00
  5.90000  0.000000E+00
  5.91000  0.000000E+00
  5.92000  0.000000E+00
  5.93000  0.000000E+00
  5.94000  0.000000E+00
  5.95000  0.000000E+00
  5.96000  0.000000E+00
  5.97000  0.000000E+00
  5.98000  0.000000E+00
  5.99000  0.000000E+00
  6.00000  0.000000E+00
  6.20000  0.000000E+00
  6.40000  0.000000E+00
  6.60000  0.000000E+00
  6.80000  0.000000E+00
  7.00000  0.000000E+00
