  0.00000  0.000000E+00
  0.01000  0.000000E+00
  0.02000  0.000000E+00
  0.03000  0.000000E+00
  0.04000  0.353271E-25
  0.05000  0.946373E-25
  0.06000  0.367853E-24
  0.07000  0.830601E-24
  0.08000  0.108960E-23
  0.09000  0.914604E-24
  0.10000  0.247912E-24
  0.11000  0.398599E-24
  0.12000  0.937869E-24
  0.13000  0.262507E-23
  0.14000  0.856392E-23
  0.15000  0.364412E-22
  0.16000  0.127835E-21
  0.17000  0.340746E-21
  0.18000  0.794267E-21
  0.19000  0.169037E-20
  0.20000  0.390127E-20
  0.21000  0.920562E-20
  0.22000  0.217715E-19
  0.23000  0.481061E-19
  0.24000  0.922586E-19
  0.25000  0.183708E-18
  0.26000  0.330190E-18
  0.27000  0.560781E-18
  0.28000  0.974682E-18
  0.29000  0.177815E-17
  0.30000  0.343779E-17
  0.31000  0.662153E-17
  0.32000  0.119922E-16
  0.33000  0.211916E-16
  0.34000  0.358744E-16
  0.35000  0.582756E-16
  0.36000  0.100773E-15
  0.37000  0.180910E-15
  0.38000  0.326161E-15
  0.39000  0.612098E-15
  0.40000  0.122057E-14
  0.41000  0.243088E-14
  0.42000  0.475546E-14
  0.43000  0.902819E-14
  0.44000  0.164917E-13
  0.45000  0.301899E-13
  0.46000  0.581192E-13
  0.47000  0.111671E-12
  0.48000  0.206878E-12
  0.49000  0.371220E-12
  0.50000  0.646446E-12
  0.51000  0.113214E-11
  0.52000  0.196283E-11
  0.53000  0.341671E-11
  0.54000  0.594927E-11
  0.55000  0.102449E-10
  0.56000  0.178062E-10
  0.57000  0.316602E-10
  0.58000  0.569437E-10
  0.59000  0.103048E-09
  0.60000  0.182633E-09
  0.61000  0.324389E-09
  0.62000  0.589056E-09
  0.63000  0.105563E-08
  0.64000  0.190325E-08
  0.65000  0.336541E-08
  0.66000  0.581050E-08
  0.67000  0.103948E-07
  0.68000  0.184729E-07
  0.69000  0.306156E-07
  0.70000  0.490372E-07
  0.71000  0.771706E-07
  0.72000  0.118759E-06
  0.73000  0.182937E-06
  0.74000  0.279774E-06
  0.75000  0.418681E-06
  0.76000  0.614764E-06
  0.77000  0.911401E-06
  0.78000  0.137092E-05
  0.79000  0.208306E-05
  0.80000  0.314882E-05
  0.81000  0.476630E-05
  0.82000  0.738943E-05
  0.83000  0.116470E-04
  0.84000  0.179133E-04
  0.85000  0.263171E-04
  0.86000  0.372658E-04
  0.87000  0.517685E-04
  0.88000  0.714772E-04
  0.89000  0.957339E-04
  0.90000  0.124327E-03
  0.91000  0.157904E-03
  0.92000  0.196632E-03
  0.93000  0.237700E-03
  0.94000  0.276265E-03
  0.95000  0.312867E-03
  0.96000  0.366467E-03
  0.97000  0.471960E-03
  0.98000  0.610582E-03
  0.99000  0.783957E-03
  1.00000  0.109111E-02
  1.01000  0.154327E-02
  1.02000  0.212070E-02
  1.03000  0.283378E-02
  1.04000  0.371117E-02
  1.05000  0.483596E-02
  1.06000  0.629425E-02
  1.07000  0.805718E-02
  1.08000  0.101186E-01
  1.09000  0.124884E-01
  1.10000  0.151379E-01
  1.11000  0.180909E-01
  1.12000  0.214076E-01
  1.13000  0.250813E-01
  1.14000  0.284064E-01
  1.15000  0.308603E-01
  1.16000  0.327305E-01
  1.17000  0.340851E-01
  1.18000  0.348937E-01
  1.19000  0.352300E-01
  1.20000  0.371710E-01
  1.21000  0.427591E-01
  1.22000  0.485050E-01
  1.23000  0.544854E-01
  1.24000  0.607649E-01
  1.25000  0.672960E-01
  1.26000  0.738741E-01
  1.27000  0.802781E-01
  1.28000  0.862211E-01
  1.29000  0.915082E-01
  1.30000  0.959445E-01
  1.31000  0.992234E-01
  1.32000  0.101283E+00
  1.33000  0.105360E+00
  1.34000  0.116008E+00
  1.35000  0.127173E+00
  1.36000  0.137947E+00
  1.37000  0.147662E+00
  1.38000  0.156492E+00
  1.39000  0.170140E+00
  1.40000  0.185020E+00
  1.41000  0.195158E+00
  1.42000  0.197309E+00
  1.43000  0.193478E+00
  1.44000  0.197223E+00
  1.45000  0.207500E+00
  1.46000  0.217496E+00
  1.47000  0.225860E+00
  1.48000  0.233816E+00
  1.49000  0.241655E+00
  1.50000  0.247974E+00
  1.51000  0.252853E+00
  1.52000  0.256439E+00
  1.53000  0.257835E+00
  1.54000  0.256616E+00
  1.55000  0.253320E+00
  1.56000  0.248524E+00
  1.57000  0.255817E+00
  1.58000  0.262753E+00
  1.59000  0.267533E+00
  1.60000  0.269835E+00
  1.61000  0.270082E+00
  1.62000  0.268232E+00
  1.63000  0.263970E+00
  1.64000  0.257064E+00
  1.65000  0.248221E+00
  1.66000  0.238232E+00
  1.67000  0.226724E+00
  1.68000  0.213464E+00
  1.69000  0.199251E+00
  1.70000  0.208760E+00
  1.71000  0.225763E+00
  1.72000  0.247714E+00
  1.73000  0.272183E+00
  1.74000  0.297787E+00
  1.75000  0.324036E+00
  1.76000  0.345658E+00
  1.77000  0.356839E+00
  1.78000  0.361903E+00
  1.79000  0.370379E+00
  1.80000  0.384795E+00
  1.81000  0.400417E+00
  1.82000  0.414172E+00
  1.83000  0.418498E+00
  1.84000  0.439159E+00
  1.85000  0.482899E+00
  1.86000  0.527132E+00
  1.87000  0.571928E+00
  1.88000  0.620800E+00
  1.89000  0.674789E+00
  1.90000  0.731395E+00
  1.91000  0.785099E+00
  1.92000  0.831008E+00
  1.93000  0.868646E+00
  1.94000  0.897198E+00
  1.95000  0.914238E+00
  1.96000  0.923036E+00
  1.97000  0.963409E+00
  1.98000  0.989294E+00
  1.99000  0.100000E+01
  2.00000  0.995524E+00
  2.01000  0.978508E+00
  2.02000  0.950044E+00
  2.03000  0.908568E+00
  2.04000  0.854616E+00
  2.05000  0.790897E+00
  2.06000  0.718578E+00
  2.07000  0.645738E+00
  2.08000  0.577569E+00
  2.09000  0.513964E+00
  2.10000  0.452097E+00
  2.11000  0.393234E+00
  2.12000  0.341242E+00
  2.13000  0.304346E+00
  2.14000  0.270449E+00
  2.15000  0.239876E+00
  2.16000  0.211695E+00
  2.17000  0.186474E+00
  2.18000  0.163990E+00
  2.19000  0.143254E+00
  2.20000  0.123471E+00
  2.21000  0.106412E+00
  2.22000  0.936860E-01
  2.23000  0.833142E-01
  2.24000  0.738951E-01
  2.25000  0.650377E-01
  2.26000  0.559042E-01
  2.27000  0.471326E-01
  2.28000  0.389356E-01
  2.29000  0.315325E-01
  2.30000  0.251686E-01
  2.31000  0.199154E-01
  2.32000  0.155779E-01
  2.33000  0.120468E-01
  2.34000  0.922909E-02
  2.35000  0.702783E-02
  2.36000  0.531937E-02
  2.37000  0.406721E-02
  2.38000  0.312322E-02
  2.39000  0.240095E-02
  2.40000  0.186720E-02
  2.41000  0.147067E-02
  2.42000  0.114774E-02
  2.43000  0.878115E-03
  2.44000  0.673354E-03
  2.45000  0.567982E-03
  2.46000  0.474669E-03
  2.47000  0.398047E-03
  2.48000  0.355445E-03
  2.49000  0.362546E-03
  2.50000  0.387927E-03
  2.51000  0.427285E-03
  2.52000  0.470457E-03
  2.53000  0.503187E-03
  2.54000  0.516590E-03
  2.55000  0.511688E-03
  2.56000  0.491573E-03
  2.57000  0.460854E-03
  2.58000  0.423326E-03
  2.59000  0.383737E-03
  2.60000  0.343773E-03
  2.61000  0.303309E-03
  2.62000  0.263965E-03
  2.63000  0.229512E-03
  2.64000  0.201629E-03
  2.65000  0.178765E-03
  2.66000  0.157907E-03
  2.67000  0.138305E-03
  2.68000  0.120184E-03
  2.69000  0.104224E-03
  2.70000  0.903851E-04
  2.71000  0.787399E-04
  2.72000  0.692868E-04
  2.73000  0.608784E-04
  2.74000  0.509314E-04
  2.75000  0.387805E-04
  2.76000  0.276773E-04
  2.77000  0.204903E-04
  2.78000  0.165219E-04
  2.79000  0.141489E-04
  2.80000  0.123858E-04
  2.81000  0.108745E-04
  2.82000  0.947674E-05
  2.83000  0.814754E-05
  2.84000  0.691416E-05
  2.85000  0.581439E-05
  2.86000  0.485046E-05
  2.87000  0.405457E-05
  2.88000  0.338532E-05
  2.89000  0.281278E-05
  2.90000  0.231242E-05
  2.91000  0.187331E-05
  2.92000  0.149233E-05
  2.93000  0.116258E-05
  2.94000  0.878870E-06
  2.95000  0.643700E-06
  2.96000  0.461547E-06
  2.97000  0.331711E-06
  2.98000  0.239463E-06
  2.99000  0.172995E-06
  3.00000  0.124882E-06
  3.01000  0.901815E-07
  3.02000  0.650539E-07
  3.03000  0.465122E-07
  3.04000  0.328393E-07
  3.05000  0.253435E-07
  3.06000  0.190642E-07
  3.07000  0.143610E-07
  3.08000  0.118533E-07
  3.09000  0.102311E-07
  3.10000  0.903816E-08
  3.11000  0.811821E-08
  3.12000  0.733737E-08
  3.13000  0.662120E-08
  3.14000  0.594047E-08
  3.15000  0.529820E-08
  3.16000  0.464347E-08
  3.17000  0.408160E-08
  3.18000  0.356143E-08
  3.19000  0.308618E-08
  3.20000  0.265114E-08
  3.21000  0.225926E-08
  3.22000  0.191948E-08
  3.23000  0.163661E-08
  3.24000  0.141021E-08
  3.25000  0.121883E-08
  3.26000  0.100818E-08
  3.27000  0.792475E-09
  3.28000  0.591707E-09
  3.29000  0.444522E-09
  3.30000  0.351625E-09
  3.31000  0.293725E-09
  3.32000  0.254986E-09
  3.33000  0.226780E-09
  3.34000  0.203904E-09
  3.35000  0.182574E-09
  3.36000  0.157441E-09
  3.37000  0.136259E-09
  3.38000  0.117952E-09
  3.39000  0.103968E-09
  3.40000  0.942385E-10
  3.41000  0.876726E-10
  3.42000  0.826218E-10
  3.43000  0.778543E-10
  3.44000  0.730456E-10
  3.45000  0.682988E-10
  3.46000  0.624073E-10
  3.47000  0.587882E-10
  3.48000  0.556106E-10
  3.49000  0.520993E-10
  3.50000  0.474150E-10
  3.51000  0.407271E-10
  3.52000  0.318254E-10
  3.53000  0.229583E-10
  3.54000  0.168315E-10
  3.55000  0.138210E-10
  3.56000  0.126422E-10
  3.57000  0.129511E-10
  3.58000  0.140576E-10
  3.59000  0.158313E-10
  3.60000  0.180963E-10
  3.61000  0.206169E-10
  3.62000  0.231763E-10
  3.63000  0.256119E-10
  3.64000  0.278184E-10
  3.65000  0.296531E-10
  3.66000  0.303453E-10
  3.67000  0.310964E-10
  3.68000  0.315043E-10
  3.69000  0.317730E-10
  3.70000  0.320529E-10
  3.71000  0.324724E-10
  3.72000  0.331265E-10
  3.73000  0.339530E-10
  3.74000  0.347127E-10
  3.75000  0.351620E-10
  3.76000  0.344670E-10
  3.77000  0.340084E-10
  3.78000  0.331187E-10
  3.79000  0.319106E-10
  3.80000  0.304781E-10
  3.81000  0.288428E-10
  3.82000  0.275395E-10
  3.83000  0.265547E-10
  3.84000  0.252543E-10
  3.85000  0.237464E-10
  3.86000  0.216713E-10
  3.87000  0.202362E-10
  3.88000  0.189752E-10
  3.89000  0.178966E-10
  3.90000  0.169646E-10
  3.91000  0.161628E-10
  3.92000  0.154451E-10
  3.93000  0.147732E-10
  3.94000  0.141656E-10
  3.95000  0.136503E-10
  3.96000  0.128588E-10
  3.97000  0.125133E-10
  3.98000  0.122047E-10
  3.99000  0.119184E-10
  4.00000  0.116414E-10
  4.01000  0.113662E-10
  4.02000  0.111014E-10
  4.03000  0.108667E-10
  4.04000  0.106527E-10
  4.05000  0.104651E-10
  4.06000  0.992268E-11
  4.07000  0.980389E-11
  4.08000  0.972459E-11
  4.09000  0.967086E-11
  4.10000  0.961384E-11
  4.11000  0.952731E-11
  4.12000  0.941403E-11
  4.13000  0.930027E-11
  4.14000  0.921275E-11
  4.15000  0.915272E-11
  4.16000  0.870258E-11
  4.17000  0.865415E-11
  4.18000  0.856838E-11
  4.19000  0.842646E-11
  4.20000  0.823503E-11
  4.21000  0.800942E-11
  4.22000  0.776837E-11
  4.23000  0.752021E-11
  4.24000  0.727000E-11
  4.25000  0.700810E-11
  4.26000  0.635961E-11
  4.27000  0.603167E-11
  4.28000  0.563527E-11
  4.29000  0.516200E-11
  4.30000  0.463629E-11
  4.31000  0.411531E-11
  4.32000  0.365664E-11
  4.33000  0.328494E-11
  4.34000  0.299252E-11
  4.35000  0.275173E-11
  4.36000  0.237704E-11
  4.37000  0.219328E-11
  4.38000  0.202433E-11
  4.39000  0.187225E-11
  4.40000  0.173478E-11
  4.41000  0.161285E-11
  4.42000  0.150444E-11
  4.43000  0.140572E-11
  4.44000  0.131663E-11
  4.45000  0.123783E-11
  4.46000  0.108220E-11
  4.47000  0.102544E-11
  4.48000  0.974682E-12
  4.49000  0.930419E-12
  4.50000  0.891839E-12
  4.51000  0.857965E-12
  4.52000  0.827695E-12
  4.53000  0.799918E-12
  4.54000  0.773586E-12
  4.55000  0.747548E-12
  4.56000  0.660740E-12
  4.57000  0.632609E-12
  4.58000  0.602308E-12
  4.59000  0.570483E-12
  4.60000  0.575176E-12
  4.61000  0.585426E-12
  4.62000  0.593801E-12
  4.63000  0.601429E-12
  4.64000  0.608994E-12
  4.65000  0.617145E-12
  4.66000  0.546514E-12
  4.67000  0.558400E-12
  4.68000  0.574166E-12
  4.69000  0.594128E-12
  4.70000  0.618407E-12
  4.71000  0.647402E-12
  4.72000  0.680965E-12
  4.73000  0.718194E-12
  4.74000  0.759803E-12
  4.75000  0.805735E-12
  4.76000  0.738202E-12
  4.77000  0.235164E-15
  4.78000  0.251655E-15
  4.79000  0.270793E-15
  4.80000  0.294320E-15
  4.81000  0.323252E-15
  4.82000  0.367395E-15
  4.83000  0.445937E-15
  4.84000  0.548255E-15
  4.85000  0.681601E-15
  4.86000  0.707036E-15
  4.87000  0.891947E-15
  4.88000  0.113326E-14
  4.89000  0.145326E-14
  4.90000  0.188149E-14
  4.91000  0.245074E-14
  4.92000  0.320050E-14
  4.93000  0.419386E-14
  4.94000  0.355104E-14
  4.95000  0.482042E-14
  4.96000  0.550204E-14
  4.97000  0.747162E-14
  4.98000  0.101287E-13
  4.99000  0.136703E-13
  5.00000  0.613782E-18
  5.01000  0.803191E-18
  5.02000  0.878584E-18
  5.03000  0.125426E-17
  5.04000  0.175071E-17
  5.05000  0.239014E-17
  5.06000  0.270737E-17
  5.07000  0.353421E-17
  5.08000  0.693481E-18
  5.09000  0.873313E-18
  5.10000  0.108946E-17
  5.11000  0.134942E-17
  5.12000  0.166246E-17
  5.13000  0.203692E-17
  5.14000  0.963774E-18
  5.15000  0.117823E-17
  5.16000  0.122895E-17
  5.17000  0.146861E-17
  5.18000  0.173019E-17
  5.19000  0.203809E-17
  5.20000  0.241879E-17
  5.21000  0.289498E-17
  5.22000  0.349690E-17
  5.23000  0.424005E-17
  5.24000  0.516468E-17
  5.25000  0.148462E-17
  5.26000  0.163748E-17
  5.27000  0.204847E-17
  5.28000  0.255834E-17
  5.29000  0.319301E-17
  5.30000  0.397875E-17
  5.31000  0.492953E-17
  5.32000  0.605245E-17
  5.33000  0.214816E-21
  5.34000  0.273425E-21
  5.35000  0.346545E-21
  5.36000  0.411917E-21
  5.37000  0.262428E-22
  5.38000  0.322096E-22
  5.39000  0.392734E-22
  5.40000  0.474906E-22
  5.41000  0.569254E-22
  5.42000  0.679618E-22
  5.43000  0.807603E-22
  5.44000  0.976647E-22
  5.45000  0.120925E-21
  5.46000  0.142447E-21
  5.47000  0.175034E-21
  5.48000  0.214485E-21
  5.49000  0.262162E-21
  5.50000  0.319536E-21
  5.51000  0.172117E-21
  5.52000  0.208519E-21
  5.53000  0.249967E-21
  5.54000  0.296655E-21
  5.55000  0.348850E-21
  5.56000  0.394596E-21
  5.57000  0.455151E-21
  5.58000  0.929251E-22
  5.59000  0.104569E-21
  5.60000  0.117774E-21
  5.61000  0.132915E-21
  5.62000  0.150123E-21
  5.63000  0.170311E-21
  5.64000  0.194806E-21
  5.65000  0.224423E-21
  5.66000  0.243982E-21
  5.67000  0.284167E-21
  5.68000  0.331570E-21
  5.69000  0.390868E-21
  5.70000  0.465800E-21
  5.71000  0.560244E-21
  5.72000  0.682059E-21
  5.73000  0.829786E-21
  5.74000  0.101979E-20
  5.75000  0.127354E-20
  5.76000  0.148797E-20
  5.77000  0.296921E-21
  5.78000  0.412161E-21
  5.79000  0.570721E-21
  5.80000  0.582731E-23
  5.81000  0.840428E-23
  5.82000  0.121904E-22
  5.83000  0.178880E-22
  5.84000  0.263290E-22
  5.85000  0.392602E-22
  5.86000  0.571217E-22
  5.87000  0.887670E-22
  5.88000  0.139178E-21
  5.89000  0.221471E-21
  5.90000  0.354028E-21
  5.91000  0.576072E-21
  5.92000  0.951366E-21
  5.93000  0.158040E-20
  5.94000  0.263109E-20
  5.95000  0.438966E-20
  5.96000  0.700094E-20
  5.97000  0.116987E-19
  5.98000  0.157862E-19
  5.99000  0.285967E-21
  6.00000  0.528458E-21
  6.20000  0.307405E-19
  6.40000  0.249680E-16
  6.60000  0.561277E-17
  6.80000  0.389186E-19
  7.00000  0.716308E-21
