  0.00000  0.000000E+00
  0.01000  0.653461E-22
  0.02000  0.620010E-15
  0.03000  0.179304E-14
  0.04000  0.115911E-13
  0.05000  0.874782E-13
  0.06000  0.272239E-11
  0.07000  0.318028E-10
  0.08000  0.536979E-09
  0.09000  0.100891E-07
  0.10000  0.485462E-07
  0.11000  0.558062E-07
  0.12000  0.101454E-06
  0.13000  0.461629E-06
  0.14000  0.552943E-05
  0.15000  0.277334E-04
  0.16000  0.397604E-04
  0.17000  0.433050E-04
  0.18000  0.419883E-04
  0.19000  0.353686E-04
  0.20000  0.328482E-04
  0.21000  0.231370E-04
  0.22000  0.119571E-04
  0.23000  0.472594E-05
  0.24000  0.218160E-05
  0.25000  0.972803E-06
  0.26000  0.365218E-06
  0.27000  0.959875E-07
  0.28000  0.227019E-07
  0.29000  0.476094E-08
  0.30000  0.708265E-08
  0.31000  0.127207E-07
  0.32000  0.291836E-07
  0.33000  0.129040E-06
  0.34000  0.865184E-06
  0.35000  0.342611E-05
  0.36000  0.818739E-05
  0.37000  0.109155E-04
  0.38000  0.983896E-05
  0.39000  0.684237E-05
  0.40000  0.443877E-05
  0.41000  0.284647E-05
  0.42000  0.987858E-06
  0.43000  0.118690E-05
  0.44000  0.153006E-04
  0.45000  0.294626E-04
  0.46000  0.109179E-04
  0.47000  0.157440E-05
  0.48000  0.767248E-06
  0.49000  0.125070E-05
  0.50000  0.399616E-05
  0.51000  0.256841E-04
  0.52000  0.909345E-04
  0.53000  0.297223E-03
  0.54000  0.868183E-03
  0.55000  0.144873E-02
  0.56000  0.182914E-02
  0.57000  0.576569E-02
  0.58000  0.155779E-01
  0.59000  0.291113E-01
  0.60000  0.312557E-01
  0.61000  0.218977E-01
  0.62000  0.368281E-01
  0.63000  0.963917E-01
  0.64000  0.209001E+00
  0.65000  0.408020E+00
  0.66000  0.693959E+00
  0.67000  0.100000E+01
  0.68000  0.983852E+00
  0.69000  0.644942E+00
  0.70000  0.329757E+00
  0.71000  0.143960E+00
  0.72000  0.511637E-01
  0.73000  0.143702E-01
  0.74000  0.390920E-02
  0.75000  0.110744E-02
  0.76000  0.256423E-02
  0.77000  0.105307E-01
  0.78000  0.240055E-02
  0.79000  0.824237E-04
  0.80000  0.344620E-04
  0.81000  0.298368E-04
  0.82000  0.325437E-04
  0.83000  0.311803E-04
  0.84000  0.203253E-04
  0.85000  0.122748E-04
  0.86000  0.349900E-05
  0.87000  0.297298E-05
  0.88000  0.249119E-05
  0.89000  0.190188E-05
  0.90000  0.993268E-06
  0.91000  0.377469E-06
  0.92000  0.127593E-06
  0.93000  0.380036E-07
  0.94000  0.143038E-07
  0.95000  0.465810E-08
  0.96000  0.124289E-08
  0.97000  0.385542E-09
  0.98000  0.153516E-09
  0.99000  0.707747E-10
  1.00000  0.314037E-10
  1.01000  0.123367E-10
  1.02000  0.361799E-11
  1.03000  0.856665E-12
  1.04000  0.847389E-12
  1.05000  0.727761E-12
  1.06000  0.497075E-12
  1.07000  0.289716E-12
  1.08000  0.205431E-12
  1.09000  0.296517E-12
  1.10000  0.489011E-12
  1.11000  0.989007E-12
  1.12000  0.202140E-11
  1.13000  0.361201E-11
  1.14000  0.542979E-11
  1.15000  0.844089E-11
  1.16000  0.135736E-10
  1.17000  0.196717E-10
  1.18000  0.247706E-10
  1.19000  0.264492E-10
  1.20000  0.246702E-10
  1.21000  0.204876E-10
  1.22000  0.138283E-10
  1.23000  0.735947E-11
  1.24000  0.381093E-11
  1.25000  0.222894E-11
  1.26000  0.141868E-11
  1.27000  0.877148E-12
  1.28000  0.504488E-12
  1.29000  0.275014E-12
  1.30000  0.139662E-12
  1.31000  0.655563E-13
  1.32000  0.293130E-13
  1.33000  0.133931E-13
  1.34000  0.618527E-14
  1.35000  0.260610E-14
  1.36000  0.965580E-15
  1.37000  0.326765E-15
  1.38000  0.103479E-15
  1.39000  0.302685E-16
  1.40000  0.817971E-17
  1.41000  0.219813E-17
  1.42000  0.716701E-18
  1.43000  0.440884E-18
  1.44000  0.263349E-18
  1.45000  0.159154E-18
  1.46000  0.772874E-18
  1.47000  0.365474E-17
  1.48000  0.122142E-16
  1.49000  0.234023E-16
  1.50000  0.262340E-16
  1.51000  0.223735E-16
  1.52000  0.200483E-16
  1.53000  0.243225E-16
  1.54000  0.453044E-16
  1.55000  0.131129E-15
  1.56000  0.539740E-15
  1.57000  0.243643E-14
  1.58000  0.740685E-14
  1.59000  0.130342E-13
  1.60000  0.184882E-13
  1.61000  0.265800E-13
  1.62000  0.418293E-13
  1.63000  0.780852E-13
  1.64000  0.189107E-12
  1.65000  0.621106E-12
  1.66000  0.265901E-11
  1.67000  0.127797E-10
  1.68000  0.519681E-10
  1.69000  0.124859E-09
  1.70000  0.144027E-09
  1.71000  0.890290E-10
  1.72000  0.409001E-10
  1.73000  0.182545E-10
  1.74000  0.886938E-11
  1.75000  0.486149E-11
  1.76000  0.305101E-11
  1.77000  0.216141E-11
  1.78000  0.168951E-11
  1.79000  0.140394E-11
  1.80000  0.115391E-11
  1.81000  0.907263E-12
  1.82000  0.645209E-12
  1.83000  0.370022E-12
  1.84000  0.174222E-12
  1.85000  0.701793E-13
  1.86000  0.243984E-13
  1.87000  0.737654E-14
  1.88000  0.202125E-14
  1.89000  0.527377E-15
  1.90000  0.142054E-15
  1.91000  0.419100E-16
  1.92000  0.133841E-16
  1.93000  0.430269E-17
  1.94000  0.132619E-17
  1.95000  0.431130E-18
  1.96000  0.411696E-18
  1.97000  0.355521E-18
  1.98000  0.267198E-18
  1.99000  0.159324E-18
  2.00000  0.659831E-19
  2.01000  0.166792E-19
  2.02000  0.235071E-20
  2.03000  0.178787E-21
  2.04000  0.778479E-23
  2.05000  0.217820E-24
  2.06000  0.502185E-26
  2.07000  0.111614E-27
  2.08000  0.178084E-28
  2.09000  0.813065E-29
  2.10000  0.415056E-29
  2.11000  0.203030E-29
  2.12000  0.000000E+00
  2.13000  0.000000E+00
  2.14000  0.000000E+00
  2.15000  0.000000E+00
  2.16000  0.000000E+00
  2.17000  0.000000E+00
  2.18000  0.000000E+00
  2.19000  0.000000E+00
  2.20000  0.000000E+00
  2.21000  0.000000E+00
  2.22000  0.000000E+00
  2.23000  0.000000E+00
  2.24000  0.000000E+00
  2.25000  0.000000E+00
  2.26000  0.000000E+00
  2.27000  0.000000E+00
  2.28000  0.000000E+00
  2.29000  0.000000E+00
  2.30000  0.000000E+00
  2.31000  0.000000E+00
  2.32000  0.000000E+00
  2.33000  0.000000E+00
  2.34000  0.000000E+00
  2.35000  0.000000E+00
  2.36000  0.000000E+00
  2.37000  0.000000E+00
  2.38000  0.000000E+00
  2.39000  0.000000E+00
  2.40000  0.000000E+00
  2.41000  0.000000E+00
  2.42000  0.000000E+00
  2.43000  0.000000E+00
  2.44000  0.000000E+00
  2.45000  0.000000E+00
  2.46000  0.000000E+00
  2.47000  0.117174E-29
  2.48000  0.962545E-29
  2.49000  0.569095E-28
  2.50000  0.232799E-27
  2.51000  0.655943E-27
  2.52000  0.129887E-26
  2.53000  0.185537E-26
  2.54000  0.197183E-26
  2.55000  0.161960E-26
  2.56000  0.108483E-26
  2.57000  0.719164E-27
  2.58000  0.537150E-27
  2.59000  0.496780E-27
  2.60000  0.587467E-27
  2.61000  0.854236E-27
  2.62000  0.135995E-26
  2.63000  0.203680E-26
  2.64000  0.254227E-26
  2.65000  0.255230E-26
  2.66000  0.215685E-26
  2.67000  0.161976E-26
  2.68000  0.113990E-26
  2.69000  0.742470E-27
  2.70000  0.428400E-27
  2.71000  0.206839E-27
  2.72000  0.811462E-28
  2.73000  0.258566E-28
  2.74000  0.675629E-29
  2.75000  0.000000E+00
  2.76000  0.000000E+00
  2.77000  0.000000E+00
  2.78000  0.000000E+00
  2.79000  0.000000E+00
  2.80000  0.000000E+00
  2.81000  0.000000E+00
  2.82000  0.000000E+00
  2.83000  0.000000E+00
  2.84000  0.000000E+00
  2.85000  0.000000E+00
  2.86000  0.000000E+00
  2.87000  0.000000E+00
  2.88000  0.000000E+00
  2.89000  0.000000E+00
  2.90000  0.000000E+00
  2.91000  0.000000E+00
  2.92000  0.000000E+00
  2.93000  0.000000E+00
  2.94000  0.000000E+00
  2.95000  0.000000E+00
  2.96000  0.000000E+00
  2.97000  0.000000E+00
  2.98000  0.000000E+00
  2.99000  0.000000E+00
  3.00000  0.000000E+00
  3.01000  0.000000E+00
  3.02000  0.000000E+00
  3.03000  0.000000E+00
  3.04000  0.000000E+00
  3.05000  0.000000E+00
  3.06000  0.000000E+00
  3.07000  0.000000E+00
  3.08000  0.000000E+00
  3.09000  0.000000E+00
  3.10000  0.000000E+00
  3.11000  0.000000E+00
  3.12000  0.000000E+00
  3.13000  0.000000E+00
  3.14000  0.000000E+00
  3.15000  0.000000E+00
  3.16000  0.000000E+00
  3.17000  0.000000E+00
  3.18000  0.000000E+00
  3.19000  0.000000E+00
  3.20000  0.000000E+00
  3.21000  0.000000E+00
  3.22000  0.000000E+00
  3.23000  0.000000E+00
  3.24000  0.000000E+00
  3.25000  0.000000E+00
  3.26000  0.000000E+00
  3.27000  0.000000E+00
  3.28000  0.000000E+00
  3.29000  0.000000E+00
  3.30000  0.000000E+00
  3.31000  0.000000E+00
  3.32000  0.000000E+00
  3.33000  0.000000E+00
  3.34000  0.000000E+00
  3.35000  0.000000E+00
  3.36000  0.000000E+00
  3.37000  0.000000E+00
  3.38000  0.000000E+00
  3.39000  0.000000E+00
  3.40000  0.000000E+00
  3.41000  0.000000E+00
  3.42000  0.000000E+00
  3.43000  0.000000E+00
  3.44000  0.000000E+00
  3.45000  0.000000E+00
  3.46000  0.000000E+00
  3.47000  0.000000E+00
  3.48000  0.000000E+00
  3.49000  0.000000E+00
  3.50000  0.000000E+00
  3.51000  0.000000E+00
  3.52000  0.000000E+00
  3.53000  0.000000E+00
  3.54000  0.000000E+00
  3.55000  0.000000E+00
  3.56000  0.000000E+00
  3.57000  0.000000E+00
  3.58000  0.000000E+00
  3.59000  0.000000E+00
  3.60000  0.000000E+00
  3.61000  0.000000E+00
  3.62000  0.000000E+00
  3.63000  0.000000E+00
  3.64000  0.000000E+00
  3.65000  0.000000E+00
  3.66000  0.000000E+00
  3.67000  0.000000E+00
  3.68000  0.000000E+00
  3.69000  0.000000E+00
  3.70000  0.000000E+00
  3.71000  0.000000E+00
  3.72000  0.000000E+00
  3.73000  0.000000E+00
  3.74000  0.000000E+00
  3.75000  0.000000E+00
  3.76000  0.000000E+00
  3.77000  0.000000E+00
  3.78000  0.000000E+00
  3.79000  0.000000E+00
  3.80000  0.000000E+00
  3.81000  0.000000E+00
  3.82000  0.000000E+00
  3.83000  0.000000E+00
  3.84000  0.000000E+00
  3.85000  0.000000E+00
  3.86000  0.000000E+00
  3.87000  0.000000E+00
  3.88000  0.000000E+00
  3.89000  0.000000E+00
  3.90000  0.000000E+00
  3.91000  0.000000E+00
  3.92000  0.000000E+00
  3.93000  0.000000E+00
  3.94000  0.000000E+00
  3.95000  0.000000E+00
  3.96000  0.000000E+00
  3.97000  0.000000E+00
  3.98000  0.000000E+00
  3.99000  0.000000E+00
  4.00000  0.000000E+00
  4.01000  0.000000E+00
  4.02000  0.000000E+00
  4.03000  0.000000E+00
  4.04000  0.000000E+00
  4.05000  0.000000E+00
  4.06000  0.000000E+00
  4.07000  0.000000E+00
  4.08000  0.000000E+00
  4.09000  0.000000E+00
  4.10000  0.000000E+00
  4.11000  0.000000E+00
  4.12000  0.000000E+00
  4.13000  0.000000E+00
  4.14000  0.000000E+00
  4.15000  0.000000E+00
  4.16000  0.000000E+00
  4.17000  0.000000E+00
  4.18000  0.000000E+00
  4.19000  0.000000E+00
  4.20000  0.000000E+00
  4.21000  0.000000E+00
  4.22000  0.000000E+00
  4.23000  0.000000E+00
  4.24000  0.000000E+00
  4.25000  0.000000E+00
  4.26000  0.000000E+00
  4.27000  0.000000E+00
  4.28000  0.000000E+00
  4.29000  0.000000E+00
  4.30000  0.000000E+00
  4.31000  0.000000E+00
  4.32000  0.000000E+00
  4.33000  0.000000E+00
  4.34000  0.000000E+00
  4.35000  0.000000E+00
  4.36000  0.000000E+00
  4.37000  0.000000E+00
  4.38000  0.000000E+00
  4.39000  0.000000E+00
  4.40000  0.000000E+00
  4.41000  0.000000E+00
  4.42000  0.000000E+00
  4.43000  0.000000E+00
  4.44000  0.000000E+00
  4.45000  0.000000E+00
  4.46000  0.000000E+00
  4.47000  0.000000E+00
  4.48000  0.000000E+00
  4.49000  0.000000E+00
  4.50000  0.000000E+00
  4.51000  0.000000E+00
  4.52000  0.000000E+00
  4.53000  0.000000E+00
  4.54000  0.000000E+00
  4.55000  0.000000E+00
  4.56000  0.000000E+00
  4.57000  0.000000E+00
  4.58000  0.000000E+00
  4.59000  0.000000E+00
  4.60000  0.000000E+00
  4.61000  0.000000E+00
  4.62000  0.000000E+00
  4.63000  0.000000E+00
  4.64000  0.000000E+00
  4.65000  0.000000E+00
  4.66000  0.000000E+00
  4.67000  0.000000E+00
  4.68000  0.000000E+00
  4.69000  0.000000E+00
  4.70000  0.000000E+00
  4.71000  0.000000E+00
  4.72000  0.000000E+00
  4.73000  0.000000E+00
  4.74000  0.000000E+00
  4.75000  0.000000E+00
  4.76000  0.000000E+00
  4.77000  0.000000E+00
  4.78000  0.000000E+00
  4.79000  0.000000E+00
  4.80000  0.000000E+00
  4.81000  0.000000E+00
  4.82000  0.000000E+00
  4.83000  0.000000E+00
  4.84000  0.000000E+00
  4.85000  0.000000E+00
  4.86000  0.000000E+00
  4.87000  0.000000E+00
  4.88000  0.000000E+00
  4.89000  0.000000E+00
  4.90000  0.000000E+00
  4.91000  0.000000E+00
  4.92000  0.000000E+00
  4.93000  0.000000E+00
  4.94000  0.000000E+00
  4.95000  0.000000E+00
  4.96000  0.000000E+00
  4.97000  0.000000E+00
  4.98000  0.000000E+00
  4.99000  0.000000E+00
  5.00000  0.000000E+00
  5.01000  0.000000E+00
  5.02000  0.000000E+00
  5.03000  0.000000E+00
  5.04000  0.000000E+00
  5.05000  0.000000E+00
  5.06000  0.000000E+00
  5.07000  0.000000E+00
  5.08000  0.000000E+00
  5.09000  0.000000E+00
  5.10000  0.000000E+00
  5.11000  0.000000E+00
  5.12000  0.000000E+00
  5.13000  0.000000E+00
  5.14000  0.000000E+00
  5.15000  0.000000E+00
  5.16000  0.000000E+00
  5.17000  0.000000E+00
  5.18000  0.000000E+00
  5.19000  0.000000E+00
  5.20000  0.000000E+00
  5.21000  0.000000E+00
  5.22000  0.000000E+00
  5.23000  0.000000E+00
  5.24000  0.000000E+00
  5.25000  0.000000E+00
  5.26000  0.000000E+00
  5.27000  0.000000E+00
  5.28000  0.000000E+00
  5.29000  0.000000E+00
  5.30000  0.000000E+00
  5.31000  0.000000E+00
  5.32000  0.000000E+00
  5.33000  0.000000E+00
  5.34000  0.000000E+00
  5.35000  0.000000E+00
  5.36000  0.000000E+00
  5.37000  0.000000E+00
  5.38000  0.000000E+00
  5.39000  0.000000E+00
  5.40000  0.000000E+00
  5.41000  0.000000E+00
  5.42000  0.000000E+00
  5.43000  0.000000E+00
  5.44000  0.000000E+00
  5.45000  0.000000E+00
  5.46000  0.000000E+00
  5.47000  0.000000E+00
  5.48000  0.000000E+00
  5.49000  0.000000E+00
  5.50000  0.000000E+00
  5.51000  0.000000E+00
  5.52000  0.000000E+00
  5.53000  0.000000E+00
  5.54000  0.000000E+00
  5.55000  0.000000E+00
  5.56000  0.000000E+00
  5.57000  0.000000E+00
  5.58000  0.000000E+00
  5.59000  0.000000E+00
  5.60000  0.000000E+00
  5.61000  0.000000E+00
  5.62000  0.000000E+00
  5.63000  0.000000E+00
  5.64000  0.000000E+00
  5.65000  0.000000E+00
  5.66000  0.000000E+00
  5.67000  0.000000E+00
  5.68000  0.000000E+00
  5.69000  0.000000E+00
  5.70000  0.000000E+00
  5.71000  0.000000E+00
  5.72000  0.000000E+00
  5.73000  0.000000E+00
  5.74000  0.000000E+00
  5.75000  0.000000E+00
  5.76000  0.000000E+00
  5.77000  0.000000E+00
  5.78000  0.000000E+00
  5.79000  0.000000E+00
  5.80000  0.000000E+00
  5.81000  0.000000E+00
  5.82000  0.000000E+00
  5.83000  0.000000E+00
  5.84000  0.000000E+00
  5.85000  0.000000E+00
  5.86000  0.000000E+00
  5.87000  0.000000E+00
  5.88000  0.000000E+00
  5.89000  0.000000E+00
  5.90000  0.000000E+00
  5.91000  0.000000E+00
  5.92000  0.000000E+00
  5.93000  0.000000E+00
  5.94000  0.000000E+00
  5.95000  0.000000E+00
  5.96000  0.000000E+00
  5.97000  0.000000E+00
  5.98000  0.000000E+00
  5.99000  0.000000E+00
  6.00000  0.000000E+00
  6.20000  0.000000E+00
  6.40000  0.000000E+00
  6.60000  0.000000E+00
  6.80000  0.000000E+00
  7.00000  0.000000E+00
