  0.00000  0.000000E+00
  0.01000  0.000000E+00
  0.02000  0.260647E-17
  0.03000  0.681032E-11
  0.04000  0.160389E-10
  0.05000  0.354824E-10
  0.06000  0.124555E-09
  0.07000  0.215122E-09
  0.08000  0.261455E-09
  0.09000  0.281583E-09
  0.10000  0.164538E-09
  0.11000  0.100300E-09
  0.12000  0.102073E-09
  0.13000  0.128326E-09
  0.14000  0.186971E-09
  0.15000  0.285142E-09
  0.16000  0.296794E-09
  0.17000  0.284716E-09
  0.18000  0.286350E-09
  0.19000  0.241657E-09
  0.20000  0.389531E-09
  0.21000  0.572585E-09
  0.22000  0.458176E-09
  0.23000  0.437082E-09
  0.24000  0.510158E-09
  0.25000  0.590424E-09
  0.26000  0.436478E-09
  0.27000  0.298387E-09
  0.28000  0.355243E-09
  0.29000  0.334602E-09
  0.30000  0.270401E-09
  0.31000  0.226651E-09
  0.32000  0.247865E-09
  0.33000  0.414008E-09
  0.34000  0.605678E-09
  0.35000  0.710355E-09
  0.36000  0.804975E-09
  0.37000  0.860292E-09
  0.38000  0.865025E-09
  0.39000  0.960720E-09
  0.40000  0.986781E-09
  0.41000  0.872919E-09
  0.42000  0.743900E-09
  0.43000  0.724578E-09
  0.44000  0.102877E-08
  0.45000  0.146065E-08
  0.46000  0.208348E-08
  0.47000  0.298564E-08
  0.48000  0.392632E-08
  0.49000  0.445002E-08
  0.50000  0.517899E-08
  0.51000  0.700367E-08
  0.52000  0.855854E-08
  0.53000  0.966050E-08
  0.54000  0.112917E-07
  0.55000  0.119624E-07
  0.56000  0.120487E-07
  0.57000  0.152720E-07
  0.58000  0.222351E-07
  0.59000  0.292756E-07
  0.60000  0.363514E-07
  0.61000  0.437261E-07
  0.62000  0.671352E-07
  0.63000  0.148481E-06
  0.64000  0.292155E-06
  0.65000  0.426724E-06
  0.66000  0.544848E-06
  0.67000  0.710031E-06
  0.68000  0.101515E-05
  0.69000  0.137581E-05
  0.70000  0.167079E-05
  0.71000  0.190522E-05
  0.72000  0.195604E-05
  0.73000  0.188533E-05
  0.74000  0.194396E-05
  0.75000  0.229187E-05
  0.76000  0.280899E-05
  0.77000  0.333831E-05
  0.78000  0.405435E-05
  0.79000  0.491413E-05
  0.80000  0.596806E-05
  0.81000  0.745509E-05
  0.82000  0.936792E-05
  0.83000  0.114394E-04
  0.84000  0.127790E-04
  0.85000  0.130112E-04
  0.86000  0.130625E-04
  0.87000  0.136012E-04
  0.88000  0.146594E-04
  0.89000  0.163470E-04
  0.90000  0.192525E-04
  0.91000  0.244790E-04
  0.92000  0.323994E-04
  0.93000  0.442115E-04
  0.94000  0.610722E-04
  0.95000  0.818262E-04
  0.96000  0.106483E-03
  0.97000  0.138350E-03
  0.98000  0.180720E-03
  0.99000  0.235518E-03
  1.00000  0.299985E-03
  1.01000  0.368444E-03
  1.02000  0.439695E-03
  1.03000  0.511550E-03
  1.04000  0.592877E-03
  1.05000  0.668735E-03
  1.06000  0.724550E-03
  1.07000  0.774321E-03
  1.08000  0.836280E-03
  1.09000  0.915708E-03
  1.10000  0.998673E-03
  1.11000  0.107212E-02
  1.12000  0.113908E-02
  1.13000  0.120158E-02
  1.14000  0.115996E-02
  1.15000  0.103100E-02
  1.16000  0.888867E-03
  1.17000  0.740831E-03
  1.18000  0.615407E-03
  1.19000  0.541868E-03
  1.20000  0.598016E-03
  1.21000  0.974771E-03
  1.22000  0.125593E-02
  1.23000  0.146136E-02
  1.24000  0.168720E-02
  1.25000  0.213378E-02
  1.26000  0.286246E-02
  1.27000  0.362079E-02
  1.28000  0.423154E-02
  1.29000  0.462690E-02
  1.30000  0.498477E-02
  1.31000  0.562424E-02
  1.32000  0.687140E-02
  1.33000  0.838091E-02
  1.34000  0.100520E-01
  1.35000  0.118260E-01
  1.36000  0.137639E-01
  1.37000  0.161020E-01
  1.38000  0.188309E-01
  1.39000  0.217182E-01
  1.40000  0.241839E-01
  1.41000  0.259634E-01
  1.42000  0.279866E-01
  1.43000  0.304922E-01
  1.44000  0.328797E-01
  1.45000  0.367042E-01
  1.46000  0.423819E-01
  1.47000  0.498134E-01
  1.48000  0.578856E-01
  1.49000  0.660014E-01
  1.50000  0.743147E-01
  1.51000  0.826794E-01
  1.52000  0.912903E-01
  1.53000  0.100109E+00
  1.54000  0.109425E+00
  1.55000  0.119486E+00
  1.56000  0.137734E+00
  1.57000  0.154541E+00
  1.58000  0.147712E+00
  1.59000  0.143672E+00
  1.60000  0.146973E+00
  1.61000  0.153475E+00
  1.62000  0.163523E+00
  1.63000  0.177893E+00
  1.64000  0.195183E+00
  1.65000  0.213117E+00
  1.66000  0.229456E+00
  1.67000  0.251907E+00
  1.68000  0.278587E+00
  1.69000  0.304995E+00
  1.70000  0.331645E+00
  1.71000  0.359081E+00
  1.72000  0.386865E+00
  1.73000  0.413738E+00
  1.74000  0.442666E+00
  1.75000  0.474961E+00
  1.76000  0.509445E+00
  1.77000  0.544621E+00
  1.78000  0.593621E+00
  1.79000  0.716017E+00
  1.80000  0.870814E+00
  1.81000  0.953607E+00
  1.82000  0.992558E+00
  1.83000  0.100000E+01
  1.84000  0.984074E+00
  1.85000  0.952456E+00
  1.86000  0.901927E+00
  1.87000  0.823350E+00
  1.88000  0.722523E+00
  1.89000  0.631422E+00
  1.90000  0.566301E+00
  1.91000  0.513960E+00
  1.92000  0.463908E+00
  1.93000  0.415008E+00
  1.94000  0.369679E+00
  1.95000  0.327452E+00
  1.96000  0.285706E+00
  1.97000  0.246092E+00
  1.98000  0.208233E+00
  1.99000  0.174086E+00
  2.00000  0.144993E+00
  2.01000  0.120225E+00
  2.02000  0.102755E+00
  2.03000  0.876339E-01
  2.04000  0.741899E-01
  2.05000  0.624865E-01
  2.06000  0.519243E-01
  2.07000  0.435795E-01
  2.08000  0.364304E-01
  2.09000  0.301348E-01
  2.10000  0.245295E-01
  2.11000  0.196823E-01
  2.12000  0.156452E-01
  2.13000  0.123660E-01
  2.14000  0.972434E-02
  2.15000  0.759013E-02
  2.16000  0.573578E-02
  2.17000  0.437985E-02
  2.18000  0.330637E-02
  2.19000  0.246817E-02
  2.20000  0.189561E-02
  2.21000  0.168693E-02
  2.22000  0.150726E-02
  2.23000  0.135095E-02
  2.24000  0.120396E-02
  2.25000  0.106255E-02
  2.26000  0.907622E-03
  2.27000  0.784127E-03
  2.28000  0.670752E-03
  2.29000  0.569189E-03
  2.30000  0.479874E-03
  2.31000  0.402161E-03
  2.32000  0.334887E-03
  2.33000  0.276974E-03
  2.34000  0.227697E-03
  2.35000  0.185987E-03
  2.36000  0.147219E-03
  2.37000  0.118833E-03
  2.38000  0.954189E-04
  2.39000  0.764263E-04
  2.40000  0.615291E-04
  2.41000  0.500514E-04
  2.42000  0.407979E-04
  2.43000  0.329260E-04
  2.44000  0.262454E-04
  2.45000  0.207064E-04
  2.46000  0.156806E-04
  2.47000  0.121466E-04
  2.48000  0.936637E-05
  2.49000  0.722837E-05
  2.50000  0.561234E-05
  2.51000  0.443519E-05
  2.52000  0.361404E-05
  2.53000  0.301355E-05
  2.54000  0.263294E-05
  2.55000  0.238673E-05
  2.56000  0.206672E-05
  2.57000  0.181621E-05
  2.58000  0.155544E-05
  2.59000  0.130607E-05
  2.60000  0.108411E-05
  2.61000  0.896822E-06
  2.62000  0.749673E-06
  2.63000  0.643068E-06
  2.64000  0.569121E-06
  2.65000  0.514588E-06
  2.66000  0.443072E-06
  2.67000  0.400122E-06
  2.68000  0.360877E-06
  2.69000  0.326499E-06
  2.70000  0.296239E-06
  2.71000  0.269734E-06
  2.72000  0.246354E-06
  2.73000  0.221325E-06
  2.74000  0.186216E-06
  2.75000  0.141072E-06
  2.76000  0.946087E-07
  2.77000  0.723164E-07
  2.78000  0.627900E-07
  2.79000  0.590674E-07
  2.80000  0.564100E-07
  2.81000  0.530688E-07
  2.82000  0.487532E-07
  2.83000  0.438165E-07
  2.84000  0.387666E-07
  2.85000  0.338480E-07
  2.86000  0.271100E-07
  2.87000  0.231694E-07
  2.88000  0.197175E-07
  2.89000  0.167456E-07
  2.90000  0.141920E-07
  2.91000  0.120404E-07
  2.92000  0.102848E-07
  2.93000  0.886287E-08
  2.94000  0.766282E-08
  2.95000  0.657796E-08
  2.96000  0.507177E-08
  2.97000  0.421293E-08
  2.98000  0.344878E-08
  2.99000  0.279536E-08
  3.00000  0.225828E-08
  3.01000  0.182745E-08
  3.02000  0.148528E-08
  3.03000  0.120967E-08
  3.04000  0.982109E-09
  3.05000  0.792549E-09
  3.06000  0.555651E-09
  3.07000  0.443373E-09
  3.08000  0.354996E-09
  3.09000  0.285722E-09
  3.10000  0.230920E-09
  3.11000  0.186368E-09
  3.12000  0.149044E-09
  3.13000  0.117300E-09
  3.14000  0.906153E-10
  3.15000  0.687167E-10
  3.16000  0.442246E-10
  3.17000  0.326037E-10
  3.18000  0.238809E-10
  3.19000  0.174404E-10
  3.20000  0.126939E-10
  3.21000  0.917791E-11
  3.22000  0.658037E-11
  3.23000  0.467784E-11
  3.24000  0.331180E-11
  3.25000  0.234036E-11
  3.26000  0.138643E-11
  3.27000  0.953913E-12
  3.28000  0.648617E-12
  3.29000  0.444955E-12
  3.30000  0.314124E-12
  3.31000  0.228630E-12
  3.32000  0.170424E-12
  3.33000  0.128803E-12
  3.34000  0.978166E-13
  3.35000  0.742331E-13
  3.36000  0.459082E-13
  3.37000  0.344021E-13
  3.38000  0.257905E-13
  3.39000  0.194857E-13
  3.40000  0.149054E-13
  3.41000  0.115686E-13
  3.42000  0.909914E-14
  3.43000  0.722488E-14
  3.44000  0.577635E-14
  3.45000  0.463134E-14
  3.46000  0.293115E-14
  3.47000  0.235753E-14
  3.48000  0.189969E-14
  3.49000  0.152310E-14
  3.50000  0.120389E-14
  3.51000  0.927609E-15
  3.52000  0.685768E-15
  3.53000  0.537335E-15
  3.54000  0.445694E-15
  3.55000  0.368042E-15
  3.56000  0.219952E-15
  3.57000  0.178293E-15
  3.58000  0.142387E-15
  3.59000  0.111411E-15
  3.60000  0.852606E-16
  3.61000  0.696723E-16
  3.62000  0.593707E-16
  3.63000  0.501560E-16
  3.64000  0.420219E-16
  3.65000  0.348522E-16
  3.66000  0.216649E-16
  3.67000  0.176026E-16
  3.68000  0.142591E-16
  3.69000  0.115246E-16
  3.70000  0.927087E-17
  3.71000  0.739801E-17
  3.72000  0.585132E-17
  3.73000  0.457305E-17
  3.74000  0.351730E-17
  3.75000  0.265948E-17
  3.76000  0.149659E-17
  3.77000  0.112882E-17
  3.78000  0.942536E-18
  3.79000  0.770472E-18
  3.80000  0.615836E-18
  3.81000  0.483910E-18
  3.82000  0.376972E-18
  3.83000  0.293761E-18
  3.84000  0.230265E-18
  3.85000  0.181740E-18
  3.86000  0.100289E-18
  3.87000  0.793565E-19
  3.88000  0.624220E-19
  3.89000  0.486593E-19
  3.90000  0.374416E-19
  3.91000  0.283057E-19
  3.92000  0.209017E-19
  3.93000  0.149753E-19
  3.94000  0.103450E-19
  3.95000  0.685433E-20
  3.96000  0.293814E-20
  3.97000  0.176978E-20
  3.98000  0.103329E-20
  3.99000  0.596251E-21
  4.00000  0.347336E-21
  4.01000  0.207017E-21
  4.02000  0.158925E-21
  4.03000  0.127904E-21
  4.04000  0.103792E-21
  4.05000  0.851927E-22
  4.06000  0.414028E-22
  4.07000  0.344885E-22
  4.08000  0.288702E-22
  4.09000  0.241736E-22
  4.10000  0.201244E-22
  4.11000  0.165479E-22
  4.12000  0.134126E-22
  4.13000  0.107683E-22
  4.14000  0.860922E-23
  4.15000  0.686864E-23
  4.16000  0.302096E-23
  4.17000  0.238803E-23
  4.18000  0.187660E-23
  4.19000  0.146281E-23
  4.20000  0.113299E-23
  4.21000  0.875059E-24
  4.22000  0.674284E-24
  4.23000  0.516626E-24
  4.24000  0.392817E-24
  4.25000  0.296621E-24
  4.26000  0.117564E-24
  4.27000  0.875193E-25
  4.28000  0.645889E-25
  4.29000  0.470605E-25
  4.30000  0.336565E-25
  4.31000  0.236320E-25
  4.32000  0.163958E-25
  4.33000  0.118186E-25
  4.34000  0.100843E-25
  4.35000  0.849900E-26
  4.36000  0.393450E-26
  4.37000  0.310108E-26
  4.38000  0.233098E-26
  4.39000  0.166009E-26
  4.40000  0.110902E-26
  4.41000  0.685718E-27
  4.42000  0.389886E-27
  4.43000  0.205469E-27
  4.44000  0.102248E-27
  4.45000  0.492945E-28
  4.46000  0.108133E-28
  4.47000  0.521367E-29
  4.48000  0.325830E-29
  4.49000  0.219102E-29
  4.50000  0.149642E-29
  4.51000  0.103186E-29
  4.52000  0.000000E+00
  4.53000  0.000000E+00
  4.54000  0.000000E+00
  4.55000  0.000000E+00
  4.56000  0.000000E+00
  4.57000  0.000000E+00
  4.58000  0.000000E+00
  4.59000  0.000000E+00
  4.60000  0.000000E+00
  4.61000  0.000000E+00
  4.62000  0.000000E+00
  4.63000  0.000000E+00
  4.64000  0.000000E+00
  4.65000  0.000000E+00
  4.66000  0.000000E+00
  4.67000  0.000000E+00
  4.68000  0.000000E+00
  4.69000  0.000000E+00
  4.70000  0.000000E+00
  4.71000  0.000000E+00
  4.72000  0.000000E+00
  4.73000  0.000000E+00
  4.74000  0.000000E+00
  4.75000  0.000000E+00
  4.76000  0.000000E+00
  4.77000  0.000000E+00
  4.78000  0.000000E+00
  4.79000  0.000000E+00
  4.80000  0.000000E+00
  4.81000  0.000000E+00
  4.82000  0.000000E+00
  4.83000  0.000000E+00
  4.84000  0.000000E+00
  4.85000  0.000000E+00
  4.86000  0.000000E+00
  4.87000  0.000000E+00
  4.88000  0.000000E+00
  4.89000  0.000000E+00
  4.90000  0.000000E+00
  4.91000  0.000000E+00
  4.92000  0.000000E+00
  4.93000  0.000000E+00
  4.94000  0.000000E+00
  4.95000  0.000000E+00
  4.96000  0.000000E+00
  4.97000  0.000000E+00
  4.98000  0.000000E+00
  4.99000  0.000000E+00
  5.00000  0.000000E+00
  5.01000  0.000000E+00
  5.02000  0.000000E+00
  5.03000  0.000000E+00
  5.04000  0.000000E+00
  5.05000  0.000000E+00
  5.06000  0.000000E+00
  5.07000  0.000000E+00
  5.08000  0.000000E+00
  5.09000  0.000000E+00
  5.10000  0.000000E+00
  5.11000  0.000000E+00
  5.12000  0.000000E+00
  5.13000  0.000000E+00
  5.14000  0.000000E+00
  5.15000  0.000000E+00
  5.16000  0.000000E+00
  5.17000  0.000000E+00
  5.18000  0.000000E+00
  5.19000  0.000000E+00
  5.20000  0.000000E+00
  5.21000  0.000000E+00
  5.22000  0.000000E+00
  5.23000  0.000000E+00
  5.24000  0.000000E+00
  5.25000  0.000000E+00
  5.26000  0.000000E+00
  5.27000  0.000000E+00
  5.28000  0.000000E+00
  5.29000  0.000000E+00
  5.30000  0.000000E+00
  5.31000  0.000000E+00
  5.32000  0.000000E+00
  5.33000  0.000000E+00
  5.34000  0.000000E+00
  5.35000  0.000000E+00
  5.36000  0.000000E+00
  5.37000  0.000000E+00
  5.38000  0.000000E+00
  5.39000  0.000000E+00
  5.40000  0.000000E+00
  5.41000  0.000000E+00
  5.42000  0.000000E+00
  5.43000  0.000000E+00
  5.44000  0.000000E+00
  5.45000  0.000000E+00
  5.46000  0.000000E+00
  5.47000  0.000000E+00
  5.48000  0.000000E+00
  5.49000  0.000000E+00
  5.50000  0.000000E+00
  5.51000  0.000000E+00
  5.52000  0.000000E+00
  5.53000  0.000000E+00
  5.54000  0.000000E+00
  5.55000  0.000000E+00
  5.56000  0.000000E+00
  5.57000  0.000000E+00
  5.58000  0.000000E+00
  5.59000  0.000000E+00
  5.60000  0.000000E+00
  5.61000  0.000000E+00
  5.62000  0.000000E+00
  5.63000  0.000000E+00
  5.64000  0.000000E+00
  5.65000  0.000000E+00
  5.66000  0.000000E+00
  5.67000  0.000000E+00
  5.68000  0.000000E+00
  5.69000  0.000000E+00
  5.70000  0.000000E+00
  5.71000  0.000000E+00
  5.72000  0.000000E+00
  5.73000  0.000000E+00
  5.74000  0.000000E+00
  5.75000  0.000000E+00
  5.76000  0.000000E+00
  5.77000  0.000000E+00
  5.78000  0.000000E+00
  5.79000  0.000000E+00
  5.80000  0.000000E+00
  5.81000  0.000000E+00
  5.82000  0.000000E+00
  5.83000  0.000000E+00
  5.84000  0.000000E+00
  5.85000  0.000000E+00
  5.86000  0.000000E+00
  5.87000  0.000000E+00
  5.88000  0.000000E+00
  5.89000  0.000000E+00
  5.90000  0.000000E+00
  5.91000  0.000000E+00
  5.92000  0.000000E+00
  5.93000  0.000000E+00
  5.94000  0.000000E+00
  5.95000  0.000000E+00
  5.96000  0.000000E+00
  5.97000  0.000000E+00
  5.98000  0.000000E+00
  5.99000  0.000000E+00
  6.00000  0.000000E+00
  6.20000  0.000000E+00
  6.40000  0.000000E+00
  6.60000  0.000000E+00
  6.80000  0.000000E+00
  7.00000  0.000000E+00
