  0.00000  0.000000E+00
  0.01000  0.000000E+00
  0.02000  0.000000E+00
  0.03000  0.000000E+00
  0.04000  0.000000E+00
  0.05000  0.000000E+00
  0.06000  0.000000E+00
  0.07000  0.000000E+00
  0.08000  0.000000E+00
  0.09000  0.000000E+00
  0.10000  0.261046E-29
  0.11000  0.492786E-29
  0.12000  0.986745E-29
  0.13000  0.243659E-28
  0.14000  0.633426E-28
  0.15000  0.130243E-27
  0.16000  0.203480E-27
  0.17000  0.305262E-27
  0.18000  0.455525E-27
  0.19000  0.120276E-26
  0.20000  0.378239E-26
  0.21000  0.122235E-25
  0.22000  0.370780E-25
  0.23000  0.102951E-24
  0.24000  0.263323E-24
  0.25000  0.722122E-24
  0.26000  0.197973E-23
  0.27000  0.517486E-23
  0.28000  0.156427E-22
  0.29000  0.469978E-22
  0.30000  0.143761E-21
  0.31000  0.436180E-21
  0.32000  0.123503E-20
  0.33000  0.347331E-20
  0.34000  0.906577E-20
  0.35000  0.211459E-19
  0.36000  0.502978E-19
  0.37000  0.123474E-18
  0.38000  0.289938E-18
  0.39000  0.749292E-18
  0.40000  0.205004E-17
  0.41000  0.577286E-17
  0.42000  0.169771E-16
  0.43000  0.465124E-16
  0.44000  0.125921E-15
  0.45000  0.361283E-15
  0.46000  0.964040E-15
  0.47000  0.249677E-14
  0.48000  0.683852E-14
  0.49000  0.207131E-13
  0.50000  0.637184E-13
  0.51000  0.222757E-12
  0.52000  0.772438E-12
  0.53000  0.277251E-11
  0.54000  0.111515E-10
  0.55000  0.400160E-10
  0.56000  0.119162E-09
  0.57000  0.350914E-09
  0.58000  0.101880E-08
  0.59000  0.293360E-08
  0.60000  0.803914E-08
  0.61000  0.200081E-07
  0.62000  0.475756E-07
  0.63000  0.114042E-06
  0.64000  0.275423E-06
  0.65000  0.622203E-06
  0.66000  0.136617E-05
  0.67000  0.334475E-05
  0.68000  0.850527E-05
  0.69000  0.186545E-04
  0.70000  0.386368E-04
  0.71000  0.818882E-04
  0.72000  0.162591E-03
  0.73000  0.311000E-03
  0.74000  0.562402E-03
  0.75000  0.911934E-03
  0.76000  0.134481E-02
  0.77000  0.188799E-02
  0.78000  0.264869E-02
  0.79000  0.366131E-02
  0.80000  0.502519E-02
  0.81000  0.665646E-02
  0.82000  0.802026E-02
  0.83000  0.870572E-02
  0.84000  0.901939E-02
  0.85000  0.898392E-02
  0.86000  0.823702E-02
  0.87000  0.688951E-02
  0.88000  0.514293E-02
  0.89000  0.448615E-02
  0.90000  0.627946E-02
  0.91000  0.868856E-02
  0.92000  0.108522E-01
  0.93000  0.130184E-01
  0.94000  0.154494E-01
  0.95000  0.171235E-01
  0.96000  0.183890E-01
  0.97000  0.200043E-01
  0.98000  0.219665E-01
  0.99000  0.234341E-01
  1.00000  0.237186E-01
  1.01000  0.238409E-01
  1.02000  0.257359E-01
  1.03000  0.328886E-01
  1.04000  0.416096E-01
  1.05000  0.523490E-01
  1.06000  0.644414E-01
  1.07000  0.781497E-01
  1.08000  0.950805E-01
  1.09000  0.117872E+00
  1.10000  0.159899E+00
  1.11000  0.215512E+00
  1.12000  0.280309E+00
  1.13000  0.341443E+00
  1.14000  0.396123E+00
  1.15000  0.447055E+00
  1.16000  0.527878E+00
  1.17000  0.589241E+00
  1.18000  0.638248E+00
  1.19000  0.661988E+00
  1.20000  0.660929E+00
  1.21000  0.645706E+00
  1.22000  0.722069E+00
  1.23000  0.810582E+00
  1.24000  0.891442E+00
  1.25000  0.958586E+00
  1.26000  0.997977E+00
  1.27000  0.998783E+00
  1.28000  0.971302E+00
  1.29000  0.926586E+00
  1.30000  0.863644E+00
  1.31000  0.809843E+00
  1.32000  0.806928E+00
  1.33000  0.795155E+00
  1.34000  0.778675E+00
  1.35000  0.794980E+00
  1.36000  0.800588E+00
  1.37000  0.812555E+00
  1.38000  0.908209E+00
  1.39000  0.972611E+00
  1.40000  0.100000E+01
  1.41000  0.984750E+00
  1.42000  0.917506E+00
  1.43000  0.803387E+00
  1.44000  0.672340E+00
  1.45000  0.572961E+00
  1.46000  0.560864E+00
  1.47000  0.532058E+00
  1.48000  0.482094E+00
  1.49000  0.420697E+00
  1.50000  0.362966E+00
  1.51000  0.314653E+00
  1.52000  0.273577E+00
  1.53000  0.239360E+00
  1.54000  0.211664E+00
  1.55000  0.186936E+00
  1.56000  0.161070E+00
  1.57000  0.141370E+00
  1.58000  0.132895E+00
  1.59000  0.125860E+00
  1.60000  0.120947E+00
  1.61000  0.117110E+00
  1.62000  0.113007E+00
  1.63000  0.108092E+00
  1.64000  0.102257E+00
  1.65000  0.970890E-01
  1.66000  0.988300E-01
  1.67000  0.100844E+00
  1.68000  0.104851E+00
  1.69000  0.110169E+00
  1.70000  0.113951E+00
  1.71000  0.113961E+00
  1.72000  0.109989E+00
  1.73000  0.103052E+00
  1.74000  0.942782E-01
  1.75000  0.841508E-01
  1.76000  0.866118E-01
  1.77000  0.935584E-01
  1.78000  0.100785E+00
  1.79000  0.107549E+00
  1.80000  0.112123E+00
  1.81000  0.113742E+00
  1.82000  0.113569E+00
  1.83000  0.111976E+00
  1.84000  0.107634E+00
  1.85000  0.100053E+00
  1.86000  0.908483E-01
  1.87000  0.826918E-01
  1.88000  0.768564E-01
  1.89000  0.728291E-01
  1.90000  0.692777E-01
  1.91000  0.651430E-01
  1.92000  0.706575E-01
  1.93000  0.802205E-01
  1.94000  0.905497E-01
  1.95000  0.100775E+00
  1.96000  0.109592E+00
  1.97000  0.116276E+00
  1.98000  0.123567E+00
  1.99000  0.134108E+00
  2.00000  0.146209E+00
  2.01000  0.156583E+00
  2.02000  0.163805E+00
  2.03000  0.165928E+00
  2.04000  0.160052E+00
  2.05000  0.146852E+00
  2.06000  0.135890E+00
  2.07000  0.130966E+00
  2.08000  0.123924E+00
  2.09000  0.116208E+00
  2.10000  0.107769E+00
  2.11000  0.980222E-01
  2.12000  0.872047E-01
  2.13000  0.820116E-01
  2.14000  0.786304E-01
  2.15000  0.766280E-01
  2.16000  0.737705E-01
  2.17000  0.676090E-01
  2.18000  0.582077E-01
  2.19000  0.477510E-01
  2.20000  0.383121E-01
  2.21000  0.306571E-01
  2.22000  0.244852E-01
  2.23000  0.193087E-01
  2.24000  0.149892E-01
  2.25000  0.122446E-01
  2.26000  0.106255E-01
  2.27000  0.909847E-02
  2.28000  0.768467E-02
  2.29000  0.641537E-02
  2.30000  0.530699E-02
  2.31000  0.436310E-02
  2.32000  0.357853E-02
  2.33000  0.294146E-02
  2.34000  0.243428E-02
  2.35000  0.203226E-02
  2.36000  0.170717E-02
  2.37000  0.143463E-02
  2.38000  0.120014E-02
  2.39000  0.100020E-02
  2.40000  0.833378E-03
  2.41000  0.695626E-03
  2.42000  0.580806E-03
  2.43000  0.483596E-03
  2.44000  0.427558E-03
  2.45000  0.404303E-03
  2.46000  0.379474E-03
  2.47000  0.353835E-03
  2.48000  0.327922E-03
  2.49000  0.302695E-03
  2.50000  0.278722E-03
  2.51000  0.257347E-03
  2.52000  0.239271E-03
  2.53000  0.222651E-03
  2.54000  0.207966E-03
  2.55000  0.194259E-03
  2.56000  0.175094E-03
  2.57000  0.148012E-03
  2.58000  0.119318E-03
  2.59000  0.955527E-04
  2.60000  0.783669E-04
  2.61000  0.667665E-04
  2.62000  0.616711E-04
  2.63000  0.567088E-04
  2.64000  0.518717E-04
  2.65000  0.478512E-04
  2.66000  0.452865E-04
  2.67000  0.429626E-04
  2.68000  0.414683E-04
  2.69000  0.396440E-04
  2.70000  0.376565E-04
  2.71000  0.355336E-04
  2.72000  0.332697E-04
  2.73000  0.308913E-04
  2.74000  0.285049E-04
  2.75000  0.266222E-04
  2.76000  0.289132E-04
  2.77000  0.323510E-04
  2.78000  0.372384E-04
  2.79000  0.436525E-04
  2.80000  0.514513E-04
  2.81000  0.604618E-04
  2.82000  0.704848E-04
  2.83000  0.815549E-04
  2.84000  0.940813E-04
  2.85000  0.108341E-03
  2.86000  0.123470E-03
  2.87000  0.139247E-03
  2.88000  0.153804E-03
  2.89000  0.165860E-03
  2.90000  0.174987E-03
  2.91000  0.181426E-03
  2.92000  0.185455E-03
  2.93000  0.187089E-03
  2.94000  0.186545E-03
  2.95000  0.183897E-03
  2.96000  0.177992E-03
  2.97000  0.170658E-03
  2.98000  0.161431E-03
  2.99000  0.150707E-03
  3.00000  0.138881E-03
  3.01000  0.126633E-03
  3.02000  0.114418E-03
  3.03000  0.102533E-03
  3.04000  0.910338E-04
  3.05000  0.800491E-04
  3.06000  0.695266E-04
  3.07000  0.608940E-04
  3.08000  0.562258E-04
  3.09000  0.537377E-04
  3.10000  0.517045E-04
  3.11000  0.499727E-04
  3.12000  0.482173E-04
  3.13000  0.460682E-04
  3.14000  0.431473E-04
  3.15000  0.394463E-04
  3.16000  0.348610E-04
  3.17000  0.306693E-04
  3.18000  0.266952E-04
  3.19000  0.230543E-04
  3.20000  0.198072E-04
  3.21000  0.169361E-04
  3.22000  0.143856E-04
  3.23000  0.121503E-04
  3.24000  0.102341E-04
  3.25000  0.863244E-05
  3.26000  0.715791E-05
  3.27000  0.605048E-05
  3.28000  0.469504E-05
  3.29000  0.479885E-05
  3.30000  0.484379E-05
  3.31000  0.481824E-05
  3.32000  0.472696E-05
  3.33000  0.458308E-05
  3.34000  0.440418E-05
  3.35000  0.420048E-05
  3.36000  0.382913E-05
  3.37000  0.183132E-05
  3.38000  0.179958E-05
  3.39000  0.175020E-05
  3.40000  0.465082E-06
  3.41000  0.460169E-06
  3.42000  0.454091E-06
  3.43000  0.427544E-08
  3.44000  0.444421E-08
  3.45000  0.501602E-08
  3.46000  0.529912E-08
  3.47000  0.588831E-08
  3.48000  0.641290E-08
  3.49000  0.683032E-08
  3.50000  0.712254E-08
  3.51000  0.730505E-08
  3.52000  0.741094E-08
  3.53000  0.673357E-09
  3.54000  0.706836E-09
  3.55000  0.733476E-09
  3.56000  0.697999E-09
  3.57000  0.704015E-09
  3.58000  0.178628E-10
  3.59000  0.176300E-10
  3.60000  0.173731E-10
  3.61000  0.171113E-10
  3.62000  0.169535E-10
  3.63000  0.329216E-11
  3.64000  0.321439E-11
  3.65000  0.310168E-11
  3.66000  0.381665E-12
  3.67000  0.447752E-12
  3.68000  0.526045E-12
  3.69000  0.618463E-12
  3.70000  0.221785E-13
  3.71000  0.288578E-13
  3.72000  0.375314E-13
  3.73000  0.486825E-13
  3.74000  0.625351E-13
  3.75000  0.787858E-13
  3.76000  0.394131E-13
  3.77000  0.478171E-13
  3.78000  0.491453E-14
  3.79000  0.621976E-14
  3.80000  0.804479E-14
  3.81000  0.388412E-14
  3.82000  0.484009E-14
  3.83000  0.599925E-14
  3.84000  0.110360E-15
  3.85000  0.111292E-15
  3.86000  0.109439E-15
  3.87000  0.123584E-15
  3.88000  0.479317E-16
  3.89000  0.593864E-16
  3.90000  0.721055E-16
  3.91000  0.234486E-16
  3.92000  0.276382E-16
  3.93000  0.323758E-16
  3.94000  0.377765E-16
  3.95000  0.440042E-16
  3.96000  0.463802E-16
  3.97000  0.540453E-16
  3.98000  0.687380E-19
  3.99000  0.815393E-19
  4.00000  0.975351E-19
  4.01000  0.118242E-18
  4.02000  0.145647E-18
  4.03000  0.182080E-18
  4.04000  0.229528E-18
  4.05000  0.289683E-18
  4.06000  0.553735E-19
  4.07000  0.646347E-19
  4.08000  0.184127E-19
  4.09000  0.226345E-19
  4.10000  0.276557E-19
  4.11000  0.337067E-19
  4.12000  0.353175E-20
  4.13000  0.400532E-20
  4.14000  0.452997E-20
  4.15000  0.381162E-21
  4.16000  0.375503E-21
  4.17000  0.410468E-21
  4.18000  0.445508E-21
  4.19000  0.481191E-21
  4.20000  0.125085E-21
  4.21000  0.321210E-22
  4.22000  0.359337E-22
  4.23000  0.422161E-22
  4.24000  0.507626E-22
  4.25000  0.606200E-22
  4.26000  0.686664E-22
  4.27000  0.782441E-22
  4.28000  0.864772E-22
  4.29000  0.932071E-22
  4.30000  0.994538E-22
  4.31000  0.343580E-24
  4.32000  0.334236E-24
  4.33000  0.297368E-25
  4.34000  0.111889E-25
  4.35000  0.785651E-26
  4.36000  0.553678E-26
  4.37000  0.468001E-26
  4.38000  0.401531E-26
  4.39000  0.355527E-26
  4.40000  0.328514E-26
  4.41000  0.320440E-26
  4.42000  0.222876E-27
  4.43000  0.249642E-27
  4.44000  0.241939E-27
  4.45000  0.312518E-27
  4.46000  0.302168E-27
  4.47000  0.431690E-27
  4.48000  0.217530E-28
  4.49000  0.305366E-28
  4.50000  0.429710E-28
  4.51000  0.220952E-28
  4.52000  0.311960E-28
  4.53000  0.431353E-28
  4.54000  0.151152E-28
  4.55000  0.000000E+00
  4.56000  0.111056E-29
  4.57000  0.157047E-29
  4.58000  0.209983E-29
  4.59000  0.263131E-29
  4.60000  0.307525E-29
  4.61000  0.335492E-29
  4.62000  0.344699E-29
  4.63000  0.000000E+00
  4.64000  0.111017E-29
  4.65000  0.412233E-29
  4.66000  0.000000E+00
  4.67000  0.000000E+00
  4.68000  0.000000E+00
  4.69000  0.000000E+00
  4.70000  0.000000E+00
  4.71000  0.000000E+00
  4.72000  0.000000E+00
  4.73000  0.000000E+00
  4.74000  0.000000E+00
  4.75000  0.000000E+00
  4.76000  0.000000E+00
  4.77000  0.000000E+00
  4.78000  0.000000E+00
  4.79000  0.000000E+00
  4.80000  0.000000E+00
  4.81000  0.000000E+00
  4.82000  0.000000E+00
  4.83000  0.000000E+00
  4.84000  0.000000E+00
  4.85000  0.000000E+00
  4.86000  0.000000E+00
  4.87000  0.000000E+00
  4.88000  0.000000E+00
  4.89000  0.000000E+00
  4.90000  0.000000E+00
  4.91000  0.000000E+00
  4.92000  0.000000E+00
  4.93000  0.000000E+00
  4.94000  0.000000E+00
  4.95000  0.000000E+00
  4.96000  0.000000E+00
  4.97000  0.000000E+00
  4.98000  0.000000E+00
  4.99000  0.000000E+00
  5.00000  0.000000E+00
  5.01000  0.000000E+00
  5.02000  0.000000E+00
  5.03000  0.000000E+00
  5.04000  0.000000E+00
  5.05000  0.000000E+00
  5.06000  0.000000E+00
  5.07000  0.000000E+00
  5.08000  0.000000E+00
  5.09000  0.000000E+00
  5.10000  0.000000E+00
  5.11000  0.000000E+00
  5.12000  0.000000E+00
  5.13000  0.000000E+00
  5.14000  0.000000E+00
  5.15000  0.000000E+00
  5.16000  0.000000E+00
  5.17000  0.000000E+00
  5.18000  0.000000E+00
  5.19000  0.000000E+00
  5.20000  0.000000E+00
  5.21000  0.000000E+00
  5.22000  0.000000E+00
  5.23000  0.000000E+00
  5.24000  0.000000E+00
  5.25000  0.000000E+00
  5.26000  0.000000E+00
  5.27000  0.000000E+00
  5.28000  0.000000E+00
  5.29000  0.000000E+00
  5.30000  0.000000E+00
  5.31000  0.000000E+00
  5.32000  0.000000E+00
  5.33000  0.000000E+00
  5.34000  0.000000E+00
  5.35000  0.000000E+00
  5.36000  0.000000E+00
  5.37000  0.000000E+00
  5.38000  0.000000E+00
  5.39000  0.000000E+00
  5.40000  0.000000E+00
  5.41000  0.000000E+00
  5.42000  0.000000E+00
  5.43000  0.000000E+00
  5.44000  0.000000E+00
  5.45000  0.000000E+00
  5.46000  0.000000E+00
  5.47000  0.000000E+00
  5.48000  0.000000E+00
  5.49000  0.000000E+00
  5.50000  0.000000E+00
  5.51000  0.000000E+00
  5.52000  0.000000E+00
  5.53000  0.000000E+00
  5.54000  0.000000E+00
  5.55000  0.000000E+00
  5.56000  0.000000E+00
  5.57000  0.000000E+00
  5.58000  0.000000E+00
  5.59000  0.000000E+00
  5.60000  0.000000E+00
  5.61000  0.000000E+00
  5.62000  0.000000E+00
  5.63000  0.000000E+00
  5.64000  0.000000E+00
  5.65000  0.000000E+00
  5.66000  0.000000E+00
  5.67000  0.000000E+00
  5.68000  0.000000E+00
  5.69000  0.000000E+00
  5.70000  0.000000E+00
  5.71000  0.000000E+00
  5.72000  0.000000E+00
  5.73000  0.000000E+00
  5.74000  0.000000E+00
  5.75000  0.000000E+00
  5.76000  0.000000E+00
  5.77000  0.000000E+00
  5.78000  0.000000E+00
  5.79000  0.000000E+00
  5.80000  0.000000E+00
  5.81000  0.000000E+00
  5.82000  0.000000E+00
  5.83000  0.000000E+00
  5.84000  0.000000E+00
  5.85000  0.000000E+00
  5.86000  0.000000E+00
  5.87000  0.000000E+00
  5.88000  0.000000E+00
  5.89000  0.000000E+00
  5.90000  0.000000E+00
  5.91000  0.000000E+00
  5.92000  0.000000E+00
  5.93000  0.000000E+00
  5.94000  0.000000E+00
  5.95000  0.000000E+00
  5.96000  0.000000E+00
  5.97000  0.000000E+00
  5.98000  0.000000E+00
  5.99000  0.000000E+00
  6.00000  0.000000E+00
  6.20000  0.000000E+00
  6.40000  0.000000E+00
  6.60000  0.000000E+00
  6.80000  0.000000E+00
  7.00000  0.000000E+00
