  0.00000  0.000000E+00
  0.01000  0.000000E+00
  0.02000  0.133052E-19
  0.03000  0.701866E-11
  0.04000  0.116983E-07
  0.05000  0.238553E-07
  0.06000  0.737665E-07
  0.07000  0.166694E-06
  0.08000  0.220880E-06
  0.09000  0.198801E-06
  0.10000  0.750734E-07
  0.11000  0.466236E-07
  0.12000  0.538963E-07
  0.13000  0.784440E-07
  0.14000  0.199680E-06
  0.15000  0.930451E-06
  0.16000  0.217014E-05
  0.17000  0.314764E-05
  0.18000  0.388640E-05
  0.19000  0.375046E-05
  0.20000  0.322137E-05
  0.21000  0.315530E-05
  0.22000  0.363762E-05
  0.23000  0.383471E-05
  0.24000  0.404686E-05
  0.25000  0.430474E-05
  0.26000  0.425608E-05
  0.27000  0.404570E-05
  0.28000  0.298240E-05
  0.29000  0.232214E-05
  0.30000  0.229454E-05
  0.31000  0.240838E-05
  0.32000  0.240065E-05
  0.33000  0.244792E-05
  0.34000  0.246992E-05
  0.35000  0.207778E-05
  0.36000  0.160175E-05
  0.37000  0.106553E-05
  0.38000  0.739545E-06
  0.39000  0.722639E-06
  0.40000  0.780530E-06
  0.41000  0.787373E-06
  0.42000  0.761658E-06
  0.43000  0.727052E-06
  0.44000  0.578101E-06
  0.45000  0.527917E-06
  0.46000  0.643208E-06
  0.47000  0.758474E-06
  0.48000  0.878336E-06
  0.49000  0.100327E-05
  0.50000  0.114079E-05
  0.51000  0.131603E-05
  0.52000  0.155756E-05
  0.53000  0.184050E-05
  0.54000  0.210625E-05
  0.55000  0.236099E-05
  0.56000  0.262718E-05
  0.57000  0.287807E-05
  0.58000  0.309955E-05
  0.59000  0.324129E-05
  0.60000  0.328542E-05
  0.61000  0.343865E-05
  0.62000  0.376625E-05
  0.63000  0.792422E-05
  0.64000  0.264914E-04
  0.65000  0.306364E-04
  0.66000  0.230431E-04
  0.67000  0.171797E-04
  0.68000  0.969545E-05
  0.69000  0.102224E-04
  0.70000  0.121328E-04
  0.71000  0.146831E-04
  0.72000  0.175650E-04
  0.73000  0.225238E-04
  0.74000  0.309993E-04
  0.75000  0.427724E-04
  0.76000  0.555264E-04
  0.77000  0.696452E-04
  0.78000  0.867877E-04
  0.79000  0.105039E-03
  0.80000  0.119829E-03
  0.81000  0.135700E-03
  0.82000  0.160346E-03
  0.83000  0.199405E-03
  0.84000  0.249329E-03
  0.85000  0.300393E-03
  0.86000  0.357511E-03
  0.87000  0.429664E-03
  0.88000  0.522904E-03
  0.89000  0.626869E-03
  0.90000  0.721277E-03
  0.91000  0.807491E-03
  0.92000  0.891782E-03
  0.93000  0.941318E-03
  0.94000  0.956168E-03
  0.95000  0.962138E-03
  0.96000  0.971106E-03
  0.97000  0.100646E-02
  0.98000  0.111887E-02
  0.99000  0.129339E-02
  1.00000  0.150035E-02
  1.01000  0.173889E-02
  1.02000  0.203238E-02
  1.03000  0.232917E-02
  1.04000  0.258591E-02
  1.05000  0.277219E-02
  1.06000  0.285436E-02
  1.07000  0.286805E-02
  1.08000  0.294141E-02
  1.09000  0.312912E-02
  1.10000  0.339257E-02
  1.11000  0.382987E-02
  1.12000  0.487059E-02
  1.13000  0.784350E-02
  1.14000  0.131380E-01
  1.15000  0.176212E-01
  1.16000  0.209865E-01
  1.17000  0.240976E-01
  1.18000  0.268670E-01
  1.19000  0.292975E-01
  1.20000  0.312888E-01
  1.21000  0.322236E-01
  1.22000  0.321286E-01
  1.23000  0.314210E-01
  1.24000  0.301436E-01
  1.25000  0.286253E-01
  1.26000  0.273499E-01
  1.27000  0.263926E-01
  1.28000  0.255197E-01
  1.29000  0.244103E-01
  1.30000  0.230520E-01
  1.31000  0.216166E-01
  1.32000  0.201791E-01
  1.33000  0.187593E-01
  1.34000  0.174663E-01
  1.35000  0.161204E-01
  1.36000  0.144232E-01
  1.37000  0.155503E-01
  1.38000  0.175498E-01
  1.39000  0.196465E-01
  1.40000  0.213160E-01
  1.41000  0.221667E-01
  1.42000  0.224743E-01
  1.43000  0.231194E-01
  1.44000  0.239812E-01
  1.45000  0.251976E-01
  1.46000  0.269319E-01
  1.47000  0.289857E-01
  1.48000  0.308266E-01
  1.49000  0.322211E-01
  1.50000  0.336841E-01
  1.51000  0.352677E-01
  1.52000  0.363586E-01
  1.53000  0.366320E-01
  1.54000  0.359332E-01
  1.55000  0.333606E-01
  1.56000  0.274263E-01
  1.57000  0.174514E-01
  1.58000  0.932584E-02
  1.59000  0.958894E-02
  1.60000  0.106627E-01
  1.61000  0.117515E-01
  1.62000  0.129006E-01
  1.63000  0.140849E-01
  1.64000  0.153149E-01
  1.65000  0.165303E-01
  1.66000  0.176812E-01
  1.67000  0.188757E-01
  1.68000  0.200591E-01
  1.69000  0.209786E-01
  1.70000  0.215830E-01
  1.71000  0.220517E-01
  1.72000  0.225578E-01
  1.73000  0.231918E-01
  1.74000  0.239847E-01
  1.75000  0.249814E-01
  1.76000  0.263850E-01
  1.77000  0.282404E-01
  1.78000  0.303278E-01
  1.79000  0.324228E-01
  1.80000  0.345682E-01
  1.81000  0.369839E-01
  1.82000  0.433306E-01
  1.83000  0.510517E-01
  1.84000  0.567244E-01
  1.85000  0.610010E-01
  1.86000  0.659339E-01
  1.87000  0.734844E-01
  1.88000  0.831114E-01
  1.89000  0.903262E-01
  1.90000  0.928182E-01
  1.91000  0.937028E-01
  1.92000  0.949585E-01
  1.93000  0.969479E-01
  1.94000  0.102484E+00
  1.95000  0.107431E+00
  1.96000  0.116276E+00
  1.97000  0.125144E+00
  1.98000  0.136779E+00
  1.99000  0.151807E+00
  2.00000  0.168974E+00
  2.01000  0.188432E+00
  2.02000  0.210497E+00
  2.03000  0.235165E+00
  2.04000  0.267329E+00
  2.05000  0.306378E+00
  2.06000  0.351315E+00
  2.07000  0.401944E+00
  2.08000  0.457898E+00
  2.09000  0.518029E+00
  2.10000  0.579923E+00
  2.11000  0.640438E+00
  2.12000  0.696636E+00
  2.13000  0.747756E+00
  2.14000  0.795713E+00
  2.15000  0.839140E+00
  2.16000  0.878482E+00
  2.17000  0.911784E+00
  2.18000  0.939605E+00
  2.19000  0.962725E+00
  2.20000  0.982240E+00
  2.21000  0.996253E+00
  2.22000  0.100000E+01
  2.23000  0.996709E+00
  2.24000  0.993481E+00
  2.25000  0.992140E+00
  2.26000  0.992756E+00
  2.27000  0.992037E+00
  2.28000  0.988888E+00
  2.29000  0.982268E+00
  2.30000  0.970837E+00
  2.31000  0.953342E+00
  2.32000  0.929734E+00
  2.33000  0.900328E+00
  2.34000  0.866478E+00
  2.35000  0.829311E+00
  2.36000  0.789470E+00
  2.37000  0.746870E+00
  2.38000  0.701065E+00
  2.39000  0.653640E+00
  2.40000  0.605922E+00
  2.41000  0.558653E+00
  2.42000  0.513008E+00
  2.43000  0.469076E+00
  2.44000  0.425700E+00
  2.45000  0.385194E+00
  2.46000  0.367883E+00
  2.47000  0.352196E+00
  2.48000  0.336475E+00
  2.49000  0.319591E+00
  2.50000  0.301389E+00
  2.51000  0.283145E+00
  2.52000  0.266260E+00
  2.53000  0.250505E+00
  2.54000  0.235056E+00
  2.55000  0.219455E+00
  2.56000  0.202982E+00
  2.57000  0.187536E+00
  2.58000  0.173900E+00
  2.59000  0.161286E+00
  2.60000  0.148374E+00
  2.61000  0.135271E+00
  2.62000  0.122319E+00
  2.63000  0.110037E+00
  2.64000  0.991603E-01
  2.65000  0.891910E-01
  2.66000  0.794610E-01
  2.67000  0.711306E-01
  2.68000  0.636008E-01
  2.69000  0.568935E-01
  2.70000  0.509814E-01
  2.71000  0.458295E-01
  2.72000  0.413409E-01
  2.73000  0.373702E-01
  2.74000  0.340300E-01
  2.75000  0.304787E-01
  2.76000  0.271380E-01
  2.77000  0.243497E-01
  2.78000  0.217913E-01
  2.79000  0.194455E-01
  2.80000  0.173064E-01
  2.81000  0.153728E-01
  2.82000  0.139939E-01
  2.83000  0.129294E-01
  2.84000  0.118972E-01
  2.85000  0.109157E-01
  2.86000  0.987900E-02
  2.87000  0.900158E-02
  2.88000  0.812418E-02
  2.89000  0.721843E-02
  2.90000  0.630528E-02
  2.91000  0.543168E-02
  2.92000  0.463198E-02
  2.93000  0.392448E-02
  2.94000  0.331534E-02
  2.95000  0.280130E-02
  2.96000  0.233754E-02
  2.97000  0.198467E-02
  2.98000  0.169117E-02
  2.99000  0.144345E-02
  3.00000  0.122997E-02
  3.01000  0.104308E-02
  3.02000  0.877812E-03
  3.03000  0.731832E-03
  3.04000  0.604460E-03
  3.05000  0.495998E-03
  3.06000  0.396879E-03
  3.07000  0.326370E-03
  3.08000  0.271525E-03
  3.09000  0.229598E-03
  3.10000  0.197728E-03
  3.11000  0.173012E-03
  3.12000  0.152833E-03
  3.13000  0.134946E-03
  3.14000  0.118037E-03
  3.15000  0.101790E-03
  3.16000  0.842586E-04
  3.17000  0.708617E-04
  3.18000  0.592729E-04
  3.19000  0.493881E-04
  3.20000  0.409051E-04
  3.21000  0.336446E-04
  3.22000  0.275067E-04
  3.23000  0.224180E-04
  3.24000  0.183269E-04
  3.25000  0.150741E-04
  3.26000  0.120105E-04
  3.27000  0.984024E-05
  3.28000  0.802077E-05
  3.29000  0.653594E-05
  3.30000  0.534986E-05
  3.31000  0.439921E-05
  3.32000  0.363181E-05
  3.33000  0.300240E-05
  3.34000  0.247389E-05
  3.35000  0.201919E-05
  3.36000  0.155068E-05
  3.37000  0.122945E-05
  3.38000  0.976781E-06
  3.39000  0.789085E-06
  3.40000  0.653457E-06
  3.41000  0.553617E-06
  3.42000  0.474884E-06
  3.43000  0.408488E-06
  3.44000  0.350911E-06
  3.45000  0.300439E-06
  3.46000  0.241879E-06
  3.47000  0.205689E-06
  3.48000  0.173940E-06
  3.49000  0.145097E-06
  3.50000  0.118052E-06
  3.51000  0.920230E-07
  3.52000  0.671690E-07
  3.53000  0.464066E-07
  3.54000  0.324246E-07
  3.55000  0.245738E-07
  3.56000  0.191726E-07
  3.57000  0.170122E-07
  3.58000  0.156058E-07
  3.59000  0.145131E-07
  3.60000  0.135035E-07
  3.61000  0.124674E-07
  3.62000  0.113998E-07
  3.63000  0.103402E-07
  3.64000  0.932557E-08
  3.65000  0.836901E-08
  3.66000  0.695221E-08
  3.67000  0.618156E-08
  3.68000  0.549932E-08
  3.69000  0.490758E-08
  3.70000  0.439527E-08
  3.71000  0.394881E-08
  3.72000  0.355805E-08
  3.73000  0.321376E-08
  3.74000  0.290394E-08
  3.75000  0.261310E-08
  3.76000  0.216482E-08
  3.77000  0.190592E-08
  3.78000  0.165049E-08
  3.79000  0.140146E-08
  3.80000  0.116295E-08
  3.81000  0.939685E-09
  3.82000  0.735670E-09
  3.83000  0.557899E-09
  3.84000  0.451153E-09
  3.85000  0.365914E-09
  3.86000  0.269982E-09
  3.87000  0.217008E-09
  3.88000  0.175116E-09
  3.89000  0.142184E-09
  3.90000  0.116102E-09
  3.91000  0.953005E-10
  3.92000  0.784248E-10
  3.93000  0.644935E-10
  3.94000  0.529701E-10
  3.95000  0.434751E-10
  3.96000  0.320729E-10
  3.97000  0.261836E-10
  3.98000  0.212895E-10
  3.99000  0.172469E-10
  4.00000  0.139547E-10
  4.01000  0.113131E-10
  4.02000  0.921862E-11
  4.03000  0.758405E-11
  4.04000  0.631140E-11
  4.05000  0.532306E-11
  4.06000  0.396394E-11
  4.07000  0.342364E-11
  4.08000  0.298969E-11
  4.09000  0.262854E-11
  4.10000  0.231464E-11
  4.11000  0.207015E-11
  4.12000  0.185711E-11
  4.13000  0.166255E-11
  4.14000  0.148515E-11
  4.15000  0.132140E-11
  4.16000  0.981753E-12
  4.17000  0.857293E-12
  4.18000  0.739547E-12
  4.19000  0.629549E-12
  4.20000  0.529111E-12
  4.21000  0.439903E-12
  4.22000  0.362990E-12
  4.23000  0.298369E-12
  4.24000  0.245469E-12
  4.25000  0.202723E-12
  4.26000  0.136837E-12
  4.27000  0.113296E-12
  4.28000  0.937569E-13
  4.29000  0.773261E-13
  4.30000  0.633991E-13
  4.31000  0.517029E-13
  4.32000  0.420738E-13
  4.33000  0.342212E-13
  4.34000  0.277919E-13
  4.35000  0.224766E-13
  4.36000  0.141324E-13
  4.37000  0.112645E-13
  4.38000  0.896735E-14
  4.39000  0.716138E-14
  4.40000  0.575809E-14
  4.41000  0.468126E-14
  4.42000  0.385660E-14
  4.43000  0.322263E-14
  4.44000  0.273482E-14
  4.45000  0.236307E-14
  4.46000  0.157491E-14
  4.47000  0.141029E-14
  4.48000  0.128675E-14
  4.49000  0.119418E-14
  4.50000  0.112192E-14
  4.51000  0.106170E-14
  4.52000  0.100801E-14
  4.53000  0.957898E-15
  4.54000  0.910111E-15
  4.55000  0.863651E-15
  4.56000  0.607429E-15
  4.57000  0.572367E-15
  4.58000  0.537349E-15
  4.59000  0.502856E-15
  4.60000  0.468939E-15
  4.61000  0.435202E-15
  4.62000  0.401643E-15
  4.63000  0.368443E-15
  4.64000  0.336009E-15
  4.65000  0.305095E-15
  4.66000  0.207278E-15
  4.67000  0.187985E-15
  4.68000  0.170916E-15
  4.69000  0.155920E-15
  4.70000  0.142768E-15
  4.71000  0.131094E-15
  4.72000  0.120550E-15
  4.73000  0.110811E-15
  4.74000  0.101814E-15
  4.75000  0.935496E-16
  4.76000  0.645207E-16
  4.77000  0.595127E-16
  4.78000  0.551315E-16
  4.79000  0.513463E-16
  4.80000  0.482196E-16
  4.81000  0.457096E-16
  4.82000  0.436811E-16
  4.83000  0.420738E-16
  4.84000  0.407506E-16
  4.85000  0.395436E-16
  4.86000  0.295238E-16
  4.87000  0.285396E-16
  4.88000  0.274634E-16
  4.89000  0.263464E-16
  4.90000  0.252133E-16
  4.91000  0.240576E-16
  4.92000  0.228575E-16
  4.93000  0.216380E-16
  4.94000  0.204387E-16
  4.95000  0.193206E-16
  4.96000  0.143716E-16
  4.97000  0.137623E-16
  4.98000  0.132529E-16
  4.99000  0.127823E-16
  5.00000  0.122870E-16
  5.01000  0.117116E-16
  5.02000  0.110354E-16
  5.03000  0.102659E-16
  5.04000  0.982008E-17
  5.05000  0.978850E-17
  5.06000  0.676937E-17
  5.07000  0.649019E-17
  5.08000  0.610770E-17
  5.09000  0.565409E-17
  5.10000  0.515659E-17
  5.11000  0.464185E-17
  5.12000  0.413452E-17
  5.13000  0.364362E-17
  5.14000  0.318259E-17
  5.15000  0.275867E-17
  5.16000  0.171268E-17
  5.17000  0.146856E-17
  5.18000  0.125176E-17
  5.19000  0.106592E-17
  5.20000  0.909194E-18
  5.21000  0.777915E-18
  5.22000  0.668866E-18
  5.23000  0.577016E-18
  5.24000  0.499155E-18
  5.25000  0.432263E-18
  5.26000  0.277496E-18
  5.27000  0.240823E-18
  5.28000  0.208722E-18
  5.29000  0.180594E-18
  5.30000  0.155987E-18
  5.31000  0.134221E-18
  5.32000  0.115007E-18
  5.33000  0.982516E-19
  5.34000  0.837692E-19
  5.35000  0.713467E-19
  5.36000  0.465752E-19
  5.37000  0.398421E-19
  5.38000  0.341542E-19
  5.39000  0.293748E-19
  5.40000  0.253483E-19
  5.41000  0.219663E-19
  5.42000  0.191452E-19
  5.43000  0.167918E-19
  5.44000  0.148319E-19
  5.45000  0.132095E-19
  5.46000  0.939425E-20
  5.47000  0.855509E-20
  5.48000  0.786839E-20
  5.49000  0.729254E-20
  5.50000  0.678231E-20
  5.51000  0.630850E-20
  5.52000  0.585211E-20
  5.53000  0.540443E-20
  5.54000  0.496938E-20
  5.55000  0.455303E-20
  5.56000  0.338330E-20
  5.57000  0.309306E-20
  5.58000  0.282640E-20
  5.59000  0.258020E-20
  5.60000  0.235141E-20
  5.61000  0.213687E-20
  5.62000  0.193577E-20
  5.63000  0.174930E-20
  5.64000  0.157778E-20
  5.65000  0.142217E-20
  5.66000  0.106835E-20
  5.67000  0.964625E-21
  5.68000  0.871837E-21
  5.69000  0.789408E-21
  5.70000  0.716230E-21
  5.71000  0.650776E-21
  5.72000  0.592622E-21
  5.73000  0.539837E-21
  5.74000  0.491842E-21
  5.75000  0.447751E-21
  5.76000  0.347234E-21
  5.77000  0.315392E-21
  5.78000  0.286231E-21
  5.79000  0.259664E-21
  5.80000  0.235907E-21
  5.81000  0.214893E-21
  5.82000  0.196288E-21
  5.83000  0.179843E-21
  5.84000  0.165165E-21
  5.85000  0.151995E-21
  5.86000  0.121666E-21
  5.87000  0.112193E-21
  5.88000  0.103444E-21
  5.89000  0.954126E-22
  5.90000  0.880490E-22
  5.91000  0.813533E-22
  5.92000  0.752179E-22
  5.93000  0.694700E-22
  5.94000  0.641741E-22
  5.95000  0.592623E-22
  5.96000  0.481263E-22
  5.97000  0.442770E-22
  5.98000  0.405341E-22
  5.99000  0.369864E-22
  6.00000  0.337085E-22
  6.20000  0.353688E-23
  6.40000  0.114628E-23
  6.60000  0.861854E-25
  6.80000  0.279647E-25
  7.00000  0.104464E-25
