  0.00000  0.000000E+00
  0.01000  0.276629E-09
  0.02000  0.204702E-09
  0.03000  0.847428E-10
  0.04000  0.493202E-10
  0.05000  0.165901E-10
  0.06000  0.148699E-07
  0.07000  0.335894E-06
  0.08000  0.935720E-06
  0.09000  0.678440E-06
  0.10000  0.120578E-07
  0.11000  0.477917E-10
  0.12000  0.997259E-11
  0.13000  0.624685E-10
  0.14000  0.719678E-09
  0.15000  0.636720E-08
  0.16000  0.859882E-08
  0.17000  0.387947E-08
  0.18000  0.535526E-09
  0.19000  0.264648E-09
  0.20000  0.151023E-09
  0.21000  0.164666E-10
  0.22000  0.126526E-11
  0.23000  0.947310E-12
  0.24000  0.643037E-12
  0.25000  0.138128E-12
  0.26000  0.399862E-13
  0.27000  0.409723E-14
  0.28000  0.223139E-14
  0.29000  0.379890E-15
  0.30000  0.507866E-16
  0.31000  0.858611E-17
  0.32000  0.139335E-17
  0.33000  0.150286E-17
  0.34000  0.228679E-17
  0.35000  0.144210E-17
  0.36000  0.104449E-17
  0.37000  0.468508E-18
  0.38000  0.260595E-18
  0.39000  0.112882E-17
  0.40000  0.416412E-17
  0.41000  0.808204E-17
  0.42000  0.444531E-17
  0.43000  0.260738E-17
  0.44000  0.218148E-17
  0.45000  0.780489E-18
  0.46000  0.400876E-18
  0.47000  0.157708E-18
  0.48000  0.783986E-19
  0.49000  0.866200E-19
  0.50000  0.408950E-19
  0.51000  0.210611E-19
  0.52000  0.177467E-19
  0.53000  0.168062E-19
  0.54000  0.227112E-19
  0.55000  0.227583E-19
  0.56000  0.126138E-19
  0.57000  0.124022E-19
  0.58000  0.191486E-19
  0.59000  0.685079E-19
  0.60000  0.461399E-18
  0.61000  0.206764E-17
  0.62000  0.115300E-16
  0.63000  0.796438E-16
  0.64000  0.566542E-15
  0.65000  0.533832E-14
  0.66000  0.969261E-13
  0.67000  0.206358E-11
  0.68000  0.215357E-10
  0.69000  0.112866E-09
  0.70000  0.664954E-09
  0.71000  0.427680E-08
  0.72000  0.254574E-07
  0.73000  0.154505E-06
  0.74000  0.539527E-06
  0.75000  0.126884E-05
  0.76000  0.415918E-05
  0.77000  0.125919E-04
  0.78000  0.243691E-04
  0.79000  0.340460E-04
  0.80000  0.376397E-04
  0.81000  0.367708E-04
  0.82000  0.404857E-04
  0.83000  0.337078E-04
  0.84000  0.176287E-04
  0.85000  0.900944E-05
  0.86000  0.480976E-05
  0.87000  0.229280E-05
  0.88000  0.131231E-05
  0.89000  0.849683E-06
  0.90000  0.571203E-06
  0.91000  0.598189E-06
  0.92000  0.812872E-06
  0.93000  0.116705E-05
  0.94000  0.164685E-05
  0.95000  0.243707E-05
  0.96000  0.371962E-05
  0.97000  0.544528E-05
  0.98000  0.747216E-05
  0.99000  0.106620E-04
  1.00000  0.169634E-04
  1.01000  0.287935E-04
  1.02000  0.481641E-04
  1.03000  0.746498E-04
  1.04000  0.107279E-03
  1.05000  0.141860E-03
  1.06000  0.165673E-03
  1.07000  0.176029E-03
  1.08000  0.170527E-03
  1.09000  0.141139E-03
  1.10000  0.977377E-04
  1.11000  0.607009E-04
  1.12000  0.409595E-04
  1.13000  0.355107E-04
  1.14000  0.361689E-04
  1.15000  0.356658E-04
  1.16000  0.328614E-04
  1.17000  0.286868E-04
  1.18000  0.247097E-04
  1.19000  0.310796E-04
  1.20000  0.769938E-04
  1.21000  0.188943E-03
  1.22000  0.521061E-01
  1.23000  0.514831E-01
  1.24000  0.435956E-01
  1.25000  0.342068E-01
  1.26000  0.190283E-01
  1.27000  0.957028E-02
  1.28000  0.808504E-02
  1.29000  0.927285E-02
  1.30000  0.105055E-01
  1.31000  0.117585E-01
  1.32000  0.138708E-01
  1.33000  0.178670E-01
  1.34000  0.214867E-01
  1.35000  0.203295E-01
  1.36000  0.170447E-01
  1.37000  0.160752E-01
  1.38000  0.161135E-01
  1.39000  0.170740E-01
  1.40000  0.171709E-01
  1.41000  0.112490E-01
  1.42000  0.524543E-02
  1.43000  0.284704E-02
  1.44000  0.292410E-02
  1.45000  0.355727E-02
  1.46000  0.459156E-02
  1.47000  0.565460E-02
  1.48000  0.611793E-02
  1.49000  0.585984E-02
  1.50000  0.514475E-02
  1.51000  0.427113E-02
  1.52000  0.372029E-02
  1.53000  0.366726E-02
  1.54000  0.383235E-02
  1.55000  0.384249E-02
  1.56000  0.331971E-02
  1.57000  0.247316E-02
  1.58000  0.240423E-02
  1.59000  0.283438E-02
  1.60000  0.359083E-02
  1.61000  0.434993E-02
  1.62000  0.509016E-02
  1.63000  0.576940E-02
  1.64000  0.709902E-02
  1.65000  0.969415E-02
  1.66000  0.132458E-01
  1.67000  0.176784E-01
  1.68000  0.222763E-01
  1.69000  0.257189E-01
  1.70000  0.273107E-01
  1.71000  0.273579E-01
  1.72000  0.264388E-01
  1.73000  0.252528E-01
  1.74000  0.242538E-01
  1.75000  0.234262E-01
  1.76000  0.226465E-01
  1.77000  0.218659E-01
  1.78000  0.213141E-01
  1.79000  0.214633E-01
  1.80000  0.257338E-01
  1.81000  0.332290E-01
  1.82000  0.415709E-01
  1.83000  0.507584E-01
  1.84000  0.603929E-01
  1.85000  0.697675E-01
  1.86000  0.765013E-01
  1.87000  0.794684E-01
  1.88000  0.752507E-01
  1.89000  0.644229E-01
  1.90000  0.509007E-01
  1.91000  0.383128E-01
  1.92000  0.281958E-01
  1.93000  0.204439E-01
  1.94000  0.144872E-01
  1.95000  0.983733E-02
  1.96000  0.593877E-02
  1.97000  0.189033E-01
  1.98000  0.823554E-01
  1.99000  0.255008E+00
  2.00000  0.571101E+00
  2.01000  0.914054E+00
  2.02000  0.100000E+01
  2.03000  0.667764E+00
  2.04000  0.228079E+00
  2.05000  0.349268E-01
  2.06000  0.235681E-02
  2.07000  0.861592E-04
  2.08000  0.226499E-05
  2.09000  0.185563E-05
  2.10000  0.225557E-05
  2.11000  0.260965E-05
  2.12000  0.274300E-05
  2.13000  0.258840E-05
  2.14000  0.227872E-05
  2.15000  0.196124E-05
  2.16000  0.117464E-05
  2.17000  0.840998E-06
  2.18000  0.561464E-06
  2.19000  0.408542E-06
  2.20000  0.252093E-06
  2.21000  0.139182E-06
  2.22000  0.703288E-07
  2.23000  0.327269E-07
  2.24000  0.144964E-07
  2.25000  0.662580E-08
  2.26000  0.210638E-08
  2.27000  0.120865E-08
  2.28000  0.783942E-09
  2.29000  0.568518E-09
  2.30000  0.469861E-09
  2.31000  0.448758E-09
  2.32000  0.505905E-09
  2.33000  0.708328E-09
  2.34000  0.125936E-08
  2.35000  0.255603E-08
  2.36000  0.297603E-08
  2.37000  0.520641E-08
  2.38000  0.636999E-08
  2.39000  0.501656E-08
  2.40000  0.306789E-08
  2.41000  0.157655E-08
  2.42000  0.646247E-09
  2.43000  0.203240E-09
  2.44000  0.480365E-10
  2.45000  0.850487E-11
  2.46000  0.507974E-12
  2.47000  0.560897E-13
  2.48000  0.548444E-14
  2.49000  0.488961E-15
  2.50000  0.410222E-16
  2.51000  0.338453E-17
  2.52000  0.297190E-18
  2.53000  0.300925E-19
  2.54000  0.369700E-20
  2.55000  0.562522E-21
  2.56000  0.229584E-22
  2.57000  0.482574E-23
  2.58000  0.120497E-23
  2.59000  0.352421E-24
  2.60000  0.119558E-24
  2.61000  0.466361E-25
  2.62000  0.209235E-25
  2.63000  0.108571E-25
  2.64000  0.631689E-26
  2.65000  0.379852E-26
  2.66000  0.230508E-27
  2.67000  0.113434E-27
  2.68000  0.520628E-28
  2.69000  0.164871E-25
  2.70000  0.706631E-23
  2.71000  0.144428E-20
  2.72000  0.694093E-19
  2.73000  0.522987E-18
  2.74000  0.621374E-18
  2.75000  0.157757E-18
  2.76000  0.155430E-20
  2.77000  0.362003E-22
  2.78000  0.369955E-24
  2.79000  0.193419E-26
  2.80000  0.617352E-29
  2.81000  0.000000E+00
  2.82000  0.000000E+00
  2.83000  0.000000E+00
  2.84000  0.000000E+00
  2.85000  0.000000E+00
  2.86000  0.000000E+00
  2.87000  0.000000E+00
  2.88000  0.000000E+00
  2.89000  0.000000E+00
  2.90000  0.000000E+00
  2.91000  0.000000E+00
  2.92000  0.000000E+00
  2.93000  0.000000E+00
  2.94000  0.000000E+00
  2.95000  0.000000E+00
  2.96000  0.000000E+00
  2.97000  0.000000E+00
  2.98000  0.000000E+00
  2.99000  0.000000E+00
  3.00000  0.000000E+00
  3.01000  0.000000E+00
  3.02000  0.000000E+00
  3.03000  0.000000E+00
  3.04000  0.000000E+00
  3.05000  0.000000E+00
  3.06000  0.000000E+00
  3.07000  0.000000E+00
  3.08000  0.000000E+00
  3.09000  0.000000E+00
  3.10000  0.000000E+00
  3.11000  0.000000E+00
  3.12000  0.000000E+00
  3.13000  0.000000E+00
  3.14000  0.000000E+00
  3.15000  0.000000E+00
  3.16000  0.000000E+00
  3.17000  0.000000E+00
  3.18000  0.000000E+00
  3.19000  0.000000E+00
  3.20000  0.000000E+00
  3.21000  0.000000E+00
  3.22000  0.000000E+00
  3.23000  0.000000E+00
  3.24000  0.000000E+00
  3.25000  0.000000E+00
  3.26000  0.000000E+00
  3.27000  0.000000E+00
  3.28000  0.000000E+00
  3.29000  0.000000E+00
  3.30000  0.000000E+00
  3.31000  0.000000E+00
  3.32000  0.000000E+00
  3.33000  0.000000E+00
  3.34000  0.000000E+00
  3.35000  0.000000E+00
  3.36000  0.000000E+00
  3.37000  0.000000E+00
  3.38000  0.000000E+00
  3.39000  0.000000E+00
  3.40000  0.000000E+00
  3.41000  0.000000E+00
  3.42000  0.000000E+00
  3.43000  0.000000E+00
  3.44000  0.000000E+00
  3.45000  0.000000E+00
  3.46000  0.000000E+00
  3.47000  0.000000E+00
  3.48000  0.000000E+00
  3.49000  0.000000E+00
  3.50000  0.000000E+00
  3.51000  0.000000E+00
  3.52000  0.000000E+00
  3.53000  0.000000E+00
  3.54000  0.000000E+00
  3.55000  0.000000E+00
  3.56000  0.000000E+00
  3.57000  0.000000E+00
  3.58000  0.000000E+00
  3.59000  0.000000E+00
  3.60000  0.000000E+00
  3.61000  0.000000E+00
  3.62000  0.000000E+00
  3.63000  0.000000E+00
  3.64000  0.000000E+00
  3.65000  0.000000E+00
  3.66000  0.000000E+00
  3.67000  0.000000E+00
  3.68000  0.000000E+00
  3.69000  0.000000E+00
  3.70000  0.000000E+00
  3.71000  0.000000E+00
  3.72000  0.000000E+00
  3.73000  0.000000E+00
  3.74000  0.000000E+00
  3.75000  0.000000E+00
  3.76000  0.000000E+00
  3.77000  0.000000E+00
  3.78000  0.000000E+00
  3.79000  0.000000E+00
  3.80000  0.000000E+00
  3.81000  0.000000E+00
  3.82000  0.000000E+00
  3.83000  0.000000E+00
  3.84000  0.000000E+00
  3.85000  0.000000E+00
  3.86000  0.000000E+00
  3.87000  0.000000E+00
  3.88000  0.000000E+00
  3.89000  0.000000E+00
  3.90000  0.000000E+00
  3.91000  0.000000E+00
  3.92000  0.000000E+00
  3.93000  0.000000E+00
  3.94000  0.000000E+00
  3.95000  0.000000E+00
  3.96000  0.000000E+00
  3.97000  0.000000E+00
  3.98000  0.000000E+00
  3.99000  0.000000E+00
  4.00000  0.000000E+00
  4.01000  0.000000E+00
  4.02000  0.000000E+00
  4.03000  0.000000E+00
  4.04000  0.000000E+00
  4.05000  0.000000E+00
  4.06000  0.000000E+00
  4.07000  0.000000E+00
  4.08000  0.000000E+00
  4.09000  0.000000E+00
  4.10000  0.000000E+00
  4.11000  0.000000E+00
  4.12000  0.000000E+00
  4.13000  0.000000E+00
  4.14000  0.000000E+00
  4.15000  0.000000E+00
  4.16000  0.000000E+00
  4.17000  0.000000E+00
  4.18000  0.000000E+00
  4.19000  0.000000E+00
  4.20000  0.000000E+00
  4.21000  0.000000E+00
  4.22000  0.000000E+00
  4.23000  0.000000E+00
  4.24000  0.000000E+00
  4.25000  0.000000E+00
  4.26000  0.000000E+00
  4.27000  0.000000E+00
  4.28000  0.000000E+00
  4.29000  0.000000E+00
  4.30000  0.000000E+00
  4.31000  0.000000E+00
  4.32000  0.000000E+00
  4.33000  0.000000E+00
  4.34000  0.000000E+00
  4.35000  0.000000E+00
  4.36000  0.000000E+00
  4.37000  0.000000E+00
  4.38000  0.000000E+00
  4.39000  0.000000E+00
  4.40000  0.000000E+00
  4.41000  0.000000E+00
  4.42000  0.000000E+00
  4.43000  0.000000E+00
  4.44000  0.000000E+00
  4.45000  0.000000E+00
  4.46000  0.000000E+00
  4.47000  0.000000E+00
  4.48000  0.000000E+00
  4.49000  0.000000E+00
  4.50000  0.000000E+00
  4.51000  0.000000E+00
  4.52000  0.000000E+00
  4.53000  0.000000E+00
  4.54000  0.000000E+00
  4.55000  0.000000E+00
  4.56000  0.000000E+00
  4.57000  0.000000E+00
  4.58000  0.000000E+00
  4.59000  0.000000E+00
  4.60000  0.000000E+00
  4.61000  0.000000E+00
  4.62000  0.000000E+00
  4.63000  0.000000E+00
  4.64000  0.000000E+00
  4.65000  0.000000E+00
  4.66000  0.000000E+00
  4.67000  0.000000E+00
  4.68000  0.000000E+00
  4.69000  0.000000E+00
  4.70000  0.000000E+00
  4.71000  0.000000E+00
  4.72000  0.000000E+00
  4.73000  0.000000E+00
  4.74000  0.000000E+00
  4.75000  0.000000E+00
  4.76000  0.000000E+00
  4.77000  0.000000E+00
  4.78000  0.000000E+00
  4.79000  0.000000E+00
  4.80000  0.000000E+00
  4.81000  0.000000E+00
  4.82000  0.000000E+00
  4.83000  0.000000E+00
  4.84000  0.000000E+00
  4.85000  0.000000E+00
  4.86000  0.000000E+00
  4.87000  0.000000E+00
  4.88000  0.000000E+00
  4.89000  0.000000E+00
  4.90000  0.000000E+00
  4.91000  0.000000E+00
  4.92000  0.000000E+00
  4.93000  0.000000E+00
  4.94000  0.000000E+00
  4.95000  0.000000E+00
  4.96000  0.000000E+00
  4.97000  0.000000E+00
  4.98000  0.000000E+00
  4.99000  0.000000E+00
  5.00000  0.000000E+00
  5.01000  0.000000E+00
  5.02000  0.000000E+00
  5.03000  0.000000E+00
  5.04000  0.000000E+00
  5.05000  0.000000E+00
  5.06000  0.000000E+00
  5.07000  0.000000E+00
  5.08000  0.000000E+00
  5.09000  0.000000E+00
  5.10000  0.000000E+00
  5.11000  0.000000E+00
  5.12000  0.000000E+00
  5.13000  0.000000E+00
  5.14000  0.000000E+00
  5.15000  0.000000E+00
  5.16000  0.000000E+00
  5.17000  0.000000E+00
  5.18000  0.000000E+00
  5.19000  0.000000E+00
  5.20000  0.000000E+00
  5.21000  0.000000E+00
  5.22000  0.000000E+00
  5.23000  0.000000E+00
  5.24000  0.000000E+00
  5.25000  0.000000E+00
  5.26000  0.000000E+00
  5.27000  0.000000E+00
  5.28000  0.000000E+00
  5.29000  0.000000E+00
  5.30000  0.000000E+00
  5.31000  0.000000E+00
  5.32000  0.000000E+00
  5.33000  0.000000E+00
  5.34000  0.000000E+00
  5.35000  0.000000E+00
  5.36000  0.000000E+00
  5.37000  0.000000E+00
  5.38000  0.000000E+00
  5.39000  0.000000E+00
  5.40000  0.000000E+00
  5.41000  0.000000E+00
  5.42000  0.000000E+00
  5.43000  0.000000E+00
  5.44000  0.000000E+00
  5.45000  0.000000E+00
  5.46000  0.000000E+00
  5.47000  0.000000E+00
  5.48000  0.000000E+00
  5.49000  0.000000E+00
  5.50000  0.000000E+00
  5.51000  0.000000E+00
  5.52000  0.000000E+00
  5.53000  0.000000E+00
  5.54000  0.000000E+00
  5.55000  0.000000E+00
  5.56000  0.000000E+00
  5.57000  0.000000E+00
  5.58000  0.000000E+00
  5.59000  0.000000E+00
  5.60000  0.000000E+00
  5.61000  0.000000E+00
  5.62000  0.000000E+00
  5.63000  0.000000E+00
  5.64000  0.000000E+00
  5.65000  0.000000E+00
  5.66000  0.000000E+00
  5.67000  0.000000E+00
  5.68000  0.000000E+00
  5.69000  0.000000E+00
  5.70000  0.000000E+00
  5.71000  0.000000E+00
  5.72000  0.000000E+00
  5.73000  0.000000E+00
  5.74000  0.000000E+00
  5.75000  0.000000E+00
  5.76000  0.000000E+00
  5.77000  0.000000E+00
  5.78000  0.000000E+00
  5.79000  0.000000E+00
  5.80000  0.000000E+00
  5.81000  0.000000E+00
  5.82000  0.000000E+00
  5.83000  0.000000E+00
  5.84000  0.000000E+00
  5.85000  0.000000E+00
  5.86000  0.000000E+00
  5.87000  0.000000E+00
  5.88000  0.000000E+00
  5.89000  0.000000E+00
  5.90000  0.000000E+00
  5.91000  0.000000E+00
  5.92000  0.000000E+00
  5.93000  0.000000E+00
  5.94000  0.000000E+00
  5.95000  0.000000E+00
  5.96000  0.000000E+00
  5.97000  0.000000E+00
  5.98000  0.000000E+00
  5.99000  0.000000E+00
  6.00000  0.000000E+00
  6.20000  0.000000E+00
  6.40000  0.000000E+00
  6.60000  0.000000E+00
  6.80000  0.000000E+00
  7.00000  0.000000E+00
