  0.00000  0.000000E+00
  0.01000  0.543338E-02
  0.02000  0.997784E-02
  0.03000  0.101597E-01
  0.04000  0.103143E-01
  0.05000  0.104423E-01
  0.06000  0.105415E-01
  0.07000  0.106122E-01
  0.08000  0.106595E-01
  0.09000  0.106855E-01
  0.10000  0.108917E-01
  0.11000  0.112231E-01
  0.12000  0.115362E-01
  0.13000  0.118278E-01
  0.14000  0.120969E-01
  0.15000  0.123409E-01
  0.16000  0.125569E-01
  0.17000  0.127450E-01
  0.18000  0.128985E-01
  0.19000  0.130129E-01
  0.20000  0.130936E-01
  0.21000  0.131402E-01
  0.22000  0.131536E-01
  0.23000  0.131395E-01
  0.24000  0.130910E-01
  0.25000  0.130069E-01
  0.26000  0.128868E-01
  0.27000  0.127350E-01
  0.28000  0.125512E-01
  0.29000  0.126604E-01
  0.30000  0.135268E-01
  0.31000  0.143882E-01
  0.32000  0.152268E-01
  0.33000  0.160157E-01
  0.34000  0.167414E-01
  0.35000  0.174757E-01
  0.36000  0.182649E-01
  0.37000  0.189901E-01
  0.38000  0.197707E-01
  0.39000  0.204801E-01
  0.40000  0.210386E-01
  0.41000  0.215021E-01
  0.42000  0.218153E-01
  0.43000  0.220154E-01
  0.44000  0.221664E-01
  0.45000  0.223345E-01
  0.46000  0.226239E-01
  0.47000  0.229960E-01
  0.48000  0.233615E-01
  0.49000  0.236658E-01
  0.50000  0.238812E-01
  0.51000  0.240662E-01
  0.52000  0.242450E-01
  0.53000  0.243865E-01
  0.54000  0.244792E-01
  0.55000  0.245415E-01
  0.56000  0.245767E-01
  0.57000  0.246102E-01
  0.58000  0.246705E-01
  0.59000  0.247562E-01
  0.60000  0.248613E-01
  0.61000  0.249881E-01
  0.62000  0.251272E-01
  0.63000  0.252405E-01
  0.64000  0.253110E-01
  0.65000  0.253536E-01
  0.66000  0.254019E-01
  0.67000  0.254932E-01
  0.68000  0.256440E-01
  0.69000  0.258179E-01
  0.70000  0.260941E-01
  0.71000  0.268981E-01
  0.72000  0.277554E-01
  0.73000  0.286237E-01
  0.74000  0.294869E-01
  0.75000  0.303602E-01
  0.76000  0.312989E-01
  0.77000  0.322234E-01
  0.78000  0.328660E-01
  0.79000  0.331045E-01
  0.80000  0.333548E-01
  0.81000  0.339915E-01
  0.82000  0.349490E-01
  0.83000  0.360209E-01
  0.84000  0.371347E-01
  0.85000  0.382443E-01
  0.86000  0.392667E-01
  0.87000  0.402299E-01
  0.88000  0.412758E-01
  0.89000  0.425064E-01
  0.90000  0.438539E-01
  0.91000  0.452241E-01
  0.92000  0.465721E-01
  0.93000  0.479015E-01
  0.94000  0.492072E-01
  0.95000  0.505366E-01
  0.96000  0.518775E-01
  0.97000  0.531876E-01
  0.98000  0.544964E-01
  0.99000  0.558597E-01
  1.00000  0.571846E-01
  1.01000  0.584826E-01
  1.02000  0.600170E-01
  1.03000  0.639770E-01
  1.04000  0.683685E-01
  1.05000  0.718075E-01
  1.06000  0.744116E-01
  1.07000  0.765017E-01
  1.08000  0.782964E-01
  1.09000  0.799359E-01
  1.10000  0.814728E-01
  1.11000  0.829041E-01
  1.12000  0.842963E-01
  1.13000  0.870714E-01
  1.14000  0.899654E-01
  1.15000  0.928587E-01
  1.16000  0.959569E-01
  1.17000  0.995252E-01
  1.18000  0.103487E+00
  1.19000  0.107511E+00
  1.20000  0.111483E+00
  1.21000  0.115335E+00
  1.22000  0.119049E+00
  1.23000  0.122640E+00
  1.24000  0.126043E+00
  1.25000  0.129297E+00
  1.26000  0.134937E+00
  1.27000  0.141310E+00
  1.28000  0.148106E+00
  1.29000  0.154839E+00
  1.30000  0.161211E+00
  1.31000  0.167342E+00
  1.32000  0.173319E+00
  1.33000  0.178938E+00
  1.34000  0.184117E+00
  1.35000  0.188935E+00
  1.36000  0.193515E+00
  1.37000  0.198626E+00
  1.38000  0.207182E+00
  1.39000  0.216077E+00
  1.40000  0.225277E+00
  1.41000  0.235003E+00
  1.42000  0.245255E+00
  1.43000  0.255357E+00
  1.44000  0.265155E+00
  1.45000  0.274780E+00
  1.46000  0.284123E+00
  1.47000  0.293016E+00
  1.48000  0.301426E+00
  1.49000  0.309273E+00
  1.50000  0.316408E+00
  1.51000  0.323665E+00
  1.52000  0.336860E+00
  1.53000  0.348813E+00
  1.54000  0.359728E+00
  1.55000  0.370214E+00
  1.56000  0.380428E+00
  1.57000  0.390405E+00
  1.58000  0.400183E+00
  1.59000  0.409760E+00
  1.60000  0.419069E+00
  1.61000  0.427979E+00
  1.62000  0.436367E+00
  1.63000  0.444264E+00
  1.64000  0.451634E+00
  1.65000  0.458220E+00
  1.66000  0.463878E+00
  1.67000  0.468409E+00
  1.68000  0.478356E+00
  1.69000  0.493485E+00
  1.70000  0.507668E+00
  1.71000  0.520594E+00
  1.72000  0.531974E+00
  1.73000  0.541792E+00
  1.74000  0.550057E+00
  1.75000  0.556891E+00
  1.76000  0.562239E+00
  1.77000  0.565875E+00
  1.78000  0.567580E+00
  1.79000  0.567395E+00
  1.80000  0.570239E+00
  1.81000  0.581917E+00
  1.82000  0.590654E+00
  1.83000  0.600528E+00
  1.84000  0.610646E+00
  1.85000  0.618855E+00
  1.86000  0.624771E+00
  1.87000  0.628164E+00
  1.88000  0.629119E+00
  1.89000  0.627999E+00
  1.90000  0.636870E+00
  1.91000  0.646962E+00
  1.92000  0.654116E+00
  1.93000  0.658327E+00
  1.94000  0.660911E+00
  1.95000  0.665922E+00
  1.96000  0.668035E+00
  1.97000  0.667137E+00
  1.98000  0.674579E+00
  1.99000  0.676717E+00
  2.00000  0.690734E+00
  2.01000  0.700650E+00
  2.02000  0.706164E+00
  2.03000  0.707654E+00
  2.04000  0.706413E+00
  2.05000  0.703788E+00
  2.06000  0.700680E+00
  2.07000  0.697253E+00
  2.08000  0.693094E+00
  2.09000  0.687708E+00
  2.10000  0.680388E+00
  2.11000  0.672723E+00
  2.12000  0.671077E+00
  2.13000  0.668406E+00
  2.14000  0.672177E+00
  2.15000  0.672190E+00
  2.16000  0.668082E+00
  2.17000  0.659860E+00
  2.18000  0.647587E+00
  2.19000  0.631392E+00
  2.20000  0.611390E+00
  2.21000  0.588087E+00
  2.22000  0.571489E+00
  2.23000  0.568989E+00
  2.24000  0.563451E+00
  2.25000  0.555064E+00
  2.26000  0.543681E+00
  2.27000  0.529037E+00
  2.28000  0.511031E+00
  2.29000  0.498252E+00
  2.30000  0.504928E+00
  2.31000  0.508798E+00
  2.32000  0.509903E+00
  2.33000  0.508265E+00
  2.34000  0.503595E+00
  2.35000  0.496074E+00
  2.36000  0.486471E+00
  2.37000  0.475738E+00
  2.38000  0.464491E+00
  2.39000  0.452921E+00
  2.40000  0.445493E+00
  2.41000  0.442089E+00
  2.42000  0.438641E+00
  2.43000  0.438644E+00
  2.44000  0.442649E+00
  2.45000  0.446558E+00
  2.46000  0.450707E+00
  2.47000  0.455909E+00
  2.48000  0.463059E+00
  2.49000  0.475023E+00
  2.50000  0.493285E+00
  2.51000  0.515470E+00
  2.52000  0.540485E+00
  2.53000  0.591511E+00
  2.54000  0.664133E+00
  2.55000  0.698100E+00
  2.56000  0.710301E+00
  2.57000  0.710789E+00
  2.58000  0.699281E+00
  2.59000  0.688157E+00
  2.60000  0.693511E+00
  2.61000  0.696453E+00
  2.62000  0.706765E+00
  2.63000  0.717547E+00
  2.64000  0.727841E+00
  2.65000  0.737396E+00
  2.66000  0.746732E+00
  2.67000  0.756096E+00
  2.68000  0.764459E+00
  2.69000  0.771035E+00
  2.70000  0.776211E+00
  2.71000  0.780303E+00
  2.72000  0.783640E+00
  2.73000  0.786464E+00
  2.74000  0.789207E+00
  2.75000  0.792296E+00
  2.76000  0.795899E+00
  2.77000  0.799765E+00
  2.78000  0.803207E+00
  2.79000  0.805617E+00
  2.80000  0.807063E+00
  2.81000  0.807631E+00
  2.82000  0.807688E+00
  2.83000  0.807436E+00
  2.84000  0.807123E+00
  2.85000  0.806886E+00
  2.86000  0.806453E+00
  2.87000  0.807006E+00
  2.88000  0.808036E+00
  2.89000  0.808198E+00
  2.90000  0.809522E+00
  2.91000  0.813769E+00
  2.92000  0.817146E+00
  2.93000  0.820070E+00
  2.94000  0.827119E+00
  2.95000  0.833341E+00
  2.96000  0.838790E+00
  2.97000  0.843444E+00
  2.98000  0.847344E+00
  2.99000  0.850617E+00
  3.00000  0.853367E+00
  3.01000  0.855650E+00
  3.02000  0.857527E+00
  3.03000  0.859123E+00
  3.04000  0.860418E+00
  3.05000  0.861298E+00
  3.06000  0.861709E+00
  3.07000  0.861879E+00
  3.08000  0.862148E+00
  3.09000  0.862611E+00
  3.10000  0.862804E+00
  3.11000  0.100000E+01
  3.12000  0.986126E+00
  3.13000  0.972033E+00
  3.14000  0.957718E+00
  3.15000  0.943153E+00
  3.16000  0.928296E+00
  3.17000  0.913106E+00
  3.18000  0.897672E+00
  3.19000  0.882167E+00
  3.20000  0.866838E+00
  3.21000  0.851825E+00
  3.22000  0.837100E+00
  3.23000  0.822563E+00
  3.24000  0.809797E+00
  3.25000  0.804737E+00
  3.26000  0.799252E+00
  3.27000  0.793229E+00
  3.28000  0.786599E+00
  3.29000  0.779523E+00
  3.30000  0.772274E+00
  3.31000  0.765242E+00
  3.32000  0.758675E+00
  3.33000  0.757202E+00
  3.34000  0.757129E+00
  3.35000  0.757185E+00
  3.36000  0.759331E+00
  3.37000  0.762488E+00
  3.38000  0.765372E+00
  3.39000  0.767759E+00
  3.40000  0.769685E+00
  3.41000  0.771402E+00
  3.42000  0.773140E+00
  3.43000  0.774985E+00
  3.44000  0.776858E+00
  3.45000  0.778545E+00
  3.46000  0.779915E+00
  3.47000  0.780923E+00
  3.48000  0.781694E+00
  3.49000  0.782412E+00
  3.50000  0.717155E+00
  3.51000  0.715333E+00
  3.52000  0.713294E+00
  3.53000  0.711108E+00
  3.54000  0.708739E+00
  3.55000  0.706272E+00
  3.56000  0.703742E+00
  3.57000  0.667729E+00
  3.58000  0.664138E+00
  3.59000  0.377215E+00
  3.60000  0.367511E+00
  3.61000  0.358101E+00
  3.62000  0.207792E+00
  3.63000  0.204059E+00
  3.64000  0.200654E+00
  3.65000  0.197745E+00
  3.66000  0.195218E+00
  3.67000  0.192943E+00
  3.68000  0.190897E+00
  3.69000  0.408156E-01
  3.70000  0.389377E-01
  3.71000  0.305322E-01
  3.72000  0.303915E-01
  3.73000  0.302612E-01
  3.74000  0.301588E-01
  3.75000  0.300947E-01
  3.76000  0.300589E-01
  3.77000  0.300067E-01
  3.78000  0.299036E-01
  3.79000  0.297354E-01
  3.80000  0.274391E-01
  3.81000  0.246318E-01
  3.82000  0.242312E-01
  3.83000  0.156106E-01
  3.84000  0.154096E-01
  3.85000  0.394749E-02
  3.86000  0.403692E-02
  3.87000  0.414407E-02
  3.88000  0.425777E-02
  3.89000  0.440135E-02
  3.90000  0.454834E-02
  3.91000  0.345590E-02
  3.92000  0.353375E-02
  3.93000  0.260061E-02
  3.94000  0.251769E-02
  3.95000  0.253680E-02
  3.96000  0.102394E-02
  3.97000  0.106624E-02
  3.98000  0.667571E-03
  3.99000  0.657202E-03
  4.00000  0.665457E-03
  4.01000  0.581393E-03
  4.02000  0.556979E-03
  4.03000  0.533010E-03
  4.04000  0.510029E-03
  4.05000  0.488273E-03
  4.06000  0.358746E-03
  4.07000  0.100003E-03
  4.08000  0.958262E-04
  4.09000  0.922347E-04
  4.10000  0.891159E-04
  4.11000  0.863549E-04
  4.12000  0.839006E-04
  4.13000  0.817613E-04
  4.14000  0.799655E-04
  4.15000  0.784783E-04
  4.16000  0.772199E-04
  4.17000  0.761047E-04
  4.18000  0.116162E-04
  4.19000  0.114503E-04
  4.20000  0.112716E-04
  4.21000  0.110858E-04
  4.22000  0.108893E-04
  4.23000  0.106783E-04
  4.24000  0.172302E-05
  4.25000  0.176397E-05
  4.26000  0.180541E-05
  4.27000  0.184751E-05
  4.28000  0.188940E-05
  4.29000  0.193110E-05
  4.30000  0.104867E-05
  4.31000  0.101346E-05
  4.32000  0.981327E-06
  4.33000  0.951472E-06
  4.34000  0.627590E-06
  4.35000  0.626477E-06
  4.36000  0.623133E-06
  4.37000  0.617879E-06
  4.38000  0.240701E-06
  4.39000  0.146793E-06
  4.40000  0.141263E-06
  4.41000  0.135870E-06
  4.42000  0.130637E-06
  4.43000  0.125569E-06
  4.44000  0.120708E-06
  4.45000  0.116069E-06
  4.46000  0.111629E-06
  4.47000  0.107359E-06
  4.48000  0.103227E-06
  4.49000  0.991981E-07
  4.50000  0.952419E-07
  4.51000  0.171654E-07
  4.52000  0.168425E-07
  4.53000  0.164738E-07
  4.54000  0.160618E-07
  4.55000  0.156185E-07
  4.56000  0.151615E-07
  4.57000  0.147047E-07
  4.58000  0.142564E-07
  4.59000  0.138179E-07
  4.60000  0.133925E-07
  4.61000  0.129907E-07
  4.62000  0.126261E-07
  4.63000  0.385241E-08
  4.64000  0.367486E-08
  4.65000  0.350709E-08
  4.66000  0.333996E-08
  4.67000  0.317011E-08
  4.68000  0.299794E-08
  4.69000  0.284636E-08
  4.70000  0.271863E-08
  4.71000  0.259128E-08
  4.72000  0.246622E-08
  4.73000  0.234506E-08
  4.74000  0.222910E-08
  4.75000  0.211849E-08
  4.76000  0.201235E-08
  4.77000  0.190972E-08
  4.78000  0.181058E-08
  4.79000  0.171628E-08
  4.80000  0.458708E-09
  4.81000  0.437582E-09
  4.82000  0.418441E-09
  4.83000  0.400634E-09
  4.84000  0.383353E-09
  4.85000  0.366098E-09
  4.86000  0.348902E-09
  4.87000  0.332099E-09
  4.88000  0.316000E-09
  4.89000  0.300687E-09
  4.90000  0.286186E-09
  4.91000  0.272554E-09
  4.92000  0.259837E-09
  4.93000  0.248042E-09
  4.94000  0.236985E-09
  4.95000  0.226326E-09
  4.96000  0.215658E-09
  4.97000  0.204772E-09
  4.98000  0.193784E-09
  4.99000  0.183076E-09
  5.00000  0.173108E-09
  5.01000  0.164212E-09
  5.02000  0.156471E-09
  5.03000  0.149760E-09
  5.04000  0.143823E-09
  5.05000  0.138431E-09
  5.06000  0.133457E-09
  5.07000  0.128852E-09
  5.08000  0.242088E-10
  5.09000  0.230026E-10
  5.10000  0.218680E-10
  5.11000  0.207945E-10
  5.12000  0.197765E-10
  5.13000  0.188193E-10
  5.14000  0.179260E-10
  5.15000  0.170972E-10
  5.16000  0.163307E-10
  5.17000  0.156212E-10
  5.18000  0.149635E-10
  5.19000  0.143523E-10
  5.20000  0.137816E-10
  5.21000  0.132467E-10
  5.22000  0.127434E-10
  5.23000  0.122681E-10
  5.24000  0.118172E-10
  5.25000  0.113852E-10
  5.26000  0.109678E-10
  5.27000  0.105626E-10
  5.28000  0.101672E-10
  5.29000  0.978115E-11
  5.30000  0.940473E-11
  5.31000  0.903919E-11
  5.32000  0.868648E-11
  5.33000  0.834866E-11
  5.34000  0.802668E-11
  5.35000  0.772110E-11
  5.36000  0.743119E-11
  5.37000  0.715480E-11
  5.38000  0.688928E-11
  5.39000  0.663224E-11
  5.40000  0.638191E-11
  5.41000  0.613727E-11
  5.42000  0.589857E-11
  5.43000  0.896570E-11
  5.44000  0.850842E-11
  5.45000  0.807270E-11
  5.46000  0.765802E-11
  5.47000  0.726324E-11
  5.48000  0.688772E-11
  5.49000  0.653058E-11
  5.50000  0.619060E-11
  5.51000  0.586714E-11
  5.52000  0.555930E-11
  5.53000  0.526685E-11
  5.54000  0.498928E-11
  5.55000  0.472681E-11
  5.56000  0.447942E-11
  5.57000  0.424701E-11
  5.58000  0.402943E-11
  5.59000  0.382618E-11
  5.60000  0.363645E-11
  5.61000  0.345909E-11
  5.62000  0.329348E-11
  5.63000  0.313788E-11
  5.64000  0.299174E-11
  5.65000  0.285411E-11
  5.66000  0.272407E-11
  5.67000  0.260106E-11
  5.68000  0.248429E-11
  5.69000  0.237302E-11
  5.70000  0.226728E-11
  5.71000  0.216651E-11
  5.72000  0.207084E-11
  5.73000  0.198035E-11
  5.74000  0.189482E-11
  5.75000  0.181452E-11
  5.76000  0.173918E-11
  5.77000  0.166862E-11
  5.78000  0.160281E-11
  5.79000  0.154129E-11
  5.80000  0.148373E-11
  5.81000  0.142980E-11
  5.82000  0.137901E-11
  5.83000  0.133092E-11
  5.84000  0.128519E-11
  5.85000  0.124148E-11
  5.86000  0.119957E-11
  5.87000  0.115934E-11
  5.88000  0.112069E-11
  5.89000  0.108363E-11
  5.90000  0.104815E-11
  5.91000  0.926155E-12
  5.92000  0.900210E-12
  5.93000  0.875230E-12
  5.94000  0.851201E-12
  5.95000  0.828148E-12
  5.96000  0.806054E-12
  5.97000  0.784936E-12
  5.98000  0.716944E-12
  5.99000  0.701398E-12
  6.00000  0.686652E-12
  6.20000  0.303996E-12
  6.40000  0.251462E-12
  6.60000  0.207936E-12
  6.80000  0.264797E-13
  7.00000  0.223635E-13
