  0.00000  0.000000E+00
  0.01000  0.203738E-01
  0.02000  0.208622E-01
  0.03000  0.213297E-01
  0.04000  0.217717E-01
  0.05000  0.225108E-01
  0.06000  0.232849E-01
  0.07000  0.240309E-01
  0.08000  0.247564E-01
  0.09000  0.254621E-01
  0.10000  0.261458E-01
  0.11000  0.268090E-01
  0.12000  0.274477E-01
  0.13000  0.280567E-01
  0.14000  0.286349E-01
  0.15000  0.291790E-01
  0.16000  0.299241E-01
  0.17000  0.306241E-01
  0.18000  0.312598E-01
  0.19000  0.318158E-01
  0.20000  0.323056E-01
  0.21000  0.360448E-01
  0.22000  0.413060E-01
  0.23000  0.462263E-01
  0.24000  0.508133E-01
  0.25000  0.549115E-01
  0.26000  0.582678E-01
  0.27000  0.610545E-01
  0.28000  0.633056E-01
  0.29000  0.647573E-01
  0.30000  0.655967E-01
  0.31000  0.661010E-01
  0.32000  0.662777E-01
  0.33000  0.661489E-01
  0.34000  0.657713E-01
  0.35000  0.651926E-01
  0.36000  0.643953E-01
  0.37000  0.634217E-01
  0.38000  0.621884E-01
  0.39000  0.608040E-01
  0.40000  0.616350E-01
  0.41000  0.623850E-01
  0.42000  0.628428E-01
  0.43000  0.630905E-01
  0.44000  0.632600E-01
  0.45000  0.634668E-01
  0.46000  0.638681E-01
  0.47000  0.643695E-01
  0.48000  0.648200E-01
  0.49000  0.651485E-01
  0.50000  0.653675E-01
  0.51000  0.655249E-01
  0.52000  0.656171E-01
  0.53000  0.656569E-01
  0.54000  0.657084E-01
  0.55000  0.658123E-01
  0.56000  0.659984E-01
  0.57000  0.662438E-01
  0.58000  0.664780E-01
  0.59000  0.667117E-01
  0.60000  0.669829E-01
  0.61000  0.677788E-01
  0.62000  0.689911E-01
  0.63000  0.703735E-01
  0.64000  0.717368E-01
  0.65000  0.729844E-01
  0.66000  0.741367E-01
  0.67000  0.752462E-01
  0.68000  0.763936E-01
  0.69000  0.776136E-01
  0.70000  0.789087E-01
  0.71000  0.802849E-01
  0.72000  0.817172E-01
  0.73000  0.832331E-01
  0.74000  0.848891E-01
  0.75000  0.866863E-01
  0.76000  0.893376E-01
  0.77000  0.919770E-01
  0.78000  0.940069E-01
  0.79000  0.953780E-01
  0.80000  0.978922E-01
  0.81000  0.100341E+00
  0.82000  0.102801E+00
  0.83000  0.105255E+00
  0.84000  0.107845E+00
  0.85000  0.111272E+00
  0.86000  0.114497E+00
  0.87000  0.117596E+00
  0.88000  0.120932E+00
  0.89000  0.124745E+00
  0.90000  0.128851E+00
  0.91000  0.133003E+00
  0.92000  0.137088E+00
  0.93000  0.141115E+00
  0.94000  0.145075E+00
  0.95000  0.149084E+00
  0.96000  0.153104E+00
  0.97000  0.157035E+00
  0.98000  0.160924E+00
  0.99000  0.164852E+00
  1.00000  0.168593E+00
  1.01000  0.172141E+00
  1.02000  0.175833E+00
  1.03000  0.184771E+00
  1.04000  0.195972E+00
  1.05000  0.204538E+00
  1.06000  0.211047E+00
  1.07000  0.216365E+00
  1.08000  0.221002E+00
  1.09000  0.225259E+00
  1.10000  0.229241E+00
  1.11000  0.232920E+00
  1.12000  0.236393E+00
  1.13000  0.240103E+00
  1.14000  0.247668E+00
  1.15000  0.255209E+00
  1.16000  0.263146E+00
  1.17000  0.271946E+00
  1.18000  0.281345E+00
  1.19000  0.290607E+00
  1.20000  0.299511E+00
  1.21000  0.307953E+00
  1.22000  0.315894E+00
  1.23000  0.323339E+00
  1.24000  0.330159E+00
  1.25000  0.336392E+00
  1.26000  0.342311E+00
  1.27000  0.356060E+00
  1.28000  0.370338E+00
  1.29000  0.384166E+00
  1.30000  0.397013E+00
  1.31000  0.409023E+00
  1.32000  0.420374E+00
  1.33000  0.430787E+00
  1.34000  0.440855E+00
  1.35000  0.454480E+00
  1.36000  0.467307E+00
  1.37000  0.479055E+00
  1.38000  0.490127E+00
  1.39000  0.501603E+00
  1.40000  0.515010E+00
  1.41000  0.532632E+00
  1.42000  0.552730E+00
  1.43000  0.569608E+00
  1.44000  0.581469E+00
  1.45000  0.589927E+00
  1.46000  0.596594E+00
  1.47000  0.602121E+00
  1.48000  0.608467E+00
  1.49000  0.616879E+00
  1.50000  0.623454E+00
  1.51000  0.628122E+00
  1.52000  0.631319E+00
  1.53000  0.641955E+00
  1.54000  0.656330E+00
  1.55000  0.670111E+00
  1.56000  0.683450E+00
  1.57000  0.696235E+00
  1.58000  0.708578E+00
  1.59000  0.720378E+00
  1.60000  0.731262E+00
  1.61000  0.740933E+00
  1.62000  0.749304E+00
  1.63000  0.756265E+00
  1.64000  0.761663E+00
  1.65000  0.765479E+00
  1.66000  0.767411E+00
  1.67000  0.766675E+00
  1.68000  0.763146E+00
  1.69000  0.757320E+00
  1.70000  0.761896E+00
  1.71000  0.773553E+00
  1.72000  0.782666E+00
  1.73000  0.789641E+00
  1.74000  0.794668E+00
  1.75000  0.797975E+00
  1.76000  0.799380E+00
  1.77000  0.798518E+00
  1.78000  0.804997E+00
  1.79000  0.818119E+00
  1.80000  0.829293E+00
  1.81000  0.839910E+00
  1.82000  0.850954E+00
  1.83000  0.858535E+00
  1.84000  0.862517E+00
  1.85000  0.862241E+00
  1.86000  0.857048E+00
  1.87000  0.854000E+00
  1.88000  0.861777E+00
  1.89000  0.874082E+00
  1.90000  0.884027E+00
  1.91000  0.893970E+00
  1.92000  0.904940E+00
  1.93000  0.915296E+00
  1.94000  0.923769E+00
  1.95000  0.929588E+00
  1.96000  0.931239E+00
  1.97000  0.927937E+00
  1.98000  0.919865E+00
  1.99000  0.907064E+00
  2.00000  0.910710E+00
  2.01000  0.911241E+00
  2.02000  0.903936E+00
  2.03000  0.890004E+00
  2.04000  0.871716E+00
  2.05000  0.851347E+00
  2.06000  0.840708E+00
  2.07000  0.835658E+00
  2.08000  0.830266E+00
  2.09000  0.823739E+00
  2.10000  0.815097E+00
  2.11000  0.802820E+00
  2.12000  0.785268E+00
  2.13000  0.761965E+00
  2.14000  0.739154E+00
  2.15000  0.722771E+00
  2.16000  0.719624E+00
  2.17000  0.712897E+00
  2.18000  0.701406E+00
  2.19000  0.685191E+00
  2.20000  0.664309E+00
  2.21000  0.639274E+00
  2.22000  0.611272E+00
  2.23000  0.581590E+00
  2.24000  0.555358E+00
  2.25000  0.549417E+00
  2.26000  0.551370E+00
  2.27000  0.551660E+00
  2.28000  0.549730E+00
  2.29000  0.552872E+00
  2.30000  0.554316E+00
  2.31000  0.555902E+00
  2.32000  0.559460E+00
  2.33000  0.564026E+00
  2.34000  0.568425E+00
  2.35000  0.567858E+00
  2.36000  0.560908E+00
  2.37000  0.550344E+00
  2.38000  0.537933E+00
  2.39000  0.525208E+00
  2.40000  0.513630E+00
  2.41000  0.505580E+00
  2.42000  0.497788E+00
  2.43000  0.497521E+00
  2.44000  0.505571E+00
  2.45000  0.518951E+00
  2.46000  0.528519E+00
  2.47000  0.535808E+00
  2.48000  0.549349E+00
  2.49000  0.569613E+00
  2.50000  0.599647E+00
  2.51000  0.652657E+00
  2.52000  0.735251E+00
  2.53000  0.820211E+00
  2.54000  0.872995E+00
  2.55000  0.901017E+00
  2.56000  0.919288E+00
  2.57000  0.931467E+00
  2.58000  0.935686E+00
  2.59000  0.932552E+00
  2.60000  0.927453E+00
  2.61000  0.924328E+00
  2.62000  0.923663E+00
  2.63000  0.924319E+00
  2.64000  0.925602E+00
  2.65000  0.932880E+00
  2.66000  0.943342E+00
  2.67000  0.955041E+00
  2.68000  0.967455E+00
  2.69000  0.979568E+00
  2.70000  0.991140E+00
  2.71000  0.100000E+01
  2.72000  0.959645E+00
  2.73000  0.962908E+00
  2.74000  0.928210E+00
  2.75000  0.924745E+00
  2.76000  0.921351E+00
  2.77000  0.917919E+00
  2.78000  0.914233E+00
  2.79000  0.910172E+00
  2.80000  0.905760E+00
  2.81000  0.729217E+00
  2.82000  0.737216E+00
  2.83000  0.744949E+00
  2.84000  0.711691E+00
  2.85000  0.716014E+00
  2.86000  0.713522E+00
  2.87000  0.723821E+00
  2.88000  0.684274E+00
  2.89000  0.681315E+00
  2.90000  0.679764E+00
  2.91000  0.601584E+00
  2.92000  0.601534E+00
  2.93000  0.601473E+00
  2.94000  0.601485E+00
  2.95000  0.280024E+00
  2.96000  0.278800E+00
  2.97000  0.277659E+00
  2.98000  0.276333E+00
  2.99000  0.158161E+00
  3.00000  0.151383E+00
  3.01000  0.147045E+00
  3.02000  0.142864E+00
  3.03000  0.483943E-01
  3.04000  0.472834E-01
  3.05000  0.424544E-01
  3.06000  0.424989E-01
  3.07000  0.426860E-01
  3.08000  0.430009E-01
  3.09000  0.433754E-01
  3.10000  0.437483E-01
  3.11000  0.440220E-01
  3.12000  0.440936E-01
  3.13000  0.440019E-01
  3.14000  0.437888E-01
  3.15000  0.434350E-01
  3.16000  0.429321E-01
  3.17000  0.422859E-01
  3.18000  0.415058E-01
  3.19000  0.406780E-01
  3.20000  0.398280E-01
  3.21000  0.389580E-01
  3.22000  0.380997E-01
  3.23000  0.372658E-01
  3.24000  0.364546E-01
  3.25000  0.356563E-01
  3.26000  0.116338E-01
  3.27000  0.115066E-01
  3.28000  0.113932E-01
  3.29000  0.711488E-02
  3.30000  0.691469E-02
  3.31000  0.402249E-03
  3.32000  0.390364E-03
  3.33000  0.377947E-03
  3.34000  0.364751E-03
  3.35000  0.351022E-03
  3.36000  0.337206E-03
  3.37000  0.719969E-05
  3.38000  0.688673E-05
  3.39000  0.659978E-05
  3.40000  0.634503E-05
  3.41000  0.610448E-05
  3.42000  0.586613E-05
  3.43000  0.562243E-05
  3.44000  0.537684E-05
  3.45000  0.513331E-05
  3.46000  0.379181E-05
  3.47000  0.413195E-07
  3.48000  0.384582E-07
  3.49000  0.358118E-07
  3.50000  0.333352E-07
  3.51000  0.310362E-07
  3.52000  0.289646E-07
  3.53000  0.271552E-07
  3.54000  0.256049E-07
  3.55000  0.242146E-07
  3.56000  0.228145E-07
  3.57000  0.213842E-07
  3.58000  0.199271E-07
  3.59000  0.116169E-07
  3.60000  0.102824E-07
  3.61000  0.880124E-08
  3.62000  0.500074E-08
  3.63000  0.485398E-08
  3.64000  0.474051E-08
  3.65000  0.466724E-08
  3.66000  0.462383E-08
  3.67000  0.459821E-08
  3.68000  0.458365E-08
  3.69000  0.457993E-08
  3.70000  0.458768E-08
  3.71000  0.439232E-08
  3.72000  0.734812E-09
  3.73000  0.741492E-09
  3.74000  0.749111E-09
  3.75000  0.758348E-09
  3.76000  0.768782E-09
  3.77000  0.778464E-09
  3.78000  0.785638E-09
  3.79000  0.789603E-09
  3.80000  0.790627E-09
  3.81000  0.731109E-09
  3.82000  0.668882E-09
  3.83000  0.107118E-09
  3.84000  0.106727E-09
  3.85000  0.106218E-09
  3.86000  0.105779E-09
  3.87000  0.105560E-09
  3.88000  0.105602E-09
  3.89000  0.105841E-09
  3.90000  0.106193E-09
  3.91000  0.106573E-09
  3.92000  0.106912E-09
  3.93000  0.107160E-09
  3.94000  0.107269E-09
  3.95000  0.107195E-09
  3.96000  0.106885E-09
  3.97000  0.106237E-09
  3.98000  0.105117E-09
  3.99000  0.103423E-09
  4.00000  0.101183E-09
  4.01000  0.986113E-10
  4.02000  0.960186E-10
  4.03000  0.936567E-10
  4.04000  0.916033E-10
  4.05000  0.897840E-10
  4.06000  0.880879E-10
  4.07000  0.175938E-10
  4.08000  0.173066E-10
  4.09000  0.170055E-10
  4.10000  0.166856E-10
  4.11000  0.163485E-10
  4.12000  0.160127E-10
  4.13000  0.157028E-10
  4.14000  0.154293E-10
  4.15000  0.151801E-10
  4.16000  0.149212E-10
  4.17000  0.146206E-10
  4.18000  0.142673E-10
  4.19000  0.138786E-10
  4.20000  0.134794E-10
  4.21000  0.130787E-10
  4.22000  0.126750E-10
  4.23000  0.122555E-10
  4.24000  0.118217E-10
  4.25000  0.145798E-17
  4.26000  0.917699E-18
  4.27000  0.810230E-18
  4.28000  0.715042E-18
  4.29000  0.388491E-18
  4.30000  0.340503E-18
  4.31000  0.199164E-18
  4.32000  0.175516E-18
  4.33000  0.159472E-18
  4.34000  0.145357E-18
  4.35000  0.132923E-18
  4.36000  0.121963E-18
  4.37000  0.112283E-18
  4.38000  0.875582E-19
  4.39000  0.787846E-19
  4.40000  0.708596E-19
  4.41000  0.636971E-19
  4.42000  0.572386E-19
  4.43000  0.514268E-19
  4.44000  0.462141E-19
  4.45000  0.415457E-19
  4.46000  0.256790E-19
  4.47000  0.228204E-19
  4.48000  0.113924E-19
  4.49000  0.100840E-19
  4.50000  0.893189E-20
  4.51000  0.504317E-20
  4.52000  0.446459E-20
  4.53000  0.129677E-20
  4.54000  0.122634E-20
  4.55000  0.116005E-20
  4.56000  0.109790E-20
  4.57000  0.103987E-20
  4.58000  0.985637E-21
  4.59000  0.934873E-21
  4.60000  0.887327E-21
  4.61000  0.842663E-21
  4.62000  0.800873E-21
  4.63000  0.761827E-21
  4.64000  0.725321E-21
  4.65000  0.691175E-21
  4.66000  0.659175E-21
  4.67000  0.125055E-21
  4.68000  0.120467E-21
  4.69000  0.116101E-21
  4.70000  0.111935E-21
  4.71000  0.107959E-21
  4.72000  0.104155E-21
  4.73000  0.100519E-21
  4.74000  0.970513E-22
  4.75000  0.937632E-22
  4.76000  0.906763E-22
  4.77000  0.877904E-22
  4.78000  0.851111E-22
  4.79000  0.826375E-22
  4.80000  0.366241E-22
  4.81000  0.354967E-22
  4.82000  0.343815E-22
  4.83000  0.332802E-22
  4.84000  0.322060E-22
  4.85000  0.311767E-22
  4.86000  0.302022E-22
  4.87000  0.292782E-22
  4.88000  0.283816E-22
  4.89000  0.274816E-22
  4.90000  0.185639E-22
  4.91000  0.137539E-22
  4.92000  0.307658E-23
  4.93000  0.296928E-23
  4.94000  0.286517E-23
  4.95000  0.276488E-23
  4.96000  0.266799E-23
  4.97000  0.257433E-23
  4.98000  0.248453E-23
  4.99000  0.239964E-23
  5.00000  0.232080E-23
  5.01000  0.211038E-23
  5.02000  0.207498E-23
  5.03000  0.205148E-23
  5.04000  0.203791E-23
  5.05000  0.203250E-23
  5.06000  0.203382E-23
  5.07000  0.204041E-23
  5.08000  0.205100E-23
  5.09000  0.206426E-23
  5.10000  0.207824E-23
  5.11000  0.209039E-23
  5.12000  0.209865E-23
  5.13000  0.210218E-23
  5.14000  0.210109E-23
  5.15000  0.209582E-23
  5.16000  0.208717E-23
  5.17000  0.207567E-23
  5.18000  0.206137E-23
  5.19000  0.319862E-24
  5.20000  0.312759E-24
  5.21000  0.294958E-24
  5.22000  0.287383E-24
  5.23000  0.223071E-24
  5.24000  0.991718E-25
  5.25000  0.976503E-25
  5.26000  0.962692E-25
  5.27000  0.950358E-25
  5.28000  0.939351E-25
  5.29000  0.929110E-25
  5.30000  0.919212E-25
  5.31000  0.909582E-25
  5.32000  0.900006E-25
  5.33000  0.890204E-25
  5.34000  0.880110E-25
  5.35000  0.869230E-25
  5.36000  0.857467E-25
  5.37000  0.845142E-25
  5.38000  0.832511E-25
  5.39000  0.819910E-25
  5.40000  0.807273E-25
  5.41000  0.794498E-25
  5.42000  0.781488E-25
  5.43000  0.768384E-25
  5.44000  0.755554E-25
  5.45000  0.743330E-25
  5.46000  0.560996E-25
  5.47000  0.550796E-25
  5.48000  0.540673E-25
  5.49000  0.123644E-25
  5.50000  0.122126E-25
  5.51000  0.120658E-25
  5.52000  0.119253E-25
  5.53000  0.117900E-25
  5.54000  0.116580E-25
  5.55000  0.115290E-25
  5.56000  0.113996E-25
  5.57000  0.112674E-25
  5.58000  0.111313E-25
  5.59000  0.109933E-25
  5.60000  0.108549E-25
  5.61000  0.107203E-25
  5.62000  0.105900E-25
  5.63000  0.104643E-25
  5.64000  0.103407E-25
  5.65000  0.102176E-25
  5.66000  0.100959E-25
  5.67000  0.997454E-26
  5.68000  0.985267E-26
  5.69000  0.972975E-26
  5.70000  0.960807E-26
  5.71000  0.948832E-26
  5.72000  0.937002E-26
  5.73000  0.925424E-26
  5.74000  0.913988E-26
  5.75000  0.902695E-26
  5.76000  0.891644E-26
  5.77000  0.881021E-26
  5.78000  0.870877E-26
  5.79000  0.861085E-26
  5.80000  0.851532E-26
  5.81000  0.842149E-26
  5.82000  0.832971E-26
  5.83000  0.823890E-26
  5.84000  0.815044E-26
  5.85000  0.806391E-26
  5.86000  0.797740E-26
  5.87000  0.789108E-26
  5.88000  0.780479E-26
  5.89000  0.771887E-26
  5.90000  0.763327E-26
  5.91000  0.754904E-26
  5.92000  0.746585E-26
  5.93000  0.596639E-26
  5.94000  0.588276E-26
  5.95000  0.580066E-26
  5.96000  0.000000E+00
  5.97000  0.000000E+00
  5.98000  0.000000E+00
  5.99000  0.000000E+00
  6.00000  0.000000E+00
  6.20000  0.000000E+00
  6.40000  0.000000E+00
  6.60000  0.000000E+00
  6.80000  0.000000E+00
  7.00000  0.000000E+00
