  0.00000  0.000000E+00
  0.01000  0.331852E+00
  0.02000  0.337234E+00
  0.03000  0.342116E+00
  0.04000  0.346941E+00
  0.05000  0.351538E+00
  0.06000  0.355882E+00
  0.07000  0.359967E+00
  0.08000  0.363823E+00
  0.09000  0.367463E+00
  0.10000  0.370887E+00
  0.11000  0.374099E+00
  0.12000  0.377098E+00
  0.13000  0.379862E+00
  0.14000  0.382384E+00
  0.15000  0.384665E+00
  0.16000  0.386701E+00
  0.17000  0.388497E+00
  0.18000  0.390048E+00
  0.19000  0.391351E+00
  0.20000  0.392446E+00
  0.21000  0.393347E+00
  0.22000  0.394079E+00
  0.23000  0.394683E+00
  0.24000  0.395135E+00
  0.25000  0.395449E+00
  0.26000  0.395627E+00
  0.27000  0.395695E+00
  0.28000  0.395655E+00
  0.29000  0.395512E+00
  0.30000  0.395262E+00
  0.31000  0.394957E+00
  0.32000  0.394556E+00
  0.33000  0.394040E+00
  0.34000  0.393432E+00
  0.35000  0.392744E+00
  0.36000  0.391971E+00
  0.37000  0.391097E+00
  0.38000  0.390160E+00
  0.39000  0.389077E+00
  0.40000  0.387857E+00
  0.41000  0.386531E+00
  0.42000  0.385087E+00
  0.43000  0.383484E+00
  0.44000  0.381768E+00
  0.45000  0.379989E+00
  0.46000  0.378126E+00
  0.47000  0.376185E+00
  0.48000  0.374113E+00
  0.49000  0.371892E+00
  0.50000  0.369561E+00
  0.51000  0.367112E+00
  0.52000  0.364998E+00
  0.53000  0.362986E+00
  0.54000  0.360869E+00
  0.55000  0.358657E+00
  0.56000  0.356322E+00
  0.57000  0.353902E+00
  0.58000  0.351452E+00
  0.59000  0.348965E+00
  0.60000  0.346451E+00
  0.61000  0.343930E+00
  0.62000  0.341429E+00
  0.63000  0.338919E+00
  0.64000  0.338056E+00
  0.65000  0.338871E+00
  0.66000  0.340212E+00
  0.67000  0.341933E+00
  0.68000  0.343892E+00
  0.69000  0.346025E+00
  0.70000  0.348290E+00
  0.71000  0.352143E+00
  0.72000  0.357500E+00
  0.73000  0.362910E+00
  0.74000  0.368014E+00
  0.75000  0.371976E+00
  0.76000  0.374452E+00
  0.77000  0.373375E+00
  0.78000  0.361836E+00
  0.79000  0.348028E+00
  0.80000  0.359900E+00
  0.81000  0.370358E+00
  0.82000  0.380767E+00
  0.83000  0.391936E+00
  0.84000  0.405036E+00
  0.85000  0.418457E+00
  0.86000  0.432336E+00
  0.87000  0.446806E+00
  0.88000  0.461354E+00
  0.89000  0.475015E+00
  0.90000  0.488023E+00
  0.91000  0.500742E+00
  0.92000  0.513295E+00
  0.93000  0.525480E+00
  0.94000  0.537224E+00
  0.95000  0.548350E+00
  0.96000  0.558621E+00
  0.97000  0.568252E+00
  0.98000  0.576940E+00
  0.99000  0.586501E+00
  1.00000  0.596861E+00
  1.01000  0.606334E+00
  1.02000  0.612880E+00
  1.03000  0.613988E+00
  1.04000  0.611702E+00
  1.05000  0.623252E+00
  1.06000  0.642257E+00
  1.07000  0.654357E+00
  1.08000  0.663634E+00
  1.09000  0.671508E+00
  1.10000  0.678421E+00
  1.11000  0.684507E+00
  1.12000  0.689971E+00
  1.13000  0.695132E+00
  1.14000  0.700078E+00
  1.15000  0.704796E+00
  1.16000  0.709349E+00
  1.17000  0.713657E+00
  1.18000  0.717519E+00
  1.19000  0.720924E+00
  1.20000  0.724293E+00
  1.21000  0.731522E+00
  1.22000  0.747082E+00
  1.23000  0.761515E+00
  1.24000  0.775673E+00
  1.25000  0.789569E+00
  1.26000  0.802974E+00
  1.27000  0.815669E+00
  1.28000  0.827769E+00
  1.29000  0.839393E+00
  1.30000  0.850791E+00
  1.31000  0.861465E+00
  1.32000  0.872741E+00
  1.33000  0.884552E+00
  1.34000  0.895505E+00
  1.35000  0.904527E+00
  1.36000  0.911391E+00
  1.37000  0.916592E+00
  1.38000  0.920273E+00
  1.39000  0.921793E+00
  1.40000  0.920056E+00
  1.41000  0.914077E+00
  1.42000  0.905493E+00
  1.43000  0.897219E+00
  1.44000  0.889834E+00
  1.45000  0.882540E+00
  1.46000  0.874658E+00
  1.47000  0.865815E+00
  1.48000  0.857601E+00
  1.49000  0.863011E+00
  1.50000  0.867064E+00
  1.51000  0.870068E+00
  1.52000  0.872831E+00
  1.53000  0.875067E+00
  1.54000  0.879032E+00
  1.55000  0.891420E+00
  1.56000  0.903039E+00
  1.57000  0.912731E+00
  1.58000  0.921012E+00
  1.59000  0.928166E+00
  1.60000  0.938764E+00
  1.61000  0.949198E+00
  1.62000  0.958991E+00
  1.63000  0.967959E+00
  1.64000  0.976626E+00
  1.65000  0.985927E+00
  1.66000  0.993395E+00
  1.67000  0.993737E+00
  1.68000  0.986262E+00
  1.69000  0.974899E+00
  1.70000  0.962646E+00
  1.71000  0.950858E+00
  1.72000  0.938559E+00
  1.73000  0.923359E+00
  1.74000  0.904045E+00
  1.75000  0.882112E+00
  1.76000  0.870498E+00
  1.77000  0.870056E+00
  1.78000  0.875619E+00
  1.79000  0.897994E+00
  1.80000  0.896894E+00
  1.81000  0.895191E+00
  1.82000  0.899125E+00
  1.83000  0.901952E+00
  1.84000  0.903834E+00
  1.85000  0.904569E+00
  1.86000  0.903824E+00
  1.87000  0.901628E+00
  1.88000  0.898365E+00
  1.89000  0.894365E+00
  1.90000  0.889569E+00
  1.91000  0.883602E+00
  1.92000  0.876299E+00
  1.93000  0.871438E+00
  1.94000  0.870842E+00
  1.95000  0.868724E+00
  1.96000  0.864752E+00
  1.97000  0.859613E+00
  1.98000  0.854047E+00
  1.99000  0.848183E+00
  2.00000  0.841710E+00
  2.01000  0.835993E+00
  2.02000  0.843399E+00
  2.03000  0.850435E+00
  2.04000  0.856050E+00
  2.05000  0.859967E+00
  2.06000  0.863281E+00
  2.07000  0.866609E+00
  2.08000  0.869508E+00
  2.09000  0.871487E+00
  2.10000  0.872417E+00
  2.11000  0.872154E+00
  2.12000  0.870389E+00
  2.13000  0.866987E+00
  2.14000  0.861960E+00
  2.15000  0.855151E+00
  2.16000  0.846345E+00
  2.17000  0.835459E+00
  2.18000  0.822557E+00
  2.19000  0.807747E+00
  2.20000  0.791223E+00
  2.21000  0.786815E+00
  2.22000  0.790420E+00
  2.23000  0.792177E+00
  2.24000  0.792324E+00
  2.25000  0.791226E+00
  2.26000  0.789011E+00
  2.27000  0.785514E+00
  2.28000  0.780460E+00
  2.29000  0.773610E+00
  2.30000  0.764943E+00
  2.31000  0.754692E+00
  2.32000  0.743168E+00
  2.33000  0.730841E+00
  2.34000  0.718504E+00
  2.35000  0.706925E+00
  2.36000  0.696128E+00
  2.37000  0.685383E+00
  2.38000  0.684719E+00
  2.39000  0.687338E+00
  2.40000  0.688674E+00
  2.41000  0.688861E+00
  2.42000  0.688352E+00
  2.43000  0.687488E+00
  2.44000  0.686161E+00
  2.45000  0.684112E+00
  2.46000  0.681460E+00
  2.47000  0.678548E+00
  2.48000  0.675612E+00
  2.49000  0.672603E+00
  2.50000  0.669249E+00
  2.51000  0.665323E+00
  2.52000  0.660792E+00
  2.53000  0.670566E+00
  2.54000  0.769024E+00
  2.55000  0.792865E+00
  2.56000  0.788979E+00
  2.57000  0.774067E+00
  2.58000  0.752522E+00
  2.59000  0.731255E+00
  2.60000  0.743054E+00
  2.61000  0.756809E+00
  2.62000  0.771980E+00
  2.63000  0.786713E+00
  2.64000  0.798579E+00
  2.65000  0.808273E+00
  2.66000  0.817568E+00
  2.67000  0.828003E+00
  2.68000  0.841985E+00
  2.69000  0.858752E+00
  2.70000  0.877948E+00
  2.71000  0.894061E+00
  2.72000  0.904126E+00
  2.73000  0.909588E+00
  2.74000  0.911800E+00
  2.75000  0.912731E+00
  2.76000  0.913058E+00
  2.77000  0.913426E+00
  2.78000  0.915045E+00
  2.79000  0.918060E+00
  2.80000  0.922692E+00
  2.81000  0.928707E+00
  2.82000  0.935744E+00
  2.83000  0.942941E+00
  2.84000  0.949636E+00
  2.85000  0.954730E+00
  2.86000  0.958323E+00
  2.87000  0.960695E+00
  2.88000  0.962026E+00
  2.89000  0.962779E+00
  2.90000  0.963994E+00
  2.91000  0.966224E+00
  2.92000  0.969149E+00
  2.93000  0.972656E+00
  2.94000  0.975544E+00
  2.95000  0.970505E+00
  2.96000  0.939137E+00
  2.97000  0.866493E+00
  2.98000  0.768406E+00
  2.99000  0.752520E+00
  3.00000  0.753963E+00
  3.01000  0.755243E+00
  3.02000  0.756565E+00
  3.03000  0.758044E+00
  3.04000  0.759702E+00
  3.05000  0.761477E+00
  3.06000  0.763439E+00
  3.07000  0.765797E+00
  3.08000  0.768615E+00
  3.09000  0.771627E+00
  3.10000  0.774270E+00
  3.11000  0.776054E+00
  3.12000  0.776917E+00
  3.13000  0.777122E+00
  3.14000  0.776919E+00
  3.15000  0.776405E+00
  3.16000  0.775598E+00
  3.17000  0.774481E+00
  3.18000  0.773136E+00
  3.19000  0.771687E+00
  3.20000  0.770307E+00
  3.21000  0.769142E+00
  3.22000  0.768221E+00
  3.23000  0.767422E+00
  3.24000  0.766579E+00
  3.25000  0.765586E+00
  3.26000  0.764389E+00
  3.27000  0.762914E+00
  3.28000  0.761116E+00
  3.29000  0.759090E+00
  3.30000  0.756977E+00
  3.31000  0.754926E+00
  3.32000  0.752991E+00
  3.33000  0.751125E+00
  3.34000  0.749313E+00
  3.35000  0.747658E+00
  3.36000  0.746207E+00
  3.37000  0.744819E+00
  3.38000  0.743268E+00
  3.39000  0.741405E+00
  3.40000  0.739243E+00
  3.41000  0.736922E+00
  3.42000  0.734578E+00
  3.43000  0.732283E+00
  3.44000  0.730025E+00
  3.45000  0.727733E+00
  3.46000  0.725351E+00
  3.47000  0.722896E+00
  3.48000  0.720477E+00
  3.49000  0.718221E+00
  3.50000  0.716181E+00
  3.51000  0.714368E+00
  3.52000  0.712805E+00
  3.53000  0.711495E+00
  3.54000  0.710436E+00
  3.55000  0.709659E+00
  3.56000  0.709299E+00
  3.57000  0.709427E+00
  3.58000  0.709908E+00
  3.59000  0.710362E+00
  3.60000  0.710415E+00
  3.61000  0.709902E+00
  3.62000  0.708952E+00
  3.63000  0.707769E+00
  3.64000  0.706503E+00
  3.65000  0.705192E+00
  3.66000  0.703837E+00
  3.67000  0.708100E+00
  3.68000  0.720533E+00
  3.69000  0.728677E+00
  3.70000  0.733677E+00
  3.71000  0.737036E+00
  3.72000  0.739880E+00
  3.73000  0.743193E+00
  3.74000  0.747942E+00
  3.75000  0.754345E+00
  3.76000  0.761606E+00
  3.77000  0.768039E+00
  3.78000  0.773094E+00
  3.79000  0.777319E+00
  3.80000  0.791367E+00
  3.81000  0.812166E+00
  3.82000  0.846117E+00
  3.83000  0.886036E+00
  3.84000  0.925964E+00
  3.85000  0.957587E+00
  3.86000  0.978057E+00
  3.87000  0.988662E+00
  3.88000  0.992943E+00
  3.89000  0.993784E+00
  3.90000  0.992847E+00
  3.91000  0.990462E+00
  3.92000  0.987550E+00
  3.93000  0.984926E+00
  3.94000  0.988326E+00
  3.95000  0.992423E+00
  3.96000  0.996028E+00
  3.97000  0.998686E+00
  3.98000  0.100000E+01
  3.99000  0.999809E+00
  4.00000  0.998267E+00
  4.01000  0.996031E+00
  4.02000  0.993633E+00
  4.03000  0.991385E+00
  4.04000  0.989289E+00
  4.05000  0.987329E+00
  4.06000  0.985583E+00
  4.07000  0.984105E+00
  4.08000  0.982838E+00
  4.09000  0.981694E+00
  4.10000  0.980735E+00
  4.11000  0.980039E+00
  4.12000  0.979766E+00
  4.13000  0.979954E+00
  4.14000  0.980333E+00
  4.15000  0.980615E+00
  4.16000  0.980414E+00
  4.17000  0.979090E+00
  4.18000  0.975808E+00
  4.19000  0.969751E+00
  4.20000  0.960300E+00
  4.21000  0.947684E+00
  4.22000  0.932302E+00
  4.23000  0.913569E+00
  4.24000  0.895168E+00
  4.25000  0.893150E+00
  4.26000  0.889474E+00
  4.27000  0.884773E+00
  4.28000  0.880887E+00
  4.29000  0.878026E+00
  4.30000  0.876355E+00
  4.31000  0.875590E+00
  4.32000  0.874878E+00
  4.33000  0.873648E+00
  4.34000  0.872280E+00
  4.35000  0.871171E+00
  4.36000  0.870457E+00
  4.37000  0.869968E+00
  4.38000  0.869618E+00
  4.39000  0.869422E+00
  4.40000  0.869122E+00
  4.41000  0.868722E+00
  4.42000  0.868159E+00
  4.43000  0.867230E+00
  4.44000  0.865827E+00
  4.45000  0.863909E+00
  4.46000  0.861400E+00
  4.47000  0.858875E+00
  4.48000  0.855987E+00
  4.49000  0.852845E+00
  4.50000  0.849474E+00
  4.51000  0.845902E+00
  4.52000  0.848833E+00
  4.53000  0.851465E+00
  4.54000  0.855682E+00
  4.55000  0.863303E+00
  4.56000  0.870201E+00
  4.57000  0.876336E+00
  4.58000  0.881621E+00
  4.59000  0.886006E+00
  4.60000  0.889470E+00
  4.61000  0.892004E+00
  4.62000  0.893664E+00
  4.63000  0.894580E+00
  4.64000  0.894892E+00
  4.65000  0.894669E+00
  4.66000  0.895312E+00
  4.67000  0.900272E+00
  4.68000  0.904651E+00
  4.69000  0.908353E+00
  4.70000  0.911322E+00
  4.71000  0.913564E+00
  4.72000  0.890739E+00
  4.73000  0.890368E+00
  4.74000  0.889634E+00
  4.75000  0.888541E+00
  4.76000  0.887088E+00
  4.77000  0.885273E+00
  4.78000  0.883122E+00
  4.79000  0.880709E+00
  4.80000  0.878119E+00
  4.81000  0.875437E+00
  4.82000  0.872722E+00
  4.83000  0.869971E+00
  4.84000  0.774712E+00
  4.85000  0.771242E+00
  4.86000  0.767574E+00
  4.87000  0.763741E+00
  4.88000  0.759783E+00
  4.89000  0.755713E+00
  4.90000  0.751519E+00
  4.91000  0.707279E+00
  4.92000  0.702840E+00
  4.93000  0.650951E+00
  4.94000  0.646615E+00
  4.95000  0.472316E+00
  4.96000  0.463320E+00
  4.97000  0.453861E+00
  4.98000  0.440692E+00
  4.99000  0.434452E+00
  5.00000  0.428373E+00
  5.01000  0.422796E+00
  5.02000  0.417854E+00
  5.03000  0.413536E+00
  5.04000  0.409692E+00
  5.05000  0.406177E+00
  5.06000  0.402893E+00
  5.07000  0.399779E+00
  5.08000  0.396783E+00
  5.09000  0.393848E+00
  5.10000  0.390884E+00
  5.11000  0.285366E+00
  5.12000  0.281952E+00
  5.13000  0.278413E+00
  5.14000  0.274786E+00
  5.15000  0.271102E+00
  5.16000  0.267386E+00
  5.17000  0.263669E+00
  5.18000  0.259966E+00
  5.19000  0.256284E+00
  5.20000  0.252645E+00
  5.21000  0.249091E+00
  5.22000  0.245665E+00
  5.23000  0.143524E+00
  5.24000  0.142393E+00
  5.25000  0.141369E+00
  5.26000  0.140438E+00
  5.27000  0.139585E+00
  5.28000  0.138799E+00
  5.29000  0.138072E+00
  5.30000  0.137401E+00
  5.31000  0.136800E+00
  5.32000  0.136264E+00
  5.33000  0.135786E+00
  5.34000  0.135349E+00
  5.35000  0.134938E+00
  5.36000  0.105315E+00
  5.37000  0.105795E+00
  5.38000  0.106202E+00
  5.39000  0.106484E+00
  5.40000  0.106635E+00
  5.41000  0.106684E+00
  5.42000  0.106673E+00
  5.43000  0.106635E+00
  5.44000  0.106602E+00
  5.45000  0.106601E+00
  5.46000  0.106649E+00
  5.47000  0.106754E+00
  5.48000  0.106909E+00
  5.49000  0.107105E+00
  5.50000  0.107337E+00
  5.51000  0.107581E+00
  5.52000  0.107823E+00
  5.53000  0.108054E+00
  5.54000  0.108240E+00
  5.55000  0.108354E+00
  5.56000  0.108379E+00
  5.57000  0.108301E+00
  5.58000  0.108126E+00
  5.59000  0.107874E+00
  5.60000  0.107565E+00
  5.61000  0.107230E+00
  5.62000  0.106902E+00
  5.63000  0.106606E+00
  5.64000  0.106352E+00
  5.65000  0.106144E+00
  5.66000  0.105978E+00
  5.67000  0.174727E-01
  5.68000  0.171522E-01
  5.69000  0.168347E-01
  5.70000  0.165193E-01
  5.71000  0.162056E-01
  5.72000  0.158943E-01
  5.73000  0.431079E-02
  5.74000  0.413576E-02
  5.75000  0.397047E-02
  5.76000  0.381456E-02
  5.77000  0.366761E-02
  5.78000  0.352987E-02
  5.79000  0.340027E-02
  5.80000  0.327830E-02
  5.81000  0.316355E-02
  5.82000  0.305503E-02
  5.83000  0.295207E-02
  5.84000  0.285410E-02
  5.85000  0.276045E-02
  5.86000  0.267079E-02
  5.87000  0.258483E-02
  5.88000  0.250239E-02
  5.89000  0.242349E-02
  5.90000  0.234800E-02
  5.91000  0.227579E-02
  5.92000  0.220683E-02
  5.93000  0.214079E-02
  5.94000  0.207752E-02
  5.95000  0.201700E-02
  5.96000  0.174392E-02
  5.97000  0.170402E-02
  5.98000  0.166585E-02
  5.99000  0.147095E-02
  6.00000  0.144735E-02
  6.20000  0.635544E-03
  6.40000  0.558924E-04
  6.60000  0.561056E-04
  6.80000  0.511999E-04
  7.00000  0.137416E-04
