  0.00000  0.000000E+00
  0.01000  0.000000E+00
  0.02000  0.415842E-12
  0.03000  0.464289E-12
  0.04000  0.830676E-12
  0.05000  0.196067E-11
  0.06000  0.134757E-11
  0.07000  0.832184E-12
  0.08000  0.113873E-11
  0.09000  0.445041E-11
  0.10000  0.266282E-10
  0.11000  0.479990E-10
  0.12000  0.475917E-10
  0.13000  0.427697E-10
  0.14000  0.288010E-10
  0.15000  0.775783E-11
  0.16000  0.342413E-11
  0.17000  0.657150E-11
  0.18000  0.275762E-10
  0.19000  0.438688E-10
  0.20000  0.706134E-10
  0.21000  0.155487E-09
  0.22000  0.781300E-09
  0.23000  0.804366E-09
  0.24000  0.393127E-09
  0.25000  0.420563E-09
  0.26000  0.118912E-08
  0.27000  0.122463E-07
  0.28000  0.158034E-07
  0.29000  0.678493E-08
  0.30000  0.676936E-08
  0.31000  0.718767E-08
  0.32000  0.937580E-08
  0.33000  0.700904E-08
  0.34000  0.114356E-08
  0.35000  0.137774E-08
  0.36000  0.162602E-08
  0.37000  0.240706E-08
  0.38000  0.384589E-08
  0.39000  0.527133E-08
  0.40000  0.579557E-08
  0.41000  0.552983E-08
  0.42000  0.547714E-08
  0.43000  0.525575E-08
  0.44000  0.548606E-08
  0.45000  0.556102E-08
  0.46000  0.444428E-08
  0.47000  0.294400E-08
  0.48000  0.169464E-08
  0.49000  0.111105E-08
  0.50000  0.787101E-09
  0.51000  0.482710E-09
  0.52000  0.238960E-09
  0.53000  0.886874E-10
  0.54000  0.253825E-10
  0.55000  0.786581E-11
  0.56000  0.267948E-11
  0.57000  0.722484E-12
  0.58000  0.361373E-12
  0.59000  0.150464E-12
  0.60000  0.487221E-13
  0.61000  0.214087E-13
  0.62000  0.897490E-14
  0.63000  0.309463E-14
  0.64000  0.106511E-14
  0.65000  0.359100E-15
  0.66000  0.912545E-16
  0.67000  0.263185E-16
  0.68000  0.106497E-16
  0.69000  0.460382E-17
  0.70000  0.161858E-17
  0.71000  0.614866E-18
  0.72000  0.262877E-18
  0.73000  0.102033E-18
  0.74000  0.432709E-19
  0.75000  0.186272E-19
  0.76000  0.673750E-20
  0.77000  0.265763E-20
  0.78000  0.145530E-20
  0.79000  0.112624E-20
  0.80000  0.923869E-21
  0.81000  0.667979E-21
  0.82000  0.416377E-21
  0.83000  0.292881E-21
  0.84000  0.239670E-21
  0.85000  0.185614E-21
  0.86000  0.151525E-21
  0.87000  0.146995E-21
  0.88000  0.126328E-21
  0.89000  0.102557E-21
  0.90000  0.897535E-22
  0.91000  0.715311E-22
  0.92000  0.445076E-22
  0.93000  0.256714E-22
  0.94000  0.144927E-22
  0.95000  0.676368E-23
  0.96000  0.270259E-23
  0.97000  0.110705E-23
  0.98000  0.452128E-24
  0.99000  0.194208E-24
  1.00000  0.924526E-25
  1.01000  0.509530E-25
  1.02000  0.327125E-25
  1.03000  0.226345E-25
  1.04000  0.149945E-25
  1.05000  0.915214E-26
  1.06000  0.541684E-26
  1.07000  0.324694E-26
  1.08000  0.198556E-26
  1.09000  0.121039E-26
  1.10000  0.109765E-26
  1.11000  0.110814E-26
  1.12000  0.105563E-26
  1.13000  0.956630E-27
  1.14000  0.884796E-27
  1.15000  0.886604E-27
  1.16000  0.943608E-27
  1.17000  0.100568E-26
  1.18000  0.104273E-26
  1.19000  0.102689E-26
  1.20000  0.963102E-27
  1.21000  0.906489E-27
  1.22000  0.864106E-27
  1.23000  0.846624E-27
  1.24000  0.909086E-27
  1.25000  0.103549E-26
  1.26000  0.118735E-26
  1.27000  0.131509E-26
  1.28000  0.135795E-26
  1.29000  0.130656E-26
  1.30000  0.121105E-26
  1.31000  0.112254E-26
  1.32000  0.104535E-26
  1.33000  0.960828E-27
  1.34000  0.845003E-27
  1.35000  0.694067E-27
  1.36000  0.534369E-27
  1.37000  0.392513E-27
  1.38000  0.276993E-27
  1.39000  0.190078E-27
  1.40000  0.131501E-27
  1.41000  0.979535E-28
  1.42000  0.761691E-28
  1.43000  0.635779E-28
  1.44000  0.531045E-28
  1.45000  0.436065E-28
  1.46000  0.356357E-28
  1.47000  0.296699E-28
  1.48000  0.253607E-28
  1.49000  0.220921E-28
  1.50000  0.196114E-28
  1.51000  0.179828E-28
  1.52000  0.169755E-28
  1.53000  0.164043E-28
  1.54000  0.161761E-28
  1.55000  0.164057E-28
  1.56000  0.179361E-28
  1.57000  0.220475E-28
  1.58000  0.281661E-28
  1.59000  0.331274E-28
  1.60000  0.355956E-28
  1.61000  0.354903E-28
  1.62000  0.332608E-28
  1.63000  0.296304E-28
  1.64000  0.252226E-28
  1.65000  0.206825E-28
  1.66000  0.165620E-28
  1.67000  0.132258E-28
  1.68000  0.106242E-28
  1.69000  0.839568E-29
  1.70000  0.641424E-29
  1.71000  0.484005E-29
  1.72000  0.371642E-29
  1.73000  0.292830E-29
  1.74000  0.234823E-29
  1.75000  0.191567E-29
  1.76000  0.161564E-29
  1.77000  0.174381E-29
  1.78000  0.213039E-29
  1.79000  0.324626E-29
  1.80000  0.438781E-29
  1.81000  0.403896E-29
  1.82000  0.361479E-29
  1.83000  0.277941E-29
  1.84000  0.220490E-29
  1.85000  0.189956E-29
  1.86000  0.169679E-29
  1.87000  0.138955E-29
  1.88000  0.110131E-29
  1.89000  0.118058E-29
  1.90000  0.131611E-29
  1.91000  0.154107E-29
  1.92000  0.189749E-29
  1.93000  0.243171E-29
  1.94000  0.319389E-29
  1.95000  0.425846E-29
  1.96000  0.602832E-29
  1.97000  0.818500E-29
  1.98000  0.126661E-28
  1.99000  0.215290E-28
  2.00000  0.404172E-28
  2.01000  0.850450E-28
  2.02000  0.183437E-27
  2.03000  0.375764E-27
  2.04000  0.760993E-27
  2.05000  0.162375E-26
  2.06000  0.411889E-26
  2.07000  0.918276E-26
  2.08000  0.199166E-25
  2.09000  0.408871E-25
  2.10000  0.780350E-25
  2.11000  0.136815E-24
  2.12000  0.228248E-24
  2.13000  0.373626E-24
  2.14000  0.608135E-24
  2.15000  0.975619E-24
  2.16000  0.190126E-23
  2.17000  0.299697E-23
  2.18000  0.479720E-23
  2.19000  0.776546E-23
  2.20000  0.121880E-22
  2.21000  0.173464E-22
  2.22000  0.218006E-22
  2.23000  0.257419E-22
  2.24000  0.322505E-22
  2.25000  0.456040E-22
  2.26000  0.956395E-22
  2.27000  0.150284E-21
  2.28000  0.223315E-21
  2.29000  0.319471E-21
  2.30000  0.480726E-21
  2.31000  0.790412E-21
  2.32000  0.129727E-20
  2.33000  0.198149E-20
  2.34000  0.297507E-20
  2.35000  0.536331E-20
  2.36000  0.215240E-19
  2.37000  0.118346E-18
  2.38000  0.680422E-18
  2.39000  0.237899E-17
  2.40000  0.599771E-17
  2.41000  0.128427E-16
  2.42000  0.224806E-16
  2.43000  0.335746E-16
  2.44000  0.481152E-16
  2.45000  0.715362E-16
  2.46000  0.168435E-15
  2.47000  0.267644E-15
  2.48000  0.361627E-15
  2.49000  0.348289E-15
  2.50000  0.245012E-15
  2.51000  0.150511E-15
  2.52000  0.987945E-16
  2.53000  0.777568E-16
  2.54000  0.838471E-16
  2.55000  0.136594E-15
  2.56000  0.306095E-15
  2.57000  0.541400E-15
  2.58000  0.106208E-14
  2.59000  0.223836E-14
  2.60000  0.464278E-14
  2.61000  0.882582E-14
  2.62000  0.149369E-13
  2.63000  0.231836E-13
  2.64000  0.348302E-13
  2.65000  0.523759E-13
  2.66000  0.109534E-12
  2.67000  0.166334E-12
  2.68000  0.252826E-12
  2.69000  0.384166E-12
  2.70000  0.580398E-12
  2.71000  0.869087E-12
  2.72000  0.156493E-11
  2.73000  0.283938E-11
  2.74000  0.516577E-11
  2.75000  0.950008E-11
  2.76000  0.268701E-10
  2.77000  0.505214E-10
  2.78000  0.948318E-10
  2.79000  0.174638E-09
  2.80000  0.310798E-09
  2.81000  0.529857E-09
  2.82000  0.866198E-09
  2.83000  0.136806E-08
  2.84000  0.210954E-08
  2.85000  0.320005E-08
  2.86000  0.694958E-08
  2.87000  0.102760E-07
  2.88000  0.152124E-07
  2.89000  0.227257E-07
  2.90000  0.345867E-07
  2.91000  0.536085E-07
  2.92000  0.831621E-07
  2.93000  0.126628E-06
  2.94000  0.187005E-06
  2.95000  0.265591E-06
  2.96000  0.498144E-06
  2.97000  0.640589E-06
  2.98000  0.792307E-06
  2.99000  0.948579E-06
  3.00000  0.110246E-05
  3.01000  0.123922E-05
  3.02000  0.133765E-05
  3.03000  0.137832E-05
  3.04000  0.135760E-05
  3.05000  0.129628E-05
  3.06000  0.122997E-05
  3.07000  0.124166E-05
  3.08000  0.208820E-05
  3.09000  0.366821E-05
  3.10000  0.647348E-05
  3.11000  0.111103E-04
  3.12000  0.183721E-04
  3.13000  0.294898E-04
  3.14000  0.464695E-04
  3.15000  0.726503E-04
  3.16000  0.962330E-04
  3.17000  0.150201E-03
  3.18000  0.234514E-03
  3.19000  0.364971E-03
  3.20000  0.563385E-03
  3.21000  0.860155E-03
  3.22000  0.129443E-02
  3.23000  0.190480E-02
  3.24000  0.270557E-02
  3.25000  0.366171E-02
  3.26000  0.412694E-02
  3.27000  0.738206E-02
  3.28000  0.125670E-01
  3.29000  0.202919E-01
  3.30000  0.310242E-01
  3.31000  0.445895E-01
  3.32000  0.597175E-01
  3.33000  0.745401E-01
  3.34000  0.877339E-01
  3.35000  0.983960E-01
  3.36000  0.889752E-01
  3.37000  0.943557E-01
  3.38000  0.101240E+00
  3.39000  0.111335E+00
  3.40000  0.126311E+00
  3.41000  0.147669E+00
  3.42000  0.176903E+00
  3.43000  0.214420E+00
  3.44000  0.256063E+00
  3.45000  0.312562E+00
  3.46000  0.429012E+00
  3.47000  0.559997E+00
  3.48000  0.692711E+00
  3.49000  0.816084E+00
  3.50000  0.916739E+00
  3.51000  0.981681E+00
  3.52000  0.100000E+01
  3.53000  0.965531E+00
  3.54000  0.878285E+00
  3.55000  0.751948E+00
  3.56000  0.623089E+00
  3.57000  0.463515E+00
  3.58000  0.328214E+00
  3.59000  0.223761E+00
  3.60000  0.149256E+00
  3.61000  0.987047E-01
  3.62000  0.654354E-01
  3.63000  0.436678E-01
  3.64000  0.292939E-01
  3.65000  0.196720E-01
  3.66000  0.885001E-02
  3.67000  0.578590E-02
  3.68000  0.374792E-02
  3.69000  0.238237E-02
  3.70000  0.147171E-02
  3.71000  0.875910E-03
  3.72000  0.501741E-03
  3.73000  0.277544E-03
  3.74000  0.149351E-03
  3.75000  0.787028E-04
  3.76000  0.175790E-04
  3.77000  0.866524E-05
  3.78000  0.419644E-05
  3.79000  0.197763E-05
  3.80000  0.897129E-06
  3.81000  0.387434E-06
  3.82000  0.157809E-06
  3.83000  0.609910E-07
  3.84000  0.224723E-07
  3.85000  0.802502E-08
  3.86000  0.820110E-09
  3.87000  0.312164E-09
  3.88000  0.111091E-09
  3.89000  0.366790E-10
  3.90000  0.112284E-10
  3.91000  0.320296E-11
  3.92000  0.853817E-12
  3.93000  0.212715E-12
  3.94000  0.497660E-13
  3.95000  0.109945E-13
  3.96000  0.254333E-15
  3.97000  0.448882E-16
  3.98000  0.741134E-17
  3.99000  0.170132E-17
  4.00000  0.446471E-18
  4.01000  0.113007E-18
  4.02000  0.271971E-19
  4.03000  0.631421E-20
  4.04000  0.147406E-20
  4.05000  0.363755E-21
  4.06000  0.492236E-23
  4.07000  0.132555E-23
  4.08000  0.392685E-24
  4.09000  0.119854E-24
  4.10000  0.354598E-25
  4.11000  0.979163E-26
  4.12000  0.248787E-26
  4.13000  0.584868E-27
  4.14000  0.128914E-27
  4.15000  0.269999E-28
  4.16000  0.000000E+00
  4.17000  0.000000E+00
  4.18000  0.000000E+00
  4.19000  0.000000E+00
  4.20000  0.000000E+00
  4.21000  0.000000E+00
  4.22000  0.000000E+00
  4.23000  0.000000E+00
  4.24000  0.000000E+00
  4.25000  0.000000E+00
  4.26000  0.000000E+00
  4.27000  0.000000E+00
  4.28000  0.000000E+00
  4.29000  0.000000E+00
  4.30000  0.000000E+00
  4.31000  0.000000E+00
  4.32000  0.000000E+00
  4.33000  0.000000E+00
  4.34000  0.000000E+00
  4.35000  0.000000E+00
  4.36000  0.000000E+00
  4.37000  0.000000E+00
  4.38000  0.000000E+00
  4.39000  0.000000E+00
  4.40000  0.000000E+00
  4.41000  0.000000E+00
  4.42000  0.000000E+00
  4.43000  0.000000E+00
  4.44000  0.000000E+00
  4.45000  0.000000E+00
  4.46000  0.000000E+00
  4.47000  0.000000E+00
  4.48000  0.000000E+00
  4.49000  0.000000E+00
  4.50000  0.000000E+00
  4.51000  0.000000E+00
  4.52000  0.000000E+00
  4.53000  0.000000E+00
  4.54000  0.000000E+00
  4.55000  0.000000E+00
  4.56000  0.000000E+00
  4.57000  0.000000E+00
  4.58000  0.000000E+00
  4.59000  0.000000E+00
  4.60000  0.000000E+00
  4.61000  0.000000E+00
  4.62000  0.000000E+00
  4.63000  0.000000E+00
  4.64000  0.000000E+00
  4.65000  0.000000E+00
  4.66000  0.000000E+00
  4.67000  0.000000E+00
  4.68000  0.000000E+00
  4.69000  0.000000E+00
  4.70000  0.000000E+00
  4.71000  0.000000E+00
  4.72000  0.000000E+00
  4.73000  0.000000E+00
  4.74000  0.000000E+00
  4.75000  0.000000E+00
  4.76000  0.000000E+00
  4.77000  0.000000E+00
  4.78000  0.000000E+00
  4.79000  0.000000E+00
  4.80000  0.000000E+00
  4.81000  0.000000E+00
  4.82000  0.000000E+00
  4.83000  0.000000E+00
  4.84000  0.000000E+00
  4.85000  0.000000E+00
  4.86000  0.000000E+00
  4.87000  0.000000E+00
  4.88000  0.000000E+00
  4.89000  0.000000E+00
  4.90000  0.000000E+00
  4.91000  0.000000E+00
  4.92000  0.000000E+00
  4.93000  0.000000E+00
  4.94000  0.000000E+00
  4.95000  0.000000E+00
  4.96000  0.000000E+00
  4.97000  0.000000E+00
  4.98000  0.000000E+00
  4.99000  0.000000E+00
  5.00000  0.000000E+00
  5.01000  0.000000E+00
  5.02000  0.000000E+00
  5.03000  0.000000E+00
  5.04000  0.000000E+00
  5.05000  0.000000E+00
  5.06000  0.000000E+00
  5.07000  0.000000E+00
  5.08000  0.000000E+00
  5.09000  0.000000E+00
  5.10000  0.000000E+00
  5.11000  0.000000E+00
  5.12000  0.000000E+00
  5.13000  0.000000E+00
  5.14000  0.000000E+00
  5.15000  0.000000E+00
  5.16000  0.000000E+00
  5.17000  0.000000E+00
  5.18000  0.000000E+00
  5.19000  0.000000E+00
  5.20000  0.000000E+00
  5.21000  0.000000E+00
  5.22000  0.000000E+00
  5.23000  0.000000E+00
  5.24000  0.000000E+00
  5.25000  0.000000E+00
  5.26000  0.000000E+00
  5.27000  0.000000E+00
  5.28000  0.000000E+00
  5.29000  0.000000E+00
  5.30000  0.000000E+00
  5.31000  0.000000E+00
  5.32000  0.000000E+00
  5.33000  0.000000E+00
  5.34000  0.000000E+00
  5.35000  0.000000E+00
  5.36000  0.000000E+00
  5.37000  0.000000E+00
  5.38000  0.000000E+00
  5.39000  0.000000E+00
  5.40000  0.000000E+00
  5.41000  0.000000E+00
  5.42000  0.000000E+00
  5.43000  0.000000E+00
  5.44000  0.000000E+00
  5.45000  0.000000E+00
  5.46000  0.000000E+00
  5.47000  0.000000E+00
  5.48000  0.000000E+00
  5.49000  0.000000E+00
  5.50000  0.000000E+00
  5.51000  0.000000E+00
  5.52000  0.000000E+00
  5.53000  0.000000E+00
  5.54000  0.000000E+00
  5.55000  0.000000E+00
  5.56000  0.000000E+00
  5.57000  0.000000E+00
  5.58000  0.000000E+00
  5.59000  0.000000E+00
  5.60000  0.000000E+00
  5.61000  0.000000E+00
  5.62000  0.000000E+00
  5.63000  0.000000E+00
  5.64000  0.000000E+00
  5.65000  0.000000E+00
  5.66000  0.000000E+00
  5.67000  0.000000E+00
  5.68000  0.000000E+00
  5.69000  0.000000E+00
  5.70000  0.000000E+00
  5.71000  0.000000E+00
  5.72000  0.000000E+00
  5.73000  0.000000E+00
  5.74000  0.000000E+00
  5.75000  0.000000E+00
  5.76000  0.000000E+00
  5.77000  0.000000E+00
  5.78000  0.000000E+00
  5.79000  0.000000E+00
  5.80000  0.000000E+00
  5.81000  0.000000E+00
  5.82000  0.000000E+00
  5.83000  0.000000E+00
  5.84000  0.000000E+00
  5.85000  0.000000E+00
  5.86000  0.000000E+00
  5.87000  0.000000E+00
  5.88000  0.000000E+00
  5.89000  0.000000E+00
  5.90000  0.000000E+00
  5.91000  0.000000E+00
  5.92000  0.000000E+00
  5.93000  0.000000E+00
  5.94000  0.000000E+00
  5.95000  0.000000E+00
  5.96000  0.000000E+00
  5.97000  0.000000E+00
  5.98000  0.000000E+00
  5.99000  0.000000E+00
  6.00000  0.000000E+00
  6.20000  0.000000E+00
  6.40000  0.000000E+00
  6.60000  0.000000E+00
  6.80000  0.000000E+00
  7.00000  0.000000E+00
