  0.00000  0.000000E+00
  0.01000  0.000000E+00
  0.02000  0.000000E+00
  0.03000  0.000000E+00
  0.04000  0.000000E+00
  0.05000  0.000000E+00
  0.06000  0.000000E+00
  0.07000  0.000000E+00
  0.08000  0.000000E+00
  0.09000  0.000000E+00
  0.10000  0.000000E+00
  0.11000  0.000000E+00
  0.12000  0.000000E+00
  0.13000  0.000000E+00
  0.14000  0.000000E+00
  0.15000  0.000000E+00
  0.16000  0.000000E+00
  0.17000  0.000000E+00
  0.18000  0.000000E+00
  0.19000  0.000000E+00
  0.20000  0.000000E+00
  0.21000  0.000000E+00
  0.22000  0.000000E+00
  0.23000  0.000000E+00
  0.24000  0.000000E+00
  0.25000  0.000000E+00
  0.26000  0.000000E+00
  0.27000  0.000000E+00
  0.28000  0.000000E+00
  0.29000  0.000000E+00
  0.30000  0.000000E+00
  0.31000  0.000000E+00
  0.32000  0.000000E+00
  0.33000  0.000000E+00
  0.34000  0.000000E+00
  0.35000  0.000000E+00
  0.36000  0.000000E+00
  0.37000  0.000000E+00
  0.38000  0.000000E+00
  0.39000  0.000000E+00
  0.40000  0.000000E+00
  0.41000  0.000000E+00
  0.42000  0.000000E+00
  0.43000  0.000000E+00
  0.44000  0.000000E+00
  0.45000  0.000000E+00
  0.46000  0.000000E+00
  0.47000  0.000000E+00
  0.48000  0.000000E+00
  0.49000  0.000000E+00
  0.50000  0.000000E+00
  0.51000  0.000000E+00
  0.52000  0.000000E+00
  0.53000  0.000000E+00
  0.54000  0.000000E+00
  0.55000  0.000000E+00
  0.56000  0.000000E+00
  0.57000  0.000000E+00
  0.58000  0.000000E+00
  0.59000  0.000000E+00
  0.60000  0.000000E+00
  0.61000  0.000000E+00
  0.62000  0.000000E+00
  0.63000  0.000000E+00
  0.64000  0.000000E+00
  0.65000  0.000000E+00
  0.66000  0.000000E+00
  0.67000  0.000000E+00
  0.68000  0.000000E+00
  0.69000  0.000000E+00
  0.70000  0.000000E+00
  0.71000  0.000000E+00
  0.72000  0.000000E+00
  0.73000  0.000000E+00
  0.74000  0.000000E+00
  0.75000  0.000000E+00
  0.76000  0.000000E+00
  0.77000  0.000000E+00
  0.78000  0.000000E+00
  0.79000  0.000000E+00
  0.80000  0.000000E+00
  0.81000  0.000000E+00
  0.82000  0.000000E+00
  0.83000  0.000000E+00
  0.84000  0.000000E+00
  0.85000  0.000000E+00
  0.86000  0.000000E+00
  0.87000  0.000000E+00
  0.88000  0.000000E+00
  0.89000  0.000000E+00
  0.90000  0.000000E+00
  0.91000  0.000000E+00
  0.92000  0.000000E+00
  0.93000  0.000000E+00
  0.94000  0.000000E+00
  0.95000  0.000000E+00
  0.96000  0.000000E+00
  0.97000  0.000000E+00
  0.98000  0.000000E+00
  0.99000  0.000000E+00
  1.00000  0.000000E+00
  1.01000  0.000000E+00
  1.02000  0.000000E+00
  1.03000  0.000000E+00
  1.04000  0.000000E+00
  1.05000  0.000000E+00
  1.06000  0.000000E+00
  1.07000  0.000000E+00
  1.08000  0.000000E+00
  1.09000  0.000000E+00
  1.10000  0.000000E+00
  1.11000  0.000000E+00
  1.12000  0.000000E+00
  1.13000  0.000000E+00
  1.14000  0.000000E+00
  1.15000  0.000000E+00
  1.16000  0.000000E+00
  1.17000  0.000000E+00
  1.18000  0.000000E+00
  1.19000  0.000000E+00
  1.20000  0.000000E+00
  1.21000  0.000000E+00
  1.22000  0.000000E+00
  1.23000  0.000000E+00
  1.24000  0.000000E+00
  1.25000  0.000000E+00
  1.26000  0.000000E+00
  1.27000  0.000000E+00
  1.28000  0.000000E+00
  1.29000  0.000000E+00
  1.30000  0.000000E+00
  1.31000  0.000000E+00
  1.32000  0.000000E+00
  1.33000  0.000000E+00
  1.34000  0.000000E+00
  1.35000  0.000000E+00
  1.36000  0.000000E+00
  1.37000  0.000000E+00
  1.38000  0.000000E+00
  1.39000  0.000000E+00
  1.40000  0.000000E+00
  1.41000  0.000000E+00
  1.42000  0.000000E+00
  1.43000  0.000000E+00
  1.44000  0.000000E+00
  1.45000  0.000000E+00
  1.46000  0.000000E+00
  1.47000  0.000000E+00
  1.48000  0.000000E+00
  1.49000  0.000000E+00
  1.50000  0.000000E+00
  1.51000  0.000000E+00
  1.52000  0.000000E+00
  1.53000  0.000000E+00
  1.54000  0.000000E+00
  1.55000  0.000000E+00
  1.56000  0.000000E+00
  1.57000  0.000000E+00
  1.58000  0.000000E+00
  1.59000  0.000000E+00
  1.60000  0.279184E-15
  1.61000  0.290183E-15
  1.62000  0.120556E-05
  1.63000  0.124832E-04
  1.64000  0.760575E-04
  1.65000  0.957608E-04
  1.66000  0.119660E-03
  1.67000  0.657497E-03
  1.68000  0.736676E-03
  1.69000  0.804500E-03
  1.70000  0.857610E-03
  1.71000  0.908215E-03
  1.72000  0.964743E-03
  1.73000  0.102549E-02
  1.74000  0.108561E-02
  1.75000  0.114420E-02
  1.76000  0.121491E-02
  1.77000  0.130595E-02
  1.78000  0.140810E-02
  1.79000  0.151315E-02
  1.80000  0.162685E-02
  1.81000  0.174722E-02
  1.82000  0.250476E-02
  1.83000  0.367208E-02
  1.84000  0.482756E-02
  1.85000  0.616913E-02
  1.86000  0.852396E-02
  1.87000  0.131207E-01
  1.88000  0.204972E-01
  1.89000  0.286208E-01
  1.90000  0.353279E-01
  1.91000  0.412165E-01
  1.92000  0.475419E-01
  1.93000  0.547498E-01
  1.94000  0.624193E-01
  1.95000  0.701982E-01
  1.96000  0.790720E-01
  1.97000  0.878835E-01
  1.98000  0.980427E-01
  1.99000  0.109607E+00
  2.00000  0.122086E+00
  2.01000  0.135510E+00
  2.02000  0.150536E+00
  2.03000  0.168388E+00
  2.04000  0.191061E+00
  2.05000  0.222493E+00
  2.06000  0.272514E+00
  2.07000  0.338372E+00
  2.08000  0.423656E+00
  2.09000  0.512254E+00
  2.10000  0.586344E+00
  2.11000  0.641567E+00
  2.12000  0.686078E+00
  2.13000  0.723269E+00
  2.14000  0.751738E+00
  2.15000  0.769475E+00
  2.16000  0.787762E+00
  2.17000  0.803435E+00
  2.18000  0.830342E+00
  2.19000  0.845920E+00
  2.20000  0.875122E+00
  2.21000  0.903370E+00
  2.22000  0.917473E+00
  2.23000  0.928647E+00
  2.24000  0.947612E+00
  2.25000  0.973265E+00
  2.26000  0.993911E+00
  2.27000  0.100000E+01
  2.28000  0.986826E+00
  2.29000  0.963427E+00
  2.30000  0.938774E+00
  2.31000  0.926353E+00
  2.32000  0.930315E+00
  2.33000  0.925528E+00
  2.34000  0.911736E+00
  2.35000  0.892218E+00
  2.36000  0.862919E+00
  2.37000  0.797920E+00
  2.38000  0.687151E+00
  2.39000  0.589608E+00
  2.40000  0.505395E+00
  2.41000  0.452941E+00
  2.42000  0.420245E+00
  2.43000  0.385715E+00
  2.44000  0.348679E+00
  2.45000  0.308668E+00
  2.46000  0.254856E+00
  2.47000  0.215243E+00
  2.48000  0.178226E+00
  2.49000  0.144842E+00
  2.50000  0.115939E+00
  2.51000  0.920771E-01
  2.52000  0.731568E-01
  2.53000  0.584071E-01
  2.54000  0.470205E-01
  2.55000  0.382795E-01
  2.56000  0.294578E-01
  2.57000  0.245207E-01
  2.58000  0.206107E-01
  2.59000  0.174529E-01
  2.60000  0.148487E-01
  2.61000  0.126483E-01
  2.62000  0.107579E-01
  2.63000  0.911316E-02
  2.64000  0.768297E-02
  2.65000  0.645768E-02
  2.66000  0.491056E-02
  2.67000  0.411349E-02
  2.68000  0.344622E-02
  2.69000  0.288448E-02
  2.70000  0.241183E-02
  2.71000  0.201676E-02
  2.72000  0.168783E-02
  2.73000  0.141307E-02
  2.74000  0.117867E-02
  2.75000  0.975178E-03
  2.76000  0.712252E-03
  2.77000  0.580257E-03
  2.78000  0.470033E-03
  2.79000  0.379239E-03
  2.80000  0.305318E-03
  2.81000  0.245477E-03
  2.82000  0.196923E-03
  2.83000  0.157127E-03
  2.84000  0.124381E-03
  2.85000  0.975223E-04
  2.86000  0.664659E-04
  2.87000  0.508784E-04
  2.88000  0.386170E-04
  2.89000  0.290972E-04
  2.90000  0.216925E-04
  2.91000  0.159846E-04
  2.92000  0.116650E-04
  2.93000  0.844414E-05
  2.94000  0.607333E-05
  2.95000  0.434654E-05
  2.96000  0.270602E-05
  2.97000  0.190410E-05
  2.98000  0.132613E-05
  2.99000  0.916410E-06
  3.00000  0.632011E-06
  3.01000  0.438539E-06
  3.02000  0.308042E-06
  3.03000  0.240092E-06
  3.04000  0.188775E-06
  3.05000  0.149388E-06
  3.06000  0.105006E-06
  3.07000  0.842246E-07
  3.08000  0.680727E-07
  3.09000  0.552876E-07
  3.10000  0.450046E-07
  3.11000  0.365905E-07
  3.12000  0.295734E-07
  3.13000  0.236765E-07
  3.14000  0.187723E-07
  3.15000  0.147511E-07
  3.16000  0.100903E-07
  3.17000  0.778071E-08
  3.18000  0.593618E-08
  3.19000  0.448259E-08
  3.20000  0.335057E-08
  3.21000  0.248224E-08
  3.22000  0.182609E-08
  3.23000  0.133654E-08
  3.24000  0.977551E-09
  3.25000  0.717496E-09
  3.26000  0.460243E-09
  3.27000  0.337135E-09
  3.28000  0.245725E-09
  3.29000  0.178457E-09
  3.30000  0.129239E-09
  3.31000  0.932907E-10
  3.32000  0.673404E-10
  3.33000  0.486578E-10
  3.34000  0.351178E-10
  3.35000  0.252066E-10
  3.36000  0.153382E-10
  3.37000  0.107841E-10
  3.38000  0.756834E-11
  3.39000  0.533482E-11
  3.40000  0.379535E-11
  3.41000  0.272640E-11
  3.42000  0.197024E-11
  3.43000  0.142885E-11
  3.44000  0.103971E-11
  3.45000  0.758094E-12
  3.46000  0.461166E-12
  3.47000  0.336421E-12
  3.48000  0.245758E-12
  3.49000  0.179832E-12
  3.50000  0.131781E-12
  3.51000  0.967153E-13
  3.52000  0.710515E-13
  3.53000  0.520851E-13
  3.54000  0.380719E-13
  3.55000  0.279330E-13
  3.56000  0.169581E-13
  3.57000  0.126095E-13
  3.58000  0.939805E-14
  3.59000  0.700208E-14
  3.60000  0.519941E-14
  3.61000  0.383336E-14
  3.62000  0.280652E-14
  3.63000  0.218250E-14
  3.64000  0.169206E-14
  3.65000  0.130997E-14
  3.66000  0.843199E-15
  3.67000  0.652488E-15
  3.68000  0.505089E-15
  3.69000  0.390589E-15
  3.70000  0.300745E-15
  3.71000  0.229922E-15
  3.72000  0.174357E-15
  3.73000  0.131371E-15
  3.74000  0.985217E-16
  3.75000  0.734373E-16
  3.76000  0.449882E-16
  3.77000  0.328435E-16
  3.78000  0.236520E-16
  3.79000  0.167733E-16
  3.80000  0.116995E-16
  3.81000  0.802010E-17
  3.82000  0.540255E-17
  3.83000  0.358430E-17
  3.84000  0.235754E-17
  3.85000  0.154971E-17
  3.86000  0.837738E-18
  3.87000  0.555516E-18
  3.88000  0.370460E-18
  3.89000  0.248361E-18
  3.90000  0.167193E-18
  3.91000  0.112807E-18
  3.92000  0.113149E-18
  3.93000  0.119757E-18
  3.94000  0.126667E-18
  3.95000  0.133845E-18
  3.96000  0.108938E-18
  3.97000  0.111894E-18
  3.98000  0.111676E-18
  3.99000  0.106896E-18
  4.00000  0.970322E-19
  4.01000  0.829970E-19
  4.02000  0.669731E-19
  4.03000  0.515741E-19
  4.04000  0.385614E-19
  4.05000  0.286802E-19
  4.06000  0.152389E-19
  4.07000  0.118995E-19
  4.08000  0.966297E-20
  4.09000  0.806154E-20
  4.10000  0.680765E-20
  4.11000  0.575361E-20
  4.12000  0.485172E-20
  4.13000  0.407981E-20
  4.14000  0.341928E-20
  4.15000  0.284259E-20
  4.16000  0.155586E-20
  4.17000  0.123658E-20
  4.18000  0.946157E-21
  4.19000  0.690975E-21
  4.20000  0.481375E-21
  4.21000  0.323007E-21
  4.22000  0.212303E-21
  4.23000  0.139604E-21
  4.24000  0.940169E-22
  4.25000  0.662139E-22
  4.26000  0.311304E-22
  4.27000  0.241995E-22
  4.28000  0.194460E-22
  4.29000  0.159263E-22
  4.30000  0.131537E-22
  4.31000  0.109082E-22
  4.32000  0.903759E-23
  4.33000  0.742543E-23
  4.34000  0.601880E-23
  4.35000  0.479477E-23
  4.36000  0.232553E-23
  4.37000  0.173968E-23
  4.38000  0.125122E-23
  4.39000  0.860281E-24
  4.40000  0.561210E-24
  4.41000  0.345445E-24
  4.42000  0.200247E-24
  4.43000  0.110208E-24
  4.44000  0.585142E-25
  4.45000  0.307269E-25
  4.46000  0.923572E-26
  4.47000  0.507205E-26
  4.48000  0.298462E-26
  4.49000  0.190200E-26
  4.50000  0.130512E-26
  4.51000  0.951748E-27
  4.52000  0.728628E-27
  4.53000  0.579853E-27
  4.54000  0.475259E-27
  4.55000  0.398818E-27
  4.56000  0.190916E-27
  4.57000  0.165907E-27
  4.58000  0.145742E-27
  4.59000  0.129148E-27
  4.60000  0.114922E-27
  4.61000  0.101769E-27
  4.62000  0.886008E-28
  4.63000  0.750510E-28
  4.64000  0.615001E-28
  4.65000  0.485018E-28
  4.66000  0.204208E-28
  4.67000  0.146610E-28
  4.68000  0.101562E-28
  4.69000  0.688030E-29
  4.70000  0.465314E-29
  4.71000  0.320225E-29
  4.72000  0.227250E-29
  4.73000  0.167277E-29
  4.74000  0.126754E-29
  4.75000  0.000000E+00
  4.76000  0.000000E+00
  4.77000  0.000000E+00
  4.78000  0.000000E+00
  4.79000  0.000000E+00
  4.80000  0.000000E+00
  4.81000  0.000000E+00
  4.82000  0.000000E+00
  4.83000  0.000000E+00
  4.84000  0.000000E+00
  4.85000  0.000000E+00
  4.86000  0.000000E+00
  4.87000  0.000000E+00
  4.88000  0.000000E+00
  4.89000  0.000000E+00
  4.90000  0.000000E+00
  4.91000  0.000000E+00
  4.92000  0.000000E+00
  4.93000  0.000000E+00
  4.94000  0.000000E+00
  4.95000  0.000000E+00
  4.96000  0.000000E+00
  4.97000  0.000000E+00
  4.98000  0.000000E+00
  4.99000  0.000000E+00
  5.00000  0.000000E+00
  5.01000  0.000000E+00
  5.02000  0.000000E+00
  5.03000  0.000000E+00
  5.04000  0.000000E+00
  5.05000  0.000000E+00
  5.06000  0.000000E+00
  5.07000  0.000000E+00
  5.08000  0.000000E+00
  5.09000  0.000000E+00
  5.10000  0.000000E+00
  5.11000  0.000000E+00
  5.12000  0.000000E+00
  5.13000  0.000000E+00
  5.14000  0.000000E+00
  5.15000  0.000000E+00
  5.16000  0.000000E+00
  5.17000  0.000000E+00
  5.18000  0.000000E+00
  5.19000  0.000000E+00
  5.20000  0.000000E+00
  5.21000  0.000000E+00
  5.22000  0.000000E+00
  5.23000  0.000000E+00
  5.24000  0.000000E+00
  5.25000  0.000000E+00
  5.26000  0.000000E+00
  5.27000  0.000000E+00
  5.28000  0.000000E+00
  5.29000  0.000000E+00
  5.30000  0.000000E+00
  5.31000  0.000000E+00
  5.32000  0.000000E+00
  5.33000  0.000000E+00
  5.34000  0.000000E+00
  5.35000  0.000000E+00
  5.36000  0.000000E+00
  5.37000  0.000000E+00
  5.38000  0.000000E+00
  5.39000  0.000000E+00
  5.40000  0.000000E+00
  5.41000  0.000000E+00
  5.42000  0.000000E+00
  5.43000  0.000000E+00
  5.44000  0.000000E+00
  5.45000  0.000000E+00
  5.46000  0.000000E+00
  5.47000  0.000000E+00
  5.48000  0.000000E+00
  5.49000  0.000000E+00
  5.50000  0.000000E+00
  5.51000  0.000000E+00
  5.52000  0.000000E+00
  5.53000  0.000000E+00
  5.54000  0.000000E+00
  5.55000  0.000000E+00
  5.56000  0.000000E+00
  5.57000  0.000000E+00
  5.58000  0.000000E+00
  5.59000  0.000000E+00
  5.60000  0.000000E+00
  5.61000  0.000000E+00
  5.62000  0.000000E+00
  5.63000  0.000000E+00
  5.64000  0.000000E+00
  5.65000  0.000000E+00
  5.66000  0.000000E+00
  5.67000  0.000000E+00
  5.68000  0.000000E+00
  5.69000  0.000000E+00
  5.70000  0.000000E+00
  5.71000  0.000000E+00
  5.72000  0.000000E+00
  5.73000  0.000000E+00
  5.74000  0.000000E+00
  5.75000  0.000000E+00
  5.76000  0.000000E+00
  5.77000  0.000000E+00
  5.78000  0.000000E+00
  5.79000  0.000000E+00
  5.80000  0.000000E+00
  5.81000  0.000000E+00
  5.82000  0.000000E+00
  5.83000  0.000000E+00
  5.84000  0.000000E+00
  5.85000  0.000000E+00
  5.86000  0.000000E+00
  5.87000  0.000000E+00
  5.88000  0.000000E+00
  5.89000  0.000000E+00
  5.90000  0.000000E+00
  5.91000  0.000000E+00
  5.92000  0.000000E+00
  5.93000  0.000000E+00
  5.94000  0.000000E+00
  5.95000  0.000000E+00
  5.96000  0.000000E+00
  5.97000  0.000000E+00
  5.98000  0.000000E+00
  5.99000  0.000000E+00
  6.00000  0.000000E+00
  6.20000  0.000000E+00
  6.40000  0.000000E+00
  6.60000  0.000000E+00
  6.80000  0.000000E+00
  7.00000  0.000000E+00
