  0.00000  0.000000E+00
  0.01000  0.000000E+00
  0.02000  0.000000E+00
  0.03000  0.000000E+00
  0.04000  0.000000E+00
  0.05000  0.000000E+00
  0.06000  0.000000E+00
  0.07000  0.000000E+00
  0.08000  0.000000E+00
  0.09000  0.000000E+00
  0.10000  0.000000E+00
  0.11000  0.000000E+00
  0.12000  0.000000E+00
  0.13000  0.000000E+00
  0.14000  0.000000E+00
  0.15000  0.000000E+00
  0.16000  0.000000E+00
  0.17000  0.000000E+00
  0.18000  0.000000E+00
  0.19000  0.000000E+00
  0.20000  0.000000E+00
  0.21000  0.000000E+00
  0.22000  0.000000E+00
  0.23000  0.000000E+00
  0.24000  0.000000E+00
  0.25000  0.000000E+00
  0.26000  0.000000E+00
  0.27000  0.000000E+00
  0.28000  0.000000E+00
  0.29000  0.000000E+00
  0.30000  0.000000E+00
  0.31000  0.000000E+00
  0.32000  0.000000E+00
  0.33000  0.000000E+00
  0.34000  0.000000E+00
  0.35000  0.000000E+00
  0.36000  0.000000E+00
  0.37000  0.000000E+00
  0.38000  0.000000E+00
  0.39000  0.000000E+00
  0.40000  0.000000E+00
  0.41000  0.000000E+00
  0.42000  0.000000E+00
  0.43000  0.000000E+00
  0.44000  0.000000E+00
  0.45000  0.000000E+00
  0.46000  0.000000E+00
  0.47000  0.000000E+00
  0.48000  0.000000E+00
  0.49000  0.000000E+00
  0.50000  0.000000E+00
  0.51000  0.000000E+00
  0.52000  0.000000E+00
  0.53000  0.000000E+00
  0.54000  0.000000E+00
  0.55000  0.000000E+00
  0.56000  0.000000E+00
  0.57000  0.000000E+00
  0.58000  0.000000E+00
  0.59000  0.000000E+00
  0.60000  0.000000E+00
  0.61000  0.000000E+00
  0.62000  0.000000E+00
  0.63000  0.000000E+00
  0.64000  0.000000E+00
  0.65000  0.000000E+00
  0.66000  0.000000E+00
  0.67000  0.000000E+00
  0.68000  0.000000E+00
  0.69000  0.000000E+00
  0.70000  0.000000E+00
  0.71000  0.000000E+00
  0.72000  0.000000E+00
  0.73000  0.000000E+00
  0.74000  0.000000E+00
  0.75000  0.000000E+00
  0.76000  0.000000E+00
  0.77000  0.000000E+00
  0.78000  0.000000E+00
  0.79000  0.000000E+00
  0.80000  0.000000E+00
  0.81000  0.000000E+00
  0.82000  0.000000E+00
  0.83000  0.000000E+00
  0.84000  0.000000E+00
  0.85000  0.000000E+00
  0.86000  0.000000E+00
  0.87000  0.000000E+00
  0.88000  0.000000E+00
  0.89000  0.000000E+00
  0.90000  0.000000E+00
  0.91000  0.000000E+00
  0.92000  0.000000E+00
  0.93000  0.000000E+00
  0.94000  0.000000E+00
  0.95000  0.000000E+00
  0.96000  0.000000E+00
  0.97000  0.000000E+00
  0.98000  0.000000E+00
  0.99000  0.000000E+00
  1.00000  0.000000E+00
  1.01000  0.000000E+00
  1.02000  0.000000E+00
  1.03000  0.000000E+00
  1.04000  0.000000E+00
  1.05000  0.000000E+00
  1.06000  0.000000E+00
  1.07000  0.000000E+00
  1.08000  0.000000E+00
  1.09000  0.000000E+00
  1.10000  0.000000E+00
  1.11000  0.000000E+00
  1.12000  0.000000E+00
  1.13000  0.000000E+00
  1.14000  0.000000E+00
  1.15000  0.000000E+00
  1.16000  0.000000E+00
  1.17000  0.000000E+00
  1.18000  0.000000E+00
  1.19000  0.000000E+00
  1.20000  0.000000E+00
  1.21000  0.000000E+00
  1.22000  0.000000E+00
  1.23000  0.000000E+00
  1.24000  0.000000E+00
  1.25000  0.000000E+00
  1.26000  0.000000E+00
  1.27000  0.000000E+00
  1.28000  0.000000E+00
  1.29000  0.000000E+00
  1.30000  0.000000E+00
  1.31000  0.000000E+00
  1.32000  0.000000E+00
  1.33000  0.000000E+00
  1.34000  0.000000E+00
  1.35000  0.000000E+00
  1.36000  0.000000E+00
  1.37000  0.000000E+00
  1.38000  0.000000E+00
  1.39000  0.000000E+00
  1.40000  0.000000E+00
  1.41000  0.000000E+00
  1.42000  0.000000E+00
  1.43000  0.000000E+00
  1.44000  0.000000E+00
  1.45000  0.000000E+00
  1.46000  0.000000E+00
  1.47000  0.000000E+00
  1.48000  0.000000E+00
  1.49000  0.000000E+00
  1.50000  0.000000E+00
  1.51000  0.000000E+00
  1.52000  0.000000E+00
  1.53000  0.000000E+00
  1.54000  0.000000E+00
  1.55000  0.000000E+00
  1.56000  0.000000E+00
  1.57000  0.000000E+00
  1.58000  0.000000E+00
  1.59000  0.000000E+00
  1.60000  0.000000E+00
  1.61000  0.000000E+00
  1.62000  0.000000E+00
  1.63000  0.000000E+00
  1.64000  0.000000E+00
  1.65000  0.000000E+00
  1.66000  0.000000E+00
  1.67000  0.000000E+00
  1.68000  0.000000E+00
  1.69000  0.000000E+00
  1.70000  0.000000E+00
  1.71000  0.000000E+00
  1.72000  0.000000E+00
  1.73000  0.000000E+00
  1.74000  0.000000E+00
  1.75000  0.000000E+00
  1.76000  0.000000E+00
  1.77000  0.000000E+00
  1.78000  0.000000E+00
  1.79000  0.000000E+00
  1.80000  0.000000E+00
  1.81000  0.342334E-20
  1.82000  0.658368E-15
  1.83000  0.410879E-12
  1.84000  0.390308E-12
  1.85000  0.130667E-11
  1.86000  0.140602E-11
  1.87000  0.145221E-11
  1.88000  0.152469E-11
  1.89000  0.348762E-09
  1.90000  0.240207E-09
  1.91000  0.159298E-06
  1.92000  0.126833E-06
  1.93000  0.992570E-07
  1.94000  0.382037E-06
  1.95000  0.735285E-06
  1.96000  0.676780E-06
  1.97000  0.609926E-06
  1.98000  0.551655E-06
  1.99000  0.495138E-06
  2.00000  0.439610E-06
  2.01000  0.386177E-06
  2.02000  0.335561E-06
  2.03000  0.289112E-06
  2.04000  0.248638E-06
  2.05000  0.213561E-06
  2.06000  0.198211E-06
  2.07000  0.172865E-06
  2.08000  0.153455E-06
  2.09000  0.139850E-06
  2.10000  0.131076E-06
  2.11000  0.126253E-06
  2.12000  0.124695E-06
  2.13000  0.127263E-06
  2.14000  0.136560E-06
  2.15000  0.156646E-06
  2.16000  0.219005E-06
  2.17000  0.294823E-06
  2.18000  0.426405E-06
  2.19000  0.656240E-06
  2.20000  0.105542E-05
  2.21000  0.173034E-05
  2.22000  0.284408E-05
  2.23000  0.460039E-05
  2.24000  0.702016E-05
  2.25000  0.977149E-05
  2.26000  0.138337E-04
  2.27000  0.164921E-04
  2.28000  0.185933E-04
  2.29000  0.200297E-04
  2.30000  0.210956E-04
  2.31000  0.221031E-04
  2.32000  0.229084E-04
  2.33000  0.231716E-04
  2.34000  0.229074E-04
  2.35000  0.225222E-04
  2.36000  0.240050E-04
  2.37000  0.262131E-04
  2.38000  0.292816E-04
  2.39000  0.306074E-04
  2.40000  0.309177E-04
  2.41000  0.313075E-04
  2.42000  0.318134E-04
  2.43000  0.326275E-04
  2.44000  0.342258E-04
  2.45000  0.368455E-04
  2.46000  0.423732E-04
  2.47000  0.463999E-04
  2.48000  0.495703E-04
  2.49000  0.505321E-04
  2.50000  0.491596E-04
  2.51000  0.463216E-04
  2.52000  0.427916E-04
  2.53000  0.391171E-04
  2.54000  0.355432E-04
  2.55000  0.322099E-04
  2.56000  0.352375E-04
  2.57000  0.380122E-04
  2.58000  0.415323E-04
  2.59000  0.457887E-04
  2.60000  0.506928E-04
  2.61000  0.561185E-04
  2.62000  0.616912E-04
  2.63000  0.667514E-04
  2.64000  0.707216E-04
  2.65000  0.735937E-04
  2.66000  0.890880E-04
  2.67000  0.919953E-04
  2.68000  0.955618E-04
  2.69000  0.111075E-03
  2.70000  0.140338E-03
  2.71000  0.176171E-03
  2.72000  0.219504E-03
  2.73000  0.269239E-03
  2.74000  0.321029E-03
  2.75000  0.366689E-03
  2.76000  0.475678E-03
  2.77000  0.532197E-03
  2.78000  0.620659E-03
  2.79000  0.733613E-03
  2.80000  0.854116E-03
  2.81000  0.972630E-03
  2.82000  0.109030E-02
  2.83000  0.121093E-02
  2.84000  0.133268E-02
  2.85000  0.145009E-02
  2.86000  0.180676E-02
  2.87000  0.196055E-02
  2.88000  0.218028E-02
  2.89000  0.251295E-02
  2.90000  0.298461E-02
  2.91000  0.359394E-02
  2.92000  0.432467E-02
  2.93000  0.516839E-02
  2.94000  0.615312E-02
  2.95000  0.735503E-02
  2.96000  0.103202E-01
  2.97000  0.126484E-01
  2.98000  0.156211E-01
  2.99000  0.193234E-01
  3.00000  0.238420E-01
  3.01000  0.292500E-01
  3.02000  0.356160E-01
  3.03000  0.430633E-01
  3.04000  0.517934E-01
  3.05000  0.618633E-01
  3.06000  0.844670E-01
  3.07000  0.966676E-01
  3.08000  0.106739E+00
  3.09000  0.113280E+00
  3.10000  0.115994E+00
  3.11000  0.115521E+00
  3.12000  0.112757E+00
  3.13000  0.108610E+00
  3.14000  0.103780E+00
  3.15000  0.985612E-01
  3.16000  0.102696E+00
  3.17000  0.955557E-01
  3.18000  0.878762E-01
  3.19000  0.799346E-01
  3.20000  0.722971E-01
  3.21000  0.655421E-01
  3.22000  0.601125E-01
  3.23000  0.562517E-01
  3.24000  0.538327E-01
  3.25000  0.547316E-01
  3.26000  0.806643E-01
  3.27000  0.102137E+00
  3.28000  0.128172E+00
  3.29000  0.158725E+00
  3.30000  0.193712E+00
  3.31000  0.233156E+00
  3.32000  0.276645E+00
  3.33000  0.323308E+00
  3.34000  0.372341E+00
  3.35000  0.423661E+00
  3.36000  0.549405E+00
  3.37000  0.612740E+00
  3.38000  0.675009E+00
  3.39000  0.732963E+00
  3.40000  0.783646E+00
  3.41000  0.825050E+00
  3.42000  0.856273E+00
  3.43000  0.876636E+00
  3.44000  0.885670E+00
  3.45000  0.884147E+00
  3.46000  0.100000E+01
  3.47000  0.978595E+00
  3.48000  0.949966E+00
  3.49000  0.915740E+00
  3.50000  0.877408E+00
  3.51000  0.836162E+00
  3.52000  0.793294E+00
  3.53000  0.750416E+00
  3.54000  0.708713E+00
  3.55000  0.668892E+00
  3.56000  0.697626E+00
  3.57000  0.656465E+00
  3.58000  0.619417E+00
  3.59000  0.586911E+00
  3.60000  0.559164E+00
  3.61000  0.536174E+00
  3.62000  0.517318E+00
  3.63000  0.501229E+00
  3.64000  0.486325E+00
  3.65000  0.471304E+00
  3.66000  0.478400E+00
  3.67000  0.458721E+00
  3.68000  0.437856E+00
  3.69000  0.415867E+00
  3.70000  0.398564E+00
  3.71000  0.385812E+00
  3.72000  0.370837E+00
  3.73000  0.353866E+00
  3.74000  0.335166E+00
  3.75000  0.314825E+00
  3.76000  0.300690E+00
  3.77000  0.275355E+00
  3.78000  0.248886E+00
  3.79000  0.221488E+00
  3.80000  0.193418E+00
  3.81000  0.165142E+00
  3.82000  0.145124E+00
  3.83000  0.139071E+00
  3.84000  0.134009E+00
  3.85000  0.129497E+00
  3.86000  0.125326E+00
  3.87000  0.119897E+00
  3.88000  0.113822E+00
  3.89000  0.106950E+00
  3.90000  0.992346E-01
  3.91000  0.907049E-01
  3.92000  0.814685E-01
  3.93000  0.717421E-01
  3.94000  0.618374E-01
  3.95000  0.520867E-01
  3.96000  0.383164E-01
  3.97000  0.301885E-01
  3.98000  0.231765E-01
  3.99000  0.173795E-01
  4.00000  0.127583E-01
  4.01000  0.915222E-02
  4.02000  0.638539E-02
  4.03000  0.433457E-02
  4.04000  0.289081E-02
  4.05000  0.193496E-02
  4.06000  0.936070E-03
  4.07000  0.665280E-03
  4.08000  0.498518E-03
  4.09000  0.387598E-03
  4.10000  0.306482E-03
  4.11000  0.250876E-03
  4.12000  0.209920E-03
  4.13000  0.171305E-03
  4.14000  0.135655E-03
  4.15000  0.103798E-03
  4.16000  0.473668E-04
  4.17000  0.326526E-04
  4.18000  0.214602E-04
  4.19000  0.134922E-04
  4.20000  0.820122E-05
  4.21000  0.489885E-05
  4.22000  0.292617E-05
  4.23000  0.177686E-05
  4.24000  0.111459E-05
  4.25000  0.778239E-06
  4.26000  0.296779E-06
  4.27000  0.218046E-06
  4.28000  0.155034E-06
  4.29000  0.104912E-06
  4.30000  0.681704E-07
  4.31000  0.494323E-07
  4.32000  0.348847E-07
  4.33000  0.237248E-07
  4.34000  0.172673E-07
  4.35000  0.182627E-07
  4.36000  0.916469E-08
  4.37000  0.775228E-08
  4.38000  0.691032E-08
  4.39000  0.503561E-08
  4.40000  0.286854E-08
  4.41000  0.124693E-08
  4.42000  0.417644E-09
  4.43000  0.113027E-09
  4.44000  0.266888E-10
  4.45000  0.602805E-11
  4.46000  0.385878E-12
  4.47000  0.957696E-13
  4.48000  0.293478E-13
  4.49000  0.195590E-13
  4.50000  0.140907E-13
  4.51000  0.106471E-13
  4.52000  0.823526E-14
  4.53000  0.639097E-14
  4.54000  0.489214E-14
  4.55000  0.364665E-14
  4.56000  0.499538E-15
  4.57000  0.433402E-15
  4.58000  0.458472E-15
  4.59000  0.517142E-15
  4.60000  0.566738E-15
  4.61000  0.594256E-15
  4.62000  0.583316E-15
  4.63000  0.519108E-15
  4.64000  0.403065E-15
  4.65000  0.264182E-15
  4.66000  0.240565E-16
  4.67000  0.966952E-17
  4.68000  0.312194E-17
  4.69000  0.842576E-18
  4.70000  0.207027E-18
  4.71000  0.513608E-19
  4.72000  0.138347E-19
  4.73000  0.605793E-20
  4.74000  0.483041E-20
  4.75000  0.402483E-20
  4.76000  0.234669E-21
  4.77000  0.205007E-21
  4.78000  0.182923E-21
  4.79000  0.165224E-21
  4.80000  0.151662E-21
  4.81000  0.141326E-21
  4.82000  0.133001E-21
  4.83000  0.126980E-21
  4.84000  0.122881E-21
  4.85000  0.119681E-21
  4.86000  0.793859E-23
  4.87000  0.786388E-23
  4.88000  0.787670E-23
  4.89000  0.803326E-23
  4.90000  0.839555E-23
  4.91000  0.896629E-23
  4.92000  0.973668E-23
  4.93000  0.106474E-22
  4.94000  0.115386E-22
  4.95000  0.121937E-22
  4.96000  0.742364E-24
  4.97000  0.724278E-24
  4.98000  0.676409E-24
  4.99000  0.604383E-24
  5.00000  0.518109E-24
  5.01000  0.424346E-24
  5.02000  0.328956E-24
  5.03000  0.239027E-24
  5.04000  0.161642E-24
  5.05000  0.101549E-24
  5.06000  0.310825E-26
  5.07000  0.165590E-26
  5.08000  0.831131E-27
  5.09000  0.396897E-27
  5.10000  0.182048E-27
  5.11000  0.810851E-28
  5.12000  0.353846E-28
  5.13000  0.152124E-28
  5.14000  0.648188E-29
  5.15000  0.277754E-29
  5.16000  0.000000E+00
  5.17000  0.000000E+00
  5.18000  0.000000E+00
  5.19000  0.000000E+00
  5.20000  0.000000E+00
  5.21000  0.000000E+00
  5.22000  0.000000E+00
  5.23000  0.000000E+00
  5.24000  0.000000E+00
  5.25000  0.000000E+00
  5.26000  0.000000E+00
  5.27000  0.000000E+00
  5.28000  0.000000E+00
  5.29000  0.000000E+00
  5.30000  0.000000E+00
  5.31000  0.000000E+00
  5.32000  0.000000E+00
  5.33000  0.000000E+00
  5.34000  0.000000E+00
  5.35000  0.000000E+00
  5.36000  0.000000E+00
  5.37000  0.000000E+00
  5.38000  0.000000E+00
  5.39000  0.000000E+00
  5.40000  0.000000E+00
  5.41000  0.000000E+00
  5.42000  0.000000E+00
  5.43000  0.000000E+00
  5.44000  0.000000E+00
  5.45000  0.000000E+00
  5.46000  0.000000E+00
  5.47000  0.000000E+00
  5.48000  0.000000E+00
  5.49000  0.000000E+00
  5.50000  0.000000E+00
  5.51000  0.000000E+00
  5.52000  0.000000E+00
  5.53000  0.000000E+00
  5.54000  0.000000E+00
  5.55000  0.000000E+00
  5.56000  0.000000E+00
  5.57000  0.000000E+00
  5.58000  0.000000E+00
  5.59000  0.000000E+00
  5.60000  0.000000E+00
  5.61000  0.000000E+00
  5.62000  0.000000E+00
  5.63000  0.000000E+00
  5.64000  0.000000E+00
  5.65000  0.000000E+00
  5.66000  0.000000E+00
  5.67000  0.000000E+00
  5.68000  0.000000E+00
  5.69000  0.000000E+00
  5.70000  0.000000E+00
  5.71000  0.000000E+00
  5.72000  0.000000E+00
  5.73000  0.000000E+00
  5.74000  0.000000E+00
  5.75000  0.000000E+00
  5.76000  0.000000E+00
  5.77000  0.000000E+00
  5.78000  0.000000E+00
  5.79000  0.000000E+00
  5.80000  0.000000E+00
  5.81000  0.000000E+00
  5.82000  0.000000E+00
  5.83000  0.000000E+00
  5.84000  0.000000E+00
  5.85000  0.000000E+00
  5.86000  0.000000E+00
  5.87000  0.000000E+00
  5.88000  0.000000E+00
  5.89000  0.000000E+00
  5.90000  0.000000E+00
  5.91000  0.000000E+00
  5.92000  0.000000E+00
  5.93000  0.000000E+00
  5.94000  0.000000E+00
  5.95000  0.000000E+00
  5.96000  0.000000E+00
  5.97000  0.000000E+00
  5.98000  0.000000E+00
  5.99000  0.000000E+00
  6.00000  0.000000E+00
  6.20000  0.000000E+00
  6.40000  0.000000E+00
  6.60000  0.000000E+00
  6.80000  0.000000E+00
  7.00000  0.000000E+00
