  0.00000  0.000000E+00
  0.01000  0.000000E+00
  0.02000  0.228850E-21
  0.03000  0.211558E-06
  0.04000  0.129581E-04
  0.05000  0.580756E-04
  0.06000  0.132560E-03
  0.07000  0.248971E-03
  0.08000  0.450812E-03
  0.09000  0.764528E-03
  0.10000  0.127837E-02
  0.11000  0.175034E-02
  0.12000  0.230529E-02
  0.13000  0.269364E-02
  0.14000  0.285618E-02
  0.15000  0.253113E-02
  0.16000  0.246009E-02
  0.17000  0.272526E-02
  0.18000  0.331738E-02
  0.19000  0.433273E-02
  0.20000  0.648255E-02
  0.21000  0.874956E-02
  0.22000  0.100256E-01
  0.23000  0.122521E-01
  0.24000  0.151120E-01
  0.25000  0.172641E-01
  0.26000  0.182307E-01
  0.27000  0.185535E-01
  0.28000  0.201807E-01
  0.29000  0.204063E-01
  0.30000  0.205275E-01
  0.31000  0.214608E-01
  0.32000  0.241748E-01
  0.33000  0.311912E-01
  0.34000  0.398294E-01
  0.35000  0.470481E-01
  0.36000  0.544486E-01
  0.37000  0.641299E-01
  0.38000  0.778204E-01
  0.39000  0.913478E-01
  0.40000  0.992411E-01
  0.41000  0.103679E+00
  0.42000  0.109668E+00
  0.43000  0.122696E+00
  0.44000  0.148751E+00
  0.45000  0.171748E+00
  0.46000  0.193057E+00
  0.47000  0.222093E+00
  0.48000  0.252009E+00
  0.49000  0.268840E+00
  0.50000  0.258598E+00
  0.51000  0.238343E+00
  0.52000  0.229618E+00
  0.53000  0.226365E+00
  0.54000  0.220557E+00
  0.55000  0.209598E+00
  0.56000  0.203189E+00
  0.57000  0.212130E+00
  0.58000  0.228421E+00
  0.59000  0.240453E+00
  0.60000  0.260401E+00
  0.61000  0.279128E+00
  0.62000  0.293507E+00
  0.63000  0.300657E+00
  0.64000  0.290205E+00
  0.65000  0.277770E+00
  0.66000  0.260233E+00
  0.67000  0.219279E+00
  0.68000  0.171382E+00
  0.69000  0.147706E+00
  0.70000  0.142413E+00
  0.71000  0.141988E+00
  0.72000  0.141750E+00
  0.73000  0.138398E+00
  0.74000  0.135184E+00
  0.75000  0.134321E+00
  0.76000  0.133266E+00
  0.77000  0.130756E+00
  0.78000  0.130666E+00
  0.79000  0.133542E+00
  0.80000  0.137693E+00
  0.81000  0.140307E+00
  0.82000  0.138865E+00
  0.83000  0.135359E+00
  0.84000  0.132393E+00
  0.85000  0.131399E+00
  0.86000  0.132769E+00
  0.87000  0.133788E+00
  0.88000  0.133180E+00
  0.89000  0.134255E+00
  0.90000  0.139835E+00
  0.91000  0.149520E+00
  0.92000  0.162723E+00
  0.93000  0.177863E+00
  0.94000  0.189960E+00
  0.95000  0.196876E+00
  0.96000  0.203720E+00
  0.97000  0.213351E+00
  0.98000  0.223953E+00
  0.99000  0.230504E+00
  1.00000  0.230838E+00
  1.01000  0.226987E+00
  1.02000  0.222169E+00
  1.03000  0.221228E+00
  1.04000  0.225359E+00
  1.05000  0.229987E+00
  1.06000  0.232415E+00
  1.07000  0.233693E+00
  1.08000  0.242387E+00
  1.09000  0.259888E+00
  1.10000  0.284951E+00
  1.11000  0.326396E+00
  1.12000  0.398709E+00
  1.13000  0.553815E+00
  1.14000  0.769848E+00
  1.15000  0.900179E+00
  1.16000  0.962310E+00
  1.17000  0.993119E+00
  1.18000  0.100000E+01
  1.19000  0.978239E+00
  1.20000  0.935510E+00
  1.21000  0.903641E+00
  1.22000  0.889939E+00
  1.23000  0.882922E+00
  1.24000  0.873649E+00
  1.25000  0.857007E+00
  1.26000  0.833232E+00
  1.27000  0.808472E+00
  1.28000  0.788876E+00
  1.29000  0.777564E+00
  1.30000  0.771678E+00
  1.31000  0.765181E+00
  1.32000  0.754717E+00
  1.33000  0.742725E+00
  1.34000  0.730112E+00
  1.35000  0.714977E+00
  1.36000  0.698343E+00
  1.37000  0.680807E+00
  1.38000  0.660942E+00
  1.39000  0.640610E+00
  1.40000  0.620127E+00
  1.41000  0.600911E+00
  1.42000  0.583494E+00
  1.43000  0.567874E+00
  1.44000  0.555381E+00
  1.45000  0.545717E+00
  1.46000  0.537876E+00
  1.47000  0.532381E+00
  1.48000  0.528452E+00
  1.49000  0.523366E+00
  1.50000  0.518050E+00
  1.51000  0.514208E+00
  1.52000  0.508728E+00
  1.53000  0.501812E+00
  1.54000  0.495160E+00
  1.55000  0.490937E+00
  1.56000  0.486846E+00
  1.57000  0.495031E+00
  1.58000  0.492076E+00
  1.59000  0.481243E+00
  1.60000  0.468928E+00
  1.61000  0.456443E+00
  1.62000  0.443037E+00
  1.63000  0.428679E+00
  1.64000  0.413834E+00
  1.65000  0.395803E+00
  1.66000  0.372183E+00
  1.67000  0.348748E+00
  1.68000  0.324138E+00
  1.69000  0.296241E+00
  1.70000  0.268531E+00
  1.71000  0.244994E+00
  1.72000  0.228273E+00
  1.73000  0.217082E+00
  1.74000  0.209613E+00
  1.75000  0.205502E+00
  1.76000  0.205056E+00
  1.77000  0.207971E+00
  1.78000  0.214812E+00
  1.79000  0.232337E+00
  1.80000  0.260704E+00
  1.81000  0.288282E+00
  1.82000  0.311878E+00
  1.83000  0.332662E+00
  1.84000  0.349677E+00
  1.85000  0.362289E+00
  1.86000  0.370375E+00
  1.87000  0.373290E+00
  1.88000  0.372468E+00
  1.89000  0.368372E+00
  1.90000  0.361100E+00
  1.91000  0.350381E+00
  1.92000  0.335914E+00
  1.93000  0.318442E+00
  1.94000  0.299443E+00
  1.95000  0.280343E+00
  1.96000  0.261922E+00
  1.97000  0.256495E+00
  1.98000  0.269785E+00
  1.99000  0.284120E+00
  2.00000  0.297199E+00
  2.01000  0.307286E+00
  2.02000  0.312970E+00
  2.03000  0.315653E+00
  2.04000  0.318116E+00
  2.05000  0.320971E+00
  2.06000  0.322483E+00
  2.07000  0.321976E+00
  2.08000  0.321378E+00
  2.09000  0.321714E+00
  2.10000  0.321896E+00
  2.11000  0.319976E+00
  2.12000  0.315155E+00
  2.13000  0.309120E+00
  2.14000  0.304437E+00
  2.15000  0.302771E+00
  2.16000  0.306208E+00
  2.17000  0.313880E+00
  2.18000  0.320941E+00
  2.19000  0.326421E+00
  2.20000  0.330679E+00
  2.21000  0.334609E+00
  2.22000  0.338602E+00
  2.23000  0.341830E+00
  2.24000  0.343251E+00
  2.25000  0.343614E+00
  2.26000  0.345536E+00
  2.27000  0.348810E+00
  2.28000  0.353111E+00
  2.29000  0.356714E+00
  2.30000  0.358885E+00
  2.31000  0.360183E+00
  2.32000  0.361352E+00
  2.33000  0.362435E+00
  2.34000  0.363504E+00
  2.35000  0.365226E+00
  2.36000  0.370268E+00
  2.37000  0.381759E+00
  2.38000  0.397883E+00
  2.39000  0.412168E+00
  2.40000  0.425225E+00
  2.41000  0.438552E+00
  2.42000  0.449971E+00
  2.43000  0.458257E+00
  2.44000  0.463803E+00
  2.45000  0.466647E+00
  2.46000  0.467710E+00
  2.47000  0.468094E+00
  2.48000  0.469002E+00
  2.49000  0.468981E+00
  2.50000  0.468221E+00
  2.51000  0.467970E+00
  2.52000  0.468440E+00
  2.53000  0.469343E+00
  2.54000  0.470894E+00
  2.55000  0.473053E+00
  2.56000  0.475513E+00
  2.57000  0.477240E+00
  2.58000  0.478989E+00
  2.59000  0.481143E+00
  2.60000  0.484340E+00
  2.61000  0.489957E+00
  2.62000  0.499724E+00
  2.63000  0.514619E+00
  2.64000  0.534315E+00
  2.65000  0.556983E+00
  2.66000  0.580450E+00
  2.67000  0.603052E+00
  2.68000  0.624417E+00
  2.69000  0.644308E+00
  2.70000  0.661928E+00
  2.71000  0.676401E+00
  2.72000  0.686580E+00
  2.73000  0.690985E+00
  2.74000  0.689025E+00
  2.75000  0.679484E+00
  2.76000  0.663294E+00
  2.77000  0.653230E+00
  2.78000  0.656890E+00
  2.79000  0.667773E+00
  2.80000  0.677189E+00
  2.81000  0.682177E+00
  2.82000  0.683427E+00
  2.83000  0.682830E+00
  2.84000  0.681300E+00
  2.85000  0.678436E+00
  2.86000  0.673648E+00
  2.87000  0.669168E+00
  2.88000  0.666620E+00
  2.89000  0.667851E+00
  2.90000  0.672724E+00
  2.91000  0.679744E+00
  2.92000  0.687719E+00
  2.93000  0.695455E+00
  2.94000  0.701897E+00
  2.95000  0.705991E+00
  2.96000  0.706090E+00
  2.97000  0.703892E+00
  2.98000  0.698403E+00
  2.99000  0.690518E+00
  3.00000  0.681746E+00
  3.01000  0.678638E+00
  3.02000  0.679195E+00
  3.03000  0.681017E+00
  3.04000  0.684063E+00
  3.05000  0.688039E+00
  3.06000  0.689391E+00
  3.07000  0.690954E+00
  3.08000  0.689095E+00
  3.09000  0.682996E+00
  3.10000  0.672548E+00
  3.11000  0.658154E+00
  3.12000  0.640829E+00
  3.13000  0.622056E+00
  3.14000  0.603317E+00
  3.15000  0.585360E+00
  3.16000  0.566107E+00
  3.17000  0.549972E+00
  3.18000  0.534199E+00
  3.19000  0.519061E+00
  3.20000  0.505149E+00
  3.21000  0.492398E+00
  3.22000  0.480488E+00
  3.23000  0.469168E+00
  3.24000  0.457871E+00
  3.25000  0.445980E+00
  3.26000  0.431732E+00
  3.27000  0.418786E+00
  3.28000  0.405664E+00
  3.29000  0.392704E+00
  3.30000  0.380113E+00
  3.31000  0.367741E+00
  3.32000  0.355307E+00
  3.33000  0.342955E+00
  3.34000  0.331226E+00
  3.35000  0.320532E+00
  3.36000  0.310052E+00
  3.37000  0.301009E+00
  3.38000  0.291752E+00
  3.39000  0.281603E+00
  3.40000  0.269994E+00
  3.41000  0.256726E+00
  3.42000  0.242170E+00
  3.43000  0.226965E+00
  3.44000  0.211732E+00
  3.45000  0.196955E+00
  3.46000  0.182078E+00
  3.47000  0.169095E+00
  3.48000  0.157370E+00
  3.49000  0.147011E+00
  3.50000  0.137931E+00
  3.51000  0.129978E+00
  3.52000  0.122926E+00
  3.53000  0.116228E+00
  3.54000  0.109519E+00
  3.55000  0.103039E+00
  3.56000  0.959513E-01
  3.57000  0.904206E-01
  3.58000  0.852878E-01
  3.59000  0.805627E-01
  3.60000  0.763452E-01
  3.61000  0.726207E-01
  3.62000  0.692906E-01
  3.63000  0.661968E-01
  3.64000  0.632365E-01
  3.65000  0.604186E-01
  3.66000  0.568129E-01
  3.67000  0.544227E-01
  3.68000  0.522019E-01
  3.69000  0.500724E-01
  3.70000  0.479429E-01
  3.71000  0.457892E-01
  3.72000  0.436376E-01
  3.73000  0.415291E-01
  3.74000  0.395050E-01
  3.75000  0.375765E-01
  3.76000  0.351266E-01
  3.77000  0.334606E-01
  3.78000  0.319086E-01
  3.79000  0.304722E-01
  3.80000  0.291641E-01
  3.81000  0.282219E-01
  3.82000  0.276431E-01
  3.83000  0.270346E-01
  3.84000  0.265560E-01
  3.85000  0.265844E-01
  3.86000  0.259165E-01
  3.87000  0.258152E-01
  3.88000  0.255662E-01
  3.89000  0.251439E-01
  3.90000  0.245741E-01
  3.91000  0.238977E-01
  3.92000  0.231430E-01
  3.93000  0.223272E-01
  3.94000  0.214794E-01
  3.95000  0.206311E-01
  3.96000  0.192300E-01
  3.97000  0.184244E-01
  3.98000  0.176421E-01
  3.99000  0.168831E-01
  4.00000  0.161393E-01
  4.01000  0.154051E-01
  4.02000  0.146771E-01
  4.03000  0.139533E-01
  4.04000  0.132233E-01
  4.05000  0.124939E-01
  4.06000  0.113616E-01
  4.07000  0.106751E-01
  4.08000  0.100093E-01
  4.09000  0.936664E-02
  4.10000  0.874379E-02
  4.11000  0.813596E-02
  4.12000  0.754560E-02
  4.13000  0.698160E-02
  4.14000  0.645250E-02
  4.15000  0.596408E-02
  4.16000  0.529936E-02
  4.17000  0.491231E-02
  4.18000  0.456573E-02
  4.19000  0.425560E-02
  4.20000  0.397777E-02
  4.21000  0.372767E-02
  4.22000  0.349782E-02
  4.23000  0.328046E-02
  4.24000  0.307127E-02
  4.25000  0.286968E-02
  4.26000  0.255965E-02
  4.27000  0.238318E-02
  4.28000  0.221695E-02
  4.29000  0.206181E-02
  4.30000  0.191742E-02
  4.31000  0.178480E-02
  4.32000  0.166442E-02
  4.33000  0.155540E-02
  4.34000  0.145519E-02
  4.35000  0.136103E-02
  4.36000  0.120696E-02
  4.37000  0.112283E-02
  4.38000  0.104125E-02
  4.39000  0.962223E-03
  4.40000  0.886619E-03
  4.41000  0.815055E-03
  4.42000  0.747365E-03
  4.43000  0.683467E-03
  4.44000  0.623113E-03
  4.45000  0.566636E-03
  4.46000  0.483580E-03
  4.47000  0.437779E-03
  4.48000  0.396079E-03
  4.49000  0.358306E-03
  4.50000  0.323970E-03
  4.51000  0.292675E-03
  4.52000  0.264013E-03
  4.53000  0.237689E-03
  4.54000  0.213635E-03
  4.55000  0.191806E-03
  4.56000  0.160141E-03
  4.57000  0.143514E-03
  4.58000  0.128570E-03
  4.59000  0.115157E-03
  4.60000  0.103118E-03
  4.61000  0.922839E-04
  4.62000  0.824807E-04
  4.63000  0.735772E-04
  4.64000  0.654848E-04
  4.65000  0.581516E-04
  4.66000  0.475836E-04
  4.67000  0.420764E-04
  4.68000  0.372058E-04
  4.69000  0.329383E-04
  4.70000  0.292361E-04
  4.71000  0.260308E-04
  4.72000  0.232456E-04
  4.73000  0.208140E-04
  4.74000  0.186835E-04
  4.75000  0.168140E-04
  4.76000  0.138412E-04
  4.77000  0.124934E-04
  4.78000  0.112936E-04
  4.79000  0.102146E-04
  4.80000  0.923932E-05
  4.81000  0.834865E-05
  4.82000  0.752234E-05
  4.83000  0.675332E-05
  4.84000  0.603651E-05
  4.85000  0.536655E-05
  4.86000  0.433111E-05
  4.87000  0.379959E-05
  4.88000  0.331170E-05
  4.89000  0.287221E-05
  4.90000  0.248096E-05
  4.91000  0.213395E-05
  4.92000  0.182588E-05
  4.93000  0.155437E-05
  4.94000  0.131631E-05
  4.95000  0.110964E-05
  4.96000  0.843915E-06
  4.97000  0.705871E-06
  4.98000  0.589713E-06
  4.99000  0.492867E-06
  5.00000  0.412428E-06
  5.01000  0.345540E-06
  5.02000  0.289629E-06
  5.03000  0.242689E-06
  5.04000  0.203066E-06
  5.05000  0.169628E-06
  5.06000  0.126440E-06
  5.07000  0.105347E-06
  5.08000  0.879162E-07
  5.09000  0.735369E-07
  5.10000  0.617375E-07
  5.11000  0.520524E-07
  5.12000  0.440812E-07
  5.13000  0.375108E-07
  5.14000  0.321011E-07
  5.15000  0.276675E-07
  5.16000  0.211710E-07
  5.17000  0.185222E-07
  5.18000  0.163602E-07
  5.19000  0.145884E-07
  5.20000  0.131325E-07
  5.21000  0.119205E-07
  5.22000  0.108897E-07
  5.23000  0.999167E-08
  5.24000  0.919031E-08
  5.25000  0.846326E-08
  5.26000  0.685263E-08
  5.27000  0.630767E-08
  5.28000  0.580055E-08
  5.29000  0.532612E-08
  5.30000  0.488166E-08
  5.31000  0.449432E-08
  5.32000  0.415140E-08
  5.33000  0.382922E-08
  5.34000  0.352717E-08
  5.35000  0.324455E-08
  5.36000  0.263465E-08
  5.37000  0.241620E-08
  5.38000  0.221209E-08
  5.39000  0.202209E-08
  5.40000  0.184502E-08
  5.41000  0.168011E-08
  5.42000  0.152708E-08
  5.43000  0.138525E-08
  5.44000  0.125406E-08
  5.45000  0.113282E-08
  5.46000  0.911982E-09
  5.47000  0.821178E-09
  5.48000  0.738467E-09
  5.49000  0.663451E-09
  5.50000  0.595454E-09
  5.51000  0.533965E-09
  5.52000  0.478621E-09
  5.53000  0.428856E-09
  5.54000  0.384239E-09
  5.55000  0.344156E-09
  5.56000  0.277864E-09
  5.57000  0.248876E-09
  5.58000  0.222972E-09
  5.59000  0.199779E-09
  5.60000  0.179023E-09
  5.61000  0.160365E-09
  5.62000  0.143601E-09
  5.63000  0.128536E-09
  5.64000  0.115017E-09
  5.65000  0.102890E-09
  5.66000  0.836332E-10
  5.67000  0.747687E-10
  5.68000  0.668332E-10
  5.69000  0.597501E-10
  5.70000  0.534336E-10
  5.71000  0.477660E-10
  5.72000  0.427009E-10
  5.73000  0.381633E-10
  5.74000  0.341132E-10
  5.75000  0.304987E-10
  5.76000  0.249807E-10
  5.77000  0.223407E-10
  5.78000  0.199868E-10
  5.79000  0.178822E-10
  5.80000  0.160022E-10
  5.81000  0.122385E-10
  5.82000  0.109828E-10
  5.83000  0.985299E-11
  5.84000  0.883583E-11
  5.85000  0.792066E-11
  5.86000  0.653934E-11
  5.87000  0.585578E-11
  5.88000  0.524019E-11
  5.89000  0.468857E-11
  5.90000  0.419387E-11
  5.91000  0.375136E-11
  5.92000  0.335392E-11
  5.93000  0.299530E-11
  5.94000  0.264374E-11
  5.95000  0.236278E-11
  5.96000  0.195080E-11
  5.97000  0.174425E-11
  5.98000  0.155804E-11
  5.99000  0.139125E-11
  6.00000  0.124291E-11
  6.20000  0.109216E-12
  6.40000  0.120731E-13
  6.60000  0.998126E-15
  6.80000  0.454132E-16
  7.00000  0.268837E-17
