  0.00000  0.000000E+00
  0.01000  0.000000E+00
  0.02000  0.000000E+00
  0.03000  0.109291E-20
  0.04000  0.543794E-18
  0.05000  0.132509E-17
  0.06000  0.681288E-17
  0.07000  0.214757E-16
  0.08000  0.339521E-16
  0.09000  0.303159E-16
  0.10000  0.824501E-17
  0.11000  0.453745E-17
  0.12000  0.534418E-17
  0.13000  0.879153E-17
  0.14000  0.238470E-16
  0.15000  0.135203E-15
  0.16000  0.383963E-15
  0.17000  0.594302E-15
  0.18000  0.824599E-15
  0.19000  0.104463E-14
  0.20000  0.188902E-14
  0.21000  0.307195E-14
  0.22000  0.403415E-14
  0.23000  0.538696E-14
  0.24000  0.669051E-14
  0.25000  0.775776E-14
  0.26000  0.742753E-14
  0.27000  0.648173E-14
  0.28000  0.615281E-14
  0.29000  0.576665E-14
  0.30000  0.685237E-14
  0.31000  0.892550E-14
  0.32000  0.102803E-13
  0.33000  0.137356E-13
  0.34000  0.185862E-13
  0.35000  0.184049E-13
  0.36000  0.154587E-13
  0.37000  0.918189E-14
  0.38000  0.534793E-14
  0.39000  0.619281E-14
  0.40000  0.829452E-14
  0.41000  0.973500E-14
  0.42000  0.113464E-13
  0.43000  0.134848E-13
  0.44000  0.135233E-13
  0.45000  0.138228E-13
  0.46000  0.161404E-13
  0.47000  0.172916E-13
  0.48000  0.167182E-13
  0.49000  0.161098E-13
  0.50000  0.197286E-13
  0.51000  0.330916E-13
  0.52000  0.487037E-13
  0.53000  0.660603E-13
  0.54000  0.888168E-13
  0.55000  0.112809E-12
  0.56000  0.139202E-12
  0.57000  0.176242E-12
  0.58000  0.239676E-12
  0.59000  0.326816E-12
  0.60000  0.477272E-12
  0.61000  0.746184E-12
  0.62000  0.155164E-11
  0.63000  0.655603E-11
  0.64000  0.264696E-10
  0.65000  0.580567E-10
  0.66000  0.933161E-10
  0.67000  0.155163E-09
  0.68000  0.265604E-09
  0.69000  0.403952E-09
  0.70000  0.587879E-09
  0.71000  0.859338E-09
  0.72000  0.114825E-08
  0.73000  0.155527E-08
  0.74000  0.230210E-08
  0.75000  0.354955E-08
  0.76000  0.518326E-08
  0.77000  0.722092E-08
  0.78000  0.963674E-08
  0.79000  0.119127E-07
  0.80000  0.129167E-07
  0.81000  0.145891E-07
  0.82000  0.193298E-07
  0.83000  0.294736E-07
  0.84000  0.442395E-07
  0.85000  0.582083E-07
  0.86000  0.714481E-07
  0.87000  0.878639E-07
  0.88000  0.114054E-06
  0.89000  0.166693E-06
  0.90000  0.238064E-06
  0.91000  0.341211E-06
  0.92000  0.482644E-06
  0.93000  0.663813E-06
  0.94000  0.876261E-06
  0.95000  0.110713E-05
  0.96000  0.136680E-05
  0.97000  0.171837E-05
  0.98000  0.223137E-05
  0.99000  0.293334E-05
  1.00000  0.376357E-05
  1.01000  0.475747E-05
  1.02000  0.615555E-05
  1.03000  0.763238E-05
  1.04000  0.924050E-05
  1.05000  0.107501E-04
  1.06000  0.116541E-04
  1.07000  0.123672E-04
  1.08000  0.134318E-04
  1.09000  0.154295E-04
  1.10000  0.183164E-04
  1.11000  0.215295E-04
  1.12000  0.267378E-04
  1.13000  0.410790E-04
  1.14000  0.719626E-04
  1.15000  0.107843E-03
  1.16000  0.144449E-03
  1.17000  0.185544E-03
  1.18000  0.233044E-03
  1.19000  0.297815E-03
  1.20000  0.389646E-03
  1.21000  0.492512E-03
  1.22000  0.580656E-03
  1.23000  0.646151E-03
  1.24000  0.693446E-03
  1.25000  0.732148E-03
  1.26000  0.770169E-03
  1.27000  0.806099E-03
  1.28000  0.825455E-03
  1.29000  0.824200E-03
  1.30000  0.102019E-02
  1.31000  0.128025E-02
  1.32000  0.154401E-02
  1.33000  0.181150E-02
  1.34000  0.211866E-02
  1.35000  0.249739E-02
  1.36000  0.318856E-02
  1.37000  0.397636E-02
  1.38000  0.493461E-02
  1.39000  0.639356E-02
  1.40000  0.837004E-02
  1.41000  0.904732E-02
  1.42000  0.787765E-02
  1.43000  0.591822E-02
  1.44000  0.475830E-02
  1.45000  0.524346E-02
  1.46000  0.718713E-02
  1.47000  0.107414E-01
  1.48000  0.149622E-01
  1.49000  0.187109E-01
  1.50000  0.225733E-01
  1.51000  0.270740E-01
  1.52000  0.323669E-01
  1.53000  0.383184E-01
  1.54000  0.446244E-01
  1.55000  0.504232E-01
  1.56000  0.531686E-01
  1.57000  0.412586E-01
  1.58000  0.275253E-01
  1.59000  0.223818E-01
  1.60000  0.228839E-01
  1.61000  0.250538E-01
  1.62000  0.277322E-01
  1.63000  0.302241E-01
  1.64000  0.326803E-01
  1.65000  0.354133E-01
  1.66000  0.384993E-01
  1.67000  0.422082E-01
  1.68000  0.457685E-01
  1.69000  0.487217E-01
  1.70000  0.533254E-01
  1.71000  0.597374E-01
  1.72000  0.669508E-01
  1.73000  0.748164E-01
  1.74000  0.827847E-01
  1.75000  0.903258E-01
  1.76000  0.104297E+00
  1.77000  0.122787E+00
  1.78000  0.145304E+00
  1.79000  0.173898E+00
  1.80000  0.244371E+00
  1.81000  0.283977E+00
  1.82000  0.283538E+00
  1.83000  0.323053E+00
  1.84000  0.361049E+00
  1.85000  0.396217E+00
  1.86000  0.429890E+00
  1.87000  0.464553E+00
  1.88000  0.499284E+00
  1.89000  0.533568E+00
  1.90000  0.566797E+00
  1.91000  0.598716E+00
  1.92000  0.628300E+00
  1.93000  0.652695E+00
  1.94000  0.669256E+00
  1.95000  0.677204E+00
  1.96000  0.677858E+00
  1.97000  0.675900E+00
  1.98000  0.670713E+00
  1.99000  0.661404E+00
  2.00000  0.650301E+00
  2.01000  0.656608E+00
  2.02000  0.657191E+00
  2.03000  0.653185E+00
  2.04000  0.679954E+00
  2.05000  0.700452E+00
  2.06000  0.717781E+00
  2.07000  0.733057E+00
  2.08000  0.742845E+00
  2.09000  0.766230E+00
  2.10000  0.809900E+00
  2.11000  0.849129E+00
  2.12000  0.883976E+00
  2.13000  0.914605E+00
  2.14000  0.941347E+00
  2.15000  0.964407E+00
  2.16000  0.977843E+00
  2.17000  0.992136E+00
  2.18000  0.100000E+01
  2.19000  0.998682E+00
  2.20000  0.986269E+00
  2.21000  0.966128E+00
  2.22000  0.943845E+00
  2.23000  0.916740E+00
  2.24000  0.877783E+00
  2.25000  0.825706E+00
  2.26000  0.757744E+00
  2.27000  0.693570E+00
  2.28000  0.627698E+00
  2.29000  0.558777E+00
  2.30000  0.486939E+00
  2.31000  0.415977E+00
  2.32000  0.349884E+00
  2.33000  0.290650E+00
  2.34000  0.238875E+00
  2.35000  0.194383E+00
  2.36000  0.155133E+00
  2.37000  0.123998E+00
  2.38000  0.982734E-01
  2.39000  0.774406E-01
  2.40000  0.611611E-01
  2.41000  0.485574E-01
  2.42000  0.384015E-01
  2.43000  0.299239E-01
  2.44000  0.229209E-01
  2.45000  0.181413E-01
  2.46000  0.145097E-01
  2.47000  0.119861E-01
  2.48000  0.101263E-01
  2.49000  0.868213E-02
  2.50000  0.747498E-02
  2.51000  0.643599E-02
  2.52000  0.554324E-02
  2.53000  0.472903E-02
  2.54000  0.394361E-02
  2.55000  0.320604E-02
  2.56000  0.251278E-02
  2.57000  0.197549E-02
  2.58000  0.153678E-02
  2.59000  0.119333E-02
  2.60000  0.924998E-03
  2.61000  0.706703E-03
  2.62000  0.527796E-03
  2.63000  0.388156E-03
  2.64000  0.306113E-03
  2.65000  0.246964E-03
  2.66000  0.196418E-03
  2.67000  0.158695E-03
  2.68000  0.127104E-03
  2.69000  0.101436E-03
  2.70000  0.809956E-04
  2.71000  0.647512E-04
  2.72000  0.518822E-04
  2.73000  0.417898E-04
  2.74000  0.338169E-04
  2.75000  0.273455E-04
  2.76000  0.214132E-04
  2.77000  0.171190E-04
  2.78000  0.136936E-04
  2.79000  0.109723E-04
  2.80000  0.877140E-05
  2.81000  0.695911E-05
  2.82000  0.545301E-05
  2.83000  0.420854E-05
  2.84000  0.320431E-05
  2.85000  0.241328E-05
  2.86000  0.174637E-05
  2.87000  0.130071E-05
  2.88000  0.970963E-06
  2.89000  0.724387E-06
  2.90000  0.580593E-06
  2.91000  0.465235E-06
  2.92000  0.368799E-06
  2.93000  0.290896E-06
  2.94000  0.229248E-06
  2.95000  0.181050E-06
  2.96000  0.139153E-06
  2.97000  0.110500E-06
  2.98000  0.881519E-07
  2.99000  0.706529E-07
  3.00000  0.568746E-07
  3.01000  0.458945E-07
  3.02000  0.369916E-07
  3.03000  0.296503E-07
  3.04000  0.235591E-07
  3.05000  0.185798E-07
  3.06000  0.138917E-07
  3.07000  0.109798E-07
  3.08000  0.881913E-08
  3.09000  0.722968E-08
  3.10000  0.604501E-08
  3.11000  0.511716E-08
  3.12000  0.433912E-08
  3.13000  0.364851E-08
  3.14000  0.302359E-08
  3.15000  0.246610E-08
  3.16000  0.187490E-08
  3.17000  0.148402E-08
  3.18000  0.116335E-08
  3.19000  0.905606E-09
  3.20000  0.698933E-09
  3.21000  0.534559E-09
  3.22000  0.406078E-09
  3.23000  0.307682E-09
  3.24000  0.234231E-09
  3.25000  0.178984E-09
  3.26000  0.126959E-09
  3.27000  0.922476E-10
  3.28000  0.653457E-10
  3.29000  0.468701E-10
  3.30000  0.350894E-10
  3.31000  0.273830E-10
  3.32000  0.219570E-10
  3.33000  0.178063E-10
  3.34000  0.144002E-10
  3.35000  0.115011E-10
  3.36000  0.837204E-11
  3.37000  0.644803E-11
  3.38000  0.495862E-11
  3.39000  0.386428E-11
  3.40000  0.307707E-11
  3.41000  0.250435E-11
  3.42000  0.206804E-11
  3.43000  0.171779E-11
  3.44000  0.142797E-11
  3.45000  0.118395E-11
  3.46000  0.891811E-12
  3.47000  0.734793E-12
  3.48000  0.601863E-12
  3.49000  0.484627E-12
  3.50000  0.378683E-12
  3.51000  0.282364E-12
  3.52000  0.196218E-12
  3.53000  0.128242E-12
  3.54000  0.847173E-13
  3.55000  0.613237E-13
  3.56000  0.445774E-13
  3.57000  0.391165E-13
  3.58000  0.361295E-13
  3.59000  0.343098E-13
  3.60000  0.327824E-13
  3.61000  0.310155E-13
  3.62000  0.289354E-13
  3.63000  0.266540E-13
  3.64000  0.242943E-13
  3.65000  0.219041E-13
  3.66000  0.173101E-13
  3.67000  0.152536E-13
  3.68000  0.134116E-13
  3.69000  0.118107E-13
  3.70000  0.104194E-13
  3.71000  0.920038E-14
  3.72000  0.812776E-14
  3.73000  0.716436E-14
  3.74000  0.627632E-14
  3.75000  0.544559E-14
  3.76000  0.413588E-14
  3.77000  0.349978E-14
  3.78000  0.291367E-14
  3.79000  0.238714E-14
  3.80000  0.192552E-14
  3.81000  0.152588E-14
  3.82000  0.118245E-14
  3.83000  0.894885E-15
  3.84000  0.663625E-15
  3.85000  0.485553E-15
  3.86000  0.309542E-15
  3.87000  0.224383E-15
  3.88000  0.163254E-15
  3.89000  0.119517E-15
  3.90000  0.880731E-16
  3.91000  0.653784E-16
  3.92000  0.487530E-16
  3.93000  0.363046E-16
  3.94000  0.269235E-16
  3.95000  0.198817E-16
  3.96000  0.126043E-16
  3.97000  0.921235E-17
  3.98000  0.667976E-17
  3.99000  0.480078E-17
  4.00000  0.342424E-17
  4.01000  0.242985E-17
  4.02000  0.172170E-17
  4.03000  0.122691E-17
  4.04000  0.882709E-18
  4.05000  0.643722E-18
  4.06000  0.395973E-18
  4.07000  0.296267E-18
  4.08000  0.224438E-18
  4.09000  0.171486E-18
  4.10000  0.131406E-18
  4.11000  0.100470E-18
  4.12000  0.764814E-19
  4.13000  0.624923E-19
  4.14000  0.512124E-19
  4.15000  0.418989E-19
  4.16000  0.270718E-19
  4.17000  0.218273E-19
  4.18000  0.173850E-19
  4.19000  0.136496E-19
  4.20000  0.105917E-19
  4.21000  0.816363E-20
  4.22000  0.628718E-20
  4.23000  0.486037E-20
  4.24000  0.378772E-20
  4.25000  0.298434E-20
  4.26000  0.182504E-20
  4.27000  0.146268E-20
  4.28000  0.117729E-20
  4.29000  0.946377E-21
  4.30000  0.755686E-21
  4.31000  0.598868E-21
  4.32000  0.472909E-21
  4.33000  0.373162E-21
  4.34000  0.294353E-21
  4.35000  0.231657E-21
  4.36000  0.133533E-21
  4.37000  0.104248E-21
  4.38000  0.814177E-22
  4.39000  0.636526E-22
  4.40000  0.496819E-22
  4.41000  0.387426E-22
  4.42000  0.301825E-22
  4.43000  0.235058E-22
  4.44000  0.186186E-22
  4.45000  0.151707E-22
  4.46000  0.879923E-23
  4.47000  0.739321E-23
  4.48000  0.632916E-23
  4.49000  0.552103E-23
  4.50000  0.489626E-23
  4.51000  0.439114E-23
  4.52000  0.395876E-23
  4.53000  0.357130E-23
  4.54000  0.321834E-23
  4.55000  0.289630E-23
  4.56000  0.176481E-23
  4.57000  0.158023E-23
  4.58000  0.141624E-23
  4.59000  0.127283E-23
  4.60000  0.523438E-25
  4.61000  0.456019E-25
  4.62000  0.394637E-25
  4.63000  0.339266E-25
  4.64000  0.509393E-26
  4.65000  0.455120E-26
  4.66000  0.232640E-26
  4.67000  0.210094E-26
  4.68000  0.192492E-26
  4.69000  0.179557E-26
  4.70000  0.170649E-26
  4.71000  0.165262E-26
  4.72000  0.162633E-26
  4.73000  0.161762E-26
  4.74000  0.162429E-26
  4.75000  0.164285E-26
  4.76000  0.934083E-27
  4.77000  0.960646E-27
  4.78000  0.999896E-27
  4.79000  0.105574E-26
  4.80000  0.113727E-26
  4.81000  0.461723E-27
  4.82000  0.525600E-27
  4.83000  0.605453E-27
  4.84000  0.704165E-27
  4.85000  0.823006E-27
  4.86000  0.558036E-27
  4.87000  0.652212E-27
  4.88000  0.115140E-29
  4.89000  0.141028E-29
  4.90000  0.173147E-29
  4.91000  0.211842E-29
  4.92000  0.257060E-29
  4.93000  0.309290E-29
  4.94000  0.368547E-29
  4.95000  0.000000E+00
  4.96000  0.000000E+00
  4.97000  0.000000E+00
  4.98000  0.000000E+00
  4.99000  0.000000E+00
  5.00000  0.000000E+00
  5.01000  0.000000E+00
  5.02000  0.000000E+00
  5.03000  0.000000E+00
  5.04000  0.000000E+00
  5.05000  0.000000E+00
  5.06000  0.000000E+00
  5.07000  0.000000E+00
  5.08000  0.000000E+00
  5.09000  0.000000E+00
  5.10000  0.000000E+00
  5.11000  0.000000E+00
  5.12000  0.000000E+00
  5.13000  0.000000E+00
  5.14000  0.000000E+00
  5.15000  0.000000E+00
  5.16000  0.000000E+00
  5.17000  0.000000E+00
  5.18000  0.000000E+00
  5.19000  0.000000E+00
  5.20000  0.000000E+00
  5.21000  0.000000E+00
  5.22000  0.000000E+00
  5.23000  0.000000E+00
  5.24000  0.000000E+00
  5.25000  0.000000E+00
  5.26000  0.000000E+00
  5.27000  0.000000E+00
  5.28000  0.000000E+00
  5.29000  0.000000E+00
  5.30000  0.000000E+00
  5.31000  0.000000E+00
  5.32000  0.000000E+00
  5.33000  0.000000E+00
  5.34000  0.000000E+00
  5.35000  0.000000E+00
  5.36000  0.000000E+00
  5.37000  0.000000E+00
  5.38000  0.000000E+00
  5.39000  0.000000E+00
  5.40000  0.000000E+00
  5.41000  0.000000E+00
  5.42000  0.000000E+00
  5.43000  0.000000E+00
  5.44000  0.000000E+00
  5.45000  0.000000E+00
  5.46000  0.000000E+00
  5.47000  0.000000E+00
  5.48000  0.000000E+00
  5.49000  0.000000E+00
  5.50000  0.000000E+00
  5.51000  0.000000E+00
  5.52000  0.000000E+00
  5.53000  0.000000E+00
  5.54000  0.000000E+00
  5.55000  0.000000E+00
  5.56000  0.000000E+00
  5.57000  0.000000E+00
  5.58000  0.000000E+00
  5.59000  0.000000E+00
  5.60000  0.000000E+00
  5.61000  0.000000E+00
  5.62000  0.000000E+00
  5.63000  0.000000E+00
  5.64000  0.000000E+00
  5.65000  0.000000E+00
  5.66000  0.000000E+00
  5.67000  0.000000E+00
  5.68000  0.000000E+00
  5.69000  0.000000E+00
  5.70000  0.000000E+00
  5.71000  0.000000E+00
  5.72000  0.000000E+00
  5.73000  0.000000E+00
  5.74000  0.000000E+00
  5.75000  0.000000E+00
  5.76000  0.000000E+00
  5.77000  0.000000E+00
  5.78000  0.000000E+00
  5.79000  0.000000E+00
  5.80000  0.000000E+00
  5.81000  0.000000E+00
  5.82000  0.000000E+00
  5.83000  0.000000E+00
  5.84000  0.000000E+00
  5.85000  0.000000E+00
  5.86000  0.000000E+00
  5.87000  0.000000E+00
  5.88000  0.000000E+00
  5.89000  0.000000E+00
  5.90000  0.000000E+00
  5.91000  0.000000E+00
  5.92000  0.000000E+00
  5.93000  0.000000E+00
  5.94000  0.000000E+00
  5.95000  0.000000E+00
  5.96000  0.000000E+00
  5.97000  0.000000E+00
  5.98000  0.000000E+00
  5.99000  0.000000E+00
  6.00000  0.000000E+00
  6.20000  0.000000E+00
  6.40000  0.000000E+00
  6.60000  0.000000E+00
  6.80000  0.000000E+00
  7.00000  0.000000E+00
