  0.00000  0.000000E+00
  0.01000  0.378497E-01
  0.02000  0.423795E-01
  0.03000  0.463658E-01
  0.04000  0.502299E-01
  0.05000  0.538455E-01
  0.06000  0.569307E-01
  0.07000  0.595740E-01
  0.08000  0.621577E-01
  0.09000  0.647965E-01
  0.10000  0.675461E-01
  0.11000  0.706308E-01
  0.12000  0.741448E-01
  0.13000  0.781941E-01
  0.14000  0.827828E-01
  0.15000  0.877369E-01
  0.16000  0.928548E-01
  0.17000  0.979425E-01
  0.18000  0.102239E+00
  0.19000  0.105458E+00
  0.20000  0.107993E+00
  0.21000  0.109879E+00
  0.22000  0.111187E+00
  0.23000  0.111958E+00
  0.24000  0.112009E+00
  0.25000  0.111463E+00
  0.26000  0.110489E+00
  0.27000  0.109192E+00
  0.28000  0.107903E+00
  0.29000  0.106793E+00
  0.30000  0.106008E+00
  0.31000  0.105145E+00
  0.32000  0.104873E+00
  0.33000  0.106182E+00
  0.34000  0.107837E+00
  0.35000  0.110053E+00
  0.36000  0.112908E+00
  0.37000  0.116342E+00
  0.38000  0.120865E+00
  0.39000  0.125652E+00
  0.40000  0.130808E+00
  0.41000  0.136674E+00
  0.42000  0.142870E+00
  0.43000  0.149311E+00
  0.44000  0.156489E+00
  0.45000  0.164746E+00
  0.46000  0.173777E+00
  0.47000  0.183676E+00
  0.48000  0.193942E+00
  0.49000  0.204313E+00
  0.50000  0.214990E+00
  0.51000  0.225840E+00
  0.52000  0.236813E+00
  0.53000  0.247676E+00
  0.54000  0.258159E+00
  0.55000  0.268315E+00
  0.56000  0.277921E+00
  0.57000  0.287109E+00
  0.58000  0.296127E+00
  0.59000  0.304823E+00
  0.60000  0.313134E+00
  0.61000  0.321255E+00
  0.62000  0.329157E+00
  0.63000  0.336569E+00
  0.64000  0.343409E+00
  0.65000  0.349735E+00
  0.66000  0.355726E+00
  0.67000  0.361793E+00
  0.68000  0.368170E+00
  0.69000  0.374665E+00
  0.70000  0.381109E+00
  0.71000  0.387474E+00
  0.72000  0.394150E+00
  0.73000  0.405048E+00
  0.74000  0.417889E+00
  0.75000  0.432204E+00
  0.76000  0.447919E+00
  0.77000  0.465257E+00
  0.78000  0.483517E+00
  0.79000  0.502192E+00
  0.80000  0.521090E+00
  0.81000  0.540103E+00
  0.82000  0.559239E+00
  0.83000  0.578474E+00
  0.84000  0.597733E+00
  0.85000  0.616919E+00
  0.86000  0.635902E+00
  0.87000  0.654499E+00
  0.88000  0.672468E+00
  0.89000  0.689502E+00
  0.90000  0.705311E+00
  0.91000  0.719865E+00
  0.92000  0.733408E+00
  0.93000  0.746057E+00
  0.94000  0.757676E+00
  0.95000  0.767836E+00
  0.96000  0.776329E+00
  0.97000  0.783535E+00
  0.98000  0.789658E+00
  0.99000  0.794395E+00
  1.00000  0.797628E+00
  1.01000  0.799976E+00
  1.02000  0.802174E+00
  1.03000  0.808679E+00
  1.04000  0.816290E+00
  1.05000  0.823869E+00
  1.06000  0.831293E+00
  1.07000  0.837822E+00
  1.08000  0.843413E+00
  1.09000  0.848335E+00
  1.10000  0.852128E+00
  1.11000  0.854932E+00
  1.12000  0.857142E+00
  1.13000  0.858654E+00
  1.14000  0.859941E+00
  1.15000  0.862058E+00
  1.16000  0.864710E+00
  1.17000  0.868177E+00
  1.18000  0.873135E+00
  1.19000  0.879329E+00
  1.20000  0.885451E+00
  1.21000  0.890272E+00
  1.22000  0.894717E+00
  1.23000  0.899729E+00
  1.24000  0.904516E+00
  1.25000  0.908848E+00
  1.26000  0.912679E+00
  1.27000  0.915892E+00
  1.28000  0.918043E+00
  1.29000  0.918675E+00
  1.30000  0.917250E+00
  1.31000  0.914160E+00
  1.32000  0.907483E+00
  1.33000  0.896641E+00
  1.34000  0.883078E+00
  1.35000  0.868423E+00
  1.36000  0.853481E+00
  1.37000  0.837660E+00
  1.38000  0.820339E+00
  1.39000  0.802347E+00
  1.40000  0.786405E+00
  1.41000  0.775205E+00
  1.42000  0.765222E+00
  1.43000  0.751804E+00
  1.44000  0.735172E+00
  1.45000  0.726635E+00
  1.46000  0.736618E+00
  1.47000  0.746452E+00
  1.48000  0.756238E+00
  1.49000  0.765889E+00
  1.50000  0.775229E+00
  1.51000  0.784201E+00
  1.52000  0.792679E+00
  1.53000  0.800700E+00
  1.54000  0.808427E+00
  1.55000  0.815906E+00
  1.56000  0.823065E+00
  1.57000  0.829969E+00
  1.58000  0.836594E+00
  1.59000  0.842748E+00
  1.60000  0.848382E+00
  1.61000  0.853528E+00
  1.62000  0.858009E+00
  1.63000  0.861751E+00
  1.64000  0.864856E+00
  1.65000  0.867088E+00
  1.66000  0.868236E+00
  1.67000  0.868096E+00
  1.68000  0.866849E+00
  1.69000  0.882877E+00
  1.70000  0.899417E+00
  1.71000  0.915896E+00
  1.72000  0.930707E+00
  1.73000  0.942984E+00
  1.74000  0.952810E+00
  1.75000  0.960842E+00
  1.76000  0.967572E+00
  1.77000  0.973004E+00
  1.78000  0.977023E+00
  1.79000  0.979605E+00
  1.80000  0.980806E+00
  1.81000  0.980766E+00
  1.82000  0.979569E+00
  1.83000  0.981305E+00
  1.84000  0.986376E+00
  1.85000  0.990526E+00
  1.86000  0.100000E+01
  1.87000  0.995494E+00
  1.88000  0.996187E+00
  1.89000  0.927541E+00
  1.90000  0.824911E+00
  1.91000  0.609937E+00
  1.92000  0.601372E+00
  1.93000  0.592140E+00
  1.94000  0.423098E+00
  1.95000  0.309814E+00
  1.96000  0.136311E+00
  1.97000  0.126644E+00
  1.98000  0.100747E+00
  1.99000  0.945558E-01
  2.00000  0.886528E-01
  2.01000  0.826977E-01
  2.02000  0.330055E-01
  2.03000  0.297363E-01
  2.04000  0.104717E-01
  2.05000  0.724512E-02
  2.06000  0.407322E-02
  2.07000  0.367330E-02
  2.08000  0.330310E-02
  2.09000  0.257456E-02
  2.10000  0.228041E-02
  2.11000  0.199989E-02
  2.12000  0.714550E-03
  2.13000  0.414070E-03
  2.14000  0.346278E-03
  2.15000  0.287313E-03
  2.16000  0.482817E-04
  2.17000  0.390781E-04
  2.18000  0.158125E-04
  2.19000  0.130567E-04
  2.20000  0.107777E-04
  2.21000  0.890321E-05
  2.22000  0.736954E-05
  2.23000  0.612123E-05
  2.24000  0.400833E-05
  2.25000  0.168361E-05
  2.26000  0.151919E-05
  2.27000  0.137580E-05
  2.28000  0.391934E-06
  2.29000  0.312255E-06
  2.30000  0.987257E-07
  2.31000  0.986868E-07
  2.32000  0.190211E-07
  2.33000  0.119568E-07
  2.34000  0.982441E-08
  2.35000  0.833223E-08
  2.36000  0.756216E-08
  2.37000  0.690759E-08
  2.38000  0.634739E-08
  2.39000  0.585223E-08
  2.40000  0.538448E-08
  2.41000  0.491773E-08
  2.42000  0.739985E-09
  2.43000  0.617637E-09
  2.44000  0.244619E-09
  2.45000  0.204126E-09
  2.46000  0.169947E-09
  2.47000  0.141356E-09
  2.48000  0.806793E-10
  2.49000  0.771267E-10
  2.50000  0.708023E-10
  2.51000  0.609759E-10
  2.52000  0.166265E-10
  2.53000  0.119079E-10
  2.54000  0.185833E-11
  2.55000  0.164936E-11
  2.56000  0.112989E-11
  2.57000  0.924170E-12
  2.58000  0.314728E-12
  2.59000  0.286208E-12
  2.60000  0.274791E-12
  2.61000  0.265162E-12
  2.62000  0.256421E-12
  2.63000  0.248586E-12
  2.64000  0.242371E-12
  2.65000  0.237981E-12
  2.66000  0.763874E-13
  2.67000  0.652352E-13
  2.68000  0.571740E-13
  2.69000  0.225186E-13
  2.70000  0.212228E-13
  2.71000  0.771159E-14
  2.72000  0.634906E-14
  2.73000  0.579040E-14
  2.74000  0.528391E-14
  2.75000  0.428020E-14
  2.76000  0.420176E-14
  2.77000  0.408645E-14
  2.78000  0.393839E-14
  2.79000  0.377002E-14
  2.80000  0.358815E-14
  2.81000  0.152194E-14
  2.82000  0.529238E-15
  2.83000  0.467458E-15
  2.84000  0.413094E-15
  2.85000  0.365260E-15
  2.86000  0.276542E-15
  2.87000  0.249262E-15
  2.88000  0.872619E-16
  2.89000  0.774028E-16
  2.90000  0.658307E-16
  2.91000  0.581356E-16
  2.92000  0.514460E-16
  2.93000  0.456186E-16
  2.94000  0.405011E-16
  2.95000  0.384017E-16
  2.96000  0.386320E-16
  2.97000  0.395462E-16
  2.98000  0.404322E-16
  2.99000  0.510391E-17
  3.00000  0.465925E-17
  3.01000  0.424239E-17
  3.02000  0.385659E-17
  3.03000  0.349873E-17
  3.04000  0.316674E-17
  3.05000  0.286376E-17
  3.06000  0.258895E-17
  3.07000  0.102681E-17
  3.08000  0.996580E-18
  3.09000  0.971051E-18
  3.10000  0.948065E-18
  3.11000  0.924492E-18
  3.12000  0.897215E-18
  3.13000  0.867913E-18
  3.14000  0.838319E-18
  3.15000  0.808542E-18
  3.16000  0.779279E-18
  3.17000  0.751458E-18
  3.18000  0.757021E-19
  3.19000  0.703446E-19
  3.20000  0.653616E-19
  3.21000  0.606881E-19
  3.22000  0.562834E-19
  3.23000  0.521442E-19
  3.24000  0.373942E-19
  3.25000  0.336601E-19
  3.26000  0.304773E-19
  3.27000  0.275635E-19
  3.28000  0.249056E-19
  3.29000  0.201680E-19
  3.30000  0.189635E-19
  3.31000  0.177857E-19
  3.32000  0.166387E-19
  3.33000  0.155391E-19
  3.34000  0.144719E-19
  3.35000  0.134450E-19
  3.36000  0.124751E-19
  3.37000  0.115648E-19
  3.38000  0.107290E-19
  3.39000  0.998291E-20
  3.40000  0.293352E-20
  3.41000  0.267548E-20
  3.42000  0.244144E-20
  3.43000  0.222862E-20
  3.44000  0.112463E-20
  3.45000  0.106604E-20
  3.46000  0.700596E-21
  3.47000  0.642383E-21
  3.48000  0.589409E-21
  3.49000  0.540774E-21
  3.50000  0.495897E-21
  3.51000  0.454423E-21
  3.52000  0.416081E-21
  3.53000  0.380627E-21
  3.54000  0.347848E-21
  3.55000  0.317507E-21
  3.56000  0.289354E-21
  3.57000  0.263225E-21
  3.58000  0.239201E-21
  3.59000  0.217457E-21
  3.60000  0.198063E-21
  3.61000  0.148567E-21
  3.62000  0.136364E-21
  3.63000  0.125220E-21
  3.64000  0.974074E-22
  3.65000  0.865346E-22
  3.66000  0.776049E-22
  3.67000  0.181643E-22
  3.68000  0.163653E-22
  3.69000  0.147734E-22
  3.70000  0.133618E-22
  3.71000  0.121021E-22
  3.72000  0.852102E-23
  3.73000  0.781291E-23
  3.74000  0.716468E-23
  3.75000  0.657369E-23
  3.76000  0.603336E-23
  3.77000  0.269245E-23
  3.78000  0.241620E-23
  3.79000  0.218239E-23
  3.80000  0.198677E-23
  3.81000  0.182410E-23
  3.82000  0.168904E-23
  3.83000  0.157567E-23
  3.84000  0.147856E-23
  3.85000  0.139233E-23
  3.86000  0.131273E-23
  3.87000  0.123687E-23
  3.88000  0.116383E-23
  3.89000  0.109364E-23
  3.90000  0.102720E-23
  3.91000  0.965225E-24
  3.92000  0.908020E-24
  3.93000  0.855443E-24
  3.94000  0.806965E-24
  3.95000  0.761927E-24
  3.96000  0.719677E-24
  3.97000  0.679557E-24
  3.98000  0.270733E-24
  3.99000  0.248969E-24
  4.00000  0.228048E-24
  4.01000  0.208328E-24
  4.02000  0.190113E-24
  4.03000  0.173569E-24
  4.04000  0.146576E-24
  4.05000  0.135514E-24
  4.06000  0.125468E-24
  4.07000  0.953129E-25
  4.08000  0.909021E-25
  4.09000  0.867810E-25
  4.10000  0.829008E-25
  4.11000  0.792233E-25
  4.12000  0.757382E-25
  4.13000  0.724538E-25
  4.14000  0.693836E-25
  4.15000  0.665177E-25
  4.16000  0.459214E-25
  4.17000  0.430536E-25
  4.18000  0.404052E-25
  4.19000  0.287058E-25
  4.20000  0.281009E-25
  4.21000  0.274824E-25
  4.22000  0.268500E-25
  4.23000  0.262099E-25
  4.24000  0.255727E-25
  4.25000  0.249484E-25
  4.26000  0.243466E-25
  4.27000  0.198430E-25
  4.28000  0.116096E-25
  4.29000  0.110194E-25
  4.30000  0.104629E-25
  4.31000  0.994296E-26
  4.32000  0.945958E-26
  4.33000  0.901138E-26
  4.34000  0.859580E-26
  4.35000  0.821149E-26
  4.36000  0.785676E-26
  4.37000  0.492474E-26
  4.38000  0.477662E-26
  4.39000  0.463635E-26
  4.40000  0.450269E-26
  4.41000  0.437427E-26
  4.42000  0.425117E-26
  4.43000  0.413406E-26
  4.44000  0.402279E-26
  4.45000  0.391740E-26
  4.46000  0.381753E-26
  4.47000  0.372262E-26
  4.48000  0.363224E-26
  4.49000  0.354576E-26
  4.50000  0.346282E-26
  4.51000  0.338302E-26
  4.52000  0.179769E-26
  4.53000  0.173173E-26
  4.54000  0.166835E-26
  4.55000  0.160755E-26
  4.56000  0.154951E-26
  4.57000  0.149432E-26
  4.58000  0.144180E-26
  4.59000  0.139181E-26
  4.60000  0.134436E-26
  4.61000  0.129937E-26
  4.62000  0.125706E-26
  4.63000  0.121740E-26
  4.64000  0.334640E-27
  4.65000  0.326408E-27
  4.66000  0.318403E-27
  4.67000  0.310573E-27
  4.68000  0.302908E-27
  4.69000  0.295413E-27
  4.70000  0.288069E-27
  4.71000  0.280884E-27
  4.72000  0.273845E-27
  4.73000  0.266975E-27
  4.74000  0.260269E-27
  4.75000  0.253736E-27
  4.76000  0.247409E-27
  4.77000  0.241311E-27
  4.78000  0.235499E-27
  4.79000  0.230056E-27
  4.80000  0.225029E-27
  4.81000  0.220427E-27
  4.82000  0.216213E-27
  4.83000  0.212323E-27
  4.84000  0.208641E-27
  4.85000  0.205104E-27
  4.86000  0.201708E-27
  4.87000  0.198495E-27
  4.88000  0.195457E-27
  4.89000  0.192501E-27
  4.90000  0.189548E-27
  4.91000  0.186559E-27
  4.92000  0.183530E-27
  4.93000  0.180489E-27
  4.94000  0.177452E-27
  4.95000  0.174415E-27
  4.96000  0.171365E-27
  4.97000  0.168298E-27
  4.98000  0.165240E-27
  4.99000  0.162248E-27
  5.00000  0.159395E-27
  5.01000  0.156755E-27
  5.02000  0.154391E-27
  5.03000  0.152307E-27
  5.04000  0.150454E-27
  5.05000  0.148785E-27
  5.06000  0.147237E-27
  5.07000  0.145750E-27
  5.08000  0.144304E-27
  5.09000  0.142884E-27
  5.10000  0.141465E-27
  5.11000  0.000000E+00
  5.12000  0.000000E+00
  5.13000  0.000000E+00
  5.14000  0.000000E+00
  5.15000  0.000000E+00
  5.16000  0.000000E+00
  5.17000  0.000000E+00
  5.18000  0.000000E+00
  5.19000  0.000000E+00
  5.20000  0.000000E+00
  5.21000  0.000000E+00
  5.22000  0.000000E+00
  5.23000  0.000000E+00
  5.24000  0.000000E+00
  5.25000  0.000000E+00
  5.26000  0.000000E+00
  5.27000  0.000000E+00
  5.28000  0.000000E+00
  5.29000  0.000000E+00
  5.30000  0.000000E+00
  5.31000  0.000000E+00
  5.32000  0.000000E+00
  5.33000  0.000000E+00
  5.34000  0.000000E+00
  5.35000  0.000000E+00
  5.36000  0.000000E+00
  5.37000  0.000000E+00
  5.38000  0.000000E+00
  5.39000  0.000000E+00
  5.40000  0.000000E+00
  5.41000  0.000000E+00
  5.42000  0.000000E+00
  5.43000  0.000000E+00
  5.44000  0.000000E+00
  5.45000  0.000000E+00
  5.46000  0.000000E+00
  5.47000  0.000000E+00
  5.48000  0.000000E+00
  5.49000  0.000000E+00
  5.50000  0.000000E+00
  5.51000  0.000000E+00
  5.52000  0.000000E+00
  5.53000  0.000000E+00
  5.54000  0.000000E+00
  5.55000  0.000000E+00
  5.56000  0.000000E+00
  5.57000  0.000000E+00
  5.58000  0.000000E+00
  5.59000  0.000000E+00
  5.60000  0.000000E+00
  5.61000  0.000000E+00
  5.62000  0.000000E+00
  5.63000  0.000000E+00
  5.64000  0.000000E+00
  5.65000  0.000000E+00
  5.66000  0.000000E+00
  5.67000  0.000000E+00
  5.68000  0.000000E+00
  5.69000  0.000000E+00
  5.70000  0.000000E+00
  5.71000  0.000000E+00
  5.72000  0.000000E+00
  5.73000  0.000000E+00
  5.74000  0.000000E+00
  5.75000  0.000000E+00
  5.76000  0.000000E+00
  5.77000  0.000000E+00
  5.78000  0.000000E+00
  5.79000  0.000000E+00
  5.80000  0.000000E+00
  5.81000  0.000000E+00
  5.82000  0.000000E+00
  5.83000  0.000000E+00
  5.84000  0.000000E+00
  5.85000  0.000000E+00
  5.86000  0.000000E+00
  5.87000  0.000000E+00
  5.88000  0.000000E+00
  5.89000  0.000000E+00
  5.90000  0.000000E+00
  5.91000  0.000000E+00
  5.92000  0.000000E+00
  5.93000  0.000000E+00
  5.94000  0.000000E+00
  5.95000  0.000000E+00
  5.96000  0.000000E+00
  5.97000  0.000000E+00
  5.98000  0.000000E+00
  5.99000  0.000000E+00
  6.00000  0.000000E+00
  6.20000  0.000000E+00
  6.40000  0.000000E+00
  6.60000  0.000000E+00
  6.80000  0.000000E+00
  7.00000  0.000000E+00
