  0.00000  0.000000E+00
  0.01000  0.101798E-01
  0.02000  0.995983E-02
  0.03000  0.958369E-02
  0.04000  0.924337E-02
  0.05000  0.906781E-02
  0.06000  0.913668E-02
  0.07000  0.920774E-02
  0.08000  0.928151E-02
  0.09000  0.935775E-02
  0.10000  0.943587E-02
  0.11000  0.951565E-02
  0.12000  0.959653E-02
  0.13000  0.967829E-02
  0.14000  0.976085E-02
  0.15000  0.984329E-02
  0.16000  0.992486E-02
  0.17000  0.100051E-01
  0.18000  0.102343E-01
  0.19000  0.106579E-01
  0.20000  0.110899E-01
  0.21000  0.115194E-01
  0.22000  0.119320E-01
  0.23000  0.123071E-01
  0.24000  0.126570E-01
  0.25000  0.129605E-01
  0.26000  0.132473E-01
  0.27000  0.135290E-01
  0.28000  0.138057E-01
  0.29000  0.140514E-01
  0.30000  0.142485E-01
  0.31000  0.144309E-01
  0.32000  0.145944E-01
  0.33000  0.147298E-01
  0.34000  0.148420E-01
  0.35000  0.149427E-01
  0.36000  0.150614E-01
  0.37000  0.151578E-01
  0.38000  0.152738E-01
  0.39000  0.153763E-01
  0.40000  0.154442E-01
  0.41000  0.155041E-01
  0.42000  0.155382E-01
  0.43000  0.155678E-01
  0.44000  0.156069E-01
  0.45000  0.156719E-01
  0.46000  0.163809E-01
  0.47000  0.176591E-01
  0.48000  0.190149E-01
  0.49000  0.204092E-01
  0.50000  0.218711E-01
  0.51000  0.233864E-01
  0.52000  0.249666E-01
  0.53000  0.265780E-01
  0.54000  0.281443E-01
  0.55000  0.296758E-01
  0.56000  0.310413E-01
  0.57000  0.322742E-01
  0.58000  0.335349E-01
  0.59000  0.347985E-01
  0.60000  0.360445E-01
  0.61000  0.373759E-01
  0.62000  0.388736E-01
  0.63000  0.404780E-01
  0.64000  0.421116E-01
  0.65000  0.437387E-01
  0.66000  0.453083E-01
  0.67000  0.467671E-01
  0.68000  0.481401E-01
  0.69000  0.495345E-01
  0.70000  0.510423E-01
  0.71000  0.527266E-01
  0.72000  0.545891E-01
  0.73000  0.566378E-01
  0.74000  0.589424E-01
  0.75000  0.615381E-01
  0.76000  0.644346E-01
  0.77000  0.677117E-01
  0.78000  0.712974E-01
  0.79000  0.751407E-01
  0.80000  0.792446E-01
  0.81000  0.835907E-01
  0.82000  0.881653E-01
  0.83000  0.929545E-01
  0.84000  0.979175E-01
  0.85000  0.103043E+00
  0.86000  0.108345E+00
  0.87000  0.113887E+00
  0.88000  0.119753E+00
  0.89000  0.125973E+00
  0.90000  0.132479E+00
  0.91000  0.139147E+00
  0.92000  0.145873E+00
  0.93000  0.152618E+00
  0.94000  0.159398E+00
  0.95000  0.166268E+00
  0.96000  0.173237E+00
  0.97000  0.180202E+00
  0.98000  0.187092E+00
  0.99000  0.194023E+00
  1.00000  0.201110E+00
  1.01000  0.208284E+00
  1.02000  0.215417E+00
  1.03000  0.222366E+00
  1.04000  0.229287E+00
  1.05000  0.236329E+00
  1.06000  0.243247E+00
  1.07000  0.249688E+00
  1.08000  0.255831E+00
  1.09000  0.261955E+00
  1.10000  0.267824E+00
  1.11000  0.273481E+00
  1.12000  0.279057E+00
  1.13000  0.284369E+00
  1.14000  0.289450E+00
  1.15000  0.294628E+00
  1.16000  0.299784E+00
  1.17000  0.304945E+00
  1.18000  0.310220E+00
  1.19000  0.315542E+00
  1.20000  0.320525E+00
  1.21000  0.324878E+00
  1.22000  0.329075E+00
  1.23000  0.333533E+00
  1.24000  0.338136E+00
  1.25000  0.342903E+00
  1.26000  0.347850E+00
  1.27000  0.352934E+00
  1.28000  0.358012E+00
  1.29000  0.362988E+00
  1.30000  0.367762E+00
  1.31000  0.373607E+00
  1.32000  0.379105E+00
  1.33000  0.383826E+00
  1.34000  0.388141E+00
  1.35000  0.392409E+00
  1.36000  0.396715E+00
  1.37000  0.400838E+00
  1.38000  0.404657E+00
  1.39000  0.408437E+00
  1.40000  0.412873E+00
  1.41000  0.418748E+00
  1.42000  0.425237E+00
  1.43000  0.430832E+00
  1.44000  0.435318E+00
  1.45000  0.439042E+00
  1.46000  0.442090E+00
  1.47000  0.444510E+00
  1.48000  0.446722E+00
  1.49000  0.448572E+00
  1.50000  0.449752E+00
  1.51000  0.450554E+00
  1.52000  0.451145E+00
  1.53000  0.451477E+00
  1.54000  0.451390E+00
  1.55000  0.450801E+00
  1.56000  0.449984E+00
  1.57000  0.449517E+00
  1.58000  0.449077E+00
  1.59000  0.448141E+00
  1.60000  0.447029E+00
  1.61000  0.445761E+00
  1.62000  0.444316E+00
  1.63000  0.443107E+00
  1.64000  0.442342E+00
  1.65000  0.441509E+00
  1.66000  0.440486E+00
  1.67000  0.439746E+00
  1.68000  0.439336E+00
  1.69000  0.439055E+00
  1.70000  0.439361E+00
  1.71000  0.440249E+00
  1.72000  0.440607E+00
  1.73000  0.439474E+00
  1.74000  0.436708E+00
  1.75000  0.432948E+00
  1.76000  0.429022E+00
  1.77000  0.425218E+00
  1.78000  0.421319E+00
  1.79000  0.417134E+00
  1.80000  0.412774E+00
  1.81000  0.408286E+00
  1.82000  0.404028E+00
  1.83000  0.400069E+00
  1.84000  0.396329E+00
  1.85000  0.393274E+00
  1.86000  0.394240E+00
  1.87000  0.394943E+00
  1.88000  0.395340E+00
  1.89000  0.395527E+00
  1.90000  0.395573E+00
  1.91000  0.395524E+00
  1.92000  0.395354E+00
  1.93000  0.394947E+00
  1.94000  0.394301E+00
  1.95000  0.393480E+00
  1.96000  0.392451E+00
  1.97000  0.392112E+00
  1.98000  0.392589E+00
  1.99000  0.392753E+00
  2.00000  0.392521E+00
  2.01000  0.391914E+00
  2.02000  0.390946E+00
  2.03000  0.389596E+00
  2.04000  0.388011E+00
  2.05000  0.389839E+00
  2.06000  0.390408E+00
  2.07000  0.391048E+00
  2.08000  0.391322E+00
  2.09000  0.391346E+00
  2.10000  0.391178E+00
  2.11000  0.390864E+00
  2.12000  0.390428E+00
  2.13000  0.389843E+00
  2.14000  0.389149E+00
  2.15000  0.388435E+00
  2.16000  0.391008E+00
  2.17000  0.393472E+00
  2.18000  0.395721E+00
  2.19000  0.397596E+00
  2.20000  0.399102E+00
  2.21000  0.400330E+00
  2.22000  0.401384E+00
  2.23000  0.404644E+00
  2.24000  0.407622E+00
  2.25000  0.410331E+00
  2.26000  0.412845E+00
  2.27000  0.415198E+00
  2.28000  0.417393E+00
  2.29000  0.419406E+00
  2.30000  0.421201E+00
  2.31000  0.422745E+00
  2.32000  0.424051E+00
  2.33000  0.425149E+00
  2.34000  0.426019E+00
  2.35000  0.426924E+00
  2.36000  0.430066E+00
  2.37000  0.432951E+00
  2.38000  0.435719E+00
  2.39000  0.438417E+00
  2.40000  0.441054E+00
  2.41000  0.443580E+00
  2.42000  0.445908E+00
  2.43000  0.447979E+00
  2.44000  0.449810E+00
  2.45000  0.451429E+00
  2.46000  0.452814E+00
  2.47000  0.453904E+00
  2.48000  0.454652E+00
  2.49000  0.454962E+00
  2.50000  0.455475E+00
  2.51000  0.457237E+00
  2.52000  0.458666E+00
  2.53000  0.459838E+00
  2.54000  0.460836E+00
  2.55000  0.461736E+00
  2.56000  0.462587E+00
  2.57000  0.463434E+00
  2.58000  0.464310E+00
  2.59000  0.465208E+00
  2.60000  0.466101E+00
  2.61000  0.466992E+00
  2.62000  0.467899E+00
  2.63000  0.468844E+00
  2.64000  0.469836E+00
  2.65000  0.470856E+00
  2.66000  0.471871E+00
  2.67000  0.472857E+00
  2.68000  0.473816E+00
  2.69000  0.474772E+00
  2.70000  0.475750E+00
  2.71000  0.476760E+00
  2.72000  0.477798E+00
  2.73000  0.478825E+00
  2.74000  0.479842E+00
  2.75000  0.480828E+00
  2.76000  0.481769E+00
  2.77000  0.482614E+00
  2.78000  0.483359E+00
  2.79000  0.484426E+00
  2.80000  0.486385E+00
  2.81000  0.488272E+00
  2.82000  0.490066E+00
  2.83000  0.491760E+00
  2.84000  0.493356E+00
  2.85000  0.494886E+00
  2.86000  0.496383E+00
  2.87000  0.497875E+00
  2.88000  0.499375E+00
  2.89000  0.500862E+00
  2.90000  0.502330E+00
  2.91000  0.503796E+00
  2.92000  0.505261E+00
  2.93000  0.506685E+00
  2.94000  0.508051E+00
  2.95000  0.509359E+00
  2.96000  0.510616E+00
  2.97000  0.511838E+00
  2.98000  0.513052E+00
  2.99000  0.514279E+00
  3.00000  0.515539E+00
  3.01000  0.516841E+00
  3.02000  0.518147E+00
  3.03000  0.519416E+00
  3.04000  0.520637E+00
  3.05000  0.521815E+00
  3.06000  0.522925E+00
  3.07000  0.523919E+00
  3.08000  0.524743E+00
  3.09000  0.525405E+00
  3.10000  0.525968E+00
  3.11000  0.634155E+00
  3.12000  0.662772E+00
  3.13000  0.716147E+00
  3.14000  0.755220E+00
  3.15000  0.776990E+00
  3.16000  0.793118E+00
  3.17000  0.811765E+00
  3.18000  0.839686E+00
  3.19000  0.884489E+00
  3.20000  0.934335E+00
  3.21000  0.972924E+00
  3.22000  0.992345E+00
  3.23000  0.100000E+01
  3.24000  0.998611E+00
  3.25000  0.993013E+00
  3.26000  0.985407E+00
  3.27000  0.977442E+00
  3.28000  0.970240E+00
  3.29000  0.964799E+00
  3.30000  0.961491E+00
  3.31000  0.959631E+00
  3.32000  0.958245E+00
  3.33000  0.956654E+00
  3.34000  0.955419E+00
  3.35000  0.955511E+00
  3.36000  0.956735E+00
  3.37000  0.958101E+00
  3.38000  0.958931E+00
  3.39000  0.959190E+00
  3.40000  0.958649E+00
  3.41000  0.957351E+00
  3.42000  0.955608E+00
  3.43000  0.954112E+00
  3.44000  0.953409E+00
  3.45000  0.953463E+00
  3.46000  0.953798E+00
  3.47000  0.953765E+00
  3.48000  0.953002E+00
  3.49000  0.951513E+00
  3.50000  0.949559E+00
  3.51000  0.947474E+00
  3.52000  0.945325E+00
  3.53000  0.943173E+00
  3.54000  0.941016E+00
  3.55000  0.938777E+00
  3.56000  0.936341E+00
  3.57000  0.933683E+00
  3.58000  0.930750E+00
  3.59000  0.933246E+00
  3.60000  0.940323E+00
  3.61000  0.947572E+00
  3.62000  0.946667E+00
  3.63000  0.932001E+00
  3.64000  0.907049E+00
  3.65000  0.879090E+00
  3.66000  0.851655E+00
  3.67000  0.826335E+00
  3.68000  0.804529E+00
  3.69000  0.787275E+00
  3.70000  0.774422E+00
  3.71000  0.764686E+00
  3.72000  0.756111E+00
  3.73000  0.746487E+00
  3.74000  0.733739E+00
  3.75000  0.716776E+00
  3.76000  0.696580E+00
  3.77000  0.676046E+00
  3.78000  0.658111E+00
  3.79000  0.643823E+00
  3.80000  0.631872E+00
  3.81000  0.619209E+00
  3.82000  0.606436E+00
  3.83000  0.584931E+00
  3.84000  0.553151E+00
  3.85000  0.532583E+00
  3.86000  0.530061E+00
  3.87000  0.527581E+00
  3.88000  0.525131E+00
  3.89000  0.522702E+00
  3.90000  0.520302E+00
  3.91000  0.517930E+00
  3.92000  0.515583E+00
  3.93000  0.513239E+00
  3.94000  0.510864E+00
  3.95000  0.508435E+00
  3.96000  0.505934E+00
  3.97000  0.503340E+00
  3.98000  0.501007E+00
  3.99000  0.500106E+00
  4.00000  0.499287E+00
  4.01000  0.498350E+00
  4.02000  0.497275E+00
  4.03000  0.496073E+00
  4.04000  0.494761E+00
  4.05000  0.493347E+00
  4.06000  0.491834E+00
  4.07000  0.490233E+00
  4.08000  0.488560E+00
  4.09000  0.486811E+00
  4.10000  0.484970E+00
  4.11000  0.483030E+00
  4.12000  0.481020E+00
  4.13000  0.478976E+00
  4.14000  0.476921E+00
  4.15000  0.474830E+00
  4.16000  0.472643E+00
  4.17000  0.470311E+00
  4.18000  0.467832E+00
  4.19000  0.465254E+00
  4.20000  0.462639E+00
  4.21000  0.460004E+00
  4.22000  0.457317E+00
  4.23000  0.454544E+00
  4.24000  0.451660E+00
  4.25000  0.448694E+00
  4.26000  0.445657E+00
  4.27000  0.442514E+00
  4.28000  0.439263E+00
  4.29000  0.435948E+00
  4.30000  0.432624E+00
  4.31000  0.429364E+00
  4.32000  0.426165E+00
  4.33000  0.422957E+00
  4.34000  0.419618E+00
  4.35000  0.416078E+00
  4.36000  0.412345E+00
  4.37000  0.408443E+00
  4.38000  0.404405E+00
  4.39000  0.400239E+00
  4.40000  0.395927E+00
  4.41000  0.391469E+00
  4.42000  0.386902E+00
  4.43000  0.382291E+00
  4.44000  0.377711E+00
  4.45000  0.373035E+00
  4.46000  0.368241E+00
  4.47000  0.363347E+00
  4.48000  0.358381E+00
  4.49000  0.353373E+00
  4.50000  0.348346E+00
  4.51000  0.343861E+00
  4.52000  0.340091E+00
  4.53000  0.336347E+00
  4.54000  0.332602E+00
  4.55000  0.328868E+00
  4.56000  0.325114E+00
  4.57000  0.321358E+00
  4.58000  0.317553E+00
  4.59000  0.313673E+00
  4.60000  0.309710E+00
  4.61000  0.305660E+00
  4.62000  0.301608E+00
  4.63000  0.297586E+00
  4.64000  0.293621E+00
  4.65000  0.289693E+00
  4.66000  0.285782E+00
  4.67000  0.281862E+00
  4.68000  0.277902E+00
  4.69000  0.273898E+00
  4.70000  0.270701E+00
  4.71000  0.267796E+00
  4.72000  0.264870E+00
  4.73000  0.261968E+00
  4.74000  0.259121E+00
  4.75000  0.256325E+00
  4.76000  0.253561E+00
  4.77000  0.250813E+00
  4.78000  0.248093E+00
  4.79000  0.245456E+00
  4.80000  0.242963E+00
  4.81000  0.240658E+00
  4.82000  0.238548E+00
  4.83000  0.236589E+00
  4.84000  0.234705E+00
  4.85000  0.232831E+00
  4.86000  0.230946E+00
  4.87000  0.229069E+00
  4.88000  0.227223E+00
  4.89000  0.225419E+00
  4.90000  0.223666E+00
  4.91000  0.221988E+00
  4.92000  0.220425E+00
  4.93000  0.219011E+00
  4.94000  0.217748E+00
  4.95000  0.216600E+00
  4.96000  0.215487E+00
  4.97000  0.214333E+00
  4.98000  0.213102E+00
  4.99000  0.211807E+00
  5.00000  0.210508E+00
  5.01000  0.211630E+00
  5.02000  0.212397E+00
  5.03000  0.213527E+00
  5.04000  0.215897E+00
  5.05000  0.220169E+00
  5.06000  0.226937E+00
  5.07000  0.236136E+00
  5.08000  0.246831E+00
  5.09000  0.257856E+00
  5.10000  0.267823E+00
  5.11000  0.275458E+00
  5.12000  0.280102E+00
  5.13000  0.281914E+00
  5.14000  0.281495E+00
  5.15000  0.279366E+00
  5.16000  0.275738E+00
  5.17000  0.270656E+00
  5.18000  0.264078E+00
  5.19000  0.255925E+00
  5.20000  0.246524E+00
  5.21000  0.236804E+00
  5.22000  0.227671E+00
  5.23000  0.219810E+00
  5.24000  0.213618E+00
  5.25000  0.209130E+00
  5.26000  0.206171E+00
  5.27000  0.204547E+00
  5.28000  0.204072E+00
  5.29000  0.204569E+00
  5.30000  0.205888E+00
  5.31000  0.208004E+00
  5.32000  0.210716E+00
  5.33000  0.213636E+00
  5.34000  0.216229E+00
  5.35000  0.218065E+00
  5.36000  0.218950E+00
  5.37000  0.218948E+00
  5.38000  0.218224E+00
  5.39000  0.216995E+00
  5.40000  0.215469E+00
  5.41000  0.213741E+00
  5.42000  0.211879E+00
  5.43000  0.209953E+00
  5.44000  0.208012E+00
  5.45000  0.206090E+00
  5.46000  0.204166E+00
  5.47000  0.202123E+00
  5.48000  0.199902E+00
  5.49000  0.197479E+00
  5.50000  0.194818E+00
  5.51000  0.192012E+00
  5.52000  0.189189E+00
  5.53000  0.186456E+00
  5.54000  0.183928E+00
  5.55000  0.181679E+00
  5.56000  0.179747E+00
  5.57000  0.178173E+00
  5.58000  0.176938E+00
  5.59000  0.175972E+00
  5.60000  0.175216E+00
  5.61000  0.174560E+00
  5.62000  0.173903E+00
  5.63000  0.173120E+00
  5.64000  0.172048E+00
  5.65000  0.170731E+00
  5.66000  0.169301E+00
  5.67000  0.167631E+00
  5.68000  0.165252E+00
  5.69000  0.161700E+00
  5.70000  0.157234E+00
  5.71000  0.152500E+00
  5.72000  0.147828E+00
  5.73000  0.143165E+00
  5.74000  0.138350E+00
  5.75000  0.136925E+00
  5.76000  0.135942E+00
  5.77000  0.134965E+00
  5.78000  0.133995E+00
  5.79000  0.133031E+00
  5.80000  0.132075E+00
  5.81000  0.131128E+00
  5.82000  0.130190E+00
  5.83000  0.129258E+00
  5.84000  0.128334E+00
  5.85000  0.127412E+00
  5.86000  0.126491E+00
  5.87000  0.125569E+00
  5.88000  0.124650E+00
  5.89000  0.123742E+00
  5.90000  0.122844E+00
  5.91000  0.121955E+00
  5.92000  0.121071E+00
  5.93000  0.120188E+00
  5.94000  0.119302E+00
  5.95000  0.118416E+00
  5.96000  0.117534E+00
  5.97000  0.116662E+00
  5.98000  0.115805E+00
  5.99000  0.114962E+00
  6.00000  0.114131E+00
  6.20000  0.100527E+00
  6.40000  0.915856E-01
  6.60000  0.827528E-01
  6.80000  0.738990E-01
  7.00000  0.701854E-01
