  0.00000  0.000000E+00
  0.01000  0.211515E-03
  0.02000  0.231774E-03
  0.03000  0.249211E-03
  0.04000  0.267203E-03
  0.05000  0.285041E-03
  0.06000  0.300585E-03
  0.07000  0.314362E-03
  0.08000  0.329063E-03
  0.09000  0.345510E-03
  0.10000  0.364124E-03
  0.11000  0.386735E-03
  0.12000  0.414505E-03
  0.13000  0.448686E-03
  0.14000  0.490135E-03
  0.15000  0.538955E-03
  0.16000  0.594687E-03
  0.17000  0.656645E-03
  0.18000  0.718043E-03
  0.19000  0.774349E-03
  0.20000  0.828162E-03
  0.21000  0.879697E-03
  0.22000  0.929607E-03
  0.23000  0.980932E-03
  0.24000  0.102812E-02
  0.25000  0.107053E-02
  0.26000  0.110692E-02
  0.27000  0.113938E-02
  0.28000  0.116957E-02
  0.29000  0.119955E-02
  0.30000  0.122913E-02
  0.31000  0.126040E-02
  0.32000  0.129038E-02
  0.33000  0.131834E-02
  0.34000  0.134664E-02
  0.35000  0.137763E-02
  0.36000  0.141292E-02
  0.37000  0.145509E-02
  0.38000  0.151157E-02
  0.39000  0.157856E-02
  0.40000  0.165649E-02
  0.41000  0.174739E-02
  0.42000  0.184770E-02
  0.43000  0.195861E-02
  0.44000  0.208949E-02
  0.45000  0.224819E-02
  0.46000  0.243365E-02
  0.47000  0.265040E-02
  0.48000  0.289369E-02
  0.49000  0.316221E-02
  0.50000  0.346490E-02
  0.51000  0.380365E-02
  0.52000  0.418219E-02
  0.53000  0.459857E-02
  0.54000  0.504261E-02
  0.55000  0.551819E-02
  0.56000  0.599699E-02
  0.57000  0.648079E-02
  0.58000  0.700701E-02
  0.59000  0.757125E-02
  0.60000  0.816907E-02
  0.61000  0.884002E-02
  0.62000  0.962630E-02
  0.63000  0.105198E-01
  0.64000  0.114971E-01
  0.65000  0.125599E-01
  0.66000  0.137166E-01
  0.67000  0.149674E-01
  0.68000  0.163084E-01
  0.69000  0.177335E-01
  0.70000  0.192490E-01
  0.71000  0.208708E-01
  0.72000  0.226217E-01
  0.73000  0.245281E-01
  0.74000  0.266353E-01
  0.75000  0.290143E-01
  0.76000  0.317180E-01
  0.77000  0.347681E-01
  0.78000  0.381692E-01
  0.79000  0.419372E-01
  0.80000  0.461288E-01
  0.81000  0.508216E-01
  0.82000  0.560831E-01
  0.83000  0.619583E-01
  0.84000  0.684637E-01
  0.85000  0.756088E-01
  0.86000  0.834335E-01
  0.87000  0.919992E-01
  0.88000  0.101357E+00
  0.89000  0.111537E+00
  0.90000  0.122555E+00
  0.91000  0.134425E+00
  0.92000  0.147164E+00
  0.93000  0.160782E+00
  0.94000  0.175272E+00
  0.95000  0.190646E+00
  0.96000  0.206899E+00
  0.97000  0.223965E+00
  0.98000  0.241702E+00
  0.99000  0.259865E+00
  1.00000  0.278295E+00
  1.01000  0.297052E+00
  1.02000  0.316208E+00
  1.03000  0.335933E+00
  1.04000  0.356162E+00
  1.05000  0.376835E+00
  1.06000  0.398332E+00
  1.07000  0.421051E+00
  1.08000  0.444521E+00
  1.09000  0.468238E+00
  1.10000  0.492426E+00
  1.11000  0.516749E+00
  1.12000  0.540736E+00
  1.13000  0.564516E+00
  1.14000  0.588060E+00
  1.15000  0.611141E+00
  1.16000  0.634041E+00
  1.17000  0.656988E+00
  1.18000  0.680133E+00
  1.19000  0.703227E+00
  1.20000  0.726192E+00
  1.21000  0.748821E+00
  1.22000  0.770559E+00
  1.23000  0.791358E+00
  1.24000  0.811478E+00
  1.25000  0.830805E+00
  1.26000  0.849314E+00
  1.27000  0.867249E+00
  1.28000  0.884905E+00
  1.29000  0.902142E+00
  1.30000  0.918497E+00
  1.31000  0.933483E+00
  1.32000  0.946736E+00
  1.33000  0.957958E+00
  1.34000  0.967155E+00
  1.35000  0.974410E+00
  1.36000  0.979595E+00
  1.37000  0.982490E+00
  1.38000  0.983413E+00
  1.39000  0.983553E+00
  1.40000  0.984951E+00
  1.41000  0.990208E+00
  1.42000  0.997070E+00
  1.43000  0.100000E+01
  1.44000  0.997777E+00
  1.45000  0.991960E+00
  1.46000  0.983694E+00
  1.47000  0.973465E+00
  1.48000  0.962064E+00
  1.49000  0.949144E+00
  1.50000  0.934034E+00
  1.51000  0.917480E+00
  1.52000  0.899729E+00
  1.53000  0.880380E+00
  1.54000  0.858882E+00
  1.55000  0.835293E+00
  1.56000  0.810915E+00
  1.57000  0.787957E+00
  1.58000  0.765661E+00
  1.59000  0.742517E+00
  1.60000  0.719672E+00
  1.61000  0.697237E+00
  1.62000  0.675438E+00
  1.63000  0.656111E+00
  1.64000  0.639777E+00
  1.65000  0.624238E+00
  1.66000  0.608905E+00
  1.67000  0.595512E+00
  1.68000  0.584371E+00
  1.69000  0.575006E+00
  1.70000  0.569182E+00
  1.71000  0.566483E+00
  1.72000  0.562032E+00
  1.73000  0.551948E+00
  1.74000  0.536093E+00
  1.75000  0.517302E+00
  1.76000  0.499253E+00
  1.77000  0.483068E+00
  1.78000  0.467745E+00
  1.79000  0.452740E+00
  1.80000  0.438348E+00
  1.81000  0.424754E+00
  1.82000  0.412674E+00
  1.83000  0.402204E+00
  1.84000  0.392986E+00
  1.85000  0.385258E+00
  1.86000  0.379326E+00
  1.87000  0.373849E+00
  1.88000  0.366742E+00
  1.89000  0.357642E+00
  1.90000  0.347464E+00
  1.91000  0.337611E+00
  1.92000  0.328533E+00
  1.93000  0.319609E+00
  1.94000  0.310921E+00
  1.95000  0.303545E+00
  1.96000  0.297598E+00
  1.97000  0.292003E+00
  1.98000  0.285823E+00
  1.99000  0.279212E+00
  2.00000  0.273039E+00
  2.01000  0.268147E+00
  2.02000  0.263852E+00
  2.03000  0.258937E+00
  2.04000  0.170995E+00
  2.05000  0.167891E+00
  2.06000  0.161463E+00
  2.07000  0.159237E+00
  2.08000  0.157484E+00
  2.09000  0.107782E+00
  2.10000  0.101155E+00
  2.11000  0.434488E-01
  2.12000  0.265838E-01
  2.13000  0.245314E-01
  2.14000  0.227563E-01
  2.15000  0.209646E-01
  2.16000  0.191858E-01
  2.17000  0.101438E-01
  2.18000  0.717705E-02
  2.19000  0.636460E-02
  2.20000  0.259282E-02
  2.21000  0.587043E-03
  2.22000  0.513894E-03
  2.23000  0.450761E-03
  2.24000  0.397157E-03
  2.25000  0.351569E-03
  2.26000  0.311321E-03
  2.27000  0.274129E-03
  2.28000  0.859295E-04
  2.29000  0.643768E-04
  2.30000  0.546835E-04
  2.31000  0.464044E-04
  2.32000  0.108002E-04
  2.33000  0.935725E-05
  2.34000  0.363014E-05
  2.35000  0.311817E-05
  2.36000  0.271609E-05
  2.37000  0.238543E-05
  2.38000  0.106811E-05
  2.39000  0.932505E-06
  2.40000  0.813417E-06
  2.41000  0.711346E-06
  2.42000  0.624779E-06
  2.43000  0.189570E-06
  2.44000  0.136041E-06
  2.45000  0.119312E-06
  2.46000  0.104509E-06
  2.47000  0.916663E-07
  2.48000  0.219346E-07
  2.49000  0.191414E-07
  2.50000  0.166088E-07
  2.51000  0.184250E-08
  2.52000  0.154674E-08
  2.53000  0.129989E-08
  2.54000  0.110178E-08
  2.55000  0.946618E-09
  2.56000  0.825706E-09
  2.57000  0.730345E-09
  2.58000  0.653540E-09
  2.59000  0.590180E-09
  2.60000  0.152139E-09
  2.61000  0.137438E-09
  2.62000  0.123900E-09
  2.63000  0.111299E-09
  2.64000  0.997183E-10
  2.65000  0.892645E-10
  2.66000  0.799598E-10
  2.67000  0.116227E-10
  2.68000  0.113061E-10
  2.69000  0.355785E-11
  2.70000  0.175513E-11
  2.71000  0.174485E-11
  2.72000  0.173172E-11
  2.73000  0.171606E-11
  2.74000  0.169857E-11
  2.75000  0.950204E-12
  2.76000  0.860662E-12
  2.77000  0.777455E-12
  2.78000  0.700020E-12
  2.79000  0.628507E-12
  2.80000  0.562895E-12
  2.81000  0.502906E-12
  2.82000  0.448190E-12
  2.83000  0.338301E-12
  2.84000  0.133935E-12
  2.85000  0.686752E-13
  2.86000  0.605741E-13
  2.87000  0.534431E-13
  2.88000  0.471446E-13
  2.89000  0.415635E-13
  2.90000  0.366292E-13
  2.91000  0.323039E-13
  2.92000  0.285359E-13
  2.93000  0.726504E-14
  2.94000  0.677214E-14
  2.95000  0.632842E-14
  2.96000  0.593354E-14
  2.97000  0.557889E-14
  2.98000  0.523879E-14
  2.99000  0.489626E-14
  3.00000  0.150718E-14
  3.01000  0.132488E-14
  3.02000  0.116499E-14
  3.03000  0.102389E-14
  3.04000  0.899143E-15
  3.05000  0.789118E-15
  3.06000  0.704596E-15
  3.07000  0.747092E-15
  3.08000  0.798938E-15
  3.09000  0.858777E-15
  3.10000  0.925144E-15
  3.11000  0.994711E-15
  3.12000  0.106350E-14
  3.13000  0.113299E-14
  3.14000  0.120580E-14
  3.15000  0.829773E-16
  3.16000  0.718517E-16
  3.17000  0.622455E-16
  3.18000  0.539185E-16
  3.19000  0.263843E-16
  3.20000  0.272631E-16
  3.21000  0.281957E-16
  3.22000  0.290915E-16
  3.23000  0.298445E-16
  3.24000  0.303777E-16
  3.25000  0.306691E-16
  3.26000  0.307663E-16
  3.27000  0.306905E-16
  3.28000  0.305071E-16
  3.29000  0.302640E-16
  3.30000  0.299518E-16
  3.31000  0.295318E-16
  3.32000  0.290015E-16
  3.33000  0.283926E-16
  3.34000  0.276793E-16
  3.35000  0.268858E-16
  3.36000  0.345920E-18
  3.37000  0.322484E-18
  3.38000  0.300639E-18
  3.39000  0.280702E-18
  3.40000  0.262565E-18
  3.41000  0.245631E-18
  3.42000  0.234652E-18
  3.43000  0.225350E-18
  3.44000  0.216248E-18
  3.45000  0.207575E-18
  3.46000  0.199145E-18
  3.47000  0.190847E-18
  3.48000  0.182777E-18
  3.49000  0.174867E-18
  3.50000  0.167008E-18
  3.51000  0.159343E-18
  3.52000  0.152165E-18
  3.53000  0.145729E-18
  3.54000  0.140111E-18
  3.55000  0.134984E-18
  3.56000  0.129616E-18
  3.57000  0.123888E-18
  3.58000  0.117742E-18
  3.59000  0.110684E-18
  3.60000  0.101891E-18
  3.61000  0.910491E-19
  3.62000  0.791994E-19
  3.63000  0.600937E-20
  3.64000  0.349338E-20
  3.65000  0.312649E-20
  3.66000  0.280102E-20
  3.67000  0.251185E-20
  3.68000  0.225526E-20
  3.69000  0.202876E-20
  3.70000  0.171237E-20
  3.71000  0.999319E-21
  3.72000  0.906504E-21
  3.73000  0.875167E-21
  3.74000  0.870277E-21
  3.75000  0.866056E-21
  3.76000  0.367781E-21
  3.77000  0.357567E-21
  3.78000  0.346617E-21
  3.79000  0.334611E-21
  3.80000  0.321729E-21
  3.81000  0.308303E-21
  3.82000  0.294519E-21
  3.83000  0.280437E-21
  3.84000  0.266254E-21
  3.85000  0.203209E-21
  3.86000  0.154642E-21
  3.87000  0.138591E-21
  3.88000  0.134128E-21
  3.89000  0.129399E-21
  3.90000  0.124582E-21
  3.91000  0.771637E-22
  3.92000  0.726478E-22
  3.93000  0.685435E-22
  3.94000  0.647983E-22
  3.95000  0.613382E-22
  3.96000  0.580910E-22
  3.97000  0.549832E-22
  3.98000  0.519405E-22
  3.99000  0.154930E-22
  4.00000  0.140065E-22
  4.01000  0.126344E-22
  4.02000  0.113929E-22
  4.03000  0.102886E-22
  4.04000  0.834950E-23
  4.05000  0.328512E-23
  4.06000  0.309505E-23
  4.07000  0.291694E-23
  4.08000  0.275006E-23
  4.09000  0.259350E-23
  4.10000  0.244618E-23
  4.11000  0.230766E-23
  4.12000  0.217865E-23
  4.13000  0.206027E-23
  4.14000  0.195253E-23
  4.15000  0.185395E-23
  4.16000  0.176185E-23
  4.17000  0.137202E-23
  4.18000  0.132064E-23
  4.19000  0.127147E-23
  4.20000  0.122421E-23
  4.21000  0.117846E-23
  4.22000  0.638571E-24
  4.23000  0.587032E-24
  4.24000  0.539822E-24
  4.25000  0.496620E-24
  4.26000  0.457105E-24
  4.27000  0.420826E-24
  4.28000  0.387361E-24
  4.29000  0.356559E-24
  4.30000  0.328406E-24
  4.31000  0.306990E-24
  4.32000  0.293393E-24
  4.33000  0.281033E-24
  4.34000  0.172081E-24
  4.35000  0.159326E-24
  4.36000  0.131819E-24
  4.37000  0.128784E-24
  4.38000  0.125696E-24
  4.39000  0.122624E-24
  4.40000  0.119598E-24
  4.41000  0.116615E-24
  4.42000  0.113694E-24
  4.43000  0.110843E-24
  4.44000  0.108086E-24
  4.45000  0.105435E-24
  4.46000  0.502833E-25
  4.47000  0.486455E-25
  4.48000  0.470825E-25
  4.49000  0.343644E-25
  4.50000  0.321749E-25
  4.51000  0.305164E-25
  4.52000  0.282366E-25
  4.53000  0.264584E-25
  4.54000  0.247944E-25
  4.55000  0.232399E-25
  4.56000  0.217949E-25
  4.57000  0.204566E-25
  4.58000  0.192198E-25
  4.59000  0.180761E-25
  4.60000  0.170192E-25
  4.61000  0.160469E-25
  4.62000  0.151577E-25
  4.63000  0.143450E-25
  4.64000  0.101199E-25
  4.65000  0.992999E-26
  4.66000  0.820291E-26
  4.67000  0.589654E-26
  4.68000  0.555600E-26
  4.69000  0.523197E-26
  4.70000  0.403257E-26
  4.71000  0.303793E-26
  4.72000  0.287838E-26
  4.73000  0.272769E-26
  4.74000  0.258588E-26
  4.75000  0.245261E-26
  4.76000  0.237847E-26
  4.77000  0.235145E-26
  4.78000  0.232640E-26
  4.79000  0.230349E-26
  4.80000  0.228266E-26
  4.81000  0.181639E-26
  4.82000  0.173765E-26
  4.83000  0.166498E-26
  4.84000  0.159678E-26
  4.85000  0.153181E-26
  4.86000  0.146968E-26
  4.87000  0.141047E-26
  4.88000  0.111775E-26
  4.89000  0.103439E-26
  4.90000  0.102984E-26
  4.91000  0.102452E-26
  4.92000  0.101792E-26
  4.93000  0.100978E-26
  4.94000  0.999639E-27
  4.95000  0.987315E-27
  4.96000  0.628806E-27
  4.97000  0.600666E-27
  4.98000  0.477773E-27
  4.99000  0.457307E-27
  5.00000  0.389304E-27
  5.01000  0.375470E-27
  5.02000  0.363149E-27
  5.03000  0.352273E-27
  5.04000  0.342657E-27
  5.05000  0.337303E-27
  5.06000  0.341646E-27
  5.07000  0.347280E-27
  5.08000  0.312411E-27
  5.09000  0.306150E-27
  5.10000  0.241373E-27
  5.11000  0.237372E-27
  5.12000  0.201626E-27
  5.13000  0.203089E-27
  5.14000  0.204116E-27
  5.15000  0.204736E-27
  5.16000  0.205014E-27
  5.17000  0.205011E-27
  5.18000  0.204745E-27
  5.19000  0.204249E-27
  5.20000  0.203557E-27
  5.21000  0.202738E-27
  5.22000  0.201884E-27
  5.23000  0.201080E-27
  5.24000  0.986975E-28
  5.25000  0.989464E-28
  5.26000  0.993327E-28
  5.27000  0.998504E-28
  5.28000  0.100494E-27
  5.29000  0.101271E-27
  5.30000  0.102180E-27
  5.31000  0.103240E-27
  5.32000  0.104446E-27
  5.33000  0.544166E-28
  5.34000  0.546084E-28
  5.35000  0.548052E-28
  5.36000  0.549822E-28
  5.37000  0.551141E-28
  5.38000  0.551920E-28
  5.39000  0.552019E-28
  5.40000  0.551448E-28
  5.41000  0.550265E-28
  5.42000  0.548669E-28
  5.43000  0.546800E-28
  5.44000  0.544808E-28
  5.45000  0.542783E-28
  5.46000  0.540741E-28
  5.47000  0.538757E-28
  5.48000  0.536849E-28
  5.49000  0.535051E-28
  5.50000  0.533421E-28
  5.51000  0.190341E-28
  5.52000  0.186259E-28
  5.53000  0.182290E-28
  5.54000  0.181974E-28
  5.55000  0.181673E-28
  5.56000  0.181351E-28
  5.57000  0.180981E-28
  5.58000  0.180552E-28
  5.59000  0.180067E-28
  5.60000  0.179527E-28
  5.61000  0.178943E-28
  5.62000  0.178321E-28
  5.63000  0.177672E-28
  5.64000  0.177000E-28
  5.65000  0.176321E-28
  5.66000  0.175645E-28
  5.67000  0.174966E-28
  5.68000  0.174276E-28
  5.69000  0.173559E-28
  5.70000  0.172804E-28
  5.71000  0.171996E-28
  5.72000  0.171123E-28
  5.73000  0.170193E-28
  5.74000  0.169209E-28
  5.75000  0.168184E-28
  5.76000  0.167136E-28
  5.77000  0.130919E-28
  5.78000  0.130474E-28
  5.79000  0.130014E-28
  5.80000  0.129535E-28
  5.81000  0.129039E-28
  5.82000  0.101872E-28
  5.83000  0.999460E-29
  5.84000  0.980647E-29
  5.85000  0.962251E-29
  5.86000  0.952054E-29
  5.87000  0.942665E-29
  5.88000  0.933087E-29
  5.89000  0.923470E-29
  5.90000  0.633618E-29
  5.91000  0.622109E-29
  5.92000  0.610845E-29
  5.93000  0.599778E-29
  5.94000  0.588879E-29
  5.95000  0.578131E-29
  5.96000  0.567537E-29
  5.97000  0.557119E-29
  5.98000  0.325305E-29
  5.99000  0.322506E-29
  6.00000  0.319646E-29
  6.20000  0.279198E-29
  6.40000  0.000000E+00
  6.60000  0.000000E+00
  6.80000  0.000000E+00
  7.00000  0.000000E+00
