  0.00000  0.000000E+00
  0.01000  0.854278E-01
  0.02000  0.188214E+00
  0.03000  0.196865E+00
  0.04000  0.204898E+00
  0.05000  0.212357E+00
  0.06000  0.219410E+00
  0.07000  0.226087E+00
  0.08000  0.232394E+00
  0.09000  0.238390E+00
  0.10000  0.244144E+00
  0.11000  0.249641E+00
  0.12000  0.254857E+00
  0.13000  0.260063E+00
  0.14000  0.265475E+00
  0.15000  0.270800E+00
  0.16000  0.275979E+00
  0.17000  0.281327E+00
  0.18000  0.286019E+00
  0.19000  0.289647E+00
  0.20000  0.293646E+00
  0.21000  0.297680E+00
  0.22000  0.302269E+00
  0.23000  0.309135E+00
  0.24000  0.315404E+00
  0.25000  0.321452E+00
  0.26000  0.327119E+00
  0.27000  0.332973E+00
  0.28000  0.338090E+00
  0.29000  0.342684E+00
  0.30000  0.346583E+00
  0.31000  0.352495E+00
  0.32000  0.358283E+00
  0.33000  0.363817E+00
  0.34000  0.370248E+00
  0.35000  0.378257E+00
  0.36000  0.387930E+00
  0.37000  0.398357E+00
  0.38000  0.411141E+00
  0.39000  0.421380E+00
  0.40000  0.429410E+00
  0.41000  0.437686E+00
  0.42000  0.445196E+00
  0.43000  0.451357E+00
  0.44000  0.457965E+00
  0.45000  0.466624E+00
  0.46000  0.476299E+00
  0.47000  0.487965E+00
  0.48000  0.499604E+00
  0.49000  0.509769E+00
  0.50000  0.519526E+00
  0.51000  0.528805E+00
  0.52000  0.538519E+00
  0.53000  0.547805E+00
  0.54000  0.554678E+00
  0.55000  0.559940E+00
  0.56000  0.559910E+00
  0.57000  0.555868E+00
  0.58000  0.552837E+00
  0.59000  0.550524E+00
  0.60000  0.548420E+00
  0.61000  0.548678E+00
  0.62000  0.552742E+00
  0.63000  0.558521E+00
  0.64000  0.563912E+00
  0.65000  0.568178E+00
  0.66000  0.570489E+00
  0.67000  0.569742E+00
  0.68000  0.566428E+00
  0.69000  0.562897E+00
  0.70000  0.561011E+00
  0.71000  0.561547E+00
  0.72000  0.563051E+00
  0.73000  0.564716E+00
  0.74000  0.566098E+00
  0.75000  0.565254E+00
  0.76000  0.561522E+00
  0.77000  0.566042E+00
  0.78000  0.573584E+00
  0.79000  0.561319E+00
  0.80000  0.538378E+00
  0.81000  0.531198E+00
  0.82000  0.538307E+00
  0.83000  0.549357E+00
  0.84000  0.564120E+00
  0.85000  0.578875E+00
  0.86000  0.590429E+00
  0.87000  0.601076E+00
  0.88000  0.613824E+00
  0.89000  0.629949E+00
  0.90000  0.648385E+00
  0.91000  0.666215E+00
  0.92000  0.681710E+00
  0.93000  0.695710E+00
  0.94000  0.710216E+00
  0.95000  0.724714E+00
  0.96000  0.738313E+00
  0.97000  0.752921E+00
  0.98000  0.769894E+00
  0.99000  0.788397E+00
  1.00000  0.807711E+00
  1.01000  0.833636E+00
  1.02000  0.879062E+00
  1.03000  0.934637E+00
  1.04000  0.962712E+00
  1.05000  0.962458E+00
  1.06000  0.956720E+00
  1.07000  0.953079E+00
  1.08000  0.951247E+00
  1.09000  0.950201E+00
  1.10000  0.949639E+00
  1.11000  0.949360E+00
  1.12000  0.948635E+00
  1.13000  0.947416E+00
  1.14000  0.946209E+00
  1.15000  0.945186E+00
  1.16000  0.943483E+00
  1.17000  0.939992E+00
  1.18000  0.935024E+00
  1.19000  0.929774E+00
  1.20000  0.925039E+00
  1.21000  0.921451E+00
  1.22000  0.918779E+00
  1.23000  0.916351E+00
  1.24000  0.913819E+00
  1.25000  0.910830E+00
  1.26000  0.907390E+00
  1.27000  0.903388E+00
  1.28000  0.898647E+00
  1.29000  0.893835E+00
  1.30000  0.889442E+00
  1.31000  0.885889E+00
  1.32000  0.884547E+00
  1.33000  0.888466E+00
  1.34000  0.903090E+00
  1.35000  0.925994E+00
  1.36000  0.944261E+00
  1.37000  0.954410E+00
  1.38000  0.959701E+00
  1.39000  0.964224E+00
  1.40000  0.969898E+00
  1.41000  0.975165E+00
  1.42000  0.979878E+00
  1.43000  0.983684E+00
  1.44000  0.984850E+00
  1.45000  0.983065E+00
  1.46000  0.979277E+00
  1.47000  0.974079E+00
  1.48000  0.967321E+00
  1.49000  0.959127E+00
  1.50000  0.949912E+00
  1.51000  0.940478E+00
  1.52000  0.931568E+00
  1.53000  0.923614E+00
  1.54000  0.916339E+00
  1.55000  0.909378E+00
  1.56000  0.902891E+00
  1.57000  0.896518E+00
  1.58000  0.889921E+00
  1.59000  0.883079E+00
  1.60000  0.875915E+00
  1.61000  0.868190E+00
  1.62000  0.860020E+00
  1.63000  0.850628E+00
  1.64000  0.850450E+00
  1.65000  0.848733E+00
  1.66000  0.841657E+00
  1.67000  0.827787E+00
  1.68000  0.812059E+00
  1.69000  0.799526E+00
  1.70000  0.789109E+00
  1.71000  0.778221E+00
  1.72000  0.765533E+00
  1.73000  0.750026E+00
  1.74000  0.731603E+00
  1.75000  0.711916E+00
  1.76000  0.693244E+00
  1.77000  0.677050E+00
  1.78000  0.663260E+00
  1.79000  0.651425E+00
  1.80000  0.641647E+00
  1.81000  0.633323E+00
  1.82000  0.624994E+00
  1.83000  0.616194E+00
  1.84000  0.607126E+00
  1.85000  0.597432E+00
  1.86000  0.586961E+00
  1.87000  0.576022E+00
  1.88000  0.564918E+00
  1.89000  0.553681E+00
  1.90000  0.542305E+00
  1.91000  0.530603E+00
  1.92000  0.519950E+00
  1.93000  0.519474E+00
  1.94000  0.521208E+00
  1.95000  0.523679E+00
  1.96000  0.526955E+00
  1.97000  0.530006E+00
  1.98000  0.531629E+00
  1.99000  0.531095E+00
  2.00000  0.527715E+00
  2.01000  0.520658E+00
  2.02000  0.509172E+00
  2.03000  0.494082E+00
  2.04000  0.479866E+00
  2.05000  0.470994E+00
  2.06000  0.467876E+00
  2.07000  0.468583E+00
  2.08000  0.471765E+00
  2.09000  0.476654E+00
  2.10000  0.482610E+00
  2.11000  0.489267E+00
  2.12000  0.496521E+00
  2.13000  0.504115E+00
  2.14000  0.511906E+00
  2.15000  0.519668E+00
  2.16000  0.527395E+00
  2.17000  0.535248E+00
  2.18000  0.543291E+00
  2.19000  0.551393E+00
  2.20000  0.558992E+00
  2.21000  0.566012E+00
  2.22000  0.572105E+00
  2.23000  0.577005E+00
  2.24000  0.580757E+00
  2.25000  0.583827E+00
  2.26000  0.587111E+00
  2.27000  0.591064E+00
  2.28000  0.595688E+00
  2.29000  0.600920E+00
  2.30000  0.606535E+00
  2.31000  0.612463E+00
  2.32000  0.618508E+00
  2.33000  0.624314E+00
  2.34000  0.629689E+00
  2.35000  0.633958E+00
  2.36000  0.636658E+00
  2.37000  0.638190E+00
  2.38000  0.639020E+00
  2.39000  0.639250E+00
  2.40000  0.639040E+00
  2.41000  0.638886E+00
  2.42000  0.638899E+00
  2.43000  0.639650E+00
  2.44000  0.641478E+00
  2.45000  0.643650E+00
  2.46000  0.645991E+00
  2.47000  0.649934E+00
  2.48000  0.658044E+00
  2.49000  0.671483E+00
  2.50000  0.692008E+00
  2.51000  0.723103E+00
  2.52000  0.765892E+00
  2.53000  0.813505E+00
  2.54000  0.854909E+00
  2.55000  0.885093E+00
  2.56000  0.905406E+00
  2.57000  0.918968E+00
  2.58000  0.928412E+00
  2.59000  0.935339E+00
  2.60000  0.940772E+00
  2.61000  0.945211E+00
  2.62000  0.948920E+00
  2.63000  0.952025E+00
  2.64000  0.954469E+00
  2.65000  0.956235E+00
  2.66000  0.957440E+00
  2.67000  0.958281E+00
  2.68000  0.958731E+00
  2.69000  0.958573E+00
  2.70000  0.957794E+00
  2.71000  0.956600E+00
  2.72000  0.955299E+00
  2.73000  0.954100E+00
  2.74000  0.953043E+00
  2.75000  0.952170E+00
  2.76000  0.951637E+00
  2.77000  0.951651E+00
  2.78000  0.952217E+00
  2.79000  0.953103E+00
  2.80000  0.954064E+00
  2.81000  0.954977E+00
  2.82000  0.955757E+00
  2.83000  0.956359E+00
  2.84000  0.956701E+00
  2.85000  0.956780E+00
  2.86000  0.956646E+00
  2.87000  0.956375E+00
  2.88000  0.956057E+00
  2.89000  0.955671E+00
  2.90000  0.955069E+00
  2.91000  0.954070E+00
  2.92000  0.952488E+00
  2.93000  0.950111E+00
  2.94000  0.946588E+00
  2.95000  0.941322E+00
  2.96000  0.933711E+00
  2.97000  0.924112E+00
  2.98000  0.914439E+00
  2.99000  0.906685E+00
  3.00000  0.901092E+00
  3.01000  0.896543E+00
  3.02000  0.892227E+00
  3.03000  0.888151E+00
  3.04000  0.884525E+00
  3.05000  0.880989E+00
  3.06000  0.877243E+00
  3.07000  0.873373E+00
  3.08000  0.869546E+00
  3.09000  0.865952E+00
  3.10000  0.862274E+00
  3.11000  0.858231E+00
  3.12000  0.854055E+00
  3.13000  0.849865E+00
  3.14000  0.845874E+00
  3.15000  0.842159E+00
  3.16000  0.838727E+00
  3.17000  0.835590E+00
  3.18000  0.832838E+00
  3.19000  0.830219E+00
  3.20000  0.827611E+00
  3.21000  0.825132E+00
  3.22000  0.822618E+00
  3.23000  0.820004E+00
  3.24000  0.817206E+00
  3.25000  0.814316E+00
  3.26000  0.811414E+00
  3.27000  0.808544E+00
  3.28000  0.805616E+00
  3.29000  0.802571E+00
  3.30000  0.799484E+00
  3.31000  0.796548E+00
  3.32000  0.793863E+00
  3.33000  0.791338E+00
  3.34000  0.789120E+00
  3.35000  0.787210E+00
  3.36000  0.785537E+00
  3.37000  0.784089E+00
  3.38000  0.782682E+00
  3.39000  0.780997E+00
  3.40000  0.778859E+00
  3.41000  0.776503E+00
  3.42000  0.774167E+00
  3.43000  0.772004E+00
  3.44000  0.769965E+00
  3.45000  0.767896E+00
  3.46000  0.765934E+00
  3.47000  0.764047E+00
  3.48000  0.762051E+00
  3.49000  0.759954E+00
  3.50000  0.757838E+00
  3.51000  0.757976E+00
  3.52000  0.757562E+00
  3.53000  0.755838E+00
  3.54000  0.752510E+00
  3.55000  0.748534E+00
  3.56000  0.745653E+00
  3.57000  0.745119E+00
  3.58000  0.746595E+00
  3.59000  0.749336E+00
  3.60000  0.757796E+00
  3.61000  0.780011E+00
  3.62000  0.808957E+00
  3.63000  0.839495E+00
  3.64000  0.866317E+00
  3.65000  0.887902E+00
  3.66000  0.905518E+00
  3.67000  0.920677E+00
  3.68000  0.934151E+00
  3.69000  0.946223E+00
  3.70000  0.957079E+00
  3.71000  0.966890E+00
  3.72000  0.975741E+00
  3.73000  0.983592E+00
  3.74000  0.990301E+00
  3.75000  0.995557E+00
  3.76000  0.998956E+00
  3.77000  0.100000E+01
  3.78000  0.998318E+00
  3.79000  0.995664E+00
  3.80000  0.994187E+00
  3.81000  0.988616E+00
  3.82000  0.978671E+00
  3.83000  0.964721E+00
  3.84000  0.947590E+00
  3.85000  0.929221E+00
  3.86000  0.913390E+00
  3.87000  0.910762E+00
  3.88000  0.909898E+00
  3.89000  0.910889E+00
  3.90000  0.913130E+00
  3.91000  0.915872E+00
  3.92000  0.918384E+00
  3.93000  0.920164E+00
  3.94000  0.920953E+00
  3.95000  0.920775E+00
  3.96000  0.919845E+00
  3.97000  0.918432E+00
  3.98000  0.916807E+00
  3.99000  0.915154E+00
  4.00000  0.913564E+00
  4.01000  0.912063E+00
  4.02000  0.910550E+00
  4.03000  0.908928E+00
  4.04000  0.907055E+00
  4.05000  0.904793E+00
  4.06000  0.902106E+00
  4.07000  0.899058E+00
  4.08000  0.895823E+00
  4.09000  0.892519E+00
  4.10000  0.889114E+00
  4.11000  0.885452E+00
  4.12000  0.881321E+00
  4.13000  0.883764E+00
  4.14000  0.887947E+00
  4.15000  0.891677E+00
  4.16000  0.895276E+00
  4.17000  0.899177E+00
  4.18000  0.903549E+00
  4.19000  0.908234E+00
  4.20000  0.913141E+00
  4.21000  0.918267E+00
  4.22000  0.923819E+00
  4.23000  0.930009E+00
  4.24000  0.188990E+00
  4.25000  0.135718E+00
  4.26000  0.136701E+00
  4.27000  0.137739E+00
  4.28000  0.138907E+00
  4.29000  0.140219E+00
  4.30000  0.863184E-01
  4.31000  0.793322E-01
  4.32000  0.231572E-01
  4.33000  0.190375E-01
  4.34000  0.191440E-01
  4.35000  0.192485E-01
  4.36000  0.193567E-01
  4.37000  0.194702E-01
  4.38000  0.706391E-02
  4.39000  0.717457E-02
  4.40000  0.728812E-02
  4.41000  0.740482E-02
  4.42000  0.752544E-02
  4.43000  0.765087E-02
  4.44000  0.778175E-02
  4.45000  0.791762E-02
  4.46000  0.624750E-02
  4.47000  0.150320E-02
  4.48000  0.149861E-02
  4.49000  0.149319E-02
  4.50000  0.148640E-02
  4.51000  0.380730E-03
  4.52000  0.384085E-03
  4.53000  0.386692E-03
  4.54000  0.388549E-03
  4.55000  0.312983E-03
  4.56000  0.312079E-03
  4.57000  0.310809E-03
  4.58000  0.309246E-03
  4.59000  0.307428E-03
  4.60000  0.305350E-03
  4.61000  0.303016E-03
  4.62000  0.300541E-03
  4.63000  0.298052E-03
  4.64000  0.295658E-03
  4.65000  0.293393E-03
  4.66000  0.291288E-03
  4.67000  0.289408E-03
  4.68000  0.287824E-03
  4.69000  0.286600E-03
  4.70000  0.285728E-03
  4.71000  0.131536E-04
  4.72000  0.128742E-04
  4.73000  0.125839E-04
  4.74000  0.122866E-04
  4.75000  0.119833E-04
  4.76000  0.116730E-04
  4.77000  0.113551E-04
  4.78000  0.110303E-04
  4.79000  0.107030E-04
  4.80000  0.103783E-04
  4.81000  0.377261E-05
  4.82000  0.365157E-05
  4.83000  0.353821E-05
  4.84000  0.342754E-05
  4.85000  0.141622E-05
  4.86000  0.136889E-05
  4.87000  0.132212E-05
  4.88000  0.127669E-05
  4.89000  0.123274E-05
  4.90000  0.119025E-05
  4.91000  0.114926E-05
  4.92000  0.110967E-05
  4.93000  0.107128E-05
  4.94000  0.103341E-05
  4.95000  0.995054E-06
  4.96000  0.955185E-06
  4.97000  0.913672E-06
  4.98000  0.871470E-06
  4.99000  0.830365E-06
  5.00000  0.792214E-06
  5.01000  0.758339E-06
  5.02000  0.729053E-06
  5.03000  0.703949E-06
  5.04000  0.682106E-06
  5.05000  0.662672E-06
  5.06000  0.645108E-06
  5.07000  0.629099E-06
  5.08000  0.614350E-06
  5.09000  0.256725E-06
  5.10000  0.243297E-06
  5.11000  0.230220E-06
  5.12000  0.217374E-06
  5.13000  0.204798E-06
  5.14000  0.192607E-06
  5.15000  0.180897E-06
  5.16000  0.169755E-06
  5.17000  0.159235E-06
  5.18000  0.149360E-06
  5.19000  0.140131E-06
  5.20000  0.131542E-06
  5.21000  0.123583E-06
  5.22000  0.116236E-06
  5.23000  0.109475E-06
  5.24000  0.103252E-06
  5.25000  0.975028E-07
  5.26000  0.921685E-07
  5.27000  0.872004E-07
  5.28000  0.825605E-07
  5.29000  0.782197E-07
  5.30000  0.741551E-07
  5.31000  0.703635E-07
  5.32000  0.668296E-07
  5.33000  0.635336E-07
  5.34000  0.604520E-07
  5.35000  0.575646E-07
  5.36000  0.548372E-07
  5.37000  0.522344E-07
  5.38000  0.497352E-07
  5.39000  0.473168E-07
  5.40000  0.449692E-07
  5.41000  0.426936E-07
  5.42000  0.404989E-07
  5.43000  0.383918E-07
  5.44000  0.363794E-07
  5.45000  0.344658E-07
  5.46000  0.326515E-07
  5.47000  0.309357E-07
  5.48000  0.293156E-07
  5.49000  0.277866E-07
  5.50000  0.263445E-07
  5.51000  0.249828E-07
  5.52000  0.236964E-07
  5.53000  0.224808E-07
  5.54000  0.213308E-07
  5.55000  0.202423E-07
  5.56000  0.192126E-07
  5.57000  0.182407E-07
  5.58000  0.173247E-07
  5.59000  0.164637E-07
  5.60000  0.156560E-07
  5.61000  0.148981E-07
  5.62000  0.141864E-07
  5.63000  0.135173E-07
  5.64000  0.128876E-07
  5.65000  0.122946E-07
  5.66000  0.117354E-07
  5.67000  0.112068E-07
  5.68000  0.107058E-07
  5.69000  0.102298E-07
  5.70000  0.977679E-08
  5.71000  0.934532E-08
  5.72000  0.893467E-08
  5.73000  0.854470E-08
  5.74000  0.817543E-08
  5.75000  0.782722E-08
  5.76000  0.749996E-08
  5.77000  0.719355E-08
  5.78000  0.690733E-08
  5.79000  0.663988E-08
  5.80000  0.638978E-08
  5.81000  0.615536E-08
  5.82000  0.593467E-08
  5.83000  0.572603E-08
  5.84000  0.552802E-08
  5.85000  0.533942E-08
  5.86000  0.515964E-08
  5.87000  0.498841E-08
  5.88000  0.482559E-08
  5.89000  0.467142E-08
  5.90000  0.452593E-08
  5.91000  0.438899E-08
  5.92000  0.426043E-08
  5.93000  0.413986E-08
  5.94000  0.402690E-08
  5.95000  0.392119E-08
  5.96000  0.382232E-08
  5.97000  0.372978E-08
  5.98000  0.364312E-08
  5.99000  0.356182E-08
  6.00000  0.320941E-08
  6.20000  0.288152E-09
  6.40000  0.255397E-09
  6.60000  0.123308E-09
  6.80000  0.979006E-10
  7.00000  0.805778E-10
