  0.00000  0.000000E+00
  0.01000  0.000000E+00
  0.02000  0.000000E+00
  0.03000  0.152636E-23
  0.04000  0.201632E-16
  0.05000  0.376484E-16
  0.06000  0.675594E-16
  0.07000  0.125475E-15
  0.08000  0.232425E-15
  0.09000  0.303037E-15
  0.10000  0.369743E-15
  0.11000  0.667325E-15
  0.12000  0.136695E-14
  0.13000  0.289553E-14
  0.14000  0.656755E-14
  0.15000  0.182048E-13
  0.16000  0.458486E-13
  0.17000  0.931641E-13
  0.18000  0.168376E-12
  0.19000  0.279245E-12
  0.20000  0.525883E-12
  0.21000  0.988868E-12
  0.22000  0.186027E-11
  0.23000  0.343155E-11
  0.24000  0.602265E-11
  0.25000  0.111182E-10
  0.26000  0.184293E-10
  0.27000  0.286692E-10
  0.28000  0.435603E-10
  0.29000  0.658398E-10
  0.30000  0.101499E-09
  0.31000  0.156874E-09
  0.32000  0.238714E-09
  0.33000  0.364037E-09
  0.34000  0.545913E-09
  0.35000  0.783682E-09
  0.36000  0.112097E-08
  0.37000  0.155540E-08
  0.38000  0.214887E-08
  0.39000  0.312368E-08
  0.40000  0.467570E-08
  0.41000  0.692556E-08
  0.42000  0.105160E-07
  0.43000  0.158929E-07
  0.44000  0.230609E-07
  0.45000  0.330019E-07
  0.46000  0.460399E-07
  0.47000  0.638316E-07
  0.48000  0.882900E-07
  0.49000  0.115783E-06
  0.50000  0.146978E-06
  0.51000  0.193383E-06
  0.52000  0.255693E-06
  0.53000  0.351746E-06
  0.54000  0.487525E-06
  0.55000  0.665280E-06
  0.56000  0.893907E-06
  0.57000  0.120320E-05
  0.58000  0.161746E-05
  0.59000  0.222352E-05
  0.60000  0.311893E-05
  0.61000  0.440931E-05
  0.62000  0.628716E-05
  0.63000  0.954893E-05
  0.64000  0.142816E-04
  0.65000  0.197732E-04
  0.66000  0.258101E-04
  0.67000  0.314427E-04
  0.68000  0.358570E-04
  0.69000  0.405149E-04
  0.70000  0.490200E-04
  0.71000  0.607320E-04
  0.72000  0.750217E-04
  0.73000  0.912464E-04
  0.74000  0.111806E-03
  0.75000  0.141460E-03
  0.76000  0.179009E-03
  0.77000  0.223087E-03
  0.78000  0.279440E-03
  0.79000  0.351283E-03
  0.80000  0.435680E-03
  0.81000  0.534278E-03
  0.82000  0.649322E-03
  0.83000  0.793144E-03
  0.84000  0.972481E-03
  0.85000  0.118646E-02
  0.86000  0.145504E-02
  0.87000  0.176259E-02
  0.88000  0.210880E-02
  0.89000  0.246838E-02
  0.90000  0.286356E-02
  0.91000  0.330855E-02
  0.92000  0.377491E-02
  0.93000  0.429124E-02
  0.94000  0.483794E-02
  0.95000  0.540620E-02
  0.96000  0.596055E-02
  0.97000  0.654003E-02
  0.98000  0.735103E-02
  0.99000  0.841873E-02
  1.00000  0.960382E-02
  1.01000  0.107968E-01
  1.02000  0.120908E-01
  1.03000  0.134424E-01
  1.04000  0.147305E-01
  1.05000  0.156848E-01
  1.06000  0.164630E-01
  1.07000  0.171387E-01
  1.08000  0.180437E-01
  1.09000  0.196074E-01
  1.10000  0.215609E-01
  1.11000  0.242753E-01
  1.12000  0.291213E-01
  1.13000  0.381726E-01
  1.14000  0.608556E-01
  1.15000  0.113947E+00
  1.16000  0.156607E+00
  1.17000  0.188564E+00
  1.18000  0.214086E+00
  1.19000  0.239309E+00
  1.20000  0.267788E+00
  1.21000  0.296327E+00
  1.22000  0.323688E+00
  1.23000  0.351937E+00
  1.24000  0.378538E+00
  1.25000  0.401951E+00
  1.26000  0.422145E+00
  1.27000  0.442923E+00
  1.28000  0.464306E+00
  1.29000  0.488272E+00
  1.30000  0.517785E+00
  1.31000  0.552442E+00
  1.32000  0.586459E+00
  1.33000  0.615405E+00
  1.34000  0.640953E+00
  1.35000  0.668291E+00
  1.36000  0.700982E+00
  1.37000  0.739150E+00
  1.38000  0.778604E+00
  1.39000  0.814072E+00
  1.40000  0.845931E+00
  1.41000  0.883867E+00
  1.42000  0.922592E+00
  1.43000  0.921915E+00
  1.44000  0.871418E+00
  1.45000  0.815256E+00
  1.46000  0.776774E+00
  1.47000  0.753256E+00
  1.48000  0.737040E+00
  1.49000  0.725007E+00
  1.50000  0.716455E+00
  1.51000  0.713421E+00
  1.52000  0.719050E+00
  1.53000  0.733072E+00
  1.54000  0.755008E+00
  1.55000  0.784058E+00
  1.56000  0.796567E+00
  1.57000  0.729967E+00
  1.58000  0.585082E+00
  1.59000  0.599668E+00
  1.60000  0.626014E+00
  1.61000  0.655839E+00
  1.62000  0.685117E+00
  1.63000  0.713252E+00
  1.64000  0.745930E+00
  1.65000  0.778386E+00
  1.66000  0.805942E+00
  1.67000  0.833858E+00
  1.68000  0.861429E+00
  1.69000  0.883468E+00
  1.70000  0.898176E+00
  1.71000  0.906321E+00
  1.72000  0.911208E+00
  1.73000  0.915343E+00
  1.74000  0.918919E+00
  1.75000  0.920585E+00
  1.76000  0.922053E+00
  1.77000  0.922860E+00
  1.78000  0.921632E+00
  1.79000  0.923059E+00
  1.80000  0.925836E+00
  1.81000  0.920289E+00
  1.82000  0.930792E+00
  1.83000  0.947928E+00
  1.84000  0.960679E+00
  1.85000  0.968922E+00
  1.86000  0.976057E+00
  1.87000  0.977953E+00
  1.88000  0.969708E+00
  1.89000  0.960527E+00
  1.90000  0.963073E+00
  1.91000  0.967159E+00
  1.92000  0.975545E+00
  1.93000  0.984073E+00
  1.94000  0.991390E+00
  1.95000  0.996790E+00
  1.96000  0.100000E+01
  1.97000  0.999647E+00
  1.98000  0.995111E+00
  1.99000  0.986791E+00
  2.00000  0.974902E+00
  2.01000  0.960171E+00
  2.02000  0.943751E+00
  2.03000  0.925769E+00
  2.04000  0.905467E+00
  2.05000  0.882494E+00
  2.06000  0.857344E+00
  2.07000  0.830132E+00
  2.08000  0.800123E+00
  2.09000  0.767809E+00
  2.10000  0.734352E+00
  2.11000  0.711191E+00
  2.12000  0.688712E+00
  2.13000  0.664257E+00
  2.14000  0.637960E+00
  2.15000  0.610212E+00
  2.16000  0.581163E+00
  2.17000  0.551348E+00
  2.18000  0.520781E+00
  2.19000  0.489862E+00
  2.20000  0.459211E+00
  2.21000  0.428726E+00
  2.22000  0.412982E+00
  2.23000  0.435914E+00
  2.24000  0.459138E+00
  2.25000  0.482507E+00
  2.26000  0.505594E+00
  2.27000  0.528724E+00
  2.28000  0.551859E+00
  2.29000  0.573539E+00
  2.30000  0.592662E+00
  2.31000  0.609674E+00
  2.32000  0.625564E+00
  2.33000  0.640668E+00
  2.34000  0.655988E+00
  2.35000  0.673264E+00
  2.36000  0.694836E+00
  2.37000  0.723850E+00
  2.38000  0.754171E+00
  2.39000  0.777261E+00
  2.40000  0.794708E+00
  2.41000  0.808577E+00
  2.42000  0.817783E+00
  2.43000  0.822907E+00
  2.44000  0.826032E+00
  2.45000  0.829066E+00
  2.46000  0.833516E+00
  2.47000  0.840008E+00
  2.48000  0.845349E+00
  2.49000  0.843835E+00
  2.50000  0.832605E+00
  2.51000  0.813947E+00
  2.52000  0.792415E+00
  2.53000  0.771955E+00
  2.54000  0.754709E+00
  2.55000  0.741194E+00
  2.56000  0.731238E+00
  2.57000  0.739063E+00
  2.58000  0.748832E+00
  2.59000  0.758043E+00
  2.60000  0.767190E+00
  2.61000  0.774881E+00
  2.62000  0.779806E+00
  2.63000  0.782577E+00
  2.64000  0.784796E+00
  2.65000  0.787242E+00
  2.66000  0.789424E+00
  2.67000  0.789828E+00
  2.68000  0.788418E+00
  2.69000  0.785178E+00
  2.70000  0.779808E+00
  2.71000  0.772214E+00
  2.72000  0.762514E+00
  2.73000  0.750978E+00
  2.74000  0.738066E+00
  2.75000  0.724033E+00
  2.76000  0.708760E+00
  2.77000  0.691794E+00
  2.78000  0.673278E+00
  2.79000  0.653263E+00
  2.80000  0.631674E+00
  2.81000  0.608568E+00
  2.82000  0.584257E+00
  2.83000  0.559248E+00
  2.84000  0.534014E+00
  2.85000  0.508864E+00
  2.86000  0.484111E+00
  2.87000  0.460094E+00
  2.88000  0.437521E+00
  2.89000  0.416281E+00
  2.90000  0.395510E+00
  2.91000  0.374549E+00
  2.92000  0.353447E+00
  2.93000  0.332438E+00
  2.94000  0.314773E+00
  2.95000  0.298524E+00
  2.96000  0.282980E+00
  2.97000  0.267700E+00
  2.98000  0.252581E+00
  2.99000  0.237561E+00
  3.00000  0.222628E+00
  3.01000  0.207577E+00
  3.02000  0.192085E+00
  3.03000  0.175816E+00
  3.04000  0.161867E+00
  3.05000  0.151754E+00
  3.06000  0.141133E+00
  3.07000  0.130464E+00
  3.08000  0.120403E+00
  3.09000  0.111130E+00
  3.10000  0.102522E+00
  3.11000  0.943607E-01
  3.12000  0.865719E-01
  3.13000  0.791645E-01
  3.14000  0.721979E-01
  3.15000  0.656543E-01
  3.16000  0.595410E-01
  3.17000  0.537605E-01
  3.18000  0.484305E-01
  3.19000  0.436034E-01
  3.20000  0.392463E-01
  3.21000  0.353137E-01
  3.22000  0.317971E-01
  3.23000  0.287221E-01
  3.24000  0.260827E-01
  3.25000  0.237317E-01
  3.26000  0.214237E-01
  3.27000  0.189842E-01
  3.28000  0.174723E-01
  3.29000  0.161010E-01
  3.30000  0.148608E-01
  3.31000  0.137087E-01
  3.32000  0.126343E-01
  3.33000  0.116806E-01
  3.34000  0.108598E-01
  3.35000  0.101080E-01
  3.36000  0.935088E-02
  3.37000  0.861081E-02
  3.38000  0.792480E-02
  3.39000  0.732719E-02
  3.40000  0.712242E-02
  3.41000  0.699669E-02
  3.42000  0.686366E-02
  3.43000  0.671730E-02
  3.44000  0.657352E-02
  3.45000  0.643547E-02
  3.46000  0.627988E-02
  3.47000  0.613995E-02
  3.48000  0.600792E-02
  3.49000  0.588563E-02
  3.50000  0.576860E-02
  3.51000  0.565157E-02
  3.52000  0.553190E-02
  3.53000  0.540631E-02
  3.54000  0.527327E-02
  3.55000  0.513737E-02
  3.56000  0.498478E-02
  3.57000  0.484487E-02
  3.58000  0.469692E-02
  3.59000  0.454000E-02
  3.60000  0.437460E-02
  3.61000  0.420068E-02
  3.62000  0.401937E-02
  3.63000  0.383401E-02
  3.64000  0.364898E-02
  3.65000  0.346712E-02
  3.66000  0.327715E-02
  3.67000  0.310659E-02
  3.68000  0.294291E-02
  3.69000  0.278521E-02
  3.70000  0.263148E-02
  3.71000  0.248048E-02
  3.72000  0.233255E-02
  3.73000  0.218953E-02
  3.74000  0.205310E-02
  3.75000  0.192311E-02
  3.76000  0.186530E-02
  3.77000  0.188305E-02
  3.78000  0.190197E-02
  3.79000  0.192355E-02
  3.80000  0.194967E-02
  3.81000  0.198049E-02
  3.82000  0.201221E-02
  3.83000  0.203910E-02
  3.84000  0.205816E-02
  3.85000  0.206863E-02
  3.86000  0.205358E-02
  3.87000  0.205026E-02
  3.88000  0.204020E-02
  3.89000  0.202371E-02
  3.90000  0.200476E-02
  3.91000  0.198756E-02
  3.92000  0.197434E-02
  3.93000  0.196612E-02
  3.94000  0.196533E-02
  3.95000  0.197485E-02
  3.96000  0.196942E-02
  3.97000  0.199193E-02
  3.98000  0.201300E-02
  3.99000  0.202869E-02
  4.00000  0.203726E-02
  4.01000  0.203893E-02
  4.02000  0.203540E-02
  4.03000  0.202899E-02
  4.04000  0.201938E-02
  4.05000  0.200580E-02
  4.06000  0.195253E-02
  4.07000  0.193180E-02
  4.08000  0.191014E-02
  4.09000  0.188705E-02
  4.10000  0.186014E-02
  4.11000  0.182878E-02
  4.12000  0.179579E-02
  4.13000  0.176543E-02
  4.14000  0.174060E-02
  4.15000  0.172145E-02
  4.16000  0.166662E-02
  4.17000  0.165346E-02
  4.18000  0.164092E-02
  4.19000  0.162836E-02
  4.20000  0.161629E-02
  4.21000  0.160556E-02
  4.22000  0.159574E-02
  4.23000  0.158519E-02
  4.24000  0.157255E-02
  4.25000  0.155736E-02
  4.26000  0.149862E-02
  4.27000  0.147926E-02
  4.28000  0.145794E-02
  4.29000  0.143517E-02
  4.30000  0.141195E-02
  4.31000  0.139066E-02
  4.32000  0.137332E-02
  4.33000  0.135995E-02
  4.34000  0.134743E-02
  4.35000  0.133064E-02
  4.36000  0.126859E-02
  4.37000  0.123225E-02
  4.38000  0.118544E-02
  4.39000  0.113076E-02
  4.40000  0.107162E-02
  4.41000  0.101089E-02
  4.42000  0.949783E-03
  4.43000  0.888823E-03
  4.44000  0.828534E-03
  4.45000  0.769949E-03
  4.46000  0.692799E-03
  4.47000  0.642364E-03
  4.48000  0.596251E-03
  4.49000  0.554555E-03
  4.50000  0.516661E-03
  4.51000  0.481841E-03
  4.52000  0.449445E-03
  4.53000  0.419226E-03
  4.54000  0.391147E-03
  4.55000  0.365120E-03
  4.56000  0.328370E-03
  4.57000  0.306659E-03
  4.58000  0.286833E-03
  4.59000  0.268976E-03
  4.60000  0.252887E-03
  4.61000  0.238170E-03
  4.62000  0.155789E-03
  4.63000  0.147973E-03
  4.64000  0.140599E-03
  4.65000  0.133726E-03
  4.66000  0.121757E-03
  4.67000  0.116448E-03
  4.68000  0.436905E-05
  4.69000  0.427008E-05
  4.70000  0.421384E-05
  4.71000  0.419392E-05
  4.72000  0.419912E-05
  4.73000  0.421923E-05
  4.74000  0.424758E-05
  4.75000  0.428274E-05
  4.76000  0.401429E-05
  4.77000  0.406793E-05
  4.78000  0.413918E-05
  4.79000  0.423017E-05
  4.80000  0.434500E-05
  4.81000  0.448303E-05
  4.82000  0.184902E-05
  4.83000  0.193533E-05
  4.84000  0.202724E-05
  4.85000  0.211989E-05
  4.86000  0.206164E-05
  4.87000  0.213681E-05
  4.88000  0.220508E-05
  4.89000  0.205348E-06
  4.90000  0.118992E-07
  4.91000  0.131880E-07
  4.92000  0.146358E-07
  4.93000  0.162135E-07
  4.94000  0.178468E-07
  4.95000  0.194506E-07
  4.96000  0.193364E-07
  4.97000  0.206072E-07
  4.98000  0.217679E-07
  4.99000  0.228680E-07
  5.00000  0.239517E-07
  5.01000  0.250111E-07
  5.02000  0.260212E-07
  5.03000  0.269198E-07
  5.04000  0.276392E-07
  5.05000  0.281349E-07
  5.06000  0.264412E-07
  5.07000  0.265015E-07
  5.08000  0.263813E-07
  5.09000  0.794227E-08
  5.10000  0.785315E-08
  5.11000  0.769080E-08
  5.12000  0.746208E-08
  5.13000  0.714685E-08
  5.14000  0.678299E-08
  5.15000  0.638756E-08
  5.16000  0.554763E-08
  5.17000  0.520373E-08
  5.18000  0.487255E-08
  5.19000  0.240955E-09
  5.20000  0.244849E-09
  5.21000  0.249615E-09
  5.22000  0.254725E-09
  5.23000  0.259990E-09
  5.24000  0.265179E-09
  5.25000  0.270035E-09
  5.26000  0.255937E-09
  5.27000  0.259727E-09
  5.28000  0.262980E-09
  5.29000  0.881972E-11
  5.30000  0.906810E-11
  5.31000  0.932536E-11
  5.32000  0.958776E-11
  5.33000  0.985277E-11
  5.34000  0.101173E-10
  5.35000  0.103841E-10
  5.36000  0.977820E-11
  5.37000  0.998644E-11
  5.38000  0.101595E-10
  5.39000  0.102872E-10
  5.40000  0.103592E-10
  5.41000  0.103798E-10
  5.42000  0.103575E-10
  5.43000  0.102991E-10
  5.44000  0.102090E-10
  5.45000  0.100958E-10
  5.46000  0.918679E-11
  5.47000  0.907623E-11
  5.48000  0.897669E-11
  5.49000  0.888538E-11
  5.50000  0.260672E-11
  5.51000  0.259203E-11
  5.52000  0.257367E-11
  5.53000  0.255100E-11
  5.54000  0.252505E-11
  5.55000  0.249547E-11
  5.56000  0.228887E-11
  5.57000  0.225606E-11
  5.58000  0.222049E-11
  5.59000  0.218181E-11
  5.60000  0.213845E-11
  5.61000  0.208871E-11
  5.62000  0.203304E-11
  5.63000  0.830716E-13
  5.64000  0.820637E-13
  5.65000  0.812251E-13
  5.66000  0.759831E-13
  5.67000  0.754238E-13
  5.68000  0.748555E-13
  5.69000  0.744205E-13
  5.70000  0.741682E-13
  5.71000  0.740840E-13
  5.72000  0.742108E-13
  5.73000  0.743205E-13
  5.74000  0.746001E-13
  5.75000  0.751162E-13
  5.76000  0.719500E-13
  5.77000  0.727257E-13
  5.78000  0.735632E-13
  5.79000  0.743490E-13
  5.80000  0.752780E-13
  5.81000  0.762572E-13
  5.82000  0.770264E-13
  5.83000  0.776274E-13
  5.84000  0.779495E-13
  5.85000  0.781443E-13
  5.86000  0.745175E-13
  5.87000  0.748410E-13
  5.88000  0.752199E-13
  5.89000  0.758093E-13
  5.90000  0.765456E-13
  5.91000  0.776492E-13
  5.92000  0.790874E-13
  5.93000  0.807646E-13
  5.94000  0.826320E-13
  5.95000  0.846965E-13
  5.96000  0.824755E-13
  5.97000  0.845271E-13
  5.98000  0.864457E-13
  5.99000  0.881110E-13
  6.00000  0.895371E-13
  6.20000  0.161240E-14
  6.40000  0.110212E-14
  6.60000  0.820106E-16
  6.80000  0.797635E-17
  7.00000  0.390569E-17
