  0.00000  0.000000E+00
  0.01000  0.000000E+00
  0.02000  0.000000E+00
  0.03000  0.000000E+00
  0.04000  0.000000E+00
  0.05000  0.000000E+00
  0.06000  0.000000E+00
  0.07000  0.000000E+00
  0.08000  0.000000E+00
  0.09000  0.000000E+00
  0.10000  0.000000E+00
  0.11000  0.000000E+00
  0.12000  0.000000E+00
  0.13000  0.000000E+00
  0.14000  0.000000E+00
  0.15000  0.000000E+00
  0.16000  0.000000E+00
  0.17000  0.000000E+00
  0.18000  0.000000E+00
  0.19000  0.000000E+00
  0.20000  0.000000E+00
  0.21000  0.000000E+00
  0.22000  0.000000E+00
  0.23000  0.000000E+00
  0.24000  0.000000E+00
  0.25000  0.000000E+00
  0.26000  0.000000E+00
  0.27000  0.000000E+00
  0.28000  0.000000E+00
  0.29000  0.000000E+00
  0.30000  0.000000E+00
  0.31000  0.000000E+00
  0.32000  0.000000E+00
  0.33000  0.000000E+00
  0.34000  0.000000E+00
  0.35000  0.000000E+00
  0.36000  0.000000E+00
  0.37000  0.000000E+00
  0.38000  0.000000E+00
  0.39000  0.000000E+00
  0.40000  0.000000E+00
  0.41000  0.000000E+00
  0.42000  0.000000E+00
  0.43000  0.000000E+00
  0.44000  0.000000E+00
  0.45000  0.000000E+00
  0.46000  0.000000E+00
  0.47000  0.000000E+00
  0.48000  0.000000E+00
  0.49000  0.000000E+00
  0.50000  0.000000E+00
  0.51000  0.000000E+00
  0.52000  0.000000E+00
  0.53000  0.000000E+00
  0.54000  0.000000E+00
  0.55000  0.000000E+00
  0.56000  0.000000E+00
  0.57000  0.000000E+00
  0.58000  0.000000E+00
  0.59000  0.000000E+00
  0.60000  0.000000E+00
  0.61000  0.000000E+00
  0.62000  0.000000E+00
  0.63000  0.000000E+00
  0.64000  0.000000E+00
  0.65000  0.000000E+00
  0.66000  0.000000E+00
  0.67000  0.000000E+00
  0.68000  0.000000E+00
  0.69000  0.000000E+00
  0.70000  0.000000E+00
  0.71000  0.000000E+00
  0.72000  0.000000E+00
  0.73000  0.000000E+00
  0.74000  0.000000E+00
  0.75000  0.000000E+00
  0.76000  0.000000E+00
  0.77000  0.000000E+00
  0.78000  0.000000E+00
  0.79000  0.000000E+00
  0.80000  0.000000E+00
  0.81000  0.000000E+00
  0.82000  0.000000E+00
  0.83000  0.000000E+00
  0.84000  0.000000E+00
  0.85000  0.000000E+00
  0.86000  0.000000E+00
  0.87000  0.000000E+00
  0.88000  0.000000E+00
  0.89000  0.000000E+00
  0.90000  0.000000E+00
  0.91000  0.000000E+00
  0.92000  0.000000E+00
  0.93000  0.000000E+00
  0.94000  0.000000E+00
  0.95000  0.000000E+00
  0.96000  0.000000E+00
  0.97000  0.000000E+00
  0.98000  0.000000E+00
  0.99000  0.000000E+00
  1.00000  0.000000E+00
  1.01000  0.000000E+00
  1.02000  0.000000E+00
  1.03000  0.000000E+00
  1.04000  0.000000E+00
  1.05000  0.000000E+00
  1.06000  0.000000E+00
  1.07000  0.000000E+00
  1.08000  0.000000E+00
  1.09000  0.000000E+00
  1.10000  0.000000E+00
  1.11000  0.000000E+00
  1.12000  0.000000E+00
  1.13000  0.161102E-29
  1.14000  0.176697E-29
  1.15000  0.210955E-29
  1.16000  0.321943E-29
  1.17000  0.682818E-29
  1.18000  0.183675E-28
  1.19000  0.485650E-28
  1.20000  0.944107E-28
  1.21000  0.108811E-27
  1.22000  0.652128E-28
  1.23000  0.203254E-28
  1.24000  0.352723E-29
  1.25000  0.279452E-29
  1.26000  0.175684E-29
  1.27000  0.122914E-29
  1.28000  0.127130E-29
  1.29000  0.155655E-29
  1.30000  0.197704E-29
  1.31000  0.264400E-29
  1.32000  0.399936E-29
  1.33000  0.701425E-29
  1.34000  0.126869E-28
  1.35000  0.188314E-28
  1.36000  0.244329E-28
  1.37000  0.331241E-28
  1.38000  0.462441E-28
  1.39000  0.664198E-28
  1.40000  0.818308E-28
  1.41000  0.862930E-28
  1.42000  0.710363E-28
  1.43000  0.444082E-28
  1.44000  0.306915E-28
  1.45000  0.276099E-28
  1.46000  0.312970E-28
  1.47000  0.439635E-28
  1.48000  0.743397E-28
  1.49000  0.125465E-27
  1.50000  0.169586E-27
  1.51000  0.168035E-27
  1.52000  0.137006E-27
  1.53000  0.107663E-27
  1.54000  0.174392E-27
  1.55000  0.411693E-27
  1.56000  0.982750E-27
  1.57000  0.233304E-26
  1.58000  0.534603E-26
  1.59000  0.118986E-25
  1.60000  0.273712E-25
  1.61000  0.676016E-25
  1.62000  0.171895E-24
  1.63000  0.421670E-24
  1.64000  0.998600E-24
  1.65000  0.246144E-23
  1.66000  0.678820E-23
  1.67000  0.197786E-22
  1.68000  0.570305E-22
  1.69000  0.156607E-21
  1.70000  0.423244E-21
  1.71000  0.114832E-20
  1.72000  0.300096E-20
  1.73000  0.731754E-20
  1.74000  0.174594E-19
  1.75000  0.446594E-19
  1.76000  0.132643E-18
  1.77000  0.418947E-18
  1.78000  0.131209E-17
  1.79000  0.382212E-17
  1.80000  0.104262E-16
  1.81000  0.278752E-16
  1.82000  0.755682E-16
  1.83000  0.208720E-15
  1.84000  0.585462E-15
  1.85000  0.166570E-14
  1.86000  0.491309E-14
  1.87000  0.133456E-13
  1.88000  0.327141E-13
  1.89000  0.702572E-13
  1.90000  0.135023E-12
  1.91000  0.243443E-12
  1.92000  0.428833E-12
  1.93000  0.754187E-12
  1.94000  0.132905E-11
  1.95000  0.230097E-11
  1.96000  0.382695E-11
  1.97000  0.578062E-11
  1.98000  0.133725E-10
  1.99000  0.296148E-10
  2.00000  0.693763E-10
  2.01000  0.181015E-09
  2.02000  0.500269E-09
  2.03000  0.129834E-08
  2.04000  0.285971E-08
  2.05000  0.520346E-08
  2.06000  0.800980E-08
  2.07000  0.109022E-07
  2.08000  0.135744E-07
  2.09000  0.160046E-07
  2.10000  0.186086E-07
  2.11000  0.220334E-07
  2.12000  0.266831E-07
  2.13000  0.319282E-07
  2.14000  0.353866E-07
  2.15000  0.340683E-07
  2.16000  0.261174E-07
  2.17000  0.180841E-07
  2.18000  0.113528E-07
  2.19000  0.697833E-08
  2.20000  0.447810E-08
  2.21000  0.311674E-08
  2.22000  0.246683E-07
  2.23000  0.265909E-06
  2.24000  0.917151E-05
  2.25000  0.204659E-03
  2.26000  0.272229E-02
  2.27000  0.208498E-01
  2.28000  0.106808E+00
  2.29000  0.362326E+00
  2.30000  0.833939E+00
  2.31000  0.100000E+01
  2.32000  0.406438E+00
  2.33000  0.504001E-01
  2.34000  0.224959E-02
  2.35000  0.504931E-04
  2.36000  0.756639E-06
  2.37000  0.101240E-07
  2.38000  0.666605E-08
  2.39000  0.696851E-08
  2.40000  0.632610E-08
  2.41000  0.970748E-08
  2.42000  0.263732E-07
  2.43000  0.626534E-07
  2.44000  0.128940E-06
  2.45000  0.225284E-06
  2.46000  0.366082E-06
  2.47000  0.416017E-06
  2.48000  0.367876E-06
  2.49000  0.248480E-06
  2.50000  0.126709E-06
  2.51000  0.108080E-06
  2.52000  0.134742E-06
  2.53000  0.114978E-06
  2.54000  0.656096E-07
  2.55000  0.280262E-07
  2.56000  0.780896E-08
  2.57000  0.271785E-08
  2.58000  0.940706E-09
  2.59000  0.329409E-09
  2.60000  0.117135E-09
  2.61000  0.421443E-10
  2.62000  0.151152E-10
  2.63000  0.530059E-11
  2.64000  0.178825E-11
  2.65000  0.570321E-12
  2.66000  0.114896E-12
  2.67000  0.322128E-13
  2.68000  0.883607E-14
  2.69000  0.247150E-14
  2.70000  0.736699E-15
  2.71000  0.241996E-15
  2.72000  0.887590E-16
  2.73000  0.360206E-16
  2.74000  0.157785E-16
  2.75000  0.717362E-17
  2.76000  0.189889E-17
  2.77000  0.824735E-18
  2.78000  0.342879E-18
  2.79000  0.140069E-18
  2.80000  0.768110E-19
  2.81000  0.700257E-19
  2.82000  0.615033E-19
  2.83000  0.538508E-19
  2.84000  0.492822E-19
  2.85000  0.483533E-19
  2.86000  0.269287E-19
  2.87000  0.284490E-19
  2.88000  0.283713E-19
  2.89000  0.242337E-19
  2.90000  0.162372E-19
  2.91000  0.798961E-20
  2.92000  0.285012E-20
  2.93000  0.762902E-21
  2.94000  0.164117E-21
  2.95000  0.306329E-22
  2.96000  0.217058E-23
  2.97000  0.294984E-24
  2.98000  0.301549E-25
  2.99000  0.221095E-26
  3.00000  0.125764E-27
  3.01000  0.608861E-29
  3.02000  0.000000E+00
  3.03000  0.392959E-29
  3.04000  0.438614E-22
  3.05000  0.157341E-15
  3.06000  0.963035E-10
  3.07000  0.211821E-06
  3.08000  0.997051E-05
  3.09000  0.268045E-04
  3.10000  0.131454E-04
  3.11000  0.256217E-05
  3.12000  0.289010E-06
  3.13000  0.222969E-07
  3.14000  0.126534E-08
  3.15000  0.543231E-10
  3.16000  0.174077E-13
  3.17000  0.241610E-15
  3.18000  0.137755E-17
  3.19000  0.219270E-20
  3.20000  0.734722E-24
  3.21000  0.521544E-28
  3.22000  0.000000E+00
  3.23000  0.000000E+00
  3.24000  0.000000E+00
  3.25000  0.000000E+00
  3.26000  0.000000E+00
  3.27000  0.000000E+00
  3.28000  0.000000E+00
  3.29000  0.000000E+00
  3.30000  0.000000E+00
  3.31000  0.000000E+00
  3.32000  0.000000E+00
  3.33000  0.000000E+00
  3.34000  0.000000E+00
  3.35000  0.000000E+00
  3.36000  0.000000E+00
  3.37000  0.000000E+00
  3.38000  0.000000E+00
  3.39000  0.000000E+00
  3.40000  0.000000E+00
  3.41000  0.000000E+00
  3.42000  0.000000E+00
  3.43000  0.000000E+00
  3.44000  0.000000E+00
  3.45000  0.000000E+00
  3.46000  0.000000E+00
  3.47000  0.000000E+00
  3.48000  0.000000E+00
  3.49000  0.000000E+00
  3.50000  0.000000E+00
  3.51000  0.000000E+00
  3.52000  0.000000E+00
  3.53000  0.000000E+00
  3.54000  0.000000E+00
  3.55000  0.000000E+00
  3.56000  0.000000E+00
  3.57000  0.000000E+00
  3.58000  0.000000E+00
  3.59000  0.000000E+00
  3.60000  0.000000E+00
  3.61000  0.000000E+00
  3.62000  0.000000E+00
  3.63000  0.000000E+00
  3.64000  0.000000E+00
  3.65000  0.000000E+00
  3.66000  0.000000E+00
  3.67000  0.000000E+00
  3.68000  0.000000E+00
  3.69000  0.000000E+00
  3.70000  0.000000E+00
  3.71000  0.000000E+00
  3.72000  0.000000E+00
  3.73000  0.000000E+00
  3.74000  0.000000E+00
  3.75000  0.000000E+00
  3.76000  0.000000E+00
  3.77000  0.000000E+00
  3.78000  0.000000E+00
  3.79000  0.000000E+00
  3.80000  0.000000E+00
  3.81000  0.000000E+00
  3.82000  0.000000E+00
  3.83000  0.000000E+00
  3.84000  0.000000E+00
  3.85000  0.000000E+00
  3.86000  0.000000E+00
  3.87000  0.000000E+00
  3.88000  0.000000E+00
  3.89000  0.000000E+00
  3.90000  0.000000E+00
  3.91000  0.000000E+00
  3.92000  0.000000E+00
  3.93000  0.000000E+00
  3.94000  0.000000E+00
  3.95000  0.000000E+00
  3.96000  0.000000E+00
  3.97000  0.000000E+00
  3.98000  0.000000E+00
  3.99000  0.000000E+00
  4.00000  0.000000E+00
  4.01000  0.000000E+00
  4.02000  0.000000E+00
  4.03000  0.000000E+00
  4.04000  0.000000E+00
  4.05000  0.000000E+00
  4.06000  0.000000E+00
  4.07000  0.000000E+00
  4.08000  0.000000E+00
  4.09000  0.000000E+00
  4.10000  0.000000E+00
  4.11000  0.000000E+00
  4.12000  0.000000E+00
  4.13000  0.000000E+00
  4.14000  0.000000E+00
  4.15000  0.000000E+00
  4.16000  0.000000E+00
  4.17000  0.000000E+00
  4.18000  0.000000E+00
  4.19000  0.000000E+00
  4.20000  0.000000E+00
  4.21000  0.000000E+00
  4.22000  0.000000E+00
  4.23000  0.000000E+00
  4.24000  0.000000E+00
  4.25000  0.000000E+00
  4.26000  0.000000E+00
  4.27000  0.000000E+00
  4.28000  0.000000E+00
  4.29000  0.000000E+00
  4.30000  0.000000E+00
  4.31000  0.000000E+00
  4.32000  0.000000E+00
  4.33000  0.000000E+00
  4.34000  0.000000E+00
  4.35000  0.000000E+00
  4.36000  0.000000E+00
  4.37000  0.000000E+00
  4.38000  0.000000E+00
  4.39000  0.000000E+00
  4.40000  0.000000E+00
  4.41000  0.000000E+00
  4.42000  0.000000E+00
  4.43000  0.000000E+00
  4.44000  0.000000E+00
  4.45000  0.000000E+00
  4.46000  0.000000E+00
  4.47000  0.000000E+00
  4.48000  0.000000E+00
  4.49000  0.000000E+00
  4.50000  0.000000E+00
  4.51000  0.000000E+00
  4.52000  0.000000E+00
  4.53000  0.000000E+00
  4.54000  0.000000E+00
  4.55000  0.000000E+00
  4.56000  0.000000E+00
  4.57000  0.000000E+00
  4.58000  0.000000E+00
  4.59000  0.000000E+00
  4.60000  0.000000E+00
  4.61000  0.000000E+00
  4.62000  0.000000E+00
  4.63000  0.000000E+00
  4.64000  0.000000E+00
  4.65000  0.000000E+00
  4.66000  0.000000E+00
  4.67000  0.000000E+00
  4.68000  0.000000E+00
  4.69000  0.000000E+00
  4.70000  0.000000E+00
  4.71000  0.000000E+00
  4.72000  0.000000E+00
  4.73000  0.000000E+00
  4.74000  0.000000E+00
  4.75000  0.000000E+00
  4.76000  0.000000E+00
  4.77000  0.000000E+00
  4.78000  0.000000E+00
  4.79000  0.000000E+00
  4.80000  0.000000E+00
  4.81000  0.000000E+00
  4.82000  0.000000E+00
  4.83000  0.000000E+00
  4.84000  0.000000E+00
  4.85000  0.000000E+00
  4.86000  0.000000E+00
  4.87000  0.000000E+00
  4.88000  0.000000E+00
  4.89000  0.000000E+00
  4.90000  0.000000E+00
  4.91000  0.000000E+00
  4.92000  0.000000E+00
  4.93000  0.000000E+00
  4.94000  0.000000E+00
  4.95000  0.000000E+00
  4.96000  0.000000E+00
  4.97000  0.000000E+00
  4.98000  0.000000E+00
  4.99000  0.000000E+00
  5.00000  0.000000E+00
  5.01000  0.000000E+00
  5.02000  0.000000E+00
  5.03000  0.000000E+00
  5.04000  0.000000E+00
  5.05000  0.000000E+00
  5.06000  0.000000E+00
  5.07000  0.000000E+00
  5.08000  0.000000E+00
  5.09000  0.000000E+00
  5.10000  0.000000E+00
  5.11000  0.000000E+00
  5.12000  0.000000E+00
  5.13000  0.000000E+00
  5.14000  0.000000E+00
  5.15000  0.000000E+00
  5.16000  0.000000E+00
  5.17000  0.000000E+00
  5.18000  0.000000E+00
  5.19000  0.000000E+00
  5.20000  0.000000E+00
  5.21000  0.000000E+00
  5.22000  0.000000E+00
  5.23000  0.000000E+00
  5.24000  0.000000E+00
  5.25000  0.000000E+00
  5.26000  0.000000E+00
  5.27000  0.000000E+00
  5.28000  0.000000E+00
  5.29000  0.000000E+00
  5.30000  0.000000E+00
  5.31000  0.000000E+00
  5.32000  0.000000E+00
  5.33000  0.000000E+00
  5.34000  0.000000E+00
  5.35000  0.000000E+00
  5.36000  0.000000E+00
  5.37000  0.000000E+00
  5.38000  0.000000E+00
  5.39000  0.000000E+00
  5.40000  0.000000E+00
  5.41000  0.000000E+00
  5.42000  0.000000E+00
  5.43000  0.000000E+00
  5.44000  0.000000E+00
  5.45000  0.000000E+00
  5.46000  0.000000E+00
  5.47000  0.000000E+00
  5.48000  0.000000E+00
  5.49000  0.000000E+00
  5.50000  0.000000E+00
  5.51000  0.000000E+00
  5.52000  0.000000E+00
  5.53000  0.000000E+00
  5.54000  0.000000E+00
  5.55000  0.000000E+00
  5.56000  0.000000E+00
  5.57000  0.000000E+00
  5.58000  0.000000E+00
  5.59000  0.000000E+00
  5.60000  0.000000E+00
  5.61000  0.000000E+00
  5.62000  0.000000E+00
  5.63000  0.000000E+00
  5.64000  0.000000E+00
  5.65000  0.000000E+00
  5.66000  0.000000E+00
  5.67000  0.000000E+00
  5.68000  0.000000E+00
  5.69000  0.000000E+00
  5.70000  0.000000E+00
  5.71000  0.000000E+00
  5.72000  0.000000E+00
  5.73000  0.000000E+00
  5.74000  0.000000E+00
  5.75000  0.000000E+00
  5.76000  0.000000E+00
  5.77000  0.000000E+00
  5.78000  0.000000E+00
  5.79000  0.000000E+00
  5.80000  0.000000E+00
  5.81000  0.000000E+00
  5.82000  0.000000E+00
  5.83000  0.000000E+00
  5.84000  0.000000E+00
  5.85000  0.000000E+00
  5.86000  0.000000E+00
  5.87000  0.000000E+00
  5.88000  0.000000E+00
  5.89000  0.000000E+00
  5.90000  0.000000E+00
  5.91000  0.000000E+00
  5.92000  0.000000E+00
  5.93000  0.000000E+00
  5.94000  0.000000E+00
  5.95000  0.000000E+00
  5.96000  0.000000E+00
  5.97000  0.000000E+00
  5.98000  0.000000E+00
  5.99000  0.000000E+00
  6.00000  0.000000E+00
  6.20000  0.000000E+00
  6.40000  0.000000E+00
  6.60000  0.000000E+00
  6.80000  0.000000E+00
  7.00000  0.000000E+00
