  0.00000  0.000000E+00
  0.01000  0.000000E+00
  0.02000  0.154814E-11
  0.03000  0.153382E-07
  0.04000  0.300948E-06
  0.05000  0.558723E-06
  0.06000  0.125307E-05
  0.07000  0.215967E-05
  0.08000  0.252567E-05
  0.09000  0.285034E-05
  0.10000  0.252837E-05
  0.11000  0.244689E-05
  0.12000  0.265999E-05
  0.13000  0.288096E-05
  0.14000  0.302626E-05
  0.15000  0.329647E-05
  0.16000  0.311444E-05
  0.17000  0.246763E-05
  0.18000  0.250316E-05
  0.19000  0.255694E-05
  0.20000  0.256899E-05
  0.21000  0.247701E-05
  0.22000  0.224120E-05
  0.23000  0.198033E-05
  0.24000  0.230515E-05
  0.25000  0.308010E-05
  0.26000  0.398426E-05
  0.27000  0.493784E-05
  0.28000  0.601920E-05
  0.29000  0.720932E-05
  0.30000  0.846036E-05
  0.31000  0.988965E-05
  0.32000  0.115953E-04
  0.33000  0.138221E-04
  0.34000  0.161623E-04
  0.35000  0.179791E-04
  0.36000  0.197027E-04
  0.37000  0.214067E-04
  0.38000  0.229758E-04
  0.39000  0.245387E-04
  0.40000  0.259330E-04
  0.41000  0.276472E-04
  0.42000  0.315148E-04
  0.43000  0.378813E-04
  0.44000  0.427331E-04
  0.45000  0.495224E-04
  0.46000  0.589405E-04
  0.47000  0.686279E-04
  0.48000  0.801240E-04
  0.49000  0.945038E-04
  0.50000  0.108323E-03
  0.51000  0.126575E-03
  0.52000  0.148708E-03
  0.53000  0.172627E-03
  0.54000  0.199091E-03
  0.55000  0.221807E-03
  0.56000  0.236674E-03
  0.57000  0.259308E-03
  0.58000  0.284269E-03
  0.59000  0.305386E-03
  0.60000  0.320214E-03
  0.61000  0.323592E-03
  0.62000  0.322787E-03
  0.63000  0.322282E-03
  0.64000  0.317982E-03
  0.65000  0.309379E-03
  0.66000  0.301002E-03
  0.67000  0.288347E-03
  0.68000  0.266728E-03
  0.69000  0.240109E-03
  0.70000  0.211599E-03
  0.71000  0.183264E-03
  0.72000  0.156344E-03
  0.73000  0.131659E-03
  0.74000  0.119060E-03
  0.75000  0.123060E-03
  0.76000  0.138463E-03
  0.77000  0.135871E-03
  0.78000  0.138318E-03
  0.79000  0.139502E-03
  0.80000  0.140024E-03
  0.81000  0.143325E-03
  0.82000  0.149276E-03
  0.83000  0.147478E-03
  0.84000  0.142462E-03
  0.85000  0.155410E-03
  0.86000  0.168383E-03
  0.87000  0.181192E-03
  0.88000  0.196041E-03
  0.89000  0.218516E-03
  0.90000  0.233872E-03
  0.91000  0.245320E-03
  0.92000  0.256777E-03
  0.93000  0.267906E-03
  0.94000  0.278428E-03
  0.95000  0.291748E-03
  0.96000  0.301149E-03
  0.97000  0.306508E-03
  0.98000  0.313861E-03
  0.99000  0.320006E-03
  1.00000  0.329143E-03
  1.01000  0.348930E-03
  1.02000  0.384301E-03
  1.03000  0.438482E-03
  1.04000  0.470551E-03
  1.05000  0.485787E-03
  1.06000  0.494406E-03
  1.07000  0.488651E-03
  1.08000  0.481520E-03
  1.09000  0.576307E-03
  1.10000  0.800103E-03
  1.11000  0.136545E-02
  1.12000  0.331981E-02
  1.13000  0.102700E-01
  1.14000  0.247970E-01
  1.15000  0.396789E-01
  1.16000  0.512380E-01
  1.17000  0.605484E-01
  1.18000  0.674862E-01
  1.19000  0.725420E-01
  1.20000  0.911986E-01
  1.21000  0.115206E+00
  1.22000  0.141739E+00
  1.23000  0.177137E+00
  1.24000  0.216392E+00
  1.25000  0.250968E+00
  1.26000  0.280058E+00
  1.27000  0.314841E+00
  1.28000  0.362315E+00
  1.29000  0.414958E+00
  1.30000  0.456804E+00
  1.31000  0.484762E+00
  1.32000  0.508120E+00
  1.33000  0.535952E+00
  1.34000  0.575070E+00
  1.35000  0.630153E+00
  1.36000  0.699268E+00
  1.37000  0.769552E+00
  1.38000  0.846160E+00
  1.39000  0.918719E+00
  1.40000  0.971028E+00
  1.41000  0.100000E+01
  1.42000  0.998291E+00
  1.43000  0.960758E+00
  1.44000  0.901452E+00
  1.45000  0.839347E+00
  1.46000  0.787772E+00
  1.47000  0.744447E+00
  1.48000  0.703451E+00
  1.49000  0.661400E+00
  1.50000  0.619365E+00
  1.51000  0.577335E+00
  1.52000  0.528559E+00
  1.53000  0.469662E+00
  1.54000  0.396923E+00
  1.55000  0.305750E+00
  1.56000  0.197924E+00
  1.57000  0.103938E+00
  1.58000  0.507511E-01
  1.59000  0.282001E-01
  1.60000  0.187488E-01
  1.61000  0.142601E-01
  1.62000  0.126897E-01
  1.63000  0.120955E-01
  1.64000  0.115310E-01
  1.65000  0.109688E-01
  1.66000  0.104110E-01
  1.67000  0.990121E-02
  1.68000  0.940642E-02
  1.69000  0.885665E-02
  1.70000  0.827877E-02
  1.71000  0.769814E-02
  1.72000  0.714129E-02
  1.73000  0.674059E-02
  1.74000  0.636909E-02
  1.75000  0.603766E-02
  1.76000  0.575927E-02
  1.77000  0.550579E-02
  1.78000  0.524654E-02
  1.79000  0.499003E-02
  1.80000  0.525943E-02
  1.81000  0.586914E-02
  1.82000  0.609177E-02
  1.83000  0.621799E-02
  1.84000  0.614258E-02
  1.85000  0.589173E-02
  1.86000  0.561672E-02
  1.87000  0.543083E-02
  1.88000  0.533353E-02
  1.89000  0.515470E-02
  1.90000  0.478568E-02
  1.91000  0.437364E-02
  1.92000  0.400277E-02
  1.93000  0.378366E-02
  1.94000  0.352836E-02
  1.95000  0.323512E-02
  1.96000  0.291957E-02
  1.97000  0.260258E-02
  1.98000  0.226960E-02
  1.99000  0.191561E-02
  2.00000  0.154999E-02
  2.01000  0.119246E-02
  2.02000  0.881160E-03
  2.03000  0.665575E-03
  2.04000  0.540849E-03
  2.05000  0.433208E-03
  2.06000  0.338986E-03
  2.07000  0.269702E-03
  2.08000  0.228956E-03
  2.09000  0.193018E-03
  2.10000  0.172052E-03
  2.11000  0.152285E-03
  2.12000  0.134740E-03
  2.13000  0.119443E-03
  2.14000  0.105616E-03
  2.15000  0.930182E-04
  2.16000  0.812379E-04
  2.17000  0.711455E-04
  2.18000  0.621477E-04
  2.19000  0.541978E-04
  2.20000  0.473273E-04
  2.21000  0.413548E-04
  2.22000  0.359935E-04
  2.23000  0.313159E-04
  2.24000  0.274403E-04
  2.25000  0.242395E-04
  2.26000  0.213383E-04
  2.27000  0.189269E-04
  2.28000  0.167490E-04
  2.29000  0.147842E-04
  2.30000  0.130348E-04
  2.31000  0.114805E-04
  2.32000  0.100962E-04
  2.33000  0.885231E-05
  2.34000  0.774801E-05
  2.35000  0.678390E-05
  2.36000  0.590574E-05
  2.37000  0.517901E-05
  2.38000  0.452098E-05
  2.39000  0.391494E-05
  2.40000  0.336778E-05
  2.41000  0.288799E-05
  2.42000  0.248002E-05
  2.43000  0.213894E-05
  2.44000  0.184751E-05
  2.45000  0.159358E-05
  2.46000  0.138778E-05
  2.47000  0.124136E-05
  2.48000  0.110658E-05
  2.49000  0.100500E-05
  2.50000  0.109908E-05
  2.51000  0.123664E-05
  2.52000  0.136772E-05
  2.53000  0.144732E-05
  2.54000  0.145438E-05
  2.55000  0.140085E-05
  2.56000  0.129771E-05
  2.57000  0.117782E-05
  2.58000  0.104000E-05
  2.59000  0.965269E-06
  2.60000  0.880671E-06
  2.61000  0.798796E-06
  2.62000  0.723935E-06
  2.63000  0.653268E-06
  2.64000  0.584294E-06
  2.65000  0.517076E-06
  2.66000  0.444844E-06
  2.67000  0.384363E-06
  2.68000  0.328794E-06
  2.69000  0.279508E-06
  2.70000  0.236765E-06
  2.71000  0.200365E-06
  2.72000  0.170217E-06
  2.73000  0.146477E-06
  2.74000  0.127972E-06
  2.75000  0.112817E-06
  2.76000  0.970210E-07
  2.77000  0.839851E-07
  2.78000  0.715865E-07
  2.79000  0.605846E-07
  2.80000  0.511022E-07
  2.81000  0.428662E-07
  2.82000  0.355906E-07
  2.83000  0.291844E-07
  2.84000  0.237126E-07
  2.85000  0.192386E-07
  2.86000  0.152997E-07
  2.87000  0.124990E-07
  2.88000  0.102018E-07
  2.89000  0.828443E-08
  2.90000  0.670517E-08
  2.91000  0.547276E-08
  2.92000  0.468244E-08
  2.93000  0.395229E-08
  2.94000  0.324160E-08
  2.95000  0.256391E-08
  2.96000  0.192111E-08
  2.97000  0.146547E-08
  2.98000  0.111845E-08
  2.99000  0.853163E-09
  3.00000  0.649489E-09
  3.01000  0.493736E-09
  3.02000  0.374961E-09
  3.03000  0.282960E-09
  3.04000  0.211073E-09
  3.05000  0.155246E-09
  3.06000  0.127190E-09
  3.07000  0.109033E-09
  3.08000  0.935284E-10
  3.09000  0.805304E-10
  3.10000  0.699520E-10
  3.11000  0.616143E-10
  3.12000  0.548759E-10
  3.13000  0.489016E-10
  3.14000  0.432746E-10
  3.15000  0.380362E-10
  3.16000  0.319435E-10
  3.17000  0.279006E-10
  3.18000  0.243622E-10
  3.19000  0.212970E-10
  3.20000  0.186203E-10
  3.21000  0.162444E-10
  3.22000  0.141163E-10
  3.23000  0.122308E-10
  3.24000  0.106167E-10
  3.25000  0.927749E-11
  3.26000  0.771820E-11
  3.27000  0.674423E-11
  3.28000  0.586140E-11
  3.29000  0.508470E-11
  3.30000  0.441430E-11
  3.31000  0.383152E-11
  3.32000  0.332448E-11
  3.33000  0.289123E-11
  3.34000  0.252163E-11
  3.35000  0.219418E-11
  3.36000  0.174410E-11
  3.37000  0.148309E-11
  3.38000  0.125398E-11
  3.39000  0.106328E-11
  3.40000  0.910297E-12
  3.41000  0.787307E-12
  3.42000  0.686929E-12
  3.43000  0.605954E-12
  3.44000  0.542085E-12
  3.45000  0.491024E-12
  3.46000  0.402682E-12
  3.47000  0.370644E-12
  3.48000  0.343518E-12
  3.49000  0.319871E-12
  3.50000  0.298423E-12
  3.51000  0.278367E-12
  3.52000  0.259279E-12
  3.53000  0.241089E-12
  3.54000  0.224129E-12
  3.55000  0.208780E-12
  3.56000  0.174974E-12
  3.57000  0.163731E-12
  3.58000  0.153331E-12
  3.59000  0.143539E-12
  3.60000  0.134222E-12
  3.61000  0.125343E-12
  3.62000  0.117039E-12
  3.63000  0.109477E-12
  3.64000  0.102734E-12
  3.65000  0.967197E-13
  3.66000  0.817170E-13
  3.67000  0.773643E-13
  3.68000  0.733015E-13
  3.69000  0.694442E-13
  3.70000  0.782321E-13
  3.71000  0.949350E-13
  3.72000  0.116868E-12
  3.73000  0.144199E-12
  3.74000  0.175164E-12
  3.75000  0.206824E-12
  3.76000  0.212294E-12
  3.77000  0.233582E-12
  3.78000  0.248245E-12
  3.79000  0.256459E-12
  3.80000  0.259974E-12
  3.81000  0.260575E-12
  3.82000  0.258642E-12
  3.83000  0.253412E-12
  3.84000  0.244094E-12
  3.85000  0.230157E-12
  3.86000  0.193737E-12
  3.87000  0.177244E-12
  3.88000  0.161440E-12
  3.89000  0.146792E-12
  3.90000  0.133081E-12
  3.91000  0.120296E-12
  3.92000  0.108407E-12
  3.93000  0.973890E-13
  3.94000  0.872204E-13
  3.95000  0.779073E-13
  3.96000  0.627543E-13
  3.97000  0.561591E-13
  3.98000  0.505760E-13
  3.99000  0.459253E-13
  4.00000  0.420943E-13
  4.01000  0.388914E-13
  4.02000  0.361089E-13
  4.03000  0.336056E-13
  4.04000  0.313277E-13
  4.05000  0.292909E-13
  4.06000  0.242638E-13
  4.07000  0.228652E-13
  4.08000  0.216303E-13
  4.09000  0.205060E-13
  4.10000  0.194630E-13
  4.11000  0.184896E-13
  4.12000  0.175827E-13
  4.13000  0.167386E-13
  4.14000  0.159429E-13
  4.15000  0.151606E-13
  4.16000  0.125002E-13
  4.17000  0.117911E-13
  4.18000  0.110489E-13
  4.19000  0.102819E-13
  4.20000  0.952382E-14
  4.21000  0.880231E-14
  4.22000  0.812829E-14
  4.23000  0.750331E-14
  4.24000  0.694523E-14
  4.25000  0.646145E-14
  4.26000  0.515121E-14
  4.27000  0.474800E-14
  4.28000  0.438845E-14
  4.29000  0.407161E-14
  4.30000  0.373499E-14
  4.31000  0.338614E-14
  4.32000  0.303018E-14
  4.33000  0.294178E-14
  4.34000  0.335653E-14
  4.35000  0.379383E-14
  4.36000  0.403460E-14
  4.37000  0.420330E-14
  4.38000  0.409724E-14
  4.39000  0.371623E-14
  4.40000  0.314142E-14
  4.41000  0.248638E-14
  4.42000  0.188045E-14
  4.43000  0.140209E-14
  4.44000  0.106356E-14
  4.45000  0.836915E-15
  4.46000  0.566640E-15
  4.47000  0.485357E-15
  4.48000  0.436909E-15
  4.49000  0.409601E-15
  4.50000  0.413993E-15
  4.51000  0.424501E-15
  4.52000  0.437038E-15
  4.53000  0.450452E-15
  4.54000  0.488229E-15
  4.55000  0.575141E-15
  4.56000  0.592769E-15
  4.57000  0.753285E-15
  4.58000  0.975080E-15
  4.59000  0.126952E-14
  4.60000  0.164169E-14
  4.61000  0.210104E-14
  4.62000  0.266189E-14
  4.63000  0.330899E-14
  4.64000  0.396697E-14
  4.65000  0.450442E-14
  4.66000  0.373440E-14
  4.67000  0.360544E-14
  4.68000  0.321198E-14
  4.69000  0.264887E-14
  4.70000  0.205424E-14
  4.71000  0.153394E-14
  4.72000  0.112932E-14
  4.73000  0.832775E-15
  4.74000  0.617118E-15
  4.75000  0.458365E-15
  4.76000  0.227155E-15
  4.77000  0.168834E-15
  4.78000  0.124940E-15
  4.79000  0.911950E-16
  4.80000  0.652254E-16
  4.81000  0.453951E-16
  4.82000  0.305461E-16
  4.83000  0.313491E-16
  4.84000  0.324102E-16
  4.85000  0.337351E-16
  4.86000  0.241446E-16
  4.87000  0.255372E-16
  4.88000  0.272837E-16
  4.89000  0.295454E-16
  4.90000  0.325159E-16
  4.91000  0.363926E-16
  4.92000  0.412995E-16
  4.93000  0.473167E-16
  4.94000  0.542813E-16
  4.95000  0.618315E-16
  4.96000  0.469686E-16
  4.97000  0.521360E-16
  4.98000  0.570299E-16
  4.99000  0.615150E-16
  5.00000  0.654879E-16
  5.01000  0.688308E-16
  5.02000  0.712222E-16
  5.03000  0.723618E-16
  5.04000  0.718819E-16
  5.05000  0.696642E-16
  5.06000  0.437434E-16
  5.07000  0.402808E-16
  5.08000  0.364219E-16
  5.09000  0.325042E-16
  5.10000  0.288723E-16
  5.11000  0.257432E-16
  5.12000  0.231356E-16
  5.13000  0.211718E-16
  5.14000  0.197483E-16
  5.15000  0.188357E-16
  5.16000  0.116422E-16
  5.17000  0.113700E-16
  5.18000  0.112222E-16
  5.19000  0.110552E-16
  5.20000  0.108481E-16
  5.21000  0.105833E-16
  5.22000  0.102190E-16
  5.23000  0.977466E-17
  5.24000  0.923373E-17
  5.25000  0.862121E-17
  5.26000  0.504764E-17
  5.27000  0.461751E-17
  5.28000  0.418489E-17
  5.29000  0.376194E-17
  5.30000  0.335793E-17
  5.31000  0.297820E-17
  5.32000  0.262605E-17
  5.33000  0.230487E-17
  5.34000  0.201532E-17
  5.35000  0.175612E-17
  5.36000  0.994049E-18
  5.37000  0.863608E-18
  5.38000  0.748091E-18
  5.39000  0.646444E-18
  5.40000  0.556757E-18
  5.41000  0.478044E-18
  5.42000  0.409596E-18
  5.43000  0.349856E-18
  5.44000  0.297975E-18
  5.45000  0.253253E-18
  5.46000  0.145396E-18
  5.47000  0.124202E-18
  5.48000  0.106453E-18
  5.49000  0.916021E-19
  5.50000  0.804774E-19
  5.51000  0.720784E-19
  5.52000  0.644954E-19
  5.53000  0.575457E-19
  5.54000  0.511889E-19
  5.55000  0.454285E-19
  5.56000  0.259395E-19
  5.57000  0.230259E-19
  5.58000  0.204131E-19
  5.59000  0.181190E-19
  5.60000  0.161007E-19
  5.61000  0.143329E-19
  5.62000  0.127936E-19
  5.63000  0.114589E-19
  5.64000  0.103031E-19
  5.65000  0.929331E-20
  5.66000  0.567400E-20
  5.67000  0.511258E-20
  5.68000  0.460456E-20
  5.69000  0.414687E-20
  5.70000  0.373427E-20
  5.71000  0.336141E-20
  5.72000  0.307075E-20
  5.73000  0.280635E-20
  5.74000  0.256925E-20
  5.75000  0.235834E-20
  5.76000  0.148597E-20
  5.77000  0.137739E-20
  5.78000  0.128115E-20
  5.79000  0.119414E-20
  5.80000  0.111635E-20
  5.81000  0.104527E-20
  5.82000  0.978384E-21
  5.83000  0.916468E-21
  5.84000  0.858658E-21
  5.85000  0.805860E-21
  5.86000  0.542893E-21
  5.87000  0.514252E-21
  5.88000  0.489475E-21
  5.89000  0.469144E-21
  5.90000  0.452425E-21
  5.91000  0.439043E-21
  5.92000  0.427655E-21
  5.93000  0.416583E-21
  5.94000  0.405452E-21
  5.95000  0.393484E-21
  5.96000  0.282097E-21
  5.97000  0.270713E-21
  5.98000  0.256980E-21
  5.99000  0.241467E-21
  6.00000  0.224918E-21
  6.20000  0.749595E-23
  6.40000  0.221574E-24
  6.60000  0.695651E-26
  6.80000  0.157393E-27
  7.00000  0.504343E-29
