  0.00000  0.000000E+00
  0.01000  0.424489E-01
  0.02000  0.137975E+00
  0.03000  0.132274E+00
  0.04000  0.799065E-01
  0.05000  0.471708E-01
  0.06000  0.313903E-01
  0.07000  0.951415E-02
  0.08000  0.184550E-02
  0.09000  0.198893E-03
  0.10000  0.246144E-04
  0.11000  0.171993E-05
  0.12000  0.391558E-07
  0.13000  0.695023E-09
  0.14000  0.109881E-10
  0.15000  0.337505E-12
  0.16000  0.966179E-14
  0.17000  0.329062E-15
  0.18000  0.243340E-16
  0.19000  0.378989E-17
  0.20000  0.371578E-18
  0.21000  0.583232E-19
  0.22000  0.887629E-20
  0.23000  0.127267E-20
  0.24000  0.877038E-22
  0.25000  0.158643E-22
  0.26000  0.279881E-23
  0.27000  0.136072E-25
  0.28000  0.754704E-28
  0.29000  0.000000E+00
  0.30000  0.000000E+00
  0.31000  0.000000E+00
  0.32000  0.000000E+00
  0.33000  0.000000E+00
  0.34000  0.000000E+00
  0.35000  0.000000E+00
  0.36000  0.000000E+00
  0.37000  0.000000E+00
  0.38000  0.000000E+00
  0.39000  0.000000E+00
  0.40000  0.000000E+00
  0.41000  0.000000E+00
  0.42000  0.000000E+00
  0.43000  0.000000E+00
  0.44000  0.000000E+00
  0.45000  0.000000E+00
  0.46000  0.000000E+00
  0.47000  0.000000E+00
  0.48000  0.000000E+00
  0.49000  0.000000E+00
  0.50000  0.000000E+00
  0.51000  0.000000E+00
  0.52000  0.000000E+00
  0.53000  0.000000E+00
  0.54000  0.000000E+00
  0.55000  0.000000E+00
  0.56000  0.000000E+00
  0.57000  0.000000E+00
  0.58000  0.000000E+00
  0.59000  0.000000E+00
  0.60000  0.000000E+00
  0.61000  0.000000E+00
  0.62000  0.000000E+00
  0.63000  0.000000E+00
  0.64000  0.235482E-29
  0.65000  0.106376E-27
  0.66000  0.224260E-25
  0.67000  0.559732E-23
  0.68000  0.313040E-21
  0.69000  0.109384E-19
  0.70000  0.199888E-17
  0.71000  0.645844E-15
  0.72000  0.157260E-12
  0.73000  0.482899E-10
  0.74000  0.406465E-08
  0.75000  0.935300E-07
  0.76000  0.243643E-05
  0.77000  0.467124E-04
  0.78000  0.339883E-03
  0.79000  0.108733E-02
  0.80000  0.226888E-02
  0.81000  0.370184E-02
  0.82000  0.587239E-02
  0.83000  0.578603E-02
  0.84000  0.361676E-02
  0.85000  0.516089E-02
  0.86000  0.813276E-02
  0.87000  0.797281E-02
  0.88000  0.915704E-02
  0.89000  0.116525E-01
  0.90000  0.126576E-01
  0.91000  0.119772E-01
  0.92000  0.971780E-02
  0.93000  0.828535E-02
  0.94000  0.676564E-02
  0.95000  0.447177E-02
  0.96000  0.258803E-02
  0.97000  0.156675E-02
  0.98000  0.604412E-03
  0.99000  0.196361E-03
  1.00000  0.899695E-04
  1.01000  0.503961E-04
  1.02000  0.280335E-04
  1.03000  0.211585E-04
  1.04000  0.272092E-04
  1.05000  0.419996E-04
  1.06000  0.531293E-04
  1.07000  0.640179E-04
  1.08000  0.703932E-04
  1.09000  0.724508E-04
  1.10000  0.687972E-04
  1.11000  0.704738E-04
  1.12000  0.756041E-04
  1.13000  0.749700E-04
  1.14000  0.680340E-04
  1.15000  0.714452E-04
  1.16000  0.754692E-04
  1.17000  0.120659E-03
  1.18000  0.140685E-03
  1.19000  0.118680E-03
  1.20000  0.861519E-04
  1.21000  0.631608E-04
  1.22000  0.100000E+01
  1.23000  0.931136E+00
  1.24000  0.396620E+00
  1.25000  0.401946E-01
  1.26000  0.145773E-02
  1.27000  0.104223E-03
  1.28000  0.413766E-04
  1.29000  0.327994E-04
  1.30000  0.255744E-04
  1.31000  0.251022E-04
  1.32000  0.436819E-04
  1.33000  0.255063E-03
  1.34000  0.333719E-02
  1.35000  0.277781E-01
  1.36000  0.582229E-01
  1.37000  0.481975E-01
  1.38000  0.242890E-01
  1.39000  0.111305E-01
  1.40000  0.523693E-02
  1.41000  0.244107E-02
  1.42000  0.144042E-02
  1.43000  0.110376E-02
  1.44000  0.675902E-03
  1.45000  0.372555E-03
  1.46000  0.188025E-03
  1.47000  0.113981E-03
  1.48000  0.751462E-04
  1.49000  0.507459E-04
  1.50000  0.309595E-04
  1.51000  0.182155E-04
  1.52000  0.114802E-04
  1.53000  0.764347E-05
  1.54000  0.473220E-05
  1.55000  0.253588E-05
  1.56000  0.101962E-05
  1.57000  0.307093E-06
  1.58000  0.396385E-07
  1.59000  0.752769E-08
  1.60000  0.221482E-08
  1.61000  0.712723E-09
  1.62000  0.247703E-09
  1.63000  0.939267E-10
  1.64000  0.377252E-10
  1.65000  0.146025E-10
  1.66000  0.945210E-11
  1.67000  0.693454E-11
  1.68000  0.489855E-11
  1.69000  0.343251E-11
  1.70000  0.243048E-11
  1.71000  0.172427E-11
  1.72000  0.124515E-11
  1.73000  0.937202E-12
  1.74000  0.112134E-11
  1.75000  0.155802E-11
  1.76000  0.186381E-11
  1.77000  0.234307E-11
  1.78000  0.286497E-11
  1.79000  0.354622E-11
  1.80000  0.446620E-11
  1.81000  0.568843E-11
  1.82000  0.727139E-11
  1.83000  0.920532E-11
  1.84000  0.113626E-10
  1.85000  0.133949E-10
  1.86000  0.132546E-10
  1.87000  0.134849E-10
  1.88000  0.126916E-10
  1.89000  0.110427E-10
  1.90000  0.886434E-11
  1.91000  0.654964E-11
  1.92000  0.444259E-11
  1.93000  0.274461E-11
  1.94000  0.154860E-11
  1.95000  0.806573E-12
  1.96000  0.344186E-12
  1.97000  0.159729E-12
  1.98000  0.716862E-13
  1.99000  0.313562E-13
  2.00000  0.134796E-13
  2.01000  0.574310E-14
  2.02000  0.242010E-14
  2.03000  0.994156E-15
  2.04000  0.391219E-15
  2.05000  0.148226E-15
  2.06000  0.422094E-16
  2.07000  0.145223E-16
  2.08000  0.492263E-17
  2.09000  0.166842E-17
  2.10000  0.566654E-18
  2.11000  0.193023E-18
  2.12000  0.662487E-19
  2.13000  0.229270E-19
  2.14000  0.793533E-20
  2.15000  0.266919E-20
  2.16000  0.567377E-21
  2.17000  0.161042E-21
  2.18000  0.428050E-22
  2.19000  0.111428E-22
  2.20000  0.422875E-23
  2.21000  0.726953E-23
  2.22000  0.124244E-22
  2.23000  0.191059E-22
  2.24000  0.243574E-22
  2.25000  0.264366E-22
  2.26000  0.156759E-22
  2.27000  0.137661E-22
  2.28000  0.107622E-22
  2.29000  0.755546E-23
  2.30000  0.477020E-23
  2.31000  0.253864E-23
  2.32000  0.110299E-23
  2.33000  0.419758E-24
  2.34000  0.154374E-24
  2.35000  0.548347E-25
  2.36000  0.977865E-26
  2.37000  0.221091E-26
  2.38000  0.315822E-27
  2.39000  0.356976E-28
  2.40000  0.368966E-29
  2.41000  0.000000E+00
  2.42000  0.000000E+00
  2.43000  0.000000E+00
  2.44000  0.000000E+00
  2.45000  0.000000E+00
  2.46000  0.000000E+00
  2.47000  0.000000E+00
  2.48000  0.000000E+00
  2.49000  0.000000E+00
  2.50000  0.000000E+00
  2.51000  0.000000E+00
  2.52000  0.000000E+00
  2.53000  0.000000E+00
  2.54000  0.000000E+00
  2.55000  0.000000E+00
  2.56000  0.000000E+00
  2.57000  0.000000E+00
  2.58000  0.000000E+00
  2.59000  0.000000E+00
  2.60000  0.000000E+00
  2.61000  0.000000E+00
  2.62000  0.000000E+00
  2.63000  0.000000E+00
  2.64000  0.000000E+00
  2.65000  0.000000E+00
  2.66000  0.000000E+00
  2.67000  0.000000E+00
  2.68000  0.000000E+00
  2.69000  0.000000E+00
  2.70000  0.000000E+00
  2.71000  0.000000E+00
  2.72000  0.000000E+00
  2.73000  0.000000E+00
  2.74000  0.000000E+00
  2.75000  0.000000E+00
  2.76000  0.000000E+00
  2.77000  0.000000E+00
  2.78000  0.000000E+00
  2.79000  0.000000E+00
  2.80000  0.000000E+00
  2.81000  0.000000E+00
  2.82000  0.000000E+00
  2.83000  0.000000E+00
  2.84000  0.000000E+00
  2.85000  0.000000E+00
  2.86000  0.000000E+00
  2.87000  0.000000E+00
  2.88000  0.000000E+00
  2.89000  0.000000E+00
  2.90000  0.000000E+00
  2.91000  0.000000E+00
  2.92000  0.000000E+00
  2.93000  0.000000E+00
  2.94000  0.000000E+00
  2.95000  0.000000E+00
  2.96000  0.000000E+00
  2.97000  0.000000E+00
  2.98000  0.000000E+00
  2.99000  0.000000E+00
  3.00000  0.000000E+00
  3.01000  0.000000E+00
  3.02000  0.000000E+00
  3.03000  0.000000E+00
  3.04000  0.000000E+00
  3.05000  0.000000E+00
  3.06000  0.000000E+00
  3.07000  0.000000E+00
  3.08000  0.000000E+00
  3.09000  0.000000E+00
  3.10000  0.000000E+00
  3.11000  0.000000E+00
  3.12000  0.000000E+00
  3.13000  0.000000E+00
  3.14000  0.000000E+00
  3.15000  0.000000E+00
  3.16000  0.000000E+00
  3.17000  0.000000E+00
  3.18000  0.000000E+00
  3.19000  0.000000E+00
  3.20000  0.000000E+00
  3.21000  0.000000E+00
  3.22000  0.000000E+00
  3.23000  0.000000E+00
  3.24000  0.000000E+00
  3.25000  0.000000E+00
  3.26000  0.000000E+00
  3.27000  0.000000E+00
  3.28000  0.000000E+00
  3.29000  0.000000E+00
  3.30000  0.000000E+00
  3.31000  0.000000E+00
  3.32000  0.000000E+00
  3.33000  0.000000E+00
  3.34000  0.000000E+00
  3.35000  0.000000E+00
  3.36000  0.000000E+00
  3.37000  0.000000E+00
  3.38000  0.000000E+00
  3.39000  0.000000E+00
  3.40000  0.000000E+00
  3.41000  0.000000E+00
  3.42000  0.000000E+00
  3.43000  0.000000E+00
  3.44000  0.000000E+00
  3.45000  0.000000E+00
  3.46000  0.000000E+00
  3.47000  0.000000E+00
  3.48000  0.000000E+00
  3.49000  0.000000E+00
  3.50000  0.000000E+00
  3.51000  0.000000E+00
  3.52000  0.000000E+00
  3.53000  0.000000E+00
  3.54000  0.000000E+00
  3.55000  0.000000E+00
  3.56000  0.000000E+00
  3.57000  0.000000E+00
  3.58000  0.000000E+00
  3.59000  0.000000E+00
  3.60000  0.000000E+00
  3.61000  0.000000E+00
  3.62000  0.000000E+00
  3.63000  0.000000E+00
  3.64000  0.000000E+00
  3.65000  0.000000E+00
  3.66000  0.000000E+00
  3.67000  0.000000E+00
  3.68000  0.000000E+00
  3.69000  0.000000E+00
  3.70000  0.000000E+00
  3.71000  0.000000E+00
  3.72000  0.000000E+00
  3.73000  0.000000E+00
  3.74000  0.000000E+00
  3.75000  0.000000E+00
  3.76000  0.000000E+00
  3.77000  0.000000E+00
  3.78000  0.000000E+00
  3.79000  0.000000E+00
  3.80000  0.000000E+00
  3.81000  0.000000E+00
  3.82000  0.000000E+00
  3.83000  0.000000E+00
  3.84000  0.000000E+00
  3.85000  0.000000E+00
  3.86000  0.000000E+00
  3.87000  0.000000E+00
  3.88000  0.000000E+00
  3.89000  0.000000E+00
  3.90000  0.000000E+00
  3.91000  0.000000E+00
  3.92000  0.000000E+00
  3.93000  0.000000E+00
  3.94000  0.000000E+00
  3.95000  0.000000E+00
  3.96000  0.000000E+00
  3.97000  0.000000E+00
  3.98000  0.000000E+00
  3.99000  0.000000E+00
  4.00000  0.000000E+00
  4.01000  0.000000E+00
  4.02000  0.000000E+00
  4.03000  0.000000E+00
  4.04000  0.000000E+00
  4.05000  0.000000E+00
  4.06000  0.000000E+00
  4.07000  0.000000E+00
  4.08000  0.000000E+00
  4.09000  0.000000E+00
  4.10000  0.000000E+00
  4.11000  0.000000E+00
  4.12000  0.000000E+00
  4.13000  0.000000E+00
  4.14000  0.000000E+00
  4.15000  0.000000E+00
  4.16000  0.000000E+00
  4.17000  0.000000E+00
  4.18000  0.000000E+00
  4.19000  0.000000E+00
  4.20000  0.000000E+00
  4.21000  0.000000E+00
  4.22000  0.000000E+00
  4.23000  0.000000E+00
  4.24000  0.000000E+00
  4.25000  0.000000E+00
  4.26000  0.000000E+00
  4.27000  0.000000E+00
  4.28000  0.000000E+00
  4.29000  0.000000E+00
  4.30000  0.000000E+00
  4.31000  0.000000E+00
  4.32000  0.000000E+00
  4.33000  0.000000E+00
  4.34000  0.000000E+00
  4.35000  0.000000E+00
  4.36000  0.000000E+00
  4.37000  0.000000E+00
  4.38000  0.000000E+00
  4.39000  0.000000E+00
  4.40000  0.000000E+00
  4.41000  0.000000E+00
  4.42000  0.000000E+00
  4.43000  0.000000E+00
  4.44000  0.000000E+00
  4.45000  0.000000E+00
  4.46000  0.000000E+00
  4.47000  0.000000E+00
  4.48000  0.000000E+00
  4.49000  0.000000E+00
  4.50000  0.000000E+00
  4.51000  0.000000E+00
  4.52000  0.000000E+00
  4.53000  0.000000E+00
  4.54000  0.000000E+00
  4.55000  0.000000E+00
  4.56000  0.000000E+00
  4.57000  0.000000E+00
  4.58000  0.000000E+00
  4.59000  0.000000E+00
  4.60000  0.000000E+00
  4.61000  0.000000E+00
  4.62000  0.000000E+00
  4.63000  0.000000E+00
  4.64000  0.000000E+00
  4.65000  0.000000E+00
  4.66000  0.000000E+00
  4.67000  0.000000E+00
  4.68000  0.000000E+00
  4.69000  0.000000E+00
  4.70000  0.000000E+00
  4.71000  0.000000E+00
  4.72000  0.000000E+00
  4.73000  0.000000E+00
  4.74000  0.000000E+00
  4.75000  0.000000E+00
  4.76000  0.000000E+00
  4.77000  0.000000E+00
  4.78000  0.000000E+00
  4.79000  0.000000E+00
  4.80000  0.000000E+00
  4.81000  0.000000E+00
  4.82000  0.000000E+00
  4.83000  0.000000E+00
  4.84000  0.000000E+00
  4.85000  0.000000E+00
  4.86000  0.000000E+00
  4.87000  0.000000E+00
  4.88000  0.000000E+00
  4.89000  0.000000E+00
  4.90000  0.000000E+00
  4.91000  0.000000E+00
  4.92000  0.000000E+00
  4.93000  0.000000E+00
  4.94000  0.000000E+00
  4.95000  0.000000E+00
  4.96000  0.000000E+00
  4.97000  0.000000E+00
  4.98000  0.000000E+00
  4.99000  0.000000E+00
  5.00000  0.000000E+00
  5.01000  0.000000E+00
  5.02000  0.000000E+00
  5.03000  0.000000E+00
  5.04000  0.000000E+00
  5.05000  0.000000E+00
  5.06000  0.000000E+00
  5.07000  0.000000E+00
  5.08000  0.000000E+00
  5.09000  0.000000E+00
  5.10000  0.000000E+00
  5.11000  0.000000E+00
  5.12000  0.000000E+00
  5.13000  0.000000E+00
  5.14000  0.000000E+00
  5.15000  0.000000E+00
  5.16000  0.000000E+00
  5.17000  0.000000E+00
  5.18000  0.000000E+00
  5.19000  0.000000E+00
  5.20000  0.000000E+00
  5.21000  0.000000E+00
  5.22000  0.000000E+00
  5.23000  0.000000E+00
  5.24000  0.000000E+00
  5.25000  0.000000E+00
  5.26000  0.000000E+00
  5.27000  0.000000E+00
  5.28000  0.000000E+00
  5.29000  0.000000E+00
  5.30000  0.000000E+00
  5.31000  0.000000E+00
  5.32000  0.000000E+00
  5.33000  0.000000E+00
  5.34000  0.000000E+00
  5.35000  0.000000E+00
  5.36000  0.000000E+00
  5.37000  0.000000E+00
  5.38000  0.000000E+00
  5.39000  0.000000E+00
  5.40000  0.000000E+00
  5.41000  0.000000E+00
  5.42000  0.000000E+00
  5.43000  0.000000E+00
  5.44000  0.000000E+00
  5.45000  0.000000E+00
  5.46000  0.000000E+00
  5.47000  0.000000E+00
  5.48000  0.000000E+00
  5.49000  0.000000E+00
  5.50000  0.000000E+00
  5.51000  0.000000E+00
  5.52000  0.000000E+00
  5.53000  0.000000E+00
  5.54000  0.000000E+00
  5.55000  0.000000E+00
  5.56000  0.000000E+00
  5.57000  0.000000E+00
  5.58000  0.000000E+00
  5.59000  0.000000E+00
  5.60000  0.000000E+00
  5.61000  0.000000E+00
  5.62000  0.000000E+00
  5.63000  0.000000E+00
  5.64000  0.000000E+00
  5.65000  0.000000E+00
  5.66000  0.000000E+00
  5.67000  0.000000E+00
  5.68000  0.000000E+00
  5.69000  0.000000E+00
  5.70000  0.000000E+00
  5.71000  0.000000E+00
  5.72000  0.000000E+00
  5.73000  0.000000E+00
  5.74000  0.000000E+00
  5.75000  0.000000E+00
  5.76000  0.000000E+00
  5.77000  0.000000E+00
  5.78000  0.000000E+00
  5.79000  0.000000E+00
  5.80000  0.000000E+00
  5.81000  0.000000E+00
  5.82000  0.000000E+00
  5.83000  0.000000E+00
  5.84000  0.000000E+00
  5.85000  0.000000E+00
  5.86000  0.000000E+00
  5.87000  0.000000E+00
  5.88000  0.000000E+00
  5.89000  0.000000E+00
  5.90000  0.000000E+00
  5.91000  0.000000E+00
  5.92000  0.000000E+00
  5.93000  0.000000E+00
  5.94000  0.000000E+00
  5.95000  0.000000E+00
  5.96000  0.000000E+00
  5.97000  0.000000E+00
  5.98000  0.000000E+00
  5.99000  0.000000E+00
  6.00000  0.000000E+00
  6.20000  0.000000E+00
  6.40000  0.000000E+00
  6.60000  0.000000E+00
  6.80000  0.000000E+00
  7.00000  0.000000E+00
