  0.00000  0.354386E-04
  0.01000  0.572265E-04
  0.02000  0.871910E-04
  0.03000  0.128728E-03
  0.04000  0.188571E-03
  0.05000  0.273022E-03
  0.06000  0.386424E-03
  0.07000  0.536650E-03
  0.08000  0.740526E-03
  0.09000  0.101798E-02
  0.10000  0.139504E-02
  0.11000  0.191757E-02
  0.12000  0.265136E-02
  0.13000  0.368759E-02
  0.14000  0.515154E-02
  0.15000  0.722741E-02
  0.16000  0.101473E-01
  0.17000  0.141807E-01
  0.18000  0.195130E-01
  0.19000  0.262682E-01
  0.20000  0.345629E-01
  0.21000  0.446777E-01
  0.22000  0.567544E-01
  0.23000  0.708134E-01
  0.24000  0.872427E-01
  0.25000  0.105837E+00
  0.26000  0.126283E+00
  0.27000  0.148563E+00
  0.28000  0.173152E+00
  0.29000  0.200149E+00
  0.30000  0.229280E+00
  0.31000  0.259276E+00
  0.32000  0.289567E+00
  0.33000  0.319081E+00
  0.34000  0.347378E+00
  0.35000  0.374413E+00
  0.36000  0.399988E+00
  0.37000  0.425446E+00
  0.38000  0.452979E+00
  0.39000  0.482545E+00
  0.40000  0.513216E+00
  0.41000  0.544057E+00
  0.42000  0.574481E+00
  0.43000  0.605410E+00
  0.44000  0.639205E+00
  0.45000  0.677470E+00
  0.46000  0.719391E+00
  0.47000  0.763520E+00
  0.48000  0.806117E+00
  0.49000  0.846042E+00
  0.50000  0.884719E+00
  0.51000  0.921358E+00
  0.52000  0.953992E+00
  0.53000  0.980642E+00
  0.54000  0.100000E+01
  0.55000  0.579861E+00
  0.56000  0.584971E+00
  0.57000  0.590609E+00
  0.58000  0.592896E+00
  0.59000  0.234952E+00
  0.60000  0.233006E+00
  0.61000  0.228156E+00
  0.62000  0.219542E+00
  0.63000  0.208592E+00
  0.64000  0.505071E-01
  0.65000  0.464867E-01
  0.66000  0.429041E-01
  0.67000  0.399805E-01
  0.68000  0.376279E-01
  0.69000  0.354791E-01
  0.70000  0.559843E-02
  0.71000  0.514400E-02
  0.72000  0.473208E-02
  0.73000  0.436761E-02
  0.74000  0.400518E-02
  0.75000  0.363439E-02
  0.76000  0.326611E-02
  0.77000  0.338453E-03
  0.78000  0.272008E-03
  0.79000  0.228170E-03
  0.80000  0.190023E-03
  0.81000  0.166546E-03
  0.82000  0.194892E-03
  0.83000  0.223592E-03
  0.84000  0.254157E-03
  0.85000  0.273756E-03
  0.86000  0.566074E-04
  0.87000  0.628168E-04
  0.88000  0.688990E-04
  0.89000  0.747760E-04
  0.90000  0.763852E-04
  0.91000  0.339653E-04
  0.92000  0.340682E-04
  0.93000  0.259129E-04
  0.94000  0.143347E-04
  0.95000  0.138969E-04
  0.96000  0.733196E-05
  0.97000  0.741421E-05
  0.98000  0.742999E-05
  0.99000  0.739150E-05
  1.00000  0.196262E-05
  1.01000  0.165117E-05
  1.02000  0.146901E-05
  1.03000  0.611261E-06
  1.04000  0.524803E-06
  1.05000  0.463034E-06
  1.06000  0.140679E-06
  1.07000  0.126803E-06
  1.08000  0.115175E-06
  1.09000  0.105213E-06
  1.10000  0.965894E-07
  1.11000  0.890646E-07
  1.12000  0.826669E-07
  1.13000  0.769293E-07
  1.14000  0.686482E-08
  1.15000  0.627043E-08
  1.16000  0.570246E-08
  1.17000  0.517971E-08
  1.18000  0.466793E-08
  1.19000  0.416535E-08
  1.20000  0.368171E-08
  1.21000  0.322990E-08
  1.22000  0.281297E-09
  1.23000  0.233144E-09
  1.24000  0.200672E-09
  1.25000  0.171228E-09
  1.26000  0.144678E-09
  1.27000  0.120801E-09
  1.28000  0.998962E-10
  1.29000  0.827050E-10
  1.30000  0.115188E-10
  1.31000  0.869721E-11
  1.32000  0.483324E-11
  1.33000  0.401359E-11
  1.34000  0.333423E-11
  1.35000  0.278139E-11
  1.36000  0.435250E-11
  1.37000  0.607408E-11
  1.38000  0.167889E-11
  1.39000  0.142397E-11
  1.40000  0.270295E-12
  1.41000  0.218556E-12
  1.42000  0.128450E-12
  1.43000  0.114367E-12
  1.44000  0.899486E-13
  1.45000  0.806386E-13
  1.46000  0.454160E-13
  1.47000  0.381058E-13
  1.48000  0.318720E-13
  1.49000  0.265060E-13
  1.50000  0.219678E-13
  1.51000  0.451862E-14
  1.52000  0.388902E-14
  1.53000  0.191534E-14
  1.54000  0.168433E-14
  1.55000  0.148096E-14
  1.56000  0.130325E-14
  1.57000  0.115115E-14
  1.58000  0.101690E-14
  1.59000  0.829201E-15
  1.60000  0.723246E-15
  1.61000  0.402847E-15
  1.62000  0.341567E-15
  1.63000  0.288629E-15
  1.64000  0.243210E-15
  1.65000  0.812691E-16
  1.66000  0.517816E-16
  1.67000  0.455310E-16
  1.68000  0.400353E-16
  1.69000  0.351589E-16
  1.70000  0.308147E-16
  1.71000  0.269621E-16
  1.72000  0.236242E-16
  1.73000  0.983957E-17
  1.74000  0.861942E-17
  1.75000  0.756419E-17
  1.76000  0.662276E-17
  1.77000  0.522744E-17
  1.78000  0.452951E-17
  1.79000  0.236714E-17
  1.80000  0.144499E-17
  1.81000  0.878834E-18
  1.82000  0.838042E-18
  1.83000  0.798588E-18
  1.84000  0.339957E-18
  1.85000  0.302400E-18
  1.86000  0.268384E-18
  1.87000  0.238134E-18
  1.88000  0.211730E-18
  1.89000  0.188685E-18
  1.90000  0.108416E-18
  1.91000  0.985094E-19
  1.92000  0.617160E-19
  1.93000  0.535686E-19
  1.94000  0.463989E-19
  1.95000  0.399949E-19
  1.96000  0.292347E-19
  1.97000  0.944524E-20
  1.98000  0.848224E-20
  1.99000  0.788172E-20
  2.00000  0.757397E-20
  2.01000  0.745746E-20
  2.02000  0.748171E-20
  2.03000  0.755121E-20
  2.04000  0.756171E-20
  2.05000  0.493093E-20
  2.06000  0.453984E-20
  2.07000  0.413562E-20
  2.08000  0.374223E-20
  2.09000  0.337341E-20
  2.10000  0.303259E-20
  2.11000  0.271971E-20
  2.12000  0.243445E-20
  2.13000  0.217495E-20
  2.14000  0.194059E-20
  2.15000  0.173019E-20
  2.16000  0.154226E-20
  2.17000  0.137452E-20
  2.18000  0.122542E-20
  2.19000  0.109348E-20
  2.20000  0.932093E-21
  2.21000  0.837989E-21
  2.22000  0.754376E-21
  2.23000  0.194143E-21
  2.24000  0.142642E-21
  2.25000  0.136453E-21
  2.26000  0.130340E-21
  2.27000  0.124357E-21
  2.28000  0.118671E-21
  2.29000  0.734401E-22
  2.30000  0.667113E-22
  2.31000  0.605021E-22
  2.32000  0.253111E-22
  2.33000  0.233145E-22
  2.34000  0.215500E-22
  2.35000  0.200740E-22
  2.36000  0.188465E-22
  2.37000  0.177553E-22
  2.38000  0.163667E-22
  2.39000  0.144316E-22
  2.40000  0.135215E-22
  2.41000  0.126648E-22
  2.42000  0.118552E-22
  2.43000  0.110925E-22
  2.44000  0.103785E-22
  2.45000  0.971389E-23
  2.46000  0.909190E-23
  2.47000  0.850251E-23
  2.48000  0.793348E-23
  2.49000  0.736830E-23
  2.50000  0.428310E-23
  2.51000  0.400386E-23
  2.52000  0.372296E-23
  2.53000  0.345747E-23
  2.54000  0.322593E-23
  2.55000  0.303404E-23
  2.56000  0.287551E-23
  2.57000  0.138057E-23
  2.58000  0.130921E-23
  2.59000  0.124749E-23
  2.60000  0.119233E-23
  2.61000  0.114215E-23
  2.62000  0.109568E-23
  2.63000  0.105227E-23
  2.64000  0.101100E-23
  2.65000  0.970525E-24
  2.66000  0.447626E-24
  2.67000  0.430113E-24
  2.68000  0.413677E-24
  2.69000  0.398774E-24
  2.70000  0.385522E-24
  2.71000  0.373520E-24
  2.72000  0.362152E-24
  2.73000  0.350986E-24
  2.74000  0.339878E-24
  2.75000  0.329053E-24
  2.76000  0.318408E-24
  2.77000  0.307678E-24
  2.78000  0.296766E-24
  2.79000  0.286049E-24
  2.80000  0.275587E-24
  2.81000  0.744432E-25
  2.82000  0.718371E-25
  2.83000  0.693064E-25
  2.84000  0.669022E-25
  2.85000  0.646574E-25
  2.86000  0.625960E-25
  2.87000  0.607314E-25
  2.88000  0.590271E-25
  2.89000  0.573861E-25
  2.90000  0.557652E-25
  2.91000  0.541789E-25
  2.92000  0.526571E-25
  2.93000  0.511819E-25
  2.94000  0.496867E-25
  2.95000  0.481775E-25
  2.96000  0.466956E-25
  2.97000  0.452686E-25
  2.98000  0.438988E-25
  2.99000  0.425707E-25
  3.00000  0.412826E-25
  3.01000  0.400405E-25
  3.02000  0.388248E-25
  3.03000  0.376418E-25
  3.04000  0.364900E-25
  3.05000  0.353818E-25
  3.06000  0.343340E-25
  3.07000  0.333383E-25
  3.08000  0.323914E-25
  3.09000  0.315036E-25
  3.10000  0.300447E-26
  3.11000  0.289717E-26
  3.12000  0.279810E-26
  3.13000  0.270704E-26
  3.14000  0.262325E-26
  3.15000  0.254491E-26
  3.16000  0.000000E+00
  3.17000  0.000000E+00
  3.18000  0.000000E+00
  3.19000  0.000000E+00
  3.20000  0.000000E+00
  3.21000  0.000000E+00
  3.22000  0.000000E+00
  3.23000  0.000000E+00
  3.24000  0.000000E+00
  3.25000  0.000000E+00
  3.26000  0.000000E+00
  3.27000  0.000000E+00
  3.28000  0.000000E+00
  3.29000  0.000000E+00
  3.30000  0.000000E+00
  3.31000  0.000000E+00
  3.32000  0.000000E+00
  3.33000  0.000000E+00
  3.34000  0.000000E+00
  3.35000  0.000000E+00
  3.36000  0.000000E+00
  3.37000  0.000000E+00
  3.38000  0.000000E+00
  3.39000  0.000000E+00
  3.40000  0.000000E+00
  3.41000  0.000000E+00
  3.42000  0.000000E+00
  3.43000  0.000000E+00
  3.44000  0.000000E+00
  3.45000  0.000000E+00
  3.46000  0.000000E+00
  3.47000  0.000000E+00
  3.48000  0.000000E+00
  3.49000  0.000000E+00
  3.50000  0.000000E+00
  3.51000  0.000000E+00
  3.52000  0.000000E+00
  3.53000  0.000000E+00
  3.54000  0.000000E+00
  3.55000  0.000000E+00
  3.56000  0.000000E+00
  3.57000  0.000000E+00
  3.58000  0.000000E+00
  3.59000  0.000000E+00
  3.60000  0.000000E+00
  3.61000  0.000000E+00
  3.62000  0.000000E+00
  3.63000  0.000000E+00
  3.64000  0.000000E+00
  3.65000  0.000000E+00
  3.66000  0.000000E+00
  3.67000  0.000000E+00
  3.68000  0.000000E+00
  3.69000  0.000000E+00
  3.70000  0.000000E+00
  3.71000  0.000000E+00
  3.72000  0.000000E+00
  3.73000  0.000000E+00
  3.74000  0.000000E+00
  3.75000  0.000000E+00
  3.76000  0.000000E+00
  3.77000  0.000000E+00
  3.78000  0.000000E+00
  3.79000  0.000000E+00
  3.80000  0.000000E+00
  3.81000  0.000000E+00
  3.82000  0.000000E+00
  3.83000  0.000000E+00
  3.84000  0.000000E+00
  3.85000  0.000000E+00
  3.86000  0.000000E+00
  3.87000  0.000000E+00
  3.88000  0.000000E+00
  3.89000  0.000000E+00
  3.90000  0.000000E+00
  3.91000  0.000000E+00
  3.92000  0.000000E+00
  3.93000  0.000000E+00
  3.94000  0.000000E+00
  3.95000  0.000000E+00
  3.96000  0.000000E+00
  3.97000  0.000000E+00
  3.98000  0.000000E+00
  3.99000  0.000000E+00
  4.00000  0.000000E+00
  4.01000  0.000000E+00
  4.02000  0.000000E+00
  4.03000  0.000000E+00
  4.04000  0.000000E+00
  4.05000  0.000000E+00
  4.06000  0.000000E+00
  4.07000  0.000000E+00
  4.08000  0.000000E+00
  4.09000  0.000000E+00
  4.10000  0.000000E+00
  4.11000  0.000000E+00
  4.12000  0.000000E+00
  4.13000  0.000000E+00
  4.14000  0.000000E+00
  4.15000  0.000000E+00
  4.16000  0.000000E+00
  4.17000  0.000000E+00
  4.18000  0.000000E+00
  4.19000  0.000000E+00
  4.20000  0.000000E+00
  4.21000  0.000000E+00
  4.22000  0.000000E+00
  4.23000  0.000000E+00
  4.24000  0.000000E+00
  4.25000  0.000000E+00
  4.26000  0.000000E+00
  4.27000  0.000000E+00
  4.28000  0.000000E+00
  4.29000  0.000000E+00
  4.30000  0.000000E+00
  4.31000  0.000000E+00
  4.32000  0.000000E+00
  4.33000  0.000000E+00
  4.34000  0.000000E+00
  4.35000  0.000000E+00
  4.36000  0.000000E+00
  4.37000  0.000000E+00
  4.38000  0.000000E+00
  4.39000  0.000000E+00
  4.40000  0.000000E+00
  4.41000  0.000000E+00
  4.42000  0.000000E+00
  4.43000  0.000000E+00
  4.44000  0.000000E+00
  4.45000  0.000000E+00
  4.46000  0.000000E+00
  4.47000  0.000000E+00
  4.48000  0.000000E+00
  4.49000  0.000000E+00
  4.50000  0.000000E+00
  4.51000  0.000000E+00
  4.52000  0.000000E+00
  4.53000  0.000000E+00
  4.54000  0.000000E+00
  4.55000  0.000000E+00
  4.56000  0.000000E+00
  4.57000  0.000000E+00
  4.58000  0.000000E+00
  4.59000  0.000000E+00
  4.60000  0.000000E+00
  4.61000  0.000000E+00
  4.62000  0.000000E+00
  4.63000  0.000000E+00
  4.64000  0.000000E+00
  4.65000  0.000000E+00
  4.66000  0.000000E+00
  4.67000  0.000000E+00
  4.68000  0.000000E+00
  4.69000  0.000000E+00
  4.70000  0.000000E+00
  4.71000  0.000000E+00
  4.72000  0.000000E+00
  4.73000  0.000000E+00
  4.74000  0.000000E+00
  4.75000  0.000000E+00
  4.76000  0.000000E+00
  4.77000  0.000000E+00
  4.78000  0.000000E+00
  4.79000  0.000000E+00
  4.80000  0.000000E+00
  4.81000  0.000000E+00
  4.82000  0.000000E+00
  4.83000  0.000000E+00
  4.84000  0.000000E+00
  4.85000  0.000000E+00
  4.86000  0.000000E+00
  4.87000  0.000000E+00
  4.88000  0.000000E+00
  4.89000  0.000000E+00
  4.90000  0.000000E+00
  4.91000  0.000000E+00
  4.92000  0.000000E+00
  4.93000  0.000000E+00
  4.94000  0.000000E+00
  4.95000  0.000000E+00
  4.96000  0.000000E+00
  4.97000  0.000000E+00
  4.98000  0.000000E+00
  4.99000  0.000000E+00
  5.00000  0.000000E+00
  5.01000  0.000000E+00
  5.02000  0.000000E+00
  5.03000  0.000000E+00
  5.04000  0.000000E+00
  5.05000  0.000000E+00
  5.06000  0.000000E+00
  5.07000  0.000000E+00
  5.08000  0.000000E+00
  5.09000  0.000000E+00
  5.10000  0.000000E+00
  5.11000  0.000000E+00
  5.12000  0.000000E+00
  5.13000  0.000000E+00
  5.14000  0.000000E+00
  5.15000  0.000000E+00
  5.16000  0.000000E+00
  5.17000  0.000000E+00
  5.18000  0.000000E+00
  5.19000  0.000000E+00
  5.20000  0.000000E+00
  5.21000  0.000000E+00
  5.22000  0.000000E+00
  5.23000  0.000000E+00
  5.24000  0.000000E+00
  5.25000  0.000000E+00
  5.26000  0.000000E+00
  5.27000  0.000000E+00
  5.28000  0.000000E+00
  5.29000  0.000000E+00
  5.30000  0.000000E+00
  5.31000  0.000000E+00
  5.32000  0.000000E+00
  5.33000  0.000000E+00
  5.34000  0.000000E+00
  5.35000  0.000000E+00
  5.36000  0.000000E+00
  5.37000  0.000000E+00
  5.38000  0.000000E+00
  5.39000  0.000000E+00
  5.40000  0.000000E+00
  5.41000  0.000000E+00
  5.42000  0.000000E+00
  5.43000  0.000000E+00
  5.44000  0.000000E+00
  5.45000  0.000000E+00
  5.46000  0.000000E+00
  5.47000  0.000000E+00
  5.48000  0.000000E+00
  5.49000  0.000000E+00
  5.50000  0.000000E+00
  5.51000  0.000000E+00
  5.52000  0.000000E+00
  5.53000  0.000000E+00
  5.54000  0.000000E+00
  5.55000  0.000000E+00
  5.56000  0.000000E+00
  5.57000  0.000000E+00
  5.58000  0.000000E+00
  5.59000  0.000000E+00
  5.60000  0.000000E+00
  5.61000  0.000000E+00
  5.62000  0.000000E+00
  5.63000  0.000000E+00
  5.64000  0.000000E+00
  5.65000  0.000000E+00
  5.66000  0.000000E+00
  5.67000  0.000000E+00
  5.68000  0.000000E+00
  5.69000  0.000000E+00
  5.70000  0.000000E+00
  5.71000  0.000000E+00
  5.72000  0.000000E+00
  5.73000  0.000000E+00
  5.74000  0.000000E+00
  5.75000  0.000000E+00
  5.76000  0.000000E+00
  5.77000  0.000000E+00
  5.78000  0.000000E+00
  5.79000  0.000000E+00
  5.80000  0.000000E+00
  5.81000  0.000000E+00
  5.82000  0.000000E+00
  5.83000  0.000000E+00
  5.84000  0.000000E+00
  5.85000  0.000000E+00
  5.86000  0.000000E+00
  5.87000  0.000000E+00
  5.88000  0.000000E+00
  5.89000  0.000000E+00
  5.90000  0.000000E+00
  5.91000  0.000000E+00
  5.92000  0.000000E+00
  5.93000  0.000000E+00
  5.94000  0.000000E+00
  5.95000  0.000000E+00
  5.96000  0.000000E+00
  5.97000  0.000000E+00
  5.98000  0.000000E+00
  5.99000  0.000000E+00
  6.00000  0.000000E+00
  6.20000  0.000000E+00
  6.40000  0.000000E+00
  6.60000  0.000000E+00
  6.80000  0.000000E+00
  7.00000  0.000000E+00
