  0.00000  0.000000E+00
  0.01000  0.000000E+00
  0.02000  0.368724E-06
  0.03000  0.124897E-05
  0.04000  0.241030E-05
  0.05000  0.423263E-05
  0.06000  0.711021E-05
  0.07000  0.109948E-04
  0.08000  0.166096E-04
  0.09000  0.277911E-04
  0.10000  0.467938E-04
  0.11000  0.688363E-04
  0.12000  0.968525E-04
  0.13000  0.136735E-03
  0.14000  0.188313E-03
  0.15000  0.231985E-03
  0.16000  0.285014E-03
  0.17000  0.362262E-03
  0.18000  0.461520E-03
  0.19000  0.592763E-03
  0.20000  0.762458E-03
  0.21000  0.951669E-03
  0.22000  0.115662E-02
  0.23000  0.153769E-02
  0.24000  0.208624E-02
  0.25000  0.266263E-02
  0.26000  0.322492E-02
  0.27000  0.372135E-02
  0.28000  0.412398E-02
  0.29000  0.450387E-02
  0.30000  0.500665E-02
  0.31000  0.565157E-02
  0.32000  0.682761E-02
  0.33000  0.896506E-02
  0.34000  0.128828E-01
  0.35000  0.189889E-01
  0.36000  0.266867E-01
  0.37000  0.362947E-01
  0.38000  0.484939E-01
  0.39000  0.644890E-01
  0.40000  0.846705E-01
  0.41000  0.106163E+00
  0.42000  0.128160E+00
  0.43000  0.158709E+00
  0.44000  0.194696E+00
  0.45000  0.233626E+00
  0.46000  0.284723E+00
  0.47000  0.349832E+00
  0.48000  0.436004E+00
  0.49000  0.525363E+00
  0.50000  0.605331E+00
  0.51000  0.681888E+00
  0.52000  0.756173E+00
  0.53000  0.810179E+00
  0.54000  0.815347E+00
  0.55000  0.797702E+00
  0.56000  0.790135E+00
  0.57000  0.763995E+00
  0.58000  0.761475E+00
  0.59000  0.759226E+00
  0.60000  0.764340E+00
  0.61000  0.776351E+00
  0.62000  0.747364E+00
  0.63000  0.740992E+00
  0.64000  0.955467E+00
  0.65000  0.100000E+01
  0.66000  0.876567E+00
  0.67000  0.760488E+00
  0.68000  0.602024E+00
  0.69000  0.541935E+00
  0.70000  0.497870E+00
  0.71000  0.356540E+00
  0.72000  0.235439E+00
  0.73000  0.210386E+00
  0.74000  0.182475E+00
  0.75000  0.155048E+00
  0.76000  0.141250E+00
  0.77000  0.131656E+00
  0.78000  0.120207E+00
  0.79000  0.998096E-01
  0.80000  0.919835E-01
  0.81000  0.869628E-01
  0.82000  0.827650E-01
  0.83000  0.781533E-01
  0.84000  0.735924E-01
  0.85000  0.693436E-01
  0.86000  0.658759E-01
  0.87000  0.627968E-01
  0.88000  0.593011E-01
  0.89000  0.558299E-01
  0.90000  0.530094E-01
  0.91000  0.500609E-01
  0.92000  0.463057E-01
  0.93000  0.424821E-01
  0.94000  0.389174E-01
  0.95000  0.348698E-01
  0.96000  0.306011E-01
  0.97000  0.270360E-01
  0.98000  0.239561E-01
  0.99000  0.210272E-01
  1.00000  0.183937E-01
  1.01000  0.162681E-01
  1.02000  0.146102E-01
  1.03000  0.132200E-01
  1.04000  0.119038E-01
  1.05000  0.106168E-01
  1.06000  0.943010E-02
  1.07000  0.836557E-02
  1.08000  0.743304E-02
  1.09000  0.662026E-02
  1.10000  0.588801E-02
  1.11000  0.529498E-02
  1.12000  0.480635E-02
  1.13000  0.434173E-02
  1.14000  0.386921E-02
  1.15000  0.346328E-02
  1.16000  0.309905E-02
  1.17000  0.283828E-02
  1.18000  0.273131E-02
  1.19000  0.262173E-02
  1.20000  0.251466E-02
  1.21000  0.240512E-02
  1.22000  0.227266E-02
  1.23000  0.212604E-02
  1.24000  0.198690E-02
  1.25000  0.185339E-02
  1.26000  0.172053E-02
  1.27000  0.158356E-02
  1.28000  0.144307E-02
  1.29000  0.130531E-02
  1.30000  0.117887E-02
  1.31000  0.106699E-02
  1.32000  0.966533E-03
  1.33000  0.875152E-03
  1.34000  0.790923E-03
  1.35000  0.711351E-03
  1.36000  0.636844E-03
  1.37000  0.568924E-03
  1.38000  0.507510E-03
  1.39000  0.450922E-03
  1.40000  0.398504E-03
  1.41000  0.351344E-03
  1.42000  0.309970E-03
  1.43000  0.273571E-03
  1.44000  0.241279E-03
  1.45000  0.212098E-03
  1.46000  0.185675E-03
  1.47000  0.162155E-03
  1.48000  0.141209E-03
  1.49000  0.122782E-03
  1.50000  0.106995E-03
  1.51000  0.937134E-04
  1.52000  0.825792E-04
  1.53000  0.731805E-04
  1.54000  0.650660E-04
  1.55000  0.579974E-04
  1.56000  0.520792E-04
  1.57000  0.473871E-04
  1.58000  0.432777E-04
  1.59000  0.391069E-04
  1.60000  0.349793E-04
  1.61000  0.309637E-04
  1.62000  0.270553E-04
  1.63000  0.233303E-04
  1.64000  0.198838E-04
  1.65000  0.167791E-04
  1.66000  0.140478E-04
  1.67000  0.116937E-04
  1.68000  0.982931E-05
  1.69000  0.833288E-05
  1.70000  0.699130E-05
  1.71000  0.595541E-05
  1.72000  0.516371E-05
  1.73000  0.450021E-05
  1.74000  0.393798E-05
  1.75000  0.345827E-05
  1.76000  0.305113E-05
  1.77000  0.270499E-05
  1.78000  0.240565E-05
  1.79000  0.214325E-05
  1.80000  0.191240E-05
  1.81000  0.171106E-05
  1.82000  0.153842E-05
  1.83000  0.139008E-05
  1.84000  0.126112E-05
  1.85000  0.114715E-05
  1.86000  0.104610E-05
  1.87000  0.955095E-06
  1.88000  0.873262E-06
  1.89000  0.800375E-06
  1.90000  0.736403E-06
  1.91000  0.682027E-06
  1.92000  0.636544E-06
  1.93000  0.598022E-06
  1.94000  0.564134E-06
  1.95000  0.532885E-06
  1.96000  0.503170E-06
  1.97000  0.472124E-06
  1.98000  0.439629E-06
  1.99000  0.406110E-06
  2.00000  0.373135E-06
  2.01000  0.342073E-06
  2.02000  0.313095E-06
  2.03000  0.287492E-06
  2.04000  0.266868E-06
  2.05000  0.245299E-06
  2.06000  0.225723E-06
  2.07000  0.206411E-06
  2.08000  0.190029E-06
  2.09000  0.176635E-06
  2.10000  0.165660E-06
  2.11000  0.156494E-06
  2.12000  0.148749E-06
  2.13000  0.142295E-06
  2.14000  0.136947E-06
  2.15000  0.132500E-06
  2.16000  0.130015E-06
  2.17000  0.127339E-06
  2.18000  0.125865E-06
  2.19000  0.125653E-06
  2.20000  0.126458E-06
  2.21000  0.127744E-06
  2.22000  0.128936E-06
  2.23000  0.129365E-06
  2.24000  0.128469E-06
  2.25000  0.126241E-06
  2.26000  0.124177E-06
  2.27000  0.120607E-06
  2.28000  0.116761E-06
  2.29000  0.112610E-06
  2.30000  0.108131E-06
  2.31000  0.103396E-06
  2.32000  0.985511E-07
  2.33000  0.938344E-07
  2.34000  0.894154E-07
  2.35000  0.853949E-07
  2.36000  0.824322E-07
  2.37000  0.793429E-07
  2.38000  0.808429E-07
  2.39000  0.903746E-07
  2.40000  0.931574E-07
  2.41000  0.898738E-07
  2.42000  0.834643E-07
  2.43000  0.766176E-07
  2.44000  0.729287E-07
  2.45000  0.764860E-07
  2.46000  0.791618E-07
  2.47000  0.794075E-07
  2.48000  0.777787E-07
  2.49000  0.744905E-07
  2.50000  0.706838E-07
  2.51000  0.675292E-07
  2.52000  0.654073E-07
  2.53000  0.640774E-07
  2.54000  0.632229E-07
  2.55000  0.627232E-07
  2.56000  0.626798E-07
  2.57000  0.634942E-07
  2.58000  0.657548E-07
  2.59000  0.698161E-07
  2.60000  0.757249E-07
  2.61000  0.831419E-07
  2.62000  0.920979E-07
  2.63000  0.103306E-06
  2.64000  0.117504E-06
  2.65000  0.134776E-06
  2.66000  0.155273E-06
  2.67000  0.175093E-06
  2.68000  0.193906E-06
  2.69000  0.210733E-06
  2.70000  0.224529E-06
  2.71000  0.235181E-06
  2.72000  0.242933E-06
  2.73000  0.246263E-06
  2.74000  0.241681E-06
  2.75000  0.227169E-06
  2.76000  0.212865E-06
  2.77000  0.200725E-06
  2.78000  0.198160E-06
  2.79000  0.201435E-06
  2.80000  0.206471E-06
  2.81000  0.211687E-06
  2.82000  0.217421E-06
  2.83000  0.224671E-06
  2.84000  0.233898E-06
  2.85000  0.245496E-06
  2.86000  0.264353E-06
  2.87000  0.281821E-06
  2.88000  0.303926E-06
  2.89000  0.331834E-06
  2.90000  0.365068E-06
  2.91000  0.402403E-06
  2.92000  0.441890E-06
  2.93000  0.481193E-06
  2.94000  0.518298E-06
  2.95000  0.551335E-06
  2.96000  0.592672E-06
  2.97000  0.610152E-06
  2.98000  0.615951E-06
  2.99000  0.610125E-06
  3.00000  0.593219E-06
  3.01000  0.566911E-06
  3.02000  0.534551E-06
  3.03000  0.500125E-06
  3.04000  0.466965E-06
  3.05000  0.436991E-06
  3.06000  0.417367E-06
  3.07000  0.395158E-06
  3.08000  0.376418E-06
  3.09000  0.360081E-06
  3.10000  0.345218E-06
  3.11000  0.331561E-06
  3.12000  0.319213E-06
  3.13000  0.308458E-06
  3.14000  0.300016E-06
  3.15000  0.294572E-06
  3.16000  0.298344E-06
  3.17000  0.301190E-06
  3.18000  0.308714E-06
  3.19000  0.320620E-06
  3.20000  0.336696E-06
  3.21000  0.356943E-06
  3.22000  0.381481E-06
  3.23000  0.409862E-06
  3.24000  0.441274E-06
  3.25000  0.473964E-06
  3.26000  0.518291E-06
  3.27000  0.565247E-06
  3.28000  0.608652E-06
  3.29000  0.647035E-06
  3.30000  0.679674E-06
  3.31000  0.705757E-06
  3.32000  0.725319E-06
  3.33000  0.739737E-06
  3.34000  0.750387E-06
  3.35000  0.757973E-06
  3.36000  0.760751E-06
  3.37000  0.762879E-06
  3.38000  0.764916E-06
  3.39000  0.768551E-06
  3.40000  0.774176E-06
  3.41000  0.780259E-06
  3.42000  0.784499E-06
  3.43000  0.819321E-06
  3.44000  0.894838E-06
  3.45000  0.974496E-06
  3.46000  0.113546E-05
  3.47000  0.123108E-05
  3.48000  0.133206E-05
  3.49000  0.143732E-05
  3.50000  0.154552E-05
  3.51000  0.165529E-05
  3.52000  0.176448E-05
  3.53000  0.187027E-05
  3.54000  0.197002E-05
  3.55000  0.206219E-05
  3.56000  0.226881E-05
  3.57000  0.233727E-05
  3.58000  0.238977E-05
  3.59000  0.242543E-05
  3.60000  0.244426E-05
  3.61000  0.244782E-05
  3.62000  0.244063E-05
  3.63000  0.242823E-05
  3.64000  0.241159E-05
  3.65000  0.238701E-05
  3.66000  0.235803E-05
  3.67000  0.229511E-05
  3.68000  0.221495E-05
  3.69000  0.211938E-05
  3.70000  0.201144E-05
  3.71000  0.189343E-05
  3.72000  0.176764E-05
  3.73000  0.163683E-05
  3.74000  0.150474E-05
  3.75000  0.137506E-05
  3.76000  0.119334E-05
  3.77000  0.107775E-05
  3.78000  0.972990E-06
  3.79000  0.881960E-06
  3.80000  0.807906E-06
  3.81000  0.753692E-06
  3.82000  0.719888E-06
  3.83000  0.704750E-06
  3.84000  0.704279E-06
  3.85000  0.712954E-06
  3.86000  0.670580E-06
  3.87000  0.679837E-06
  3.88000  0.684681E-06
  3.89000  0.683413E-06
  3.90000  0.674381E-06
  3.91000  0.656929E-06
  3.92000  0.631029E-06
  3.93000  0.596906E-06
  3.94000  0.555559E-06
  3.95000  0.508703E-06
  3.96000  0.398901E-06
  3.97000  0.350641E-06
  3.98000  0.304002E-06
  3.99000  0.260438E-06
  4.00000  0.220618E-06
  4.01000  0.184453E-06
  4.02000  0.151507E-06
  4.03000  0.121834E-06
  4.04000  0.958889E-07
  4.05000  0.742708E-07
  4.06000  0.417946E-07
  4.07000  0.315370E-07
  4.08000  0.238164E-07
  4.09000  0.178907E-07
  4.10000  0.132631E-07
  4.11000  0.964064E-08
  4.12000  0.684914E-08
  4.13000  0.475598E-08
  4.14000  0.335015E-08
  4.15000  0.251332E-08
  4.16000  0.117129E-08
  4.17000  0.873445E-09
  4.18000  0.657324E-09
  4.19000  0.535262E-09
  4.20000  0.452522E-09
  4.21000  0.394068E-09
  4.22000  0.354205E-09
  4.23000  0.328343E-09
  4.24000  0.313673E-09
  4.25000  0.307653E-09
  4.26000  0.172345E-09
  4.27000  0.171029E-09
  4.28000  0.166108E-09
  4.29000  0.155839E-09
  4.30000  0.140352E-09
  4.31000  0.120995E-09
  4.32000  0.998017E-10
  4.33000  0.787847E-10
  4.34000  0.596187E-10
  4.35000  0.433590E-10
  4.36000  0.132355E-10
  4.37000  0.872235E-11
  4.38000  0.560788E-11
  4.39000  0.353982E-11
  4.40000  0.220461E-11
  4.41000  0.136658E-11
  4.42000  0.906174E-12
  4.43000  0.620794E-12
  4.44000  0.442230E-12
  4.45000  0.330584E-12
  4.46000  0.788007E-13
  4.47000  0.629697E-13
  4.48000  0.526330E-13
  4.49000  0.456821E-13
  4.50000  0.405886E-13
  4.51000  0.363622E-13
  4.52000  0.324124E-13
  4.53000  0.284541E-13
  4.54000  0.243694E-13
  4.55000  0.201838E-13
  4.56000  0.365808E-14
  4.57000  0.274094E-14
  4.58000  0.200093E-14
  4.59000  0.143106E-14
  4.60000  0.990788E-15
  4.61000  0.666234E-15
  4.62000  0.436324E-15
  4.63000  0.279655E-15
  4.64000  0.176582E-15
  4.65000  0.110820E-15
  4.66000  0.126040E-16
  4.67000  0.781723E-17
  4.68000  0.496000E-17
  4.69000  0.326722E-17
  4.70000  0.226465E-17
  4.71000  0.167067E-17
  4.72000  0.131338E-17
  4.73000  0.108912E-17
  4.74000  0.944559E-18
  4.75000  0.843054E-18
  4.76000  0.101183E-18
  4.77000  0.927560E-19
  4.78000  0.862340E-19
  4.79000  0.807349E-19
  4.80000  0.765562E-19
  4.81000  0.735363E-19
  4.82000  0.712205E-19
  4.83000  0.700209E-19
  4.84000  0.699338E-19
  4.85000  0.705432E-19
  4.86000  0.927990E-20
  4.87000  0.962695E-20
  4.88000  0.101421E-19
  4.89000  0.109157E-19
  4.90000  0.120598E-19
  4.91000  0.136341E-19
  4.92000  0.181153E-19
  4.93000  0.244199E-19
  4.94000  0.321344E-19
  4.95000  0.407768E-19
  4.96000  0.579420E-20
  4.97000  0.705305E-20
  4.98000  0.819194E-20
  4.99000  0.905954E-20
  5.00000  0.955208E-20
  5.01000  0.959546E-20
  5.02000  0.913671E-20
  5.03000  0.818971E-20
  5.04000  0.687395E-20
  5.05000  0.539233E-20
  5.06000  0.384280E-21
  5.07000  0.260461E-21
  5.08000  0.167382E-21
  5.09000  0.103050E-21
  5.10000  0.612750E-22
  5.11000  0.355063E-22
  5.12000  0.201762E-22
  5.13000  0.112944E-22
  5.14000  0.628192E-23
  5.15000  0.351658E-23
  5.16000  0.139268E-24
  5.17000  0.792536E-25
  5.18000  0.473109E-25
  5.19000  0.300890E-25
  5.20000  0.205166E-25
  5.21000  0.149451E-25
  5.22000  0.115173E-25
  5.23000  0.923557E-26
  5.24000  0.753242E-26
  5.25000  0.612003E-26
  5.26000  0.267938E-27
  5.27000  0.206418E-27
  5.28000  0.153888E-27
  5.29000  0.110946E-27
  5.30000  0.778160E-28
  5.31000  0.533021E-28
  5.32000  0.357296E-28
  5.33000  0.236018E-28
  5.34000  0.153795E-28
  5.35000  0.988900E-29
  5.36000  0.000000E+00
  5.37000  0.000000E+00
  5.38000  0.000000E+00
  5.39000  0.000000E+00
  5.40000  0.000000E+00
  5.41000  0.000000E+00
  5.42000  0.000000E+00
  5.43000  0.000000E+00
  5.44000  0.000000E+00
  5.45000  0.000000E+00
  5.46000  0.000000E+00
  5.47000  0.000000E+00
  5.48000  0.000000E+00
  5.49000  0.000000E+00
  5.50000  0.000000E+00
  5.51000  0.000000E+00
  5.52000  0.000000E+00
  5.53000  0.000000E+00
  5.54000  0.000000E+00
  5.55000  0.000000E+00
  5.56000  0.000000E+00
  5.57000  0.000000E+00
  5.58000  0.000000E+00
  5.59000  0.000000E+00
  5.60000  0.000000E+00
  5.61000  0.000000E+00
  5.62000  0.000000E+00
  5.63000  0.000000E+00
  5.64000  0.000000E+00
  5.65000  0.000000E+00
  5.66000  0.000000E+00
  5.67000  0.000000E+00
  5.68000  0.000000E+00
  5.69000  0.000000E+00
  5.70000  0.000000E+00
  5.71000  0.000000E+00
  5.72000  0.000000E+00
  5.73000  0.000000E+00
  5.74000  0.000000E+00
  5.75000  0.000000E+00
  5.76000  0.000000E+00
  5.77000  0.000000E+00
  5.78000  0.000000E+00
  5.79000  0.000000E+00
  5.80000  0.000000E+00
  5.81000  0.000000E+00
  5.82000  0.000000E+00
  5.83000  0.000000E+00
  5.84000  0.000000E+00
  5.85000  0.000000E+00
  5.86000  0.000000E+00
  5.87000  0.000000E+00
  5.88000  0.000000E+00
  5.89000  0.000000E+00
  5.90000  0.000000E+00
  5.91000  0.000000E+00
  5.92000  0.000000E+00
  5.93000  0.000000E+00
  5.94000  0.000000E+00
  5.95000  0.000000E+00
  5.96000  0.000000E+00
  5.97000  0.000000E+00
  5.98000  0.000000E+00
  5.99000  0.000000E+00
  6.00000  0.000000E+00
  6.20000  0.000000E+00
  6.40000  0.000000E+00
  6.60000  0.000000E+00
  6.80000  0.000000E+00
  7.00000  0.000000E+00
