  0.00000  0.000000E+00
  0.01000  0.000000E+00
  0.02000  0.000000E+00
  0.03000  0.000000E+00
  0.04000  0.000000E+00
  0.05000  0.000000E+00
  0.06000  0.000000E+00
  0.07000  0.000000E+00
  0.08000  0.000000E+00
  0.09000  0.000000E+00
  0.10000  0.000000E+00
  0.11000  0.000000E+00
  0.12000  0.000000E+00
  0.13000  0.000000E+00
  0.14000  0.000000E+00
  0.15000  0.000000E+00
  0.16000  0.000000E+00
  0.17000  0.000000E+00
  0.18000  0.000000E+00
  0.19000  0.000000E+00
  0.20000  0.000000E+00
  0.21000  0.000000E+00
  0.22000  0.000000E+00
  0.23000  0.000000E+00
  0.24000  0.000000E+00
  0.25000  0.000000E+00
  0.26000  0.000000E+00
  0.27000  0.000000E+00
  0.28000  0.000000E+00
  0.29000  0.000000E+00
  0.30000  0.000000E+00
  0.31000  0.000000E+00
  0.32000  0.000000E+00
  0.33000  0.000000E+00
  0.34000  0.000000E+00
  0.35000  0.000000E+00
  0.36000  0.000000E+00
  0.37000  0.000000E+00
  0.38000  0.000000E+00
  0.39000  0.000000E+00
  0.40000  0.000000E+00
  0.41000  0.000000E+00
  0.42000  0.000000E+00
  0.43000  0.000000E+00
  0.44000  0.000000E+00
  0.45000  0.000000E+00
  0.46000  0.000000E+00
  0.47000  0.000000E+00
  0.48000  0.000000E+00
  0.49000  0.000000E+00
  0.50000  0.000000E+00
  0.51000  0.000000E+00
  0.52000  0.000000E+00
  0.53000  0.000000E+00
  0.54000  0.000000E+00
  0.55000  0.000000E+00
  0.56000  0.000000E+00
  0.57000  0.000000E+00
  0.58000  0.000000E+00
  0.59000  0.000000E+00
  0.60000  0.000000E+00
  0.61000  0.000000E+00
  0.62000  0.000000E+00
  0.63000  0.000000E+00
  0.64000  0.000000E+00
  0.65000  0.000000E+00
  0.66000  0.000000E+00
  0.67000  0.000000E+00
  0.68000  0.000000E+00
  0.69000  0.000000E+00
  0.70000  0.000000E+00
  0.71000  0.000000E+00
  0.72000  0.000000E+00
  0.73000  0.000000E+00
  0.74000  0.000000E+00
  0.75000  0.000000E+00
  0.76000  0.000000E+00
  0.77000  0.000000E+00
  0.78000  0.000000E+00
  0.79000  0.000000E+00
  0.80000  0.000000E+00
  0.81000  0.000000E+00
  0.82000  0.000000E+00
  0.83000  0.000000E+00
  0.84000  0.000000E+00
  0.85000  0.000000E+00
  0.86000  0.000000E+00
  0.87000  0.000000E+00
  0.88000  0.000000E+00
  0.89000  0.000000E+00
  0.90000  0.000000E+00
  0.91000  0.000000E+00
  0.92000  0.000000E+00
  0.93000  0.000000E+00
  0.94000  0.000000E+00
  0.95000  0.000000E+00
  0.96000  0.000000E+00
  0.97000  0.000000E+00
  0.98000  0.000000E+00
  0.99000  0.000000E+00
  1.00000  0.000000E+00
  1.01000  0.000000E+00
  1.02000  0.000000E+00
  1.03000  0.000000E+00
  1.04000  0.000000E+00
  1.05000  0.000000E+00
  1.06000  0.000000E+00
  1.07000  0.000000E+00
  1.08000  0.000000E+00
  1.09000  0.000000E+00
  1.10000  0.000000E+00
  1.11000  0.000000E+00
  1.12000  0.000000E+00
  1.13000  0.000000E+00
  1.14000  0.000000E+00
  1.15000  0.000000E+00
  1.16000  0.000000E+00
  1.17000  0.000000E+00
  1.18000  0.000000E+00
  1.19000  0.000000E+00
  1.20000  0.000000E+00
  1.21000  0.000000E+00
  1.22000  0.000000E+00
  1.23000  0.000000E+00
  1.24000  0.000000E+00
  1.25000  0.000000E+00
  1.26000  0.000000E+00
  1.27000  0.000000E+00
  1.28000  0.000000E+00
  1.29000  0.000000E+00
  1.30000  0.000000E+00
  1.31000  0.000000E+00
  1.32000  0.000000E+00
  1.33000  0.000000E+00
  1.34000  0.000000E+00
  1.35000  0.000000E+00
  1.36000  0.000000E+00
  1.37000  0.000000E+00
  1.38000  0.000000E+00
  1.39000  0.000000E+00
  1.40000  0.000000E+00
  1.41000  0.000000E+00
  1.42000  0.000000E+00
  1.43000  0.000000E+00
  1.44000  0.000000E+00
  1.45000  0.000000E+00
  1.46000  0.000000E+00
  1.47000  0.000000E+00
  1.48000  0.000000E+00
  1.49000  0.000000E+00
  1.50000  0.000000E+00
  1.51000  0.000000E+00
  1.52000  0.166782E-02
  1.53000  0.256320E-02
  1.54000  0.302076E-02
  1.55000  0.580823E-02
  1.56000  0.848168E-01
  1.57000  0.863825E-01
  1.58000  0.845535E-01
  1.59000  0.853888E-01
  1.60000  0.879430E-01
  1.61000  0.899783E-01
  1.62000  0.904460E-01
  1.63000  0.916862E-01
  1.64000  0.103009E+00
  1.65000  0.112748E+00
  1.66000  0.121322E+00
  1.67000  0.126699E+00
  1.68000  0.162001E+00
  1.69000  0.205871E+00
  1.70000  0.254072E+00
  1.71000  0.303014E+00
  1.72000  0.348563E+00
  1.73000  0.389237E+00
  1.74000  0.427209E+00
  1.75000  0.458288E+00
  1.76000  0.479089E+00
  1.77000  0.491887E+00
  1.78000  0.500541E+00
  1.79000  0.566609E+00
  1.80000  0.643520E+00
  1.81000  0.724523E+00
  1.82000  0.797982E+00
  1.83000  0.847905E+00
  1.84000  0.866104E+00
  1.85000  0.872119E+00
  1.86000  0.889803E+00
  1.87000  0.921587E+00
  1.88000  0.961163E+00
  1.89000  0.991536E+00
  1.90000  0.100000E+01
  1.91000  0.982626E+00
  1.92000  0.946055E+00
  1.93000  0.899868E+00
  1.94000  0.847582E+00
  1.95000  0.785770E+00
  1.96000  0.714105E+00
  1.97000  0.628123E+00
  1.98000  0.575728E+00
  1.99000  0.541338E+00
  2.00000  0.491586E+00
  2.01000  0.443129E+00
  2.02000  0.447038E+00
  2.03000  0.430071E+00
  2.04000  0.399549E+00
  2.05000  0.360412E+00
  2.06000  0.322020E+00
  2.07000  0.270993E+00
  2.08000  0.217330E+00
  2.09000  0.168564E+00
  2.10000  0.129561E+00
  2.11000  0.100395E+00
  2.12000  0.787403E-01
  2.13000  0.620678E-01
  2.14000  0.489710E-01
  2.15000  0.387432E-01
  2.16000  0.316682E-01
  2.17000  0.248791E-01
  2.18000  0.191881E-01
  2.19000  0.144488E-01
  2.20000  0.106598E-01
  2.21000  0.865729E-02
  2.22000  0.717731E-02
  2.23000  0.593522E-02
  2.24000  0.488137E-02
  2.25000  0.398964E-02
  2.26000  0.324207E-02
  2.27000  0.258152E-02
  2.28000  0.199358E-02
  2.29000  0.152044E-02
  2.30000  0.116605E-02
  2.31000  0.893600E-03
  2.32000  0.678820E-03
  2.33000  0.513565E-03
  2.34000  0.388794E-03
  2.35000  0.294104E-03
  2.36000  0.219695E-03
  2.37000  0.158911E-03
  2.38000  0.111543E-03
  2.39000  0.792928E-04
  2.40000  0.579925E-04
  2.41000  0.434164E-04
  2.42000  0.333000E-04
  2.43000  0.257708E-04
  2.44000  0.197672E-04
  2.45000  0.149520E-04
  2.46000  0.111916E-04
  2.47000  0.857740E-05
  2.48000  0.709460E-05
  2.49000  0.669911E-05
  2.50000  0.651280E-05
  2.51000  0.639926E-05
  2.52000  0.629597E-05
  2.53000  0.608086E-05
  2.54000  0.566678E-05
  2.55000  0.508551E-05
  2.56000  0.444669E-05
  2.57000  0.378178E-05
  2.58000  0.315402E-05
  2.59000  0.260941E-05
  2.60000  0.214797E-05
  2.61000  0.173840E-05
  2.62000  0.137206E-05
  2.63000  0.106446E-05
  2.64000  0.822961E-06
  2.65000  0.640220E-06
  2.66000  0.502370E-06
  2.67000  0.404536E-06
  2.68000  0.325001E-06
  2.69000  0.259447E-06
  2.70000  0.207117E-06
  2.71000  0.166436E-06
  2.72000  0.135749E-06
  2.73000  0.110892E-06
  2.74000  0.851301E-07
  2.75000  0.578733E-07
  2.76000  0.375563E-07
  2.77000  0.286014E-07
  2.78000  0.217391E-07
  2.79000  0.164631E-07
  2.80000  0.123912E-07
  2.81000  0.924829E-08
  2.82000  0.735326E-08
  2.83000  0.586000E-08
  2.84000  0.459090E-08
  2.85000  0.355945E-08
  2.86000  0.316390E-08
  2.87000  0.282679E-08
  2.88000  0.251041E-08
  2.89000  0.220061E-08
  2.90000  0.190379E-08
  2.91000  0.163223E-08
  2.92000  0.139069E-08
  2.93000  0.117284E-08
  2.94000  0.972699E-09
  2.95000  0.790333E-09
  2.96000  0.627523E-09
  2.97000  0.516692E-09
  2.98000  0.508013E-09
  2.99000  0.495412E-09
  3.00000  0.478931E-09
  3.01000  0.457746E-09
  3.02000  0.430568E-09
  3.03000  0.395954E-09
  3.04000  0.355033E-09
  3.05000  0.339349E-09
  3.06000  0.367578E-09
  3.07000  0.395204E-09
  3.08000  0.422077E-09
  3.09000  0.448756E-09
  3.10000  0.474882E-09
  3.11000  0.498703E-09
  3.12000  0.519992E-09
  3.13000  0.538739E-09
  3.14000  0.555053E-09
  3.15000  0.569049E-09
  3.16000  0.577735E-09
  3.17000  0.588653E-09
  3.18000  0.599646E-09
  3.19000  0.611744E-09
  3.20000  0.625735E-09
  3.21000  0.642103E-09
  3.22000  0.660915E-09
  3.23000  0.682816E-09
  3.24000  0.709111E-09
  3.25000  0.737294E-09
  3.26000  0.750965E-09
  3.27000  0.753841E-09
  3.28000  0.742854E-09
  3.29000  0.732132E-09
  3.30000  0.775614E-09
  3.31000  0.837310E-09
  3.32000  0.884115E-09
  3.33000  0.913453E-09
  3.34000  0.926969E-09
  3.35000  0.925306E-09
  3.36000  0.896771E-09
  3.37000  0.868556E-09
  3.38000  0.832814E-09
  3.39000  0.794760E-09
  3.40000  0.756528E-09
  3.41000  0.717873E-09
  3.42000  0.678910E-09
  3.43000  0.640809E-09
  3.44000  0.604871E-09
  3.45000  0.571164E-09
  3.46000  0.529957E-09
  3.47000  0.499205E-09
  3.48000  0.467718E-09
  3.49000  0.434342E-09
  3.50000  0.398501E-09
  3.51000  0.359809E-09
  3.52000  0.318809E-09
  3.53000  0.278314E-09
  3.54000  0.242390E-09
  3.55000  0.213479E-09
  3.56000  0.206033E-09
  3.57000  0.212398E-09
  3.58000  0.217622E-09
  3.59000  0.220772E-09
  3.60000  0.221257E-09
  3.61000  0.218833E-09
  3.62000  0.213724E-09
  3.63000  0.206428E-09
  3.64000  0.197526E-09
  3.65000  0.187765E-09
  3.66000  0.173475E-09
  3.67000  0.164748E-09
  3.68000  0.156979E-09
  3.69000  0.150203E-09
  3.70000  0.144219E-09
  3.71000  0.138798E-09
  3.72000  0.133643E-09
  3.73000  0.128759E-09
  3.74000  0.124112E-09
  3.75000  0.119673E-09
  3.76000  0.112321E-09
  3.77000  0.108321E-09
  3.78000  0.104258E-09
  3.79000  0.999094E-10
  3.80000  0.949757E-10
  3.81000  0.892518E-10
  3.82000  0.826021E-10
  3.83000  0.752847E-10
  3.84000  0.676919E-10
  3.85000  0.605186E-10
  3.86000  0.526652E-10
  3.87000  0.476597E-10
  3.88000  0.437398E-10
  3.89000  0.406855E-10
  3.90000  0.381358E-10
  3.91000  0.358001E-10
  3.92000  0.334588E-10
  3.93000  0.310373E-10
  3.94000  0.285365E-10
  3.95000  0.259938E-10
  3.96000  0.226590E-10
  3.97000  0.201818E-10
  3.98000  0.177803E-10
  3.99000  0.154887E-10
  4.00000  0.133453E-10
  4.01000  0.113853E-10
  4.02000  0.962430E-11
  4.03000  0.808599E-11
  4.04000  0.676851E-11
  4.05000  0.566469E-11
  4.06000  0.451116E-11
  4.07000  0.381476E-11
  4.08000  0.325215E-11
  4.09000  0.279183E-11
  4.10000  0.240847E-11
  4.11000  0.208368E-11
  4.12000  0.180645E-11
  4.13000  0.156604E-11
  4.14000  0.135563E-11
  4.15000  0.116769E-11
  4.16000  0.934350E-12
  4.17000  0.790356E-12
  4.18000  0.660440E-12
  4.19000  0.544601E-12
  4.20000  0.443223E-12
  4.21000  0.356869E-12
  4.22000  0.285272E-12
  4.23000  0.227345E-12
  4.24000  0.181366E-12
  4.25000  0.145308E-12
  4.26000  0.106994E-12
  4.27000  0.937539E-13
  4.28000  0.901464E-13
  4.29000  0.860084E-13
  4.30000  0.812780E-13
  4.31000  0.761410E-13
  4.32000  0.705941E-13
  4.33000  0.645162E-13
  4.34000  0.581056E-13
  4.35000  0.516734E-13
  4.36000  0.403538E-13
  4.37000  0.346349E-13
  4.38000  0.290567E-13
  4.39000  0.238333E-13
  4.40000  0.191113E-13
  4.41000  0.149705E-13
  4.42000  0.114724E-13
  4.43000  0.866707E-14
  4.44000  0.653228E-14
  4.45000  0.496225E-14
  4.46000  0.324265E-14
  4.47000  0.253987E-14
  4.48000  0.205029E-14
  4.49000  0.170828E-14
  4.50000  0.146218E-14
  4.51000  0.127822E-14
  4.52000  0.113707E-14
  4.53000  0.102708E-14
  4.54000  0.939603E-15
  4.55000  0.866716E-15
  4.56000  0.682798E-15
  4.57000  0.633914E-15
  4.58000  0.587038E-15
  4.59000  0.540466E-15
  4.60000  0.493895E-15
  4.61000  0.447506E-15
  4.62000  0.400882E-15
  4.63000  0.354966E-15
  4.64000  0.315094E-15
  4.65000  0.274355E-15
  4.66000  0.196930E-15
  4.67000  0.162899E-15
  4.68000  0.131825E-15
  4.69000  0.104883E-15
  4.70000  0.827497E-16
  4.71000  0.654206E-16
  4.72000  0.523008E-16
  4.73000  0.425666E-16
  4.74000  0.352847E-16
  4.75000  0.296633E-16
  4.76000  0.206723E-16
  4.77000  0.178190E-16
  4.78000  0.155449E-16
  4.79000  0.136540E-16
  4.80000  0.120584E-16
  4.81000  0.107077E-16
  4.82000  0.955862E-17
  4.83000  0.859764E-17
  4.84000  0.776711E-17
  4.85000  0.697475E-17
  4.86000  0.522305E-17
  4.87000  0.462850E-17
  4.88000  0.405989E-17
  4.89000  0.352676E-17
  4.90000  0.304462E-17
  4.91000  0.262679E-17
  4.92000  0.228823E-17
  4.93000  0.202933E-17
  4.94000  0.184127E-17
  4.95000  0.171224E-17
  4.96000  0.138235E-17
  4.97000  0.133613E-17
  4.98000  0.129060E-17
  4.99000  0.154901E-17
  5.00000  0.185430E-17
  5.01000  0.218383E-17
  5.02000  0.252839E-17
  5.03000  0.286365E-17
  5.04000  0.316392E-17
  5.05000  0.339730E-17
  5.06000  0.296394E-17
  5.07000  0.295152E-17
  5.08000  0.282221E-17
  5.09000  0.258705E-17
  5.10000  0.227898E-17
  5.11000  0.193635E-17
  5.12000  0.159289E-17
  5.13000  0.127130E-17
  5.14000  0.986755E-18
  5.15000  0.752952E-18
  5.16000  0.429582E-18
  5.17000  0.321583E-18
  5.18000  0.246532E-18
  5.19000  0.197924E-18
  5.20000  0.168435E-18
  5.21000  0.151685E-18
  5.22000  0.143520E-18
  5.23000  0.140907E-18
  5.24000  0.141558E-18
  5.25000  0.143735E-18
  5.26000  0.108385E-18
  5.27000  0.110147E-18
  5.28000  0.111192E-18
  5.29000  0.111077E-18
  5.30000  0.109206E-18
  5.31000  0.105177E-18
  5.32000  0.989571E-19
  5.33000  0.911089E-19
  5.34000  0.821546E-19
  5.35000  0.727360E-19
  5.36000  0.477254E-19
  5.37000  0.412293E-19
  5.38000  0.353256E-19
  5.39000  0.301054E-19
  5.40000  0.256149E-19
  5.41000  0.217927E-19
  5.42000  0.185432E-19
  5.43000  0.157648E-19
  5.44000  0.134288E-19
  5.45000  0.115090E-19
  5.46000  0.744946E-20
  5.47000  0.652573E-20
  5.48000  0.577858E-20
  5.49000  0.516809E-20
  5.50000  0.464211E-20
  5.51000  0.417112E-20
  5.52000  0.372169E-20
  5.53000  0.328288E-20
  5.54000  0.286396E-20
  5.55000  0.247318E-20
  5.56000  0.159319E-20
  5.57000  0.135603E-20
  5.58000  0.114605E-20
  5.59000  0.960420E-21
  5.60000  0.798014E-21
  5.61000  0.656495E-21
  5.62000  0.536020E-21
  5.63000  0.433141E-21
  5.64000  0.345540E-21
  5.65000  0.271670E-21
  5.66000  0.157336E-21
  5.67000  0.120408E-21
  5.68000  0.917820E-22
  5.69000  0.696793E-22
  5.70000  0.526182E-22
  5.71000  0.396585E-22
  5.72000  0.298180E-22
  5.73000  0.225106E-22
  5.74000  0.170465E-22
  5.75000  0.129073E-22
  5.76000  0.726037E-23
  5.77000  0.546050E-23
  5.78000  0.409198E-23
  5.79000  0.307193E-23
  5.80000  0.230015E-23
  5.81000  0.172144E-23
  5.82000  0.128118E-23
  5.83000  0.949173E-24
  5.84000  0.751108E-24
  5.85000  0.604831E-24
  5.86000  0.343949E-24
  5.87000  0.278611E-24
  5.88000  0.224319E-24
  5.89000  0.182571E-24
  5.90000  0.151146E-24
  5.91000  0.129430E-24
  5.92000  0.115115E-24
  5.93000  0.106138E-24
  5.94000  0.100003E-24
  5.95000  0.963154E-25
  5.96000  0.659368E-25
  5.97000  0.648783E-25
  5.98000  0.644819E-25
  5.99000  0.642139E-25
  6.00000  0.646244E-25
  6.20000  0.272672E-25
  6.40000  0.885361E-27
  6.60000  0.359367E-28
  6.80000  0.473846E-29
  7.00000  0.000000E+00
