  0.00000  0.000000E+00
  0.01000  0.000000E+00
  0.02000  0.000000E+00
  0.03000  0.000000E+00
  0.04000  0.000000E+00
  0.05000  0.000000E+00
  0.06000  0.000000E+00
  0.07000  0.000000E+00
  0.08000  0.000000E+00
  0.09000  0.000000E+00
  0.10000  0.000000E+00
  0.11000  0.000000E+00
  0.12000  0.000000E+00
  0.13000  0.000000E+00
  0.14000  0.000000E+00
  0.15000  0.000000E+00
  0.16000  0.000000E+00
  0.17000  0.000000E+00
  0.18000  0.000000E+00
  0.19000  0.000000E+00
  0.20000  0.235370E-27
  0.21000  0.350207E-25
  0.22000  0.185499E-23
  0.23000  0.526619E-22
  0.24000  0.322513E-21
  0.25000  0.195058E-20
  0.26000  0.262604E-19
  0.27000  0.199657E-18
  0.28000  0.279848E-17
  0.29000  0.872521E-17
  0.30000  0.187213E-16
  0.31000  0.321336E-16
  0.32000  0.372519E-16
  0.33000  0.723315E-16
  0.34000  0.950119E-16
  0.35000  0.772042E-16
  0.36000  0.578737E-16
  0.37000  0.425194E-16
  0.38000  0.422143E-16
  0.39000  0.229201E-15
  0.40000  0.502488E-15
  0.41000  0.104032E-14
  0.42000  0.259317E-13
  0.43000  0.390325E-12
  0.44000  0.683450E-11
  0.45000  0.986031E-10
  0.46000  0.870136E-09
  0.47000  0.492242E-08
  0.48000  0.161190E-07
  0.49000  0.294188E-07
  0.50000  0.361485E-07
  0.51000  0.743526E-07
  0.52000  0.377751E-06
  0.53000  0.242940E-05
  0.54000  0.183784E-04
  0.55000  0.758867E-04
  0.56000  0.204724E-03
  0.57000  0.516230E-03
  0.58000  0.101335E-02
  0.59000  0.243761E-02
  0.60000  0.741488E-02
  0.61000  0.122989E-01
  0.62000  0.139461E-01
  0.63000  0.130668E-01
  0.64000  0.791782E-02
  0.65000  0.258687E-02
  0.66000  0.741304E-03
  0.67000  0.292222E-02
  0.68000  0.137964E-01
  0.69000  0.502349E-01
  0.70000  0.132536E+00
  0.71000  0.264986E+00
  0.72000  0.515905E+00
  0.73000  0.976561E+00
  0.74000  0.100000E+01
  0.75000  0.539053E+00
  0.76000  0.207452E+00
  0.77000  0.841716E-01
  0.78000  0.292968E-01
  0.79000  0.901138E-02
  0.80000  0.202303E-02
  0.81000  0.435986E-03
  0.82000  0.160536E-03
  0.83000  0.479795E-04
  0.84000  0.125700E-04
  0.85000  0.329605E-05
  0.86000  0.157442E-05
  0.87000  0.291272E-06
  0.88000  0.108534E-06
  0.89000  0.751107E-07
  0.90000  0.517856E-07
  0.91000  0.214367E-07
  0.92000  0.616105E-08
  0.93000  0.182711E-08
  0.94000  0.462993E-09
  0.95000  0.555642E-10
  0.96000  0.167354E-10
  0.97000  0.103485E-10
  0.98000  0.634132E-11
  0.99000  0.285423E-11
  1.00000  0.206826E-11
  1.01000  0.637485E-11
  1.02000  0.213412E-10
  1.03000  0.419404E-10
  1.04000  0.625669E-10
  1.05000  0.429392E-10
  1.06000  0.116093E-10
  1.07000  0.214327E-11
  1.08000  0.616374E-12
  1.09000  0.251075E-12
  1.10000  0.772186E-13
  1.11000  0.147420E-13
  1.12000  0.231158E-14
  1.13000  0.321244E-15
  1.14000  0.277749E-16
  1.15000  0.903652E-17
  1.16000  0.183575E-16
  1.17000  0.279049E-16
  1.18000  0.205422E-16
  1.19000  0.706683E-17
  1.20000  0.430755E-17
  1.21000  0.460110E-17
  1.22000  0.400091E-17
  1.23000  0.236012E-17
  1.24000  0.127169E-17
  1.25000  0.802152E-18
  1.26000  0.576002E-18
  1.27000  0.381381E-18
  1.28000  0.225282E-18
  1.29000  0.129146E-18
  1.30000  0.698873E-19
  1.31000  0.355047E-19
  1.32000  0.221618E-19
  1.33000  0.261676E-19
  1.34000  0.326654E-19
  1.35000  0.382075E-19
  1.36000  0.389646E-19
  1.37000  0.345918E-19
  1.38000  0.266082E-19
  1.39000  0.178470E-19
  1.40000  0.105162E-19
  1.41000  0.576862E-20
  1.42000  0.324476E-20
  1.43000  0.191128E-20
  1.44000  0.116765E-20
  1.45000  0.704960E-21
  1.46000  0.401913E-21
  1.47000  0.215647E-21
  1.48000  0.109007E-21
  1.49000  0.524520E-22
  1.50000  0.255630E-22
  1.51000  0.126764E-22
  1.52000  0.628598E-23
  1.53000  0.322579E-23
  1.54000  0.179438E-23
  1.55000  0.104182E-23
  1.56000  0.601707E-24
  1.57000  0.341705E-24
  1.58000  0.190236E-24
  1.59000  0.104229E-24
  1.60000  0.555707E-25
  1.61000  0.283150E-25
  1.62000  0.142073E-25
  1.63000  0.751840E-26
  1.64000  0.428322E-26
  1.65000  0.241689E-26
  1.66000  0.123203E-26
  1.67000  0.573990E-27
  1.68000  0.614283E-27
  1.69000  0.663040E-27
  1.70000  0.643191E-27
  1.71000  0.483758E-27
  1.72000  0.276982E-27
  1.73000  0.218513E-27
  1.74000  0.180518E-27
  1.75000  0.149993E-27
  1.76000  0.137964E-27
  1.77000  0.126421E-27
  1.78000  0.111285E-27
  1.79000  0.104006E-27
  1.80000  0.766858E-28
  1.81000  0.439299E-28
  1.82000  0.228340E-28
  1.83000  0.111644E-28
  1.84000  0.512870E-29
  1.85000  0.226954E-29
  1.86000  0.000000E+00
  1.87000  0.000000E+00
  1.88000  0.000000E+00
  1.89000  0.000000E+00
  1.90000  0.000000E+00
  1.91000  0.000000E+00
  1.92000  0.000000E+00
  1.93000  0.000000E+00
  1.94000  0.000000E+00
  1.95000  0.000000E+00
  1.96000  0.000000E+00
  1.97000  0.000000E+00
  1.98000  0.000000E+00
  1.99000  0.000000E+00
  2.00000  0.000000E+00
  2.01000  0.000000E+00
  2.02000  0.000000E+00
  2.03000  0.000000E+00
  2.04000  0.000000E+00
  2.05000  0.000000E+00
  2.06000  0.000000E+00
  2.07000  0.000000E+00
  2.08000  0.000000E+00
  2.09000  0.000000E+00
  2.10000  0.000000E+00
  2.11000  0.000000E+00
  2.12000  0.000000E+00
  2.13000  0.000000E+00
  2.14000  0.000000E+00
  2.15000  0.000000E+00
  2.16000  0.000000E+00
  2.17000  0.000000E+00
  2.18000  0.000000E+00
  2.19000  0.000000E+00
  2.20000  0.000000E+00
  2.21000  0.000000E+00
  2.22000  0.000000E+00
  2.23000  0.000000E+00
  2.24000  0.000000E+00
  2.25000  0.000000E+00
  2.26000  0.000000E+00
  2.27000  0.000000E+00
  2.28000  0.000000E+00
  2.29000  0.000000E+00
  2.30000  0.000000E+00
  2.31000  0.000000E+00
  2.32000  0.000000E+00
  2.33000  0.000000E+00
  2.34000  0.000000E+00
  2.35000  0.000000E+00
  2.36000  0.000000E+00
  2.37000  0.000000E+00
  2.38000  0.000000E+00
  2.39000  0.000000E+00
  2.40000  0.000000E+00
  2.41000  0.000000E+00
  2.42000  0.000000E+00
  2.43000  0.000000E+00
  2.44000  0.000000E+00
  2.45000  0.000000E+00
  2.46000  0.000000E+00
  2.47000  0.000000E+00
  2.48000  0.000000E+00
  2.49000  0.000000E+00
  2.50000  0.000000E+00
  2.51000  0.000000E+00
  2.52000  0.000000E+00
  2.53000  0.000000E+00
  2.54000  0.000000E+00
  2.55000  0.000000E+00
  2.56000  0.000000E+00
  2.57000  0.000000E+00
  2.58000  0.000000E+00
  2.59000  0.000000E+00
  2.60000  0.000000E+00
  2.61000  0.000000E+00
  2.62000  0.000000E+00
  2.63000  0.000000E+00
  2.64000  0.000000E+00
  2.65000  0.000000E+00
  2.66000  0.000000E+00
  2.67000  0.000000E+00
  2.68000  0.000000E+00
  2.69000  0.000000E+00
  2.70000  0.000000E+00
  2.71000  0.000000E+00
  2.72000  0.000000E+00
  2.73000  0.000000E+00
  2.74000  0.000000E+00
  2.75000  0.000000E+00
  2.76000  0.000000E+00
  2.77000  0.000000E+00
  2.78000  0.000000E+00
  2.79000  0.000000E+00
  2.80000  0.000000E+00
  2.81000  0.000000E+00
  2.82000  0.000000E+00
  2.83000  0.000000E+00
  2.84000  0.000000E+00
  2.85000  0.000000E+00
  2.86000  0.000000E+00
  2.87000  0.000000E+00
  2.88000  0.000000E+00
  2.89000  0.000000E+00
  2.90000  0.000000E+00
  2.91000  0.000000E+00
  2.92000  0.000000E+00
  2.93000  0.000000E+00
  2.94000  0.000000E+00
  2.95000  0.000000E+00
  2.96000  0.000000E+00
  2.97000  0.000000E+00
  2.98000  0.000000E+00
  2.99000  0.000000E+00
  3.00000  0.000000E+00
  3.01000  0.000000E+00
  3.02000  0.000000E+00
  3.03000  0.000000E+00
  3.04000  0.000000E+00
  3.05000  0.000000E+00
  3.06000  0.000000E+00
  3.07000  0.000000E+00
  3.08000  0.000000E+00
  3.09000  0.000000E+00
  3.10000  0.000000E+00
  3.11000  0.000000E+00
  3.12000  0.000000E+00
  3.13000  0.000000E+00
  3.14000  0.000000E+00
  3.15000  0.000000E+00
  3.16000  0.000000E+00
  3.17000  0.000000E+00
  3.18000  0.000000E+00
  3.19000  0.000000E+00
  3.20000  0.000000E+00
  3.21000  0.000000E+00
  3.22000  0.000000E+00
  3.23000  0.000000E+00
  3.24000  0.000000E+00
  3.25000  0.000000E+00
  3.26000  0.000000E+00
  3.27000  0.000000E+00
  3.28000  0.000000E+00
  3.29000  0.000000E+00
  3.30000  0.000000E+00
  3.31000  0.000000E+00
  3.32000  0.000000E+00
  3.33000  0.000000E+00
  3.34000  0.000000E+00
  3.35000  0.000000E+00
  3.36000  0.000000E+00
  3.37000  0.000000E+00
  3.38000  0.000000E+00
  3.39000  0.000000E+00
  3.40000  0.000000E+00
  3.41000  0.000000E+00
  3.42000  0.000000E+00
  3.43000  0.000000E+00
  3.44000  0.000000E+00
  3.45000  0.000000E+00
  3.46000  0.000000E+00
  3.47000  0.000000E+00
  3.48000  0.000000E+00
  3.49000  0.000000E+00
  3.50000  0.000000E+00
  3.51000  0.000000E+00
  3.52000  0.000000E+00
  3.53000  0.000000E+00
  3.54000  0.000000E+00
  3.55000  0.000000E+00
  3.56000  0.000000E+00
  3.57000  0.000000E+00
  3.58000  0.000000E+00
  3.59000  0.000000E+00
  3.60000  0.000000E+00
  3.61000  0.000000E+00
  3.62000  0.000000E+00
  3.63000  0.000000E+00
  3.64000  0.000000E+00
  3.65000  0.000000E+00
  3.66000  0.000000E+00
  3.67000  0.000000E+00
  3.68000  0.000000E+00
  3.69000  0.000000E+00
  3.70000  0.000000E+00
  3.71000  0.000000E+00
  3.72000  0.000000E+00
  3.73000  0.000000E+00
  3.74000  0.000000E+00
  3.75000  0.000000E+00
  3.76000  0.000000E+00
  3.77000  0.000000E+00
  3.78000  0.000000E+00
  3.79000  0.000000E+00
  3.80000  0.000000E+00
  3.81000  0.000000E+00
  3.82000  0.000000E+00
  3.83000  0.000000E+00
  3.84000  0.000000E+00
  3.85000  0.000000E+00
  3.86000  0.000000E+00
  3.87000  0.000000E+00
  3.88000  0.000000E+00
  3.89000  0.000000E+00
  3.90000  0.000000E+00
  3.91000  0.000000E+00
  3.92000  0.000000E+00
  3.93000  0.000000E+00
  3.94000  0.000000E+00
  3.95000  0.000000E+00
  3.96000  0.000000E+00
  3.97000  0.000000E+00
  3.98000  0.000000E+00
  3.99000  0.000000E+00
  4.00000  0.000000E+00
  4.01000  0.000000E+00
  4.02000  0.000000E+00
  4.03000  0.000000E+00
  4.04000  0.000000E+00
  4.05000  0.000000E+00
  4.06000  0.000000E+00
  4.07000  0.000000E+00
  4.08000  0.000000E+00
  4.09000  0.000000E+00
  4.10000  0.000000E+00
  4.11000  0.000000E+00
  4.12000  0.000000E+00
  4.13000  0.000000E+00
  4.14000  0.000000E+00
  4.15000  0.000000E+00
  4.16000  0.000000E+00
  4.17000  0.000000E+00
  4.18000  0.000000E+00
  4.19000  0.000000E+00
  4.20000  0.000000E+00
  4.21000  0.000000E+00
  4.22000  0.000000E+00
  4.23000  0.000000E+00
  4.24000  0.000000E+00
  4.25000  0.000000E+00
  4.26000  0.000000E+00
  4.27000  0.000000E+00
  4.28000  0.000000E+00
  4.29000  0.000000E+00
  4.30000  0.000000E+00
  4.31000  0.000000E+00
  4.32000  0.000000E+00
  4.33000  0.000000E+00
  4.34000  0.000000E+00
  4.35000  0.000000E+00
  4.36000  0.000000E+00
  4.37000  0.000000E+00
  4.38000  0.000000E+00
  4.39000  0.000000E+00
  4.40000  0.000000E+00
  4.41000  0.000000E+00
  4.42000  0.000000E+00
  4.43000  0.000000E+00
  4.44000  0.000000E+00
  4.45000  0.000000E+00
  4.46000  0.000000E+00
  4.47000  0.000000E+00
  4.48000  0.000000E+00
  4.49000  0.000000E+00
  4.50000  0.000000E+00
  4.51000  0.000000E+00
  4.52000  0.000000E+00
  4.53000  0.000000E+00
  4.54000  0.000000E+00
  4.55000  0.000000E+00
  4.56000  0.000000E+00
  4.57000  0.000000E+00
  4.58000  0.000000E+00
  4.59000  0.000000E+00
  4.60000  0.000000E+00
  4.61000  0.000000E+00
  4.62000  0.000000E+00
  4.63000  0.000000E+00
  4.64000  0.000000E+00
  4.65000  0.000000E+00
  4.66000  0.000000E+00
  4.67000  0.000000E+00
  4.68000  0.000000E+00
  4.69000  0.000000E+00
  4.70000  0.000000E+00
  4.71000  0.000000E+00
  4.72000  0.000000E+00
  4.73000  0.000000E+00
  4.74000  0.000000E+00
  4.75000  0.000000E+00
  4.76000  0.000000E+00
  4.77000  0.000000E+00
  4.78000  0.000000E+00
  4.79000  0.000000E+00
  4.80000  0.000000E+00
  4.81000  0.000000E+00
  4.82000  0.000000E+00
  4.83000  0.000000E+00
  4.84000  0.000000E+00
  4.85000  0.000000E+00
  4.86000  0.000000E+00
  4.87000  0.000000E+00
  4.88000  0.000000E+00
  4.89000  0.000000E+00
  4.90000  0.000000E+00
  4.91000  0.000000E+00
  4.92000  0.000000E+00
  4.93000  0.000000E+00
  4.94000  0.000000E+00
  4.95000  0.000000E+00
  4.96000  0.000000E+00
  4.97000  0.000000E+00
  4.98000  0.000000E+00
  4.99000  0.000000E+00
  5.00000  0.000000E+00
  5.01000  0.000000E+00
  5.02000  0.000000E+00
  5.03000  0.000000E+00
  5.04000  0.000000E+00
  5.05000  0.000000E+00
  5.06000  0.000000E+00
  5.07000  0.000000E+00
  5.08000  0.000000E+00
  5.09000  0.000000E+00
  5.10000  0.000000E+00
  5.11000  0.000000E+00
  5.12000  0.000000E+00
  5.13000  0.000000E+00
  5.14000  0.000000E+00
  5.15000  0.000000E+00
  5.16000  0.000000E+00
  5.17000  0.000000E+00
  5.18000  0.000000E+00
  5.19000  0.000000E+00
  5.20000  0.000000E+00
  5.21000  0.000000E+00
  5.22000  0.000000E+00
  5.23000  0.000000E+00
  5.24000  0.000000E+00
  5.25000  0.000000E+00
  5.26000  0.000000E+00
  5.27000  0.000000E+00
  5.28000  0.000000E+00
  5.29000  0.000000E+00
  5.30000  0.000000E+00
  5.31000  0.000000E+00
  5.32000  0.000000E+00
  5.33000  0.000000E+00
  5.34000  0.000000E+00
  5.35000  0.000000E+00
  5.36000  0.000000E+00
  5.37000  0.000000E+00
  5.38000  0.000000E+00
  5.39000  0.000000E+00
  5.40000  0.000000E+00
  5.41000  0.000000E+00
  5.42000  0.000000E+00
  5.43000  0.000000E+00
  5.44000  0.000000E+00
  5.45000  0.000000E+00
  5.46000  0.000000E+00
  5.47000  0.000000E+00
  5.48000  0.000000E+00
  5.49000  0.000000E+00
  5.50000  0.000000E+00
  5.51000  0.000000E+00
  5.52000  0.000000E+00
  5.53000  0.000000E+00
  5.54000  0.000000E+00
  5.55000  0.000000E+00
  5.56000  0.000000E+00
  5.57000  0.000000E+00
  5.58000  0.000000E+00
  5.59000  0.000000E+00
  5.60000  0.000000E+00
  5.61000  0.000000E+00
  5.62000  0.000000E+00
  5.63000  0.000000E+00
  5.64000  0.000000E+00
  5.65000  0.000000E+00
  5.66000  0.000000E+00
  5.67000  0.000000E+00
  5.68000  0.000000E+00
  5.69000  0.000000E+00
  5.70000  0.000000E+00
  5.71000  0.000000E+00
  5.72000  0.000000E+00
  5.73000  0.000000E+00
  5.74000  0.000000E+00
  5.75000  0.000000E+00
  5.76000  0.000000E+00
  5.77000  0.000000E+00
  5.78000  0.000000E+00
  5.79000  0.000000E+00
  5.80000  0.000000E+00
  5.81000  0.000000E+00
  5.82000  0.000000E+00
  5.83000  0.000000E+00
  5.84000  0.000000E+00
  5.85000  0.000000E+00
  5.86000  0.000000E+00
  5.87000  0.000000E+00
  5.88000  0.000000E+00
  5.89000  0.000000E+00
  5.90000  0.000000E+00
  5.91000  0.000000E+00
  5.92000  0.000000E+00
  5.93000  0.000000E+00
  5.94000  0.000000E+00
  5.95000  0.000000E+00
  5.96000  0.000000E+00
  5.97000  0.000000E+00
  5.98000  0.000000E+00
  5.99000  0.000000E+00
  6.00000  0.000000E+00
  6.20000  0.000000E+00
  6.40000  0.000000E+00
  6.60000  0.000000E+00
  6.80000  0.000000E+00
  7.00000  0.000000E+00
