  0.00000  0.000000E+00
  0.01000  0.000000E+00
  0.02000  0.000000E+00
  0.03000  0.533510E-25
  0.04000  0.928368E-22
  0.05000  0.289684E-21
  0.06000  0.148437E-20
  0.07000  0.429512E-20
  0.08000  0.764983E-20
  0.09000  0.784167E-20
  0.10000  0.721073E-20
  0.11000  0.126990E-19
  0.12000  0.309602E-19
  0.13000  0.869653E-19
  0.14000  0.256709E-18
  0.15000  0.932371E-18
  0.16000  0.299013E-17
  0.17000  0.789303E-17
  0.18000  0.182236E-16
  0.19000  0.388814E-16
  0.20000  0.101411E-15
  0.21000  0.265322E-15
  0.22000  0.630781E-15
  0.23000  0.129632E-14
  0.24000  0.231036E-14
  0.25000  0.475085E-14
  0.26000  0.927388E-14
  0.27000  0.169243E-13
  0.28000  0.326998E-13
  0.29000  0.643241E-13
  0.30000  0.128072E-12
  0.31000  0.241348E-12
  0.32000  0.421511E-12
  0.33000  0.755391E-12
  0.34000  0.133526E-11
  0.35000  0.226882E-11
  0.36000  0.390644E-11
  0.37000  0.690433E-11
  0.38000  0.126348E-10
  0.39000  0.241411E-10
  0.40000  0.467896E-10
  0.41000  0.877541E-10
  0.42000  0.165688E-09
  0.43000  0.311217E-09
  0.44000  0.582160E-09
  0.45000  0.110882E-08
  0.46000  0.213226E-08
  0.47000  0.406489E-08
  0.48000  0.748167E-08
  0.49000  0.130862E-07
  0.50000  0.217724E-07
  0.51000  0.357187E-07
  0.52000  0.573900E-07
  0.53000  0.929637E-07
  0.54000  0.153048E-06
  0.55000  0.249430E-06
  0.56000  0.406578E-06
  0.57000  0.680773E-06
  0.58000  0.115324E-05
  0.59000  0.197734E-05
  0.60000  0.337965E-05
  0.61000  0.568847E-05
  0.62000  0.934937E-05
  0.63000  0.151047E-04
  0.64000  0.248249E-04
  0.65000  0.406128E-04
  0.66000  0.652373E-04
  0.67000  0.102703E-03
  0.68000  0.154988E-03
  0.69000  0.222852E-03
  0.70000  0.315336E-03
  0.71000  0.442946E-03
  0.72000  0.613552E-03
  0.73000  0.832424E-03
  0.74000  0.110228E-02
  0.75000  0.145871E-02
  0.76000  0.192049E-02
  0.77000  0.250549E-02
  0.78000  0.324550E-02
  0.79000  0.417231E-02
  0.80000  0.526540E-02
  0.81000  0.668663E-02
  0.82000  0.884161E-02
  0.83000  0.119745E-01
  0.84000  0.155113E-01
  0.85000  0.188860E-01
  0.86000  0.220367E-01
  0.87000  0.252492E-01
  0.88000  0.289115E-01
  0.89000  0.328258E-01
  0.90000  0.370313E-01
  0.91000  0.412326E-01
  0.92000  0.446286E-01
  0.93000  0.475456E-01
  0.94000  0.499409E-01
  0.95000  0.516978E-01
  0.96000  0.525859E-01
  0.97000  0.528522E-01
  0.98000  0.533189E-01
  0.99000  0.587648E-01
  1.00000  0.704137E-01
  1.01000  0.864849E-01
  1.02000  0.105558E+00
  1.03000  0.128186E+00
  1.04000  0.154831E+00
  1.05000  0.186406E+00
  1.06000  0.224495E+00
  1.07000  0.267621E+00
  1.08000  0.317139E+00
  1.09000  0.374585E+00
  1.10000  0.438922E+00
  1.11000  0.620067E+00
  1.12000  0.926373E+00
  1.13000  0.100000E+01
  1.14000  0.693127E+00
  1.15000  0.739471E+00
  1.16000  0.784262E+00
  1.17000  0.818094E+00
  1.18000  0.835679E+00
  1.19000  0.835609E+00
  1.20000  0.822473E+00
  1.21000  0.803487E+00
  1.22000  0.783035E+00
  1.23000  0.759990E+00
  1.24000  0.731252E+00
  1.25000  0.695569E+00
  1.26000  0.691915E+00
  1.27000  0.726087E+00
  1.28000  0.752032E+00
  1.29000  0.772317E+00
  1.30000  0.786518E+00
  1.31000  0.791624E+00
  1.32000  0.786980E+00
  1.33000  0.776028E+00
  1.34000  0.763666E+00
  1.35000  0.754298E+00
  1.36000  0.782678E+00
  1.37000  0.815397E+00
  1.38000  0.850889E+00
  1.39000  0.884979E+00
  1.40000  0.910802E+00
  1.41000  0.920374E+00
  1.42000  0.909424E+00
  1.43000  0.879120E+00
  1.44000  0.842118E+00
  1.45000  0.808806E+00
  1.46000  0.777371E+00
  1.47000  0.744051E+00
  1.48000  0.707771E+00
  1.49000  0.668365E+00
  1.50000  0.626239E+00
  1.51000  0.583128E+00
  1.52000  0.539657E+00
  1.53000  0.496551E+00
  1.54000  0.455306E+00
  1.55000  0.417326E+00
  1.56000  0.383694E+00
  1.57000  0.413560E+00
  1.58000  0.432003E+00
  1.59000  0.431702E+00
  1.60000  0.418888E+00
  1.61000  0.400600E+00
  1.62000  0.380241E+00
  1.63000  0.359086E+00
  1.64000  0.337952E+00
  1.65000  0.316870E+00
  1.66000  0.295682E+00
  1.67000  0.274533E+00
  1.68000  0.253574E+00
  1.69000  0.232969E+00
  1.70000  0.212928E+00
  1.71000  0.193604E+00
  1.72000  0.175066E+00
  1.73000  0.157396E+00
  1.74000  0.140576E+00
  1.75000  0.128615E+00
  1.76000  0.124639E+00
  1.77000  0.120658E+00
  1.78000  0.116179E+00
  1.79000  0.111076E+00
  1.80000  0.109641E+00
  1.81000  0.123165E+00
  1.82000  0.133688E+00
  1.83000  0.141625E+00
  1.84000  0.147133E+00
  1.85000  0.151442E+00
  1.86000  0.155083E+00
  1.87000  0.156847E+00
  1.88000  0.154462E+00
  1.89000  0.148692E+00
  1.90000  0.143168E+00
  1.91000  0.137638E+00
  1.92000  0.131103E+00
  1.93000  0.124177E+00
  1.94000  0.117596E+00
  1.95000  0.111646E+00
  1.96000  0.105733E+00
  1.97000  0.997502E-01
  1.98000  0.954591E-01
  1.99000  0.905485E-01
  2.00000  0.851125E-01
  2.01000  0.801093E-01
  2.02000  0.761492E-01
  2.03000  0.722175E-01
  2.04000  0.676433E-01
  2.05000  0.628735E-01
  2.06000  0.579361E-01
  2.07000  0.530862E-01
  2.08000  0.489697E-01
  2.09000  0.452441E-01
  2.10000  0.412677E-01
  2.11000  0.371470E-01
  2.12000  0.342320E-01
  2.13000  0.319093E-01
  2.14000  0.296485E-01
  2.15000  0.273963E-01
  2.16000  0.252503E-01
  2.17000  0.232457E-01
  2.18000  0.214625E-01
  2.19000  0.198750E-01
  2.20000  0.183807E-01
  2.21000  0.170530E-01
  2.22000  0.160559E-01
  2.23000  0.152496E-01
  2.24000  0.143645E-01
  2.25000  0.133280E-01
  2.26000  0.122070E-01
  2.27000  0.110414E-01
  2.28000  0.987592E-02
  2.29000  0.873574E-02
  2.30000  0.783286E-02
  2.31000  0.701931E-02
  2.32000  0.624943E-02
  2.33000  0.554198E-02
  2.34000  0.489961E-02
  2.35000  0.431746E-02
  2.36000  0.379151E-02
  2.37000  0.331398E-02
  2.38000  0.296976E-02
  2.39000  0.270031E-02
  2.40000  0.245794E-02
  2.41000  0.225717E-02
  2.42000  0.208288E-02
  2.43000  0.191064E-02
  2.44000  0.174091E-02
  2.45000  0.158346E-02
  2.46000  0.144252E-02
  2.47000  0.131765E-02
  2.48000  0.121103E-02
  2.49000  0.112346E-02
  2.50000  0.105246E-02
  2.51000  0.100080E-02
  2.52000  0.976959E-03
  2.53000  0.106502E-02
  2.54000  0.112384E-02
  2.55000  0.115171E-02
  2.56000  0.114949E-02
  2.57000  0.111980E-02
  2.58000  0.107368E-02
  2.59000  0.102051E-02
  2.60000  0.961982E-03
  2.61000  0.897638E-03
  2.62000  0.831970E-03
  2.63000  0.775344E-03
  2.64000  0.734431E-03
  2.65000  0.706470E-03
  2.66000  0.682732E-03
  2.67000  0.656632E-03
  2.68000  0.630239E-03
  2.69000  0.606441E-03
  2.70000  0.584947E-03
  2.71000  0.566195E-03
  2.72000  0.548764E-03
  2.73000  0.521158E-03
  2.74000  0.458650E-03
  2.75000  0.355832E-03
  2.76000  0.255478E-03
  2.77000  0.226638E-03
  2.78000  0.210895E-03
  2.79000  0.195947E-03
  2.80000  0.181580E-03
  2.81000  0.167564E-03
  2.82000  0.153785E-03
  2.83000  0.140236E-03
  2.84000  0.127138E-03
  2.85000  0.114744E-03
  2.86000  0.103291E-03
  2.87000  0.928680E-04
  2.88000  0.835495E-04
  2.89000  0.768083E-04
  2.90000  0.708014E-04
  2.91000  0.644753E-04
  2.92000  0.579568E-04
  2.93000  0.513167E-04
  2.94000  0.444039E-04
  2.95000  0.373798E-04
  2.96000  0.317921E-04
  2.97000  0.275001E-04
  2.98000  0.236182E-04
  2.99000  0.201580E-04
  3.00000  0.171498E-04
  3.01000  0.145978E-04
  3.02000  0.124379E-04
  3.03000  0.106143E-04
  3.04000  0.922232E-05
  3.05000  0.828832E-05
  3.06000  0.741677E-05
  3.07000  0.663273E-05
  3.08000  0.590591E-05
  3.09000  0.523934E-05
  3.10000  0.464157E-05
  3.11000  0.411397E-05
  3.12000  0.377685E-05
  3.13000  0.351586E-05
  3.14000  0.324874E-05
  3.15000  0.298106E-05
  3.16000  0.271215E-05
  3.17000  0.246499E-05
  3.18000  0.223754E-05
  3.19000  0.203005E-05
  3.20000  0.183504E-05
  3.21000  0.164849E-05
  3.22000  0.147250E-05
  3.23000  0.131137E-05
  3.24000  0.117064E-05
  3.25000  0.104499E-05
  3.26000  0.911590E-06
  3.27000  0.766953E-06
  3.28000  0.624494E-06
  3.29000  0.509817E-06
  3.30000  0.429752E-06
  3.31000  0.375610E-06
  3.32000  0.337782E-06
  3.33000  0.309907E-06
  3.34000  0.287474E-06
  3.35000  0.266548E-06
  3.36000  0.242716E-06
  3.37000  0.220235E-06
  3.38000  0.199776E-06
  3.39000  0.183303E-06
  3.40000  0.171352E-06
  3.41000  0.163178E-06
  3.42000  0.156855E-06
  3.43000  0.150743E-06
  3.44000  0.144384E-06
  3.45000  0.137889E-06
  3.46000  0.130463E-06
  3.47000  0.125526E-06
  3.48000  0.121434E-06
  3.49000  0.116907E-06
  3.50000  0.110392E-06
  3.51000  0.998382E-07
  3.52000  0.838081E-07
  3.53000  0.658229E-07
  3.54000  0.521797E-07
  3.55000  0.453257E-07
  3.56000  0.434477E-07
  3.57000  0.457665E-07
  3.58000  0.510824E-07
  3.59000  0.593532E-07
  3.60000  0.704730E-07
  3.61000  0.839718E-07
  3.62000  0.991785E-07
  3.63000  0.115375E-06
  3.64000  0.131860E-06
  3.65000  0.147583E-06
  3.66000  0.159525E-06
  3.67000  0.171061E-06
  3.68000  0.180891E-06
  3.69000  0.189899E-06
  3.70000  0.199115E-06
  3.71000  0.209308E-06
  3.72000  0.220988E-06
  3.73000  0.233645E-06
  3.74000  0.245460E-06
  3.75000  0.254551E-06
  3.76000  0.256401E-06
  3.77000  0.257745E-06
  3.78000  0.255865E-06
  3.79000  0.251693E-06
  3.80000  0.246210E-06
  3.81000  0.239958E-06
  3.82000  0.232874E-06
  3.83000  0.224696E-06
  3.84000  0.221059E-06
  3.85000  0.217028E-06
  3.86000  0.208072E-06
  3.87000  0.201743E-06
  3.88000  0.194869E-06
  3.89000  0.187801E-06
  3.90000  0.180967E-06
  3.91000  0.174694E-06
  3.92000  0.169094E-06
  3.93000  0.164146E-06
  3.94000  0.160147E-06
  3.95000  0.157338E-06
  3.96000  0.152036E-06
  3.97000  0.151382E-06
  3.98000  0.151542E-06
  3.99000  0.152278E-06
  4.00000  0.153333E-06
  4.01000  0.154498E-06
  4.02000  0.155839E-06
  4.03000  0.157327E-06
  4.04000  0.158790E-06
  4.05000  0.160135E-06
  4.06000  0.156223E-06
  4.07000  0.157537E-06
  4.08000  0.159175E-06
  4.09000  0.161239E-06
  4.10000  0.163537E-06
  4.11000  0.165751E-06
  4.12000  0.167979E-06
  4.13000  0.170458E-06
  4.14000  0.173619E-06
  4.15000  0.177594E-06
  4.16000  0.176153E-06
  4.17000  0.181704E-06
  4.18000  0.187664E-06
  4.19000  0.193701E-06
  4.20000  0.199807E-06
  4.21000  0.206020E-06
  4.22000  0.212349E-06
  4.23000  0.218483E-06
  4.24000  0.224291E-06
  4.25000  0.229544E-06
  4.26000  0.225661E-06
  4.27000  0.227802E-06
  4.28000  0.227075E-06
  4.29000  0.222619E-06
  4.30000  0.214601E-06
  4.31000  0.204868E-06
  4.32000  0.195745E-06
  4.33000  0.188793E-06
  4.34000  0.184207E-06
  4.35000  0.181077E-06
  4.36000  0.172345E-06
  4.37000  0.169689E-06
  4.38000  0.166523E-06
  4.39000  0.162850E-06
  4.40000  0.158374E-06
  4.41000  0.153226E-06
  4.42000  0.147473E-06
  4.43000  0.141034E-06
  4.44000  0.134500E-06
  4.45000  0.128379E-06
  4.46000  0.118473E-06
  4.47000  0.414664E-07
  4.48000  0.417305E-07
  4.49000  0.420814E-07
  4.50000  0.425340E-07
  4.51000  0.431160E-07
  4.52000  0.443041E-07
  4.53000  0.455755E-07
  4.54000  0.468397E-07
  4.55000  0.480353E-07
  4.56000  0.461821E-07
  4.57000  0.468310E-07
  4.58000  0.471905E-07
  4.59000  0.472879E-07
  4.60000  0.471326E-07
  4.61000  0.467339E-07
  4.62000  0.461456E-07
  4.63000  0.454638E-07
  4.64000  0.447692E-07
  4.65000  0.216304E-09
  4.66000  0.192587E-09
  4.67000  0.187475E-09
  4.68000  0.211322E-10
  4.69000  0.215044E-10
  4.70000  0.221010E-10
  4.71000  0.229743E-10
  4.72000  0.241486E-10
  4.73000  0.256314E-10
  4.74000  0.274589E-10
  4.75000  0.296546E-10
  4.76000  0.289745E-10
  4.77000  0.316609E-10
  4.78000  0.347054E-10
  4.79000  0.381216E-10
  4.80000  0.420066E-10
  4.81000  0.464339E-10
  4.82000  0.514335E-10
  4.83000  0.571354E-10
  4.84000  0.186454E-10
  4.85000  0.211774E-10
  4.86000  0.217022E-10
  4.87000  0.247513E-10
  4.88000  0.283251E-10
  4.89000  0.326149E-10
  4.90000  0.378111E-10
  4.91000  0.510413E-14
  4.92000  0.665742E-14
  4.93000  0.875576E-14
  4.94000  0.115617E-13
  4.95000  0.152562E-13
  4.96000  0.181840E-13
  4.97000  0.190450E-13
  4.98000  0.239838E-13
  4.99000  0.298561E-13
  5.00000  0.367440E-13
  5.01000  0.895732E-15
  5.02000  0.115945E-14
  5.03000  0.147887E-14
  5.04000  0.185560E-14
  5.05000  0.229048E-14
  5.06000  0.255170E-14
  5.07000  0.305449E-14
  5.08000  0.360701E-14
  5.09000  0.421278E-14
  5.10000  0.487452E-14
  5.11000  0.559359E-14
  5.12000  0.636240E-14
  5.13000  0.715118E-14
  5.14000  0.795902E-14
  5.15000  0.880135E-14
  5.16000  0.864003E-14
  5.17000  0.165189E-14
  5.18000  0.181377E-14
  5.19000  0.200420E-14
  5.20000  0.224051E-14
  5.21000  0.253439E-14
  5.22000  0.289983E-14
  5.23000  0.334105E-14
  5.24000  0.387065E-14
  5.25000  0.450458E-14
  5.26000  0.329275E-17
  5.27000  0.395697E-17
  5.28000  0.476399E-17
  5.29000  0.574538E-17
  5.30000  0.693255E-17
  5.31000  0.835674E-17
  5.32000  0.100373E-16
  5.33000  0.120013E-16
  5.34000  0.142778E-16
  5.35000  0.168759E-16
  5.36000  0.133900E-16
  5.37000  0.154820E-16
  5.38000  0.191745E-17
  5.39000  0.226884E-17
  5.40000  0.266896E-17
  5.41000  0.311763E-17
  5.42000  0.259437E-17
  5.43000  0.308866E-17
  5.44000  0.363498E-17
  5.45000  0.422138E-17
  5.46000  0.449199E-17
  5.47000  0.505479E-17
  5.48000  0.491794E-17
  5.49000  0.539869E-17
  5.50000  0.589691E-17
  5.51000  0.640583E-17
  5.52000  0.692892E-17
  5.53000  0.747416E-17
  5.54000  0.804568E-17
  5.55000  0.863774E-17
  5.56000  0.823942E-17
  5.57000  0.873585E-17
  5.58000  0.923042E-17
  5.59000  0.973268E-17
  5.60000  0.102605E-16
  5.61000  0.108335E-16
  5.62000  0.114732E-16
  5.63000  0.122394E-16
  5.64000  0.132043E-16
  5.65000  0.187127E-18
  5.66000  0.178765E-18
  5.67000  0.803398E-19
  5.68000  0.929392E-19
  5.69000  0.108385E-18
  5.70000  0.127347E-18
  5.71000  0.150280E-18
  5.72000  0.178313E-18
  5.73000  0.210224E-18
  5.74000  0.248482E-18
  5.75000  0.295507E-18
  5.76000  0.490504E-19
  5.77000  0.592555E-19
  5.78000  0.717773E-19
  5.79000  0.868397E-19
  5.80000  0.106097E-18
  5.81000  0.130656E-18
  5.82000  0.160605E-18
  5.83000  0.197811E-18
  5.84000  0.242677E-18
  5.85000  0.298192E-18
  5.86000  0.311238E-18
  5.87000  0.386261E-18
  5.88000  0.479301E-18
  5.89000  0.597411E-18
  5.90000  0.742899E-18
  5.91000  0.928102E-18
  5.92000  0.116104E-17
  5.93000  0.144403E-17
  5.94000  0.178720E-17
  5.95000  0.154271E-17
  5.96000  0.156433E-17
  5.97000  0.451188E-20
  5.98000  0.587126E-20
  5.99000  0.756906E-20
  6.00000  0.970365E-20
  6.20000  0.137073E-18
  6.40000  0.598108E-21
  6.60000  0.294204E-21
  6.80000  0.530193E-24
  7.00000  0.778655E-25
