  0.00000  0.000000E+00
  0.01000  0.000000E+00
  0.02000  0.119561E-22
  0.03000  0.836644E-22
  0.04000  0.327993E-21
  0.05000  0.189377E-20
  0.06000  0.100388E-18
  0.07000  0.331462E-18
  0.08000  0.155889E-18
  0.09000  0.397964E-19
  0.10000  0.264254E-21
  0.11000  0.407633E-23
  0.12000  0.141110E-23
  0.13000  0.345024E-23
  0.14000  0.109789E-21
  0.15000  0.215988E-19
  0.16000  0.135247E-18
  0.17000  0.145171E-18
  0.18000  0.227939E-18
  0.19000  0.335521E-18
  0.20000  0.321859E-18
  0.21000  0.205665E-18
  0.22000  0.134986E-18
  0.23000  0.166403E-18
  0.24000  0.122658E-18
  0.25000  0.792614E-19
  0.26000  0.533876E-19
  0.27000  0.304463E-19
  0.28000  0.263624E-19
  0.29000  0.980622E-20
  0.30000  0.396343E-20
  0.31000  0.177577E-20
  0.32000  0.170740E-20
  0.33000  0.108494E-19
  0.34000  0.516199E-19
  0.35000  0.699414E-19
  0.36000  0.967262E-19
  0.37000  0.140903E-18
  0.38000  0.321876E-18
  0.39000  0.189839E-17
  0.40000  0.650278E-17
  0.41000  0.106782E-16
  0.42000  0.169001E-16
  0.43000  0.253178E-16
  0.44000  0.214284E-16
  0.45000  0.144694E-16
  0.46000  0.136768E-16
  0.47000  0.107353E-16
  0.48000  0.725184E-17
  0.49000  0.546938E-17
  0.50000  0.204345E-16
  0.51000  0.294016E-15
  0.52000  0.214795E-14
  0.53000  0.817145E-14
  0.54000  0.270241E-13
  0.55000  0.871483E-13
  0.56000  0.220664E-12
  0.57000  0.490517E-12
  0.58000  0.960813E-12
  0.59000  0.149235E-11
  0.60000  0.206728E-11
  0.61000  0.276142E-11
  0.62000  0.358797E-11
  0.63000  0.518418E-11
  0.64000  0.845112E-11
  0.65000  0.145148E-10
  0.66000  0.221413E-10
  0.67000  0.398927E-10
  0.68000  0.846303E-10
  0.69000  0.152406E-09
  0.70000  0.260298E-09
  0.71000  0.429145E-09
  0.72000  0.550734E-09
  0.73000  0.634486E-09
  0.74000  0.952056E-09
  0.75000  0.189417E-08
  0.76000  0.357332E-08
  0.77000  0.580264E-08
  0.78000  0.894097E-08
  0.79000  0.145167E-07
  0.80000  0.248719E-07
  0.81000  0.420165E-07
  0.82000  0.695648E-07
  0.83000  0.121118E-06
  0.84000  0.189910E-06
  0.85000  0.239544E-06
  0.86000  0.254689E-06
  0.87000  0.242512E-06
  0.88000  0.219118E-06
  0.89000  0.203453E-06
  0.90000  0.198438E-06
  0.91000  0.190249E-06
  0.92000  0.167070E-06
  0.93000  0.136560E-06
  0.94000  0.119765E-06
  0.95000  0.111279E-06
  0.96000  0.103753E-06
  0.97000  0.964566E-07
  0.98000  0.920844E-07
  0.99000  0.945836E-07
  1.00000  0.106518E-06
  1.01000  0.123848E-06
  1.02000  0.136061E-06
  1.03000  0.138715E-06
  1.04000  0.135860E-06
  1.05000  0.149221E-06
  1.06000  0.321459E-06
  1.07000  0.806169E-06
  1.08000  0.225111E-05
  1.09000  0.585585E-05
  1.10000  0.129001E-04
  1.11000  0.258432E-04
  1.12000  0.502989E-04
  1.13000  0.958639E-04
  1.14000  0.678735E-04
  1.15000  0.576598E-04
  1.16000  0.649784E-04
  1.17000  0.634270E-04
  1.18000  0.748861E-04
  1.19000  0.120255E-03
  1.20000  0.228649E-03
  1.21000  0.415937E-03
  1.22000  0.654050E-03
  1.23000  0.917031E-03
  1.24000  0.118618E-02
  1.25000  0.143661E-02
  1.26000  0.151264E-02
  1.27000  0.152727E-02
  1.28000  0.189063E-02
  1.29000  0.254343E-02
  1.30000  0.321830E-02
  1.31000  0.392580E-02
  1.32000  0.503721E-02
  1.33000  0.754192E-02
  1.34000  0.116878E-01
  1.35000  0.151958E-01
  1.36000  0.164310E-01
  1.37000  0.166853E-01
  1.38000  0.165956E-01
  1.39000  0.193930E-01
  1.40000  0.243728E-01
  1.41000  0.301023E-01
  1.42000  0.364956E-01
  1.43000  0.437377E-01
  1.44000  0.517079E-01
  1.45000  0.611762E-01
  1.46000  0.732885E-01
  1.47000  0.871425E-01
  1.48000  0.994343E-01
  1.49000  0.107627E+00
  1.50000  0.111746E+00
  1.51000  0.122964E+00
  1.52000  0.141474E+00
  1.53000  0.186105E+00
  1.54000  0.264834E+00
  1.55000  0.358350E+00
  1.56000  0.450522E+00
  1.57000  0.485992E+00
  1.58000  0.415747E+00
  1.59000  0.425808E+00
  1.60000  0.516646E+00
  1.61000  0.608301E+00
  1.62000  0.698515E+00
  1.63000  0.783478E+00
  1.64000  0.859086E+00
  1.65000  0.919948E+00
  1.66000  0.959398E+00
  1.67000  0.973014E+00
  1.68000  0.959455E+00
  1.69000  0.953206E+00
  1.70000  0.980949E+00
  1.71000  0.997153E+00
  1.72000  0.100000E+01
  1.73000  0.987373E+00
  1.74000  0.959292E+00
  1.75000  0.917223E+00
  1.76000  0.862716E+00
  1.77000  0.798492E+00
  1.78000  0.728244E+00
  1.79000  0.655480E+00
  1.80000  0.582219E+00
  1.81000  0.508725E+00
  1.82000  0.436120E+00
  1.83000  0.367375E+00
  1.84000  0.305542E+00
  1.85000  0.251687E+00
  1.86000  0.204880E+00
  1.87000  0.164678E+00
  1.88000  0.130842E+00
  1.89000  0.103042E+00
  1.90000  0.804106E-01
  1.91000  0.620820E-01
  1.92000  0.472894E-01
  1.93000  0.354620E-01
  1.94000  0.261331E-01
  1.95000  0.189402E-01
  1.96000  0.134227E-01
  1.97000  0.934230E-02
  1.98000  0.636177E-02
  1.99000  0.423925E-02
  2.00000  0.276336E-02
  2.01000  0.176025E-02
  2.02000  0.114119E-02
  2.03000  0.799120E-03
  2.04000  0.553064E-03
  2.05000  0.378629E-03
  2.06000  0.252077E-03
  2.07000  0.168006E-03
  2.08000  0.110438E-03
  2.09000  0.716774E-04
  2.10000  0.460106E-04
  2.11000  0.293046E-04
  2.12000  0.185947E-04
  2.13000  0.117829E-04
  2.14000  0.766050E-05
  2.15000  0.511693E-05
  2.16000  0.326765E-05
  2.17000  0.211395E-05
  2.18000  0.134054E-05
  2.19000  0.832861E-06
  2.20000  0.509159E-06
  2.21000  0.342003E-06
  2.22000  0.241350E-06
  2.23000  0.173058E-06
  2.24000  0.123954E-06
  2.25000  0.876440E-07
  2.26000  0.583411E-07
  2.27000  0.401195E-07
  2.28000  0.272759E-07
  2.29000  0.184688E-07
  2.30000  0.122859E-07
  2.31000  0.812836E-08
  2.32000  0.534203E-08
  2.33000  0.347162E-08
  2.34000  0.222818E-08
  2.35000  0.141123E-08
  2.36000  0.866028E-09
  2.37000  0.568545E-09
  2.38000  0.370027E-09
  2.39000  0.239940E-09
  2.40000  0.155575E-09
  2.41000  0.101340E-09
  2.42000  0.660623E-10
  2.43000  0.426570E-10
  2.44000  0.271387E-10
  2.45000  0.170621E-10
  2.46000  0.998759E-11
  2.47000  0.630982E-11
  2.48000  0.406055E-11
  2.49000  0.265433E-11
  2.50000  0.175139E-11
  2.51000  0.116790E-11
  2.52000  0.789347E-12
  2.53000  0.547849E-12
  2.54000  0.373808E-12
  2.55000  0.244643E-12
  2.56000  0.141222E-12
  2.57000  0.873041E-13
  2.58000  0.541195E-13
  2.59000  0.336425E-13
  2.60000  0.210140E-13
  2.61000  0.130361E-13
  2.62000  0.794652E-14
  2.63000  0.478426E-14
  2.64000  0.288679E-14
  2.65000  0.175741E-14
  2.66000  0.920833E-15
  2.67000  0.562833E-15
  2.68000  0.473502E-15
  2.69000  0.380673E-15
  2.70000  0.291606E-15
  2.71000  0.210884E-15
  2.72000  0.144524E-15
  2.73000  0.956934E-16
  2.74000  0.624857E-16
  2.75000  0.405070E-16
  2.76000  0.198777E-16
  2.77000  0.127669E-16
  2.78000  0.834178E-17
  2.79000  0.559067E-17
  2.80000  0.385847E-17
  2.81000  0.272900E-17
  2.82000  0.195936E-17
  2.83000  0.142090E-17
  2.84000  0.102820E-17
  2.85000  0.722993E-18
  2.86000  0.353317E-18
  2.87000  0.217671E-18
  2.88000  0.126695E-18
  2.89000  0.756446E-19
  2.90000  0.424341E-19
  2.91000  0.228216E-19
  2.92000  0.121122E-19
  2.93000  0.751737E-20
  2.94000  0.505027E-20
  2.95000  0.367981E-20
  2.96000  0.224239E-20
  2.97000  0.185515E-20
  2.98000  0.155007E-20
  2.99000  0.128839E-20
  3.00000  0.106415E-20
  3.01000  0.872233E-21
  3.02000  0.684252E-21
  3.03000  0.477980E-21
  3.04000  0.276101E-21
  3.05000  0.125222E-21
  3.06000  0.246824E-22
  3.07000  0.640524E-23
  3.08000  0.150168E-23
  3.09000  0.367102E-24
  3.10000  0.102467E-24
  3.11000  0.821573E-25
  3.12000  0.706642E-25
  3.13000  0.585284E-25
  3.14000  0.456497E-25
  3.15000  0.331710E-25
  3.16000  0.135517E-25
  3.17000  0.851784E-26
  3.18000  0.502505E-26
  3.19000  0.278825E-26
  3.20000  0.144618E-26
  3.21000  0.697373E-27
  3.22000  0.313793E-27
  3.23000  0.133082E-27
  3.24000  0.542240E-28
  3.25000  0.417092E-28
  3.26000  0.190418E-28
  3.27000  0.183662E-28
  3.28000  0.188017E-28
  3.29000  0.199467E-28
  3.30000  0.210587E-28
  3.31000  0.210301E-28
  3.32000  0.191070E-28
  3.33000  0.155206E-28
  3.34000  0.110950E-28
  3.35000  0.682142E-29
  3.36000  0.154390E-29
  3.37000  0.000000E+00
  3.38000  0.000000E+00
  3.39000  0.000000E+00
  3.40000  0.000000E+00
  3.41000  0.000000E+00
  3.42000  0.000000E+00
  3.43000  0.000000E+00
  3.44000  0.000000E+00
  3.45000  0.000000E+00
  3.46000  0.000000E+00
  3.47000  0.000000E+00
  3.48000  0.000000E+00
  3.49000  0.000000E+00
  3.50000  0.000000E+00
  3.51000  0.000000E+00
  3.52000  0.000000E+00
  3.53000  0.000000E+00
  3.54000  0.000000E+00
  3.55000  0.000000E+00
  3.56000  0.000000E+00
  3.57000  0.000000E+00
  3.58000  0.000000E+00
  3.59000  0.000000E+00
  3.60000  0.000000E+00
  3.61000  0.000000E+00
  3.62000  0.000000E+00
  3.63000  0.000000E+00
  3.64000  0.000000E+00
  3.65000  0.000000E+00
  3.66000  0.000000E+00
  3.67000  0.000000E+00
  3.68000  0.000000E+00
  3.69000  0.000000E+00
  3.70000  0.000000E+00
  3.71000  0.000000E+00
  3.72000  0.000000E+00
  3.73000  0.000000E+00
  3.74000  0.000000E+00
  3.75000  0.000000E+00
  3.76000  0.000000E+00
  3.77000  0.000000E+00
  3.78000  0.000000E+00
  3.79000  0.000000E+00
  3.80000  0.000000E+00
  3.81000  0.000000E+00
  3.82000  0.000000E+00
  3.83000  0.000000E+00
  3.84000  0.000000E+00
  3.85000  0.000000E+00
  3.86000  0.000000E+00
  3.87000  0.000000E+00
  3.88000  0.000000E+00
  3.89000  0.000000E+00
  3.90000  0.000000E+00
  3.91000  0.000000E+00
  3.92000  0.000000E+00
  3.93000  0.000000E+00
  3.94000  0.000000E+00
  3.95000  0.000000E+00
  3.96000  0.000000E+00
  3.97000  0.000000E+00
  3.98000  0.000000E+00
  3.99000  0.000000E+00
  4.00000  0.000000E+00
  4.01000  0.000000E+00
  4.02000  0.000000E+00
  4.03000  0.000000E+00
  4.04000  0.000000E+00
  4.05000  0.000000E+00
  4.06000  0.000000E+00
  4.07000  0.000000E+00
  4.08000  0.000000E+00
  4.09000  0.000000E+00
  4.10000  0.000000E+00
  4.11000  0.000000E+00
  4.12000  0.000000E+00
  4.13000  0.000000E+00
  4.14000  0.000000E+00
  4.15000  0.000000E+00
  4.16000  0.000000E+00
  4.17000  0.000000E+00
  4.18000  0.000000E+00
  4.19000  0.000000E+00
  4.20000  0.000000E+00
  4.21000  0.000000E+00
  4.22000  0.000000E+00
  4.23000  0.000000E+00
  4.24000  0.000000E+00
  4.25000  0.000000E+00
  4.26000  0.000000E+00
  4.27000  0.000000E+00
  4.28000  0.000000E+00
  4.29000  0.000000E+00
  4.30000  0.000000E+00
  4.31000  0.000000E+00
  4.32000  0.000000E+00
  4.33000  0.000000E+00
  4.34000  0.000000E+00
  4.35000  0.000000E+00
  4.36000  0.000000E+00
  4.37000  0.000000E+00
  4.38000  0.000000E+00
  4.39000  0.000000E+00
  4.40000  0.000000E+00
  4.41000  0.000000E+00
  4.42000  0.000000E+00
  4.43000  0.000000E+00
  4.44000  0.000000E+00
  4.45000  0.000000E+00
  4.46000  0.000000E+00
  4.47000  0.000000E+00
  4.48000  0.000000E+00
  4.49000  0.000000E+00
  4.50000  0.000000E+00
  4.51000  0.000000E+00
  4.52000  0.000000E+00
  4.53000  0.000000E+00
  4.54000  0.000000E+00
  4.55000  0.000000E+00
  4.56000  0.000000E+00
  4.57000  0.000000E+00
  4.58000  0.000000E+00
  4.59000  0.000000E+00
  4.60000  0.000000E+00
  4.61000  0.000000E+00
  4.62000  0.000000E+00
  4.63000  0.000000E+00
  4.64000  0.000000E+00
  4.65000  0.000000E+00
  4.66000  0.000000E+00
  4.67000  0.000000E+00
  4.68000  0.000000E+00
  4.69000  0.000000E+00
  4.70000  0.000000E+00
  4.71000  0.000000E+00
  4.72000  0.000000E+00
  4.73000  0.000000E+00
  4.74000  0.000000E+00
  4.75000  0.000000E+00
  4.76000  0.000000E+00
  4.77000  0.000000E+00
  4.78000  0.000000E+00
  4.79000  0.000000E+00
  4.80000  0.000000E+00
  4.81000  0.000000E+00
  4.82000  0.000000E+00
  4.83000  0.000000E+00
  4.84000  0.000000E+00
  4.85000  0.000000E+00
  4.86000  0.000000E+00
  4.87000  0.000000E+00
  4.88000  0.000000E+00
  4.89000  0.000000E+00
  4.90000  0.000000E+00
  4.91000  0.000000E+00
  4.92000  0.000000E+00
  4.93000  0.000000E+00
  4.94000  0.000000E+00
  4.95000  0.000000E+00
  4.96000  0.000000E+00
  4.97000  0.000000E+00
  4.98000  0.000000E+00
  4.99000  0.000000E+00
  5.00000  0.000000E+00
  5.01000  0.000000E+00
  5.02000  0.000000E+00
  5.03000  0.000000E+00
  5.04000  0.000000E+00
  5.05000  0.000000E+00
  5.06000  0.000000E+00
  5.07000  0.000000E+00
  5.08000  0.000000E+00
  5.09000  0.000000E+00
  5.10000  0.000000E+00
  5.11000  0.000000E+00
  5.12000  0.000000E+00
  5.13000  0.000000E+00
  5.14000  0.000000E+00
  5.15000  0.000000E+00
  5.16000  0.000000E+00
  5.17000  0.000000E+00
  5.18000  0.000000E+00
  5.19000  0.000000E+00
  5.20000  0.000000E+00
  5.21000  0.000000E+00
  5.22000  0.000000E+00
  5.23000  0.000000E+00
  5.24000  0.000000E+00
  5.25000  0.000000E+00
  5.26000  0.000000E+00
  5.27000  0.000000E+00
  5.28000  0.000000E+00
  5.29000  0.000000E+00
  5.30000  0.000000E+00
  5.31000  0.000000E+00
  5.32000  0.000000E+00
  5.33000  0.000000E+00
  5.34000  0.000000E+00
  5.35000  0.000000E+00
  5.36000  0.000000E+00
  5.37000  0.000000E+00
  5.38000  0.000000E+00
  5.39000  0.000000E+00
  5.40000  0.000000E+00
  5.41000  0.000000E+00
  5.42000  0.000000E+00
  5.43000  0.000000E+00
  5.44000  0.000000E+00
  5.45000  0.000000E+00
  5.46000  0.000000E+00
  5.47000  0.000000E+00
  5.48000  0.000000E+00
  5.49000  0.000000E+00
  5.50000  0.000000E+00
  5.51000  0.000000E+00
  5.52000  0.000000E+00
  5.53000  0.000000E+00
  5.54000  0.000000E+00
  5.55000  0.000000E+00
  5.56000  0.000000E+00
  5.57000  0.000000E+00
  5.58000  0.000000E+00
  5.59000  0.000000E+00
  5.60000  0.000000E+00
  5.61000  0.000000E+00
  5.62000  0.000000E+00
  5.63000  0.000000E+00
  5.64000  0.000000E+00
  5.65000  0.000000E+00
  5.66000  0.000000E+00
  5.67000  0.000000E+00
  5.68000  0.000000E+00
  5.69000  0.000000E+00
  5.70000  0.000000E+00
  5.71000  0.000000E+00
  5.72000  0.000000E+00
  5.73000  0.000000E+00
  5.74000  0.000000E+00
  5.75000  0.000000E+00
  5.76000  0.000000E+00
  5.77000  0.000000E+00
  5.78000  0.000000E+00
  5.79000  0.000000E+00
  5.80000  0.000000E+00
  5.81000  0.000000E+00
  5.82000  0.000000E+00
  5.83000  0.000000E+00
  5.84000  0.000000E+00
  5.85000  0.000000E+00
  5.86000  0.000000E+00
  5.87000  0.000000E+00
  5.88000  0.000000E+00
  5.89000  0.000000E+00
  5.90000  0.000000E+00
  5.91000  0.000000E+00
  5.92000  0.000000E+00
  5.93000  0.000000E+00
  5.94000  0.000000E+00
  5.95000  0.000000E+00
  5.96000  0.000000E+00
  5.97000  0.000000E+00
  5.98000  0.000000E+00
  5.99000  0.000000E+00
  6.00000  0.000000E+00
  6.20000  0.000000E+00
  6.40000  0.000000E+00
  6.60000  0.000000E+00
  6.80000  0.000000E+00
  7.00000  0.000000E+00
