  0.00000  0.000000E+00
  0.01000  0.000000E+00
  0.02000  0.000000E+00
  0.03000  0.000000E+00
  0.04000  0.000000E+00
  0.05000  0.000000E+00
  0.06000  0.000000E+00
  0.07000  0.000000E+00
  0.08000  0.000000E+00
  0.09000  0.000000E+00
  0.10000  0.000000E+00
  0.11000  0.000000E+00
  0.12000  0.000000E+00
  0.13000  0.000000E+00
  0.14000  0.000000E+00
  0.15000  0.000000E+00
  0.16000  0.000000E+00
  0.17000  0.000000E+00
  0.18000  0.000000E+00
  0.19000  0.000000E+00
  0.20000  0.000000E+00
  0.21000  0.000000E+00
  0.22000  0.000000E+00
  0.23000  0.000000E+00
  0.24000  0.000000E+00
  0.25000  0.000000E+00
  0.26000  0.000000E+00
  0.27000  0.000000E+00
  0.28000  0.000000E+00
  0.29000  0.000000E+00
  0.30000  0.000000E+00
  0.31000  0.000000E+00
  0.32000  0.000000E+00
  0.33000  0.000000E+00
  0.34000  0.000000E+00
  0.35000  0.000000E+00
  0.36000  0.235694E-29
  0.37000  0.186006E-28
  0.38000  0.166872E-27
  0.39000  0.319068E-26
  0.40000  0.748393E-25
  0.41000  0.149267E-23
  0.42000  0.273213E-22
  0.43000  0.297699E-21
  0.44000  0.197646E-20
  0.45000  0.936049E-20
  0.46000  0.236093E-19
  0.47000  0.603761E-19
  0.48000  0.176391E-18
  0.49000  0.433030E-18
  0.50000  0.807770E-18
  0.51000  0.265660E-17
  0.52000  0.873446E-17
  0.53000  0.231082E-16
  0.54000  0.487432E-16
  0.55000  0.711757E-16
  0.56000  0.752535E-16
  0.57000  0.784056E-16
  0.58000  0.389889E-15
  0.59000  0.102754E-14
  0.60000  0.222447E-14
  0.61000  0.589904E-14
  0.62000  0.541599E-13
  0.63000  0.525481E-12
  0.64000  0.587711E-11
  0.65000  0.581480E-10
  0.66000  0.610520E-09
  0.67000  0.105933E-07
  0.68000  0.162355E-06
  0.69000  0.951732E-06
  0.70000  0.278590E-05
  0.71000  0.560639E-05
  0.72000  0.861150E-05
  0.73000  0.103295E-04
  0.74000  0.893710E-05
  0.75000  0.556622E-05
  0.76000  0.483443E-05
  0.77000  0.714763E-05
  0.78000  0.107436E-04
  0.79000  0.137113E-04
  0.80000  0.190550E-04
  0.81000  0.524952E-04
  0.82000  0.277496E-03
  0.83000  0.129853E-02
  0.84000  0.402817E-02
  0.85000  0.797304E-02
  0.86000  0.119503E-01
  0.87000  0.143542E-01
  0.88000  0.705730E-01
  0.89000  0.170346E+00
  0.90000  0.170362E+00
  0.91000  0.123245E+00
  0.92000  0.118779E+00
  0.93000  0.146241E+00
  0.94000  0.155873E+00
  0.95000  0.159040E+00
  0.96000  0.157653E+00
  0.97000  0.408600E+00
  0.98000  0.753094E+00
  0.99000  0.100000E+01
  1.00000  0.981904E+00
  1.01000  0.729390E+00
  1.02000  0.422083E+00
  1.03000  0.212579E+00
  1.04000  0.949609E-01
  1.05000  0.376954E-01
  1.06000  0.137755E-01
  1.07000  0.465689E-02
  1.08000  0.218222E-02
  1.09000  0.998724E-03
  1.10000  0.428001E-03
  1.11000  0.170057E-03
  1.12000  0.665340E-04
  1.13000  0.330911E-04
  1.14000  0.236089E-04
  1.15000  0.135762E-04
  1.16000  0.647180E-05
  1.17000  0.375548E-05
  1.18000  0.257002E-05
  1.19000  0.148308E-05
  1.20000  0.790569E-06
  1.21000  0.395921E-06
  1.22000  0.222451E-06
  1.23000  0.171178E-06
  1.24000  0.127332E-06
  1.25000  0.779842E-07
  1.26000  0.470346E-07
  1.27000  0.311092E-07
  1.28000  0.284243E-07
  1.29000  0.230050E-07
  1.30000  0.162647E-07
  1.31000  0.988672E-08
  1.32000  0.497701E-08
  1.33000  0.208656E-08
  1.34000  0.848768E-09
  1.35000  0.425115E-09
  1.36000  0.292535E-09
  1.37000  0.232169E-09
  1.38000  0.162878E-09
  1.39000  0.882706E-10
  1.40000  0.392347E-10
  1.41000  0.162866E-10
  1.42000  0.709906E-11
  1.43000  0.328933E-11
  1.44000  0.156324E-11
  1.45000  0.667880E-12
  1.46000  0.248696E-12
  1.47000  0.799386E-13
  1.48000  0.222198E-13
  1.49000  0.583742E-14
  1.50000  0.150228E-14
  1.51000  0.521796E-15
  1.52000  0.408328E-15
  1.53000  0.376693E-15
  1.54000  0.351527E-15
  1.55000  0.395421E-15
  1.56000  0.494123E-15
  1.57000  0.593238E-15
  1.58000  0.647382E-15
  1.59000  0.577921E-15
  1.60000  0.460902E-15
  1.61000  0.332010E-15
  1.62000  0.213935E-15
  1.63000  0.138152E-15
  1.64000  0.100887E-15
  1.65000  0.839826E-16
  1.66000  0.740972E-16
  1.67000  0.615400E-16
  1.68000  0.457417E-16
  1.69000  0.314644E-16
  1.70000  0.206894E-16
  1.71000  0.128559E-16
  1.72000  0.691754E-17
  1.73000  0.318120E-17
  1.74000  0.135911E-17
  1.75000  0.802857E-18
  1.76000  0.721592E-18
  1.77000  0.814514E-18
  1.78000  0.978038E-18
  1.79000  0.101844E-17
  1.80000  0.862485E-18
  1.81000  0.654466E-18
  1.82000  0.489659E-18
  1.83000  0.399702E-18
  1.84000  0.357906E-18
  1.85000  0.317436E-18
  1.86000  0.274041E-18
  1.87000  0.228671E-18
  1.88000  0.185505E-18
  1.89000  0.144916E-18
  1.90000  0.106743E-18
  1.91000  0.747549E-19
  1.92000  0.507777E-19
  1.93000  0.335593E-19
  1.94000  0.213091E-19
  1.95000  0.131808E-19
  1.96000  0.803104E-20
  1.97000  0.486891E-20
  1.98000  0.292950E-20
  1.99000  0.173878E-20
  2.00000  0.101932E-20
  2.01000  0.600642E-21
  2.02000  0.358602E-21
  2.03000  0.210835E-21
  2.04000  0.120107E-21
  2.05000  0.671378E-22
  2.06000  0.366175E-22
  2.07000  0.197163E-22
  2.08000  0.105971E-22
  2.09000  0.566328E-23
  2.10000  0.293974E-23
  2.11000  0.147783E-23
  2.12000  0.741012E-24
  2.13000  0.376135E-24
  2.14000  0.189076E-24
  2.15000  0.941368E-25
  2.16000  0.465029E-25
  2.17000  0.234060E-25
  2.18000  0.120169E-25
  2.19000  0.665525E-26
  2.20000  0.490571E-26
  2.21000  0.356842E-26
  2.22000  0.260835E-26
  2.23000  0.192104E-26
  2.24000  0.139161E-26
  2.25000  0.975715E-27
  2.26000  0.645567E-27
  2.27000  0.422902E-27
  2.28000  0.269417E-27
  2.29000  0.168756E-27
  2.30000  0.105083E-27
  2.31000  0.650820E-28
  2.32000  0.399338E-28
  2.33000  0.241523E-28
  2.34000  0.143169E-28
  2.35000  0.828940E-29
  2.36000  0.457879E-29
  2.37000  0.253445E-29
  2.38000  0.137595E-29
  2.39000  0.000000E+00
  2.40000  0.000000E+00
  2.41000  0.000000E+00
  2.42000  0.000000E+00
  2.43000  0.000000E+00
  2.44000  0.000000E+00
  2.45000  0.000000E+00
  2.46000  0.000000E+00
  2.47000  0.000000E+00
  2.48000  0.000000E+00
  2.49000  0.000000E+00
  2.50000  0.000000E+00
  2.51000  0.000000E+00
  2.52000  0.000000E+00
  2.53000  0.000000E+00
  2.54000  0.000000E+00
  2.55000  0.000000E+00
  2.56000  0.000000E+00
  2.57000  0.000000E+00
  2.58000  0.000000E+00
  2.59000  0.000000E+00
  2.60000  0.000000E+00
  2.61000  0.000000E+00
  2.62000  0.000000E+00
  2.63000  0.000000E+00
  2.64000  0.000000E+00
  2.65000  0.000000E+00
  2.66000  0.000000E+00
  2.67000  0.000000E+00
  2.68000  0.000000E+00
  2.69000  0.000000E+00
  2.70000  0.000000E+00
  2.71000  0.000000E+00
  2.72000  0.000000E+00
  2.73000  0.000000E+00
  2.74000  0.000000E+00
  2.75000  0.000000E+00
  2.76000  0.000000E+00
  2.77000  0.000000E+00
  2.78000  0.000000E+00
  2.79000  0.000000E+00
  2.80000  0.000000E+00
  2.81000  0.000000E+00
  2.82000  0.000000E+00
  2.83000  0.000000E+00
  2.84000  0.000000E+00
  2.85000  0.000000E+00
  2.86000  0.000000E+00
  2.87000  0.000000E+00
  2.88000  0.000000E+00
  2.89000  0.000000E+00
  2.90000  0.000000E+00
  2.91000  0.000000E+00
  2.92000  0.000000E+00
  2.93000  0.000000E+00
  2.94000  0.000000E+00
  2.95000  0.000000E+00
  2.96000  0.000000E+00
  2.97000  0.000000E+00
  2.98000  0.000000E+00
  2.99000  0.000000E+00
  3.00000  0.000000E+00
  3.01000  0.000000E+00
  3.02000  0.000000E+00
  3.03000  0.000000E+00
  3.04000  0.000000E+00
  3.05000  0.000000E+00
  3.06000  0.000000E+00
  3.07000  0.000000E+00
  3.08000  0.000000E+00
  3.09000  0.000000E+00
  3.10000  0.000000E+00
  3.11000  0.000000E+00
  3.12000  0.000000E+00
  3.13000  0.000000E+00
  3.14000  0.000000E+00
  3.15000  0.000000E+00
  3.16000  0.000000E+00
  3.17000  0.000000E+00
  3.18000  0.000000E+00
  3.19000  0.000000E+00
  3.20000  0.000000E+00
  3.21000  0.000000E+00
  3.22000  0.000000E+00
  3.23000  0.000000E+00
  3.24000  0.000000E+00
  3.25000  0.000000E+00
  3.26000  0.000000E+00
  3.27000  0.000000E+00
  3.28000  0.000000E+00
  3.29000  0.000000E+00
  3.30000  0.000000E+00
  3.31000  0.000000E+00
  3.32000  0.000000E+00
  3.33000  0.000000E+00
  3.34000  0.000000E+00
  3.35000  0.000000E+00
  3.36000  0.000000E+00
  3.37000  0.000000E+00
  3.38000  0.000000E+00
  3.39000  0.000000E+00
  3.40000  0.000000E+00
  3.41000  0.000000E+00
  3.42000  0.000000E+00
  3.43000  0.000000E+00
  3.44000  0.000000E+00
  3.45000  0.000000E+00
  3.46000  0.000000E+00
  3.47000  0.000000E+00
  3.48000  0.000000E+00
  3.49000  0.000000E+00
  3.50000  0.000000E+00
  3.51000  0.000000E+00
  3.52000  0.000000E+00
  3.53000  0.000000E+00
  3.54000  0.000000E+00
  3.55000  0.000000E+00
  3.56000  0.000000E+00
  3.57000  0.000000E+00
  3.58000  0.000000E+00
  3.59000  0.000000E+00
  3.60000  0.000000E+00
  3.61000  0.000000E+00
  3.62000  0.000000E+00
  3.63000  0.000000E+00
  3.64000  0.000000E+00
  3.65000  0.000000E+00
  3.66000  0.000000E+00
  3.67000  0.000000E+00
  3.68000  0.000000E+00
  3.69000  0.000000E+00
  3.70000  0.000000E+00
  3.71000  0.000000E+00
  3.72000  0.000000E+00
  3.73000  0.000000E+00
  3.74000  0.000000E+00
  3.75000  0.000000E+00
  3.76000  0.000000E+00
  3.77000  0.000000E+00
  3.78000  0.000000E+00
  3.79000  0.000000E+00
  3.80000  0.000000E+00
  3.81000  0.000000E+00
  3.82000  0.000000E+00
  3.83000  0.000000E+00
  3.84000  0.000000E+00
  3.85000  0.000000E+00
  3.86000  0.000000E+00
  3.87000  0.000000E+00
  3.88000  0.000000E+00
  3.89000  0.000000E+00
  3.90000  0.000000E+00
  3.91000  0.000000E+00
  3.92000  0.000000E+00
  3.93000  0.000000E+00
  3.94000  0.000000E+00
  3.95000  0.000000E+00
  3.96000  0.000000E+00
  3.97000  0.000000E+00
  3.98000  0.000000E+00
  3.99000  0.000000E+00
  4.00000  0.000000E+00
  4.01000  0.000000E+00
  4.02000  0.000000E+00
  4.03000  0.000000E+00
  4.04000  0.000000E+00
  4.05000  0.000000E+00
  4.06000  0.000000E+00
  4.07000  0.000000E+00
  4.08000  0.000000E+00
  4.09000  0.000000E+00
  4.10000  0.000000E+00
  4.11000  0.000000E+00
  4.12000  0.000000E+00
  4.13000  0.000000E+00
  4.14000  0.000000E+00
  4.15000  0.000000E+00
  4.16000  0.000000E+00
  4.17000  0.000000E+00
  4.18000  0.000000E+00
  4.19000  0.000000E+00
  4.20000  0.000000E+00
  4.21000  0.000000E+00
  4.22000  0.000000E+00
  4.23000  0.000000E+00
  4.24000  0.000000E+00
  4.25000  0.000000E+00
  4.26000  0.000000E+00
  4.27000  0.000000E+00
  4.28000  0.000000E+00
  4.29000  0.000000E+00
  4.30000  0.000000E+00
  4.31000  0.000000E+00
  4.32000  0.000000E+00
  4.33000  0.000000E+00
  4.34000  0.000000E+00
  4.35000  0.000000E+00
  4.36000  0.000000E+00
  4.37000  0.000000E+00
  4.38000  0.000000E+00
  4.39000  0.000000E+00
  4.40000  0.000000E+00
  4.41000  0.000000E+00
  4.42000  0.000000E+00
  4.43000  0.000000E+00
  4.44000  0.000000E+00
  4.45000  0.000000E+00
  4.46000  0.000000E+00
  4.47000  0.000000E+00
  4.48000  0.000000E+00
  4.49000  0.000000E+00
  4.50000  0.000000E+00
  4.51000  0.000000E+00
  4.52000  0.000000E+00
  4.53000  0.000000E+00
  4.54000  0.000000E+00
  4.55000  0.000000E+00
  4.56000  0.000000E+00
  4.57000  0.000000E+00
  4.58000  0.000000E+00
  4.59000  0.000000E+00
  4.60000  0.000000E+00
  4.61000  0.000000E+00
  4.62000  0.000000E+00
  4.63000  0.000000E+00
  4.64000  0.000000E+00
  4.65000  0.000000E+00
  4.66000  0.000000E+00
  4.67000  0.000000E+00
  4.68000  0.000000E+00
  4.69000  0.000000E+00
  4.70000  0.000000E+00
  4.71000  0.000000E+00
  4.72000  0.000000E+00
  4.73000  0.000000E+00
  4.74000  0.000000E+00
  4.75000  0.000000E+00
  4.76000  0.000000E+00
  4.77000  0.000000E+00
  4.78000  0.000000E+00
  4.79000  0.000000E+00
  4.80000  0.000000E+00
  4.81000  0.000000E+00
  4.82000  0.000000E+00
  4.83000  0.000000E+00
  4.84000  0.000000E+00
  4.85000  0.000000E+00
  4.86000  0.000000E+00
  4.87000  0.000000E+00
  4.88000  0.000000E+00
  4.89000  0.000000E+00
  4.90000  0.000000E+00
  4.91000  0.000000E+00
  4.92000  0.000000E+00
  4.93000  0.000000E+00
  4.94000  0.000000E+00
  4.95000  0.000000E+00
  4.96000  0.000000E+00
  4.97000  0.000000E+00
  4.98000  0.000000E+00
  4.99000  0.000000E+00
  5.00000  0.000000E+00
  5.01000  0.000000E+00
  5.02000  0.000000E+00
  5.03000  0.000000E+00
  5.04000  0.000000E+00
  5.05000  0.000000E+00
  5.06000  0.000000E+00
  5.07000  0.000000E+00
  5.08000  0.000000E+00
  5.09000  0.000000E+00
  5.10000  0.000000E+00
  5.11000  0.000000E+00
  5.12000  0.000000E+00
  5.13000  0.000000E+00
  5.14000  0.000000E+00
  5.15000  0.000000E+00
  5.16000  0.000000E+00
  5.17000  0.000000E+00
  5.18000  0.000000E+00
  5.19000  0.000000E+00
  5.20000  0.000000E+00
  5.21000  0.000000E+00
  5.22000  0.000000E+00
  5.23000  0.000000E+00
  5.24000  0.000000E+00
  5.25000  0.000000E+00
  5.26000  0.000000E+00
  5.27000  0.000000E+00
  5.28000  0.000000E+00
  5.29000  0.000000E+00
  5.30000  0.000000E+00
  5.31000  0.000000E+00
  5.32000  0.000000E+00
  5.33000  0.000000E+00
  5.34000  0.000000E+00
  5.35000  0.000000E+00
  5.36000  0.000000E+00
  5.37000  0.000000E+00
  5.38000  0.000000E+00
  5.39000  0.000000E+00
  5.40000  0.000000E+00
  5.41000  0.000000E+00
  5.42000  0.000000E+00
  5.43000  0.000000E+00
  5.44000  0.000000E+00
  5.45000  0.000000E+00
  5.46000  0.000000E+00
  5.47000  0.000000E+00
  5.48000  0.000000E+00
  5.49000  0.000000E+00
  5.50000  0.000000E+00
  5.51000  0.000000E+00
  5.52000  0.000000E+00
  5.53000  0.000000E+00
  5.54000  0.000000E+00
  5.55000  0.000000E+00
  5.56000  0.000000E+00
  5.57000  0.000000E+00
  5.58000  0.000000E+00
  5.59000  0.000000E+00
  5.60000  0.000000E+00
  5.61000  0.000000E+00
  5.62000  0.000000E+00
  5.63000  0.000000E+00
  5.64000  0.000000E+00
  5.65000  0.000000E+00
  5.66000  0.000000E+00
  5.67000  0.000000E+00
  5.68000  0.000000E+00
  5.69000  0.000000E+00
  5.70000  0.000000E+00
  5.71000  0.000000E+00
  5.72000  0.000000E+00
  5.73000  0.000000E+00
  5.74000  0.000000E+00
  5.75000  0.000000E+00
  5.76000  0.000000E+00
  5.77000  0.000000E+00
  5.78000  0.000000E+00
  5.79000  0.000000E+00
  5.80000  0.000000E+00
  5.81000  0.000000E+00
  5.82000  0.000000E+00
  5.83000  0.000000E+00
  5.84000  0.000000E+00
  5.85000  0.000000E+00
  5.86000  0.000000E+00
  5.87000  0.000000E+00
  5.88000  0.000000E+00
  5.89000  0.000000E+00
  5.90000  0.000000E+00
  5.91000  0.000000E+00
  5.92000  0.000000E+00
  5.93000  0.000000E+00
  5.94000  0.000000E+00
  5.95000  0.000000E+00
  5.96000  0.000000E+00
  5.97000  0.000000E+00
  5.98000  0.000000E+00
  5.99000  0.000000E+00
  6.00000  0.000000E+00
  6.20000  0.000000E+00
  6.40000  0.000000E+00
  6.60000  0.000000E+00
  6.80000  0.000000E+00
  7.00000  0.000000E+00
