  0.00000  0.000000E+00
  0.01000  0.000000E+00
  0.02000  0.000000E+00
  0.03000  0.000000E+00
  0.04000  0.000000E+00
  0.05000  0.000000E+00
  0.06000  0.000000E+00
  0.07000  0.000000E+00
  0.08000  0.000000E+00
  0.09000  0.000000E+00
  0.10000  0.000000E+00
  0.11000  0.000000E+00
  0.12000  0.000000E+00
  0.13000  0.000000E+00
  0.14000  0.000000E+00
  0.15000  0.000000E+00
  0.16000  0.000000E+00
  0.17000  0.000000E+00
  0.18000  0.000000E+00
  0.19000  0.000000E+00
  0.20000  0.000000E+00
  0.21000  0.000000E+00
  0.22000  0.000000E+00
  0.23000  0.000000E+00
  0.24000  0.000000E+00
  0.25000  0.000000E+00
  0.26000  0.000000E+00
  0.27000  0.000000E+00
  0.28000  0.000000E+00
  0.29000  0.000000E+00
  0.30000  0.000000E+00
  0.31000  0.000000E+00
  0.32000  0.000000E+00
  0.33000  0.000000E+00
  0.34000  0.000000E+00
  0.35000  0.000000E+00
  0.36000  0.000000E+00
  0.37000  0.000000E+00
  0.38000  0.000000E+00
  0.39000  0.000000E+00
  0.40000  0.789865E-27
  0.41000  0.140977E-24
  0.42000  0.967664E-23
  0.43000  0.731795E-21
  0.44000  0.141974E-18
  0.45000  0.546235E-17
  0.46000  0.276931E-16
  0.47000  0.370613E-16
  0.48000  0.266275E-16
  0.49000  0.200710E-16
  0.50000  0.623929E-15
  0.51000  0.411905E-12
  0.52000  0.127808E-10
  0.53000  0.962278E-10
  0.54000  0.623483E-09
  0.55000  0.326017E-08
  0.56000  0.121037E-07
  0.57000  0.128133E-06
  0.58000  0.981306E-06
  0.59000  0.179045E-05
  0.60000  0.201894E-05
  0.61000  0.207065E-05
  0.62000  0.436124E-05
  0.63000  0.852945E-05
  0.64000  0.779378E-05
  0.65000  0.491334E-05
  0.66000  0.256236E-05
  0.67000  0.153351E-05
  0.68000  0.220831E-05
  0.69000  0.217254E-05
  0.70000  0.109335E-05
  0.71000  0.622510E-05
  0.72000  0.247717E-04
  0.73000  0.793227E-04
  0.74000  0.233150E-03
  0.75000  0.514207E-03
  0.76000  0.669146E-03
  0.77000  0.624312E-03
  0.78000  0.482041E-03
  0.79000  0.378380E-03
  0.80000  0.282396E-03
  0.81000  0.762531E-03
  0.82000  0.303835E-02
  0.83000  0.964132E-02
  0.84000  0.225444E-01
  0.85000  0.556184E-01
  0.86000  0.118347E+00
  0.87000  0.188249E+00
  0.88000  0.291966E+00
  0.89000  0.427309E+00
  0.90000  0.735758E+00
  0.91000  0.892292E+00
  0.92000  0.100000E+01
  0.93000  0.277846E+00
  0.94000  0.183212E+00
  0.95000  0.138336E+00
  0.96000  0.130702E+00
  0.97000  0.917724E-01
  0.98000  0.586642E-01
  0.99000  0.139940E+00
  1.00000  0.218552E+00
  1.01000  0.881244E-01
  1.02000  0.303075E-02
  1.03000  0.263685E-02
  1.04000  0.280704E-02
  1.05000  0.278756E-02
  1.06000  0.203813E-02
  1.07000  0.113924E-02
  1.08000  0.643037E-03
  1.09000  0.400604E-03
  1.10000  0.225666E-03
  1.11000  0.102167E-03
  1.12000  0.378035E-04
  1.13000  0.183497E-04
  1.14000  0.806197E-05
  1.15000  0.204153E-05
  1.16000  0.620723E-06
  1.17000  0.342156E-06
  1.18000  0.302707E-06
  1.19000  0.321544E-06
  1.20000  0.385106E-06
  1.21000  0.380969E-06
  1.22000  0.383317E-06
  1.23000  0.275644E-06
  1.24000  0.173548E-06
  1.25000  0.119178E-06
  1.26000  0.946907E-07
  1.27000  0.734751E-07
  1.28000  0.538518E-07
  1.29000  0.381965E-07
  1.30000  0.247315E-07
  1.31000  0.153201E-07
  1.32000  0.105140E-07
  1.33000  0.822000E-08
  1.34000  0.630023E-08
  1.35000  0.415113E-08
  1.36000  0.248022E-08
  1.37000  0.139473E-08
  1.38000  0.684657E-09
  1.39000  0.298876E-09
  1.40000  0.126307E-09
  1.41000  0.553767E-10
  1.42000  0.271209E-10
  1.43000  0.145843E-10
  1.44000  0.853067E-11
  1.45000  0.508656E-11
  1.46000  0.286037E-11
  1.47000  0.144224E-11
  1.48000  0.628739E-12
  1.49000  0.244399E-12
  1.50000  0.948210E-13
  1.51000  0.369968E-13
  1.52000  0.135651E-13
  1.53000  0.466355E-14
  1.54000  0.209372E-14
  1.55000  0.283541E-14
  1.56000  0.450373E-14
  1.57000  0.705448E-14
  1.58000  0.918347E-14
  1.59000  0.853604E-14
  1.60000  0.693597E-14
  1.61000  0.486971E-14
  1.62000  0.270903E-14
  1.63000  0.146233E-14
  1.64000  0.986054E-15
  1.65000  0.800620E-15
  1.66000  0.628629E-15
  1.67000  0.407141E-15
  1.68000  0.209898E-15
  1.69000  0.102757E-15
  1.70000  0.580320E-16
  1.71000  0.318275E-16
  1.72000  0.168008E-16
  1.73000  0.855265E-17
  1.74000  0.632069E-17
  1.75000  0.584341E-17
  1.76000  0.521206E-17
  1.77000  0.434868E-17
  1.78000  0.339149E-17
  1.79000  0.252786E-17
  1.80000  0.186117E-17
  1.81000  0.140104E-17
  1.82000  0.110073E-17
  1.83000  0.899783E-18
  1.84000  0.762562E-18
  1.85000  0.664572E-18
  1.86000  0.589848E-18
  1.87000  0.532407E-18
  1.88000  0.483426E-18
  1.89000  0.432563E-18
  1.90000  0.374739E-18
  1.91000  0.314936E-18
  1.92000  0.258347E-18
  1.93000  0.209009E-18
  1.94000  0.166654E-18
  1.95000  0.131875E-18
  1.96000  0.103028E-18
  1.97000  0.799557E-19
  1.98000  0.597181E-19
  1.99000  0.416798E-19
  2.00000  0.520013E-19
  2.01000  0.100656E-18
  2.02000  0.136200E-18
  2.03000  0.132774E-18
  2.04000  0.975688E-19
  2.05000  0.546152E-19
  2.06000  0.222619E-19
  2.07000  0.731014E-20
  2.08000  0.202908E-20
  2.09000  0.511465E-21
  2.10000  0.122025E-21
  2.11000  0.276912E-22
  2.12000  0.626334E-23
  2.13000  0.232325E-23
  2.14000  0.832809E-24
  2.15000  0.287905E-24
  2.16000  0.929840E-25
  2.17000  0.304336E-25
  2.18000  0.975709E-26
  2.19000  0.302455E-26
  2.20000  0.880311E-27
  2.21000  0.240428E-27
  2.22000  0.645307E-28
  2.23000  0.171926E-28
  2.24000  0.440737E-29
  2.25000  0.108352E-29
  2.26000  0.000000E+00
  2.27000  0.000000E+00
  2.28000  0.000000E+00
  2.29000  0.000000E+00
  2.30000  0.000000E+00
  2.31000  0.000000E+00
  2.32000  0.000000E+00
  2.33000  0.000000E+00
  2.34000  0.000000E+00
  2.35000  0.000000E+00
  2.36000  0.000000E+00
  2.37000  0.000000E+00
  2.38000  0.000000E+00
  2.39000  0.000000E+00
  2.40000  0.000000E+00
  2.41000  0.000000E+00
  2.42000  0.000000E+00
  2.43000  0.000000E+00
  2.44000  0.000000E+00
  2.45000  0.000000E+00
  2.46000  0.000000E+00
  2.47000  0.000000E+00
  2.48000  0.000000E+00
  2.49000  0.000000E+00
  2.50000  0.000000E+00
  2.51000  0.000000E+00
  2.52000  0.000000E+00
  2.53000  0.000000E+00
  2.54000  0.000000E+00
  2.55000  0.000000E+00
  2.56000  0.000000E+00
  2.57000  0.000000E+00
  2.58000  0.000000E+00
  2.59000  0.000000E+00
  2.60000  0.000000E+00
  2.61000  0.000000E+00
  2.62000  0.000000E+00
  2.63000  0.000000E+00
  2.64000  0.000000E+00
  2.65000  0.000000E+00
  2.66000  0.000000E+00
  2.67000  0.000000E+00
  2.68000  0.000000E+00
  2.69000  0.000000E+00
  2.70000  0.000000E+00
  2.71000  0.000000E+00
  2.72000  0.000000E+00
  2.73000  0.000000E+00
  2.74000  0.000000E+00
  2.75000  0.000000E+00
  2.76000  0.000000E+00
  2.77000  0.000000E+00
  2.78000  0.000000E+00
  2.79000  0.000000E+00
  2.80000  0.000000E+00
  2.81000  0.000000E+00
  2.82000  0.000000E+00
  2.83000  0.000000E+00
  2.84000  0.000000E+00
  2.85000  0.000000E+00
  2.86000  0.000000E+00
  2.87000  0.000000E+00
  2.88000  0.000000E+00
  2.89000  0.000000E+00
  2.90000  0.000000E+00
  2.91000  0.000000E+00
  2.92000  0.000000E+00
  2.93000  0.000000E+00
  2.94000  0.000000E+00
  2.95000  0.000000E+00
  2.96000  0.000000E+00
  2.97000  0.000000E+00
  2.98000  0.000000E+00
  2.99000  0.000000E+00
  3.00000  0.000000E+00
  3.01000  0.000000E+00
  3.02000  0.000000E+00
  3.03000  0.000000E+00
  3.04000  0.000000E+00
  3.05000  0.000000E+00
  3.06000  0.000000E+00
  3.07000  0.000000E+00
  3.08000  0.000000E+00
  3.09000  0.000000E+00
  3.10000  0.000000E+00
  3.11000  0.000000E+00
  3.12000  0.000000E+00
  3.13000  0.000000E+00
  3.14000  0.000000E+00
  3.15000  0.000000E+00
  3.16000  0.000000E+00
  3.17000  0.000000E+00
  3.18000  0.000000E+00
  3.19000  0.000000E+00
  3.20000  0.000000E+00
  3.21000  0.000000E+00
  3.22000  0.000000E+00
  3.23000  0.000000E+00
  3.24000  0.000000E+00
  3.25000  0.000000E+00
  3.26000  0.000000E+00
  3.27000  0.000000E+00
  3.28000  0.000000E+00
  3.29000  0.000000E+00
  3.30000  0.000000E+00
  3.31000  0.000000E+00
  3.32000  0.000000E+00
  3.33000  0.000000E+00
  3.34000  0.000000E+00
  3.35000  0.000000E+00
  3.36000  0.000000E+00
  3.37000  0.000000E+00
  3.38000  0.000000E+00
  3.39000  0.000000E+00
  3.40000  0.000000E+00
  3.41000  0.000000E+00
  3.42000  0.000000E+00
  3.43000  0.000000E+00
  3.44000  0.000000E+00
  3.45000  0.000000E+00
  3.46000  0.000000E+00
  3.47000  0.000000E+00
  3.48000  0.000000E+00
  3.49000  0.000000E+00
  3.50000  0.000000E+00
  3.51000  0.000000E+00
  3.52000  0.000000E+00
  3.53000  0.000000E+00
  3.54000  0.000000E+00
  3.55000  0.000000E+00
  3.56000  0.000000E+00
  3.57000  0.000000E+00
  3.58000  0.000000E+00
  3.59000  0.000000E+00
  3.60000  0.000000E+00
  3.61000  0.000000E+00
  3.62000  0.000000E+00
  3.63000  0.000000E+00
  3.64000  0.000000E+00
  3.65000  0.000000E+00
  3.66000  0.000000E+00
  3.67000  0.000000E+00
  3.68000  0.000000E+00
  3.69000  0.000000E+00
  3.70000  0.000000E+00
  3.71000  0.000000E+00
  3.72000  0.000000E+00
  3.73000  0.000000E+00
  3.74000  0.000000E+00
  3.75000  0.000000E+00
  3.76000  0.000000E+00
  3.77000  0.000000E+00
  3.78000  0.000000E+00
  3.79000  0.000000E+00
  3.80000  0.000000E+00
  3.81000  0.000000E+00
  3.82000  0.000000E+00
  3.83000  0.000000E+00
  3.84000  0.000000E+00
  3.85000  0.000000E+00
  3.86000  0.000000E+00
  3.87000  0.000000E+00
  3.88000  0.000000E+00
  3.89000  0.000000E+00
  3.90000  0.000000E+00
  3.91000  0.000000E+00
  3.92000  0.000000E+00
  3.93000  0.000000E+00
  3.94000  0.000000E+00
  3.95000  0.000000E+00
  3.96000  0.000000E+00
  3.97000  0.000000E+00
  3.98000  0.000000E+00
  3.99000  0.000000E+00
  4.00000  0.000000E+00
  4.01000  0.000000E+00
  4.02000  0.000000E+00
  4.03000  0.000000E+00
  4.04000  0.000000E+00
  4.05000  0.000000E+00
  4.06000  0.000000E+00
  4.07000  0.000000E+00
  4.08000  0.000000E+00
  4.09000  0.000000E+00
  4.10000  0.000000E+00
  4.11000  0.000000E+00
  4.12000  0.000000E+00
  4.13000  0.000000E+00
  4.14000  0.000000E+00
  4.15000  0.000000E+00
  4.16000  0.000000E+00
  4.17000  0.000000E+00
  4.18000  0.000000E+00
  4.19000  0.000000E+00
  4.20000  0.000000E+00
  4.21000  0.000000E+00
  4.22000  0.000000E+00
  4.23000  0.000000E+00
  4.24000  0.000000E+00
  4.25000  0.000000E+00
  4.26000  0.000000E+00
  4.27000  0.000000E+00
  4.28000  0.000000E+00
  4.29000  0.000000E+00
  4.30000  0.000000E+00
  4.31000  0.000000E+00
  4.32000  0.000000E+00
  4.33000  0.000000E+00
  4.34000  0.000000E+00
  4.35000  0.000000E+00
  4.36000  0.000000E+00
  4.37000  0.000000E+00
  4.38000  0.000000E+00
  4.39000  0.000000E+00
  4.40000  0.000000E+00
  4.41000  0.000000E+00
  4.42000  0.000000E+00
  4.43000  0.000000E+00
  4.44000  0.000000E+00
  4.45000  0.000000E+00
  4.46000  0.000000E+00
  4.47000  0.000000E+00
  4.48000  0.000000E+00
  4.49000  0.000000E+00
  4.50000  0.000000E+00
  4.51000  0.000000E+00
  4.52000  0.000000E+00
  4.53000  0.000000E+00
  4.54000  0.000000E+00
  4.55000  0.000000E+00
  4.56000  0.000000E+00
  4.57000  0.000000E+00
  4.58000  0.000000E+00
  4.59000  0.000000E+00
  4.60000  0.000000E+00
  4.61000  0.000000E+00
  4.62000  0.000000E+00
  4.63000  0.000000E+00
  4.64000  0.000000E+00
  4.65000  0.000000E+00
  4.66000  0.000000E+00
  4.67000  0.000000E+00
  4.68000  0.000000E+00
  4.69000  0.000000E+00
  4.70000  0.000000E+00
  4.71000  0.000000E+00
  4.72000  0.000000E+00
  4.73000  0.000000E+00
  4.74000  0.000000E+00
  4.75000  0.000000E+00
  4.76000  0.000000E+00
  4.77000  0.000000E+00
  4.78000  0.000000E+00
  4.79000  0.000000E+00
  4.80000  0.000000E+00
  4.81000  0.000000E+00
  4.82000  0.000000E+00
  4.83000  0.000000E+00
  4.84000  0.000000E+00
  4.85000  0.000000E+00
  4.86000  0.000000E+00
  4.87000  0.000000E+00
  4.88000  0.000000E+00
  4.89000  0.000000E+00
  4.90000  0.000000E+00
  4.91000  0.000000E+00
  4.92000  0.000000E+00
  4.93000  0.000000E+00
  4.94000  0.000000E+00
  4.95000  0.000000E+00
  4.96000  0.000000E+00
  4.97000  0.000000E+00
  4.98000  0.000000E+00
  4.99000  0.000000E+00
  5.00000  0.000000E+00
  5.01000  0.000000E+00
  5.02000  0.000000E+00
  5.03000  0.000000E+00
  5.04000  0.000000E+00
  5.05000  0.000000E+00
  5.06000  0.000000E+00
  5.07000  0.000000E+00
  5.08000  0.000000E+00
  5.09000  0.000000E+00
  5.10000  0.000000E+00
  5.11000  0.000000E+00
  5.12000  0.000000E+00
  5.13000  0.000000E+00
  5.14000  0.000000E+00
  5.15000  0.000000E+00
  5.16000  0.000000E+00
  5.17000  0.000000E+00
  5.18000  0.000000E+00
  5.19000  0.000000E+00
  5.20000  0.000000E+00
  5.21000  0.000000E+00
  5.22000  0.000000E+00
  5.23000  0.000000E+00
  5.24000  0.000000E+00
  5.25000  0.000000E+00
  5.26000  0.000000E+00
  5.27000  0.000000E+00
  5.28000  0.000000E+00
  5.29000  0.000000E+00
  5.30000  0.000000E+00
  5.31000  0.000000E+00
  5.32000  0.000000E+00
  5.33000  0.000000E+00
  5.34000  0.000000E+00
  5.35000  0.000000E+00
  5.36000  0.000000E+00
  5.37000  0.000000E+00
  5.38000  0.000000E+00
  5.39000  0.000000E+00
  5.40000  0.000000E+00
  5.41000  0.000000E+00
  5.42000  0.000000E+00
  5.43000  0.000000E+00
  5.44000  0.000000E+00
  5.45000  0.000000E+00
  5.46000  0.000000E+00
  5.47000  0.000000E+00
  5.48000  0.000000E+00
  5.49000  0.000000E+00
  5.50000  0.000000E+00
  5.51000  0.000000E+00
  5.52000  0.000000E+00
  5.53000  0.000000E+00
  5.54000  0.000000E+00
  5.55000  0.000000E+00
  5.56000  0.000000E+00
  5.57000  0.000000E+00
  5.58000  0.000000E+00
  5.59000  0.000000E+00
  5.60000  0.000000E+00
  5.61000  0.000000E+00
  5.62000  0.000000E+00
  5.63000  0.000000E+00
  5.64000  0.000000E+00
  5.65000  0.000000E+00
  5.66000  0.000000E+00
  5.67000  0.000000E+00
  5.68000  0.000000E+00
  5.69000  0.000000E+00
  5.70000  0.000000E+00
  5.71000  0.000000E+00
  5.72000  0.000000E+00
  5.73000  0.000000E+00
  5.74000  0.000000E+00
  5.75000  0.000000E+00
  5.76000  0.000000E+00
  5.77000  0.000000E+00
  5.78000  0.000000E+00
  5.79000  0.000000E+00
  5.80000  0.000000E+00
  5.81000  0.000000E+00
  5.82000  0.000000E+00
  5.83000  0.000000E+00
  5.84000  0.000000E+00
  5.85000  0.000000E+00
  5.86000  0.000000E+00
  5.87000  0.000000E+00
  5.88000  0.000000E+00
  5.89000  0.000000E+00
  5.90000  0.000000E+00
  5.91000  0.000000E+00
  5.92000  0.000000E+00
  5.93000  0.000000E+00
  5.94000  0.000000E+00
  5.95000  0.000000E+00
  5.96000  0.000000E+00
  5.97000  0.000000E+00
  5.98000  0.000000E+00
  5.99000  0.000000E+00
  6.00000  0.000000E+00
  6.20000  0.000000E+00
  6.40000  0.000000E+00
  6.60000  0.000000E+00
  6.80000  0.000000E+00
  7.00000  0.000000E+00
