  0.00000  0.000000E+00
  0.01000  0.000000E+00
  0.02000  0.000000E+00
  0.03000  0.000000E+00
  0.04000  0.000000E+00
  0.05000  0.000000E+00
  0.06000  0.000000E+00
  0.07000  0.000000E+00
  0.08000  0.000000E+00
  0.09000  0.000000E+00
  0.10000  0.000000E+00
  0.11000  0.000000E+00
  0.12000  0.000000E+00
  0.13000  0.000000E+00
  0.14000  0.000000E+00
  0.15000  0.000000E+00
  0.16000  0.000000E+00
  0.17000  0.000000E+00
  0.18000  0.000000E+00
  0.19000  0.000000E+00
  0.20000  0.000000E+00
  0.21000  0.000000E+00
  0.22000  0.000000E+00
  0.23000  0.000000E+00
  0.24000  0.000000E+00
  0.25000  0.000000E+00
  0.26000  0.000000E+00
  0.27000  0.000000E+00
  0.28000  0.000000E+00
  0.29000  0.000000E+00
  0.30000  0.000000E+00
  0.31000  0.000000E+00
  0.32000  0.000000E+00
  0.33000  0.000000E+00
  0.34000  0.000000E+00
  0.35000  0.000000E+00
  0.36000  0.000000E+00
  0.37000  0.000000E+00
  0.38000  0.000000E+00
  0.39000  0.000000E+00
  0.40000  0.000000E+00
  0.41000  0.000000E+00
  0.42000  0.000000E+00
  0.43000  0.000000E+00
  0.44000  0.000000E+00
  0.45000  0.000000E+00
  0.46000  0.000000E+00
  0.47000  0.149661E-29
  0.48000  0.553164E-29
  0.49000  0.207861E-28
  0.50000  0.752571E-28
  0.51000  0.381184E-27
  0.52000  0.203003E-26
  0.53000  0.108269E-25
  0.54000  0.551494E-25
  0.55000  0.222075E-24
  0.56000  0.702307E-24
  0.57000  0.213525E-23
  0.58000  0.619860E-23
  0.59000  0.172031E-22
  0.60000  0.438555E-22
  0.61000  0.125445E-21
  0.62000  0.432289E-21
  0.63000  0.162430E-20
  0.64000  0.640147E-20
  0.65000  0.204628E-19
  0.66000  0.539326E-19
  0.67000  0.171685E-18
  0.68000  0.540746E-18
  0.69000  0.112368E-17
  0.70000  0.202668E-17
  0.71000  0.524319E-17
  0.72000  0.135871E-16
  0.73000  0.330797E-16
  0.74000  0.975876E-16
  0.75000  0.290080E-15
  0.76000  0.644854E-15
  0.77000  0.109068E-14
  0.78000  0.162462E-14
  0.79000  0.259046E-14
  0.80000  0.454900E-14
  0.81000  0.104922E-13
  0.82000  0.703345E-13
  0.83000  0.415363E-12
  0.84000  0.200191E-11
  0.85000  0.784148E-11
  0.86000  0.274984E-10
  0.87000  0.899106E-10
  0.88000  0.277697E-09
  0.89000  0.744997E-09
  0.90000  0.176993E-08
  0.91000  0.427690E-08
  0.92000  0.106970E-07
  0.93000  0.260545E-07
  0.94000  0.614535E-07
  0.95000  0.147706E-06
  0.96000  0.352425E-06
  0.97000  0.819730E-06
  0.98000  0.184780E-05
  0.99000  0.392482E-05
  1.00000  0.747196E-05
  1.01000  0.126452E-04
  1.02000  0.187364E-04
  1.03000  0.251229E-04
  1.04000  0.347510E-04
  1.05000  0.526062E-04
  1.06000  0.826743E-04
  1.07000  0.134758E-03
  1.08000  0.214227E-03
  1.09000  0.335054E-03
  1.10000  0.550503E-03
  1.11000  0.104316E-02
  1.12000  0.223116E-02
  1.13000  0.353006E-02
  1.14000  0.274286E-02
  1.15000  0.148529E-02
  1.16000  0.149761E-02
  1.17000  0.235128E-02
  1.18000  0.344543E-02
  1.19000  0.465394E-02
  1.20000  0.966700E-02
  1.21000  0.183034E-01
  1.22000  0.248987E-01
  1.23000  0.285426E-01
  1.24000  0.276179E-01
  1.25000  0.204043E-01
  1.26000  0.232108E-01
  1.27000  0.290263E-01
  1.28000  0.355180E-01
  1.29000  0.421466E-01
  1.30000  0.481545E-01
  1.31000  0.525740E-01
  1.32000  0.548755E-01
  1.33000  0.551343E-01
  1.34000  0.536435E-01
  1.35000  0.626883E-01
  1.36000  0.755630E-01
  1.37000  0.892534E-01
  1.38000  0.102085E+00
  1.39000  0.113644E+00
  1.40000  0.124624E+00
  1.41000  0.133645E+00
  1.42000  0.135332E+00
  1.43000  0.127138E+00
  1.44000  0.115264E+00
  1.45000  0.107460E+00
  1.46000  0.114645E+00
  1.47000  0.122245E+00
  1.48000  0.127694E+00
  1.49000  0.130425E+00
  1.50000  0.131269E+00
  1.51000  0.131303E+00
  1.52000  0.130867E+00
  1.53000  0.131124E+00
  1.54000  0.133275E+00
  1.55000  0.165554E+00
  1.56000  0.324117E+00
  1.57000  0.575169E+00
  1.58000  0.752713E+00
  1.59000  0.822627E+00
  1.60000  0.901815E+00
  1.61000  0.988806E+00
  1.62000  0.100000E+01
  1.63000  0.914676E+00
  1.64000  0.813807E+00
  1.65000  0.743190E+00
  1.66000  0.704641E+00
  1.67000  0.666291E+00
  1.68000  0.606117E+00
  1.69000  0.524066E+00
  1.70000  0.432355E+00
  1.71000  0.343055E+00
  1.72000  0.271213E+00
  1.73000  0.215327E+00
  1.74000  0.167316E+00
  1.75000  0.125928E+00
  1.76000  0.910555E-01
  1.77000  0.627713E-01
  1.78000  0.549915E-01
  1.79000  0.483210E-01
  1.80000  0.417773E-01
  1.81000  0.353325E-01
  1.82000  0.291517E-01
  1.83000  0.234271E-01
  1.84000  0.183582E-01
  1.85000  0.139829E-01
  1.86000  0.102967E-01
  1.87000  0.736084E-02
  1.88000  0.515620E-02
  1.89000  0.353963E-02
  1.90000  0.251164E-02
  1.91000  0.174680E-02
  1.92000  0.117976E-02
  1.93000  0.777559E-03
  1.94000  0.570246E-03
  1.95000  0.434176E-03
  1.96000  0.330687E-03
  1.97000  0.250290E-03
  1.98000  0.186666E-03
  1.99000  0.137271E-03
  2.00000  0.996096E-04
  2.01000  0.709555E-04
  2.02000  0.630340E-04
  2.03000  0.638941E-04
  2.04000  0.637685E-04
  2.05000  0.633607E-04
  2.06000  0.628020E-04
  2.07000  0.620938E-04
  2.08000  0.610606E-04
  2.09000  0.593879E-04
  2.10000  0.566971E-04
  2.11000  0.527989E-04
  2.12000  0.479504E-04
  2.13000  0.427499E-04
  2.14000  0.377531E-04
  2.15000  0.332374E-04
  2.16000  0.292348E-04
  2.17000  0.257689E-04
  2.18000  0.227340E-04
  2.19000  0.199671E-04
  2.20000  0.173040E-04
  2.21000  0.148492E-04
  2.22000  0.128273E-04
  2.23000  0.111130E-04
  2.24000  0.945882E-05
  2.25000  0.782110E-05
  2.26000  0.628007E-05
  2.27000  0.493641E-05
  2.28000  0.380492E-05
  2.29000  0.287396E-05
  2.30000  0.212565E-05
  2.31000  0.153905E-05
  2.32000  0.109100E-05
  2.33000  0.757644E-06
  2.34000  0.516376E-06
  2.35000  0.346493E-06
  2.36000  0.229149E-06
  2.37000  0.150124E-06
  2.38000  0.975478E-07
  2.39000  0.633680E-07
  2.40000  0.417738E-07
  2.41000  0.281261E-07
  2.42000  0.203258E-07
  2.43000  0.147517E-07
  2.44000  0.105346E-07
  2.45000  0.742557E-08
  2.46000  0.517431E-08
  2.47000  0.362269E-08
  2.48000  0.255698E-08
  2.49000  0.182801E-08
  2.50000  0.132819E-08
  2.51000  0.991558E-09
  2.52000  0.770779E-09
  2.53000  0.614936E-09
  2.54000  0.486602E-09
  2.55000  0.463071E-09
  2.56000  0.416231E-09
  2.57000  0.352948E-09
  2.58000  0.279958E-09
  2.59000  0.208976E-09
  2.60000  0.148381E-09
  2.61000  0.101195E-09
  2.62000  0.681868E-10
  2.63000  0.468981E-10
  2.64000  0.334593E-10
  2.65000  0.244770E-10
  2.66000  0.175877E-10
  2.67000  0.125404E-10
  2.68000  0.886240E-11
  2.69000  0.630760E-11
  2.70000  0.455992E-11
  2.71000  0.337069E-11
  2.72000  0.253944E-11
  2.73000  0.983635E-12
  2.74000  0.149024E-12
  2.75000  0.119394E-12
  2.76000  0.937126E-13
  2.77000  0.744142E-13
  2.78000  0.152703E-13
  2.79000  0.118542E-13
  2.80000  0.804261E-14
  2.81000  0.662086E-14
  2.82000  0.539354E-14
  2.83000  0.433021E-14
  2.84000  0.340917E-14
  2.85000  0.374731E-16
  2.86000  0.792023E-19
  2.87000  0.635318E-19
  2.88000  0.517130E-19
  2.89000  0.427089E-19
  2.90000  0.180918E-19
  2.91000  0.158630E-19
  2.92000  0.168623E-20
  2.93000  0.204094E-20
  2.94000  0.253821E-20
  2.95000  0.314134E-20
  2.96000  0.217607E-22
  2.97000  0.112336E-22
  2.98000  0.333869E-23
  2.99000  0.271953E-23
  3.00000  0.166608E-23
  3.01000  0.202679E-23
  3.02000  0.223991E-23
  3.03000  0.223465E-23
  3.04000  0.199751E-23
  3.05000  0.160646E-23
  3.06000  0.101856E-23
  3.07000  0.696736E-24
  3.08000  0.470508E-24
  3.09000  0.327933E-24
  3.10000  0.479901E-29
  3.11000  0.000000E+00
  3.12000  0.000000E+00
  3.13000  0.000000E+00
  3.14000  0.000000E+00
  3.15000  0.000000E+00
  3.16000  0.000000E+00
  3.17000  0.000000E+00
  3.18000  0.000000E+00
  3.19000  0.000000E+00
  3.20000  0.000000E+00
  3.21000  0.000000E+00
  3.22000  0.000000E+00
  3.23000  0.000000E+00
  3.24000  0.000000E+00
  3.25000  0.000000E+00
  3.26000  0.000000E+00
  3.27000  0.000000E+00
  3.28000  0.000000E+00
  3.29000  0.000000E+00
  3.30000  0.000000E+00
  3.31000  0.000000E+00
  3.32000  0.000000E+00
  3.33000  0.000000E+00
  3.34000  0.000000E+00
  3.35000  0.000000E+00
  3.36000  0.000000E+00
  3.37000  0.000000E+00
  3.38000  0.000000E+00
  3.39000  0.000000E+00
  3.40000  0.000000E+00
  3.41000  0.000000E+00
  3.42000  0.000000E+00
  3.43000  0.000000E+00
  3.44000  0.000000E+00
  3.45000  0.000000E+00
  3.46000  0.000000E+00
  3.47000  0.000000E+00
  3.48000  0.000000E+00
  3.49000  0.000000E+00
  3.50000  0.000000E+00
  3.51000  0.000000E+00
  3.52000  0.000000E+00
  3.53000  0.000000E+00
  3.54000  0.000000E+00
  3.55000  0.000000E+00
  3.56000  0.000000E+00
  3.57000  0.000000E+00
  3.58000  0.000000E+00
  3.59000  0.000000E+00
  3.60000  0.000000E+00
  3.61000  0.000000E+00
  3.62000  0.000000E+00
  3.63000  0.000000E+00
  3.64000  0.000000E+00
  3.65000  0.000000E+00
  3.66000  0.000000E+00
  3.67000  0.000000E+00
  3.68000  0.000000E+00
  3.69000  0.000000E+00
  3.70000  0.000000E+00
  3.71000  0.000000E+00
  3.72000  0.000000E+00
  3.73000  0.000000E+00
  3.74000  0.000000E+00
  3.75000  0.000000E+00
  3.76000  0.000000E+00
  3.77000  0.000000E+00
  3.78000  0.000000E+00
  3.79000  0.000000E+00
  3.80000  0.000000E+00
  3.81000  0.000000E+00
  3.82000  0.000000E+00
  3.83000  0.000000E+00
  3.84000  0.000000E+00
  3.85000  0.000000E+00
  3.86000  0.000000E+00
  3.87000  0.000000E+00
  3.88000  0.000000E+00
  3.89000  0.000000E+00
  3.90000  0.000000E+00
  3.91000  0.000000E+00
  3.92000  0.000000E+00
  3.93000  0.000000E+00
  3.94000  0.000000E+00
  3.95000  0.000000E+00
  3.96000  0.000000E+00
  3.97000  0.000000E+00
  3.98000  0.000000E+00
  3.99000  0.000000E+00
  4.00000  0.000000E+00
  4.01000  0.000000E+00
  4.02000  0.000000E+00
  4.03000  0.000000E+00
  4.04000  0.000000E+00
  4.05000  0.000000E+00
  4.06000  0.000000E+00
  4.07000  0.000000E+00
  4.08000  0.000000E+00
  4.09000  0.000000E+00
  4.10000  0.000000E+00
  4.11000  0.000000E+00
  4.12000  0.000000E+00
  4.13000  0.000000E+00
  4.14000  0.000000E+00
  4.15000  0.000000E+00
  4.16000  0.000000E+00
  4.17000  0.000000E+00
  4.18000  0.000000E+00
  4.19000  0.000000E+00
  4.20000  0.000000E+00
  4.21000  0.000000E+00
  4.22000  0.000000E+00
  4.23000  0.000000E+00
  4.24000  0.000000E+00
  4.25000  0.000000E+00
  4.26000  0.000000E+00
  4.27000  0.000000E+00
  4.28000  0.000000E+00
  4.29000  0.000000E+00
  4.30000  0.000000E+00
  4.31000  0.000000E+00
  4.32000  0.000000E+00
  4.33000  0.000000E+00
  4.34000  0.000000E+00
  4.35000  0.000000E+00
  4.36000  0.000000E+00
  4.37000  0.000000E+00
  4.38000  0.000000E+00
  4.39000  0.000000E+00
  4.40000  0.000000E+00
  4.41000  0.000000E+00
  4.42000  0.000000E+00
  4.43000  0.000000E+00
  4.44000  0.000000E+00
  4.45000  0.000000E+00
  4.46000  0.000000E+00
  4.47000  0.000000E+00
  4.48000  0.000000E+00
  4.49000  0.000000E+00
  4.50000  0.000000E+00
  4.51000  0.000000E+00
  4.52000  0.000000E+00
  4.53000  0.000000E+00
  4.54000  0.000000E+00
  4.55000  0.000000E+00
  4.56000  0.000000E+00
  4.57000  0.000000E+00
  4.58000  0.000000E+00
  4.59000  0.000000E+00
  4.60000  0.000000E+00
  4.61000  0.000000E+00
  4.62000  0.000000E+00
  4.63000  0.000000E+00
  4.64000  0.000000E+00
  4.65000  0.000000E+00
  4.66000  0.000000E+00
  4.67000  0.000000E+00
  4.68000  0.000000E+00
  4.69000  0.000000E+00
  4.70000  0.000000E+00
  4.71000  0.000000E+00
  4.72000  0.000000E+00
  4.73000  0.000000E+00
  4.74000  0.000000E+00
  4.75000  0.000000E+00
  4.76000  0.000000E+00
  4.77000  0.000000E+00
  4.78000  0.000000E+00
  4.79000  0.000000E+00
  4.80000  0.000000E+00
  4.81000  0.000000E+00
  4.82000  0.000000E+00
  4.83000  0.000000E+00
  4.84000  0.000000E+00
  4.85000  0.000000E+00
  4.86000  0.000000E+00
  4.87000  0.000000E+00
  4.88000  0.000000E+00
  4.89000  0.000000E+00
  4.90000  0.000000E+00
  4.91000  0.000000E+00
  4.92000  0.000000E+00
  4.93000  0.000000E+00
  4.94000  0.000000E+00
  4.95000  0.000000E+00
  4.96000  0.000000E+00
  4.97000  0.000000E+00
  4.98000  0.000000E+00
  4.99000  0.000000E+00
  5.00000  0.000000E+00
  5.01000  0.000000E+00
  5.02000  0.000000E+00
  5.03000  0.000000E+00
  5.04000  0.000000E+00
  5.05000  0.000000E+00
  5.06000  0.000000E+00
  5.07000  0.000000E+00
  5.08000  0.000000E+00
  5.09000  0.000000E+00
  5.10000  0.000000E+00
  5.11000  0.000000E+00
  5.12000  0.000000E+00
  5.13000  0.000000E+00
  5.14000  0.000000E+00
  5.15000  0.000000E+00
  5.16000  0.000000E+00
  5.17000  0.000000E+00
  5.18000  0.000000E+00
  5.19000  0.000000E+00
  5.20000  0.000000E+00
  5.21000  0.000000E+00
  5.22000  0.000000E+00
  5.23000  0.000000E+00
  5.24000  0.000000E+00
  5.25000  0.000000E+00
  5.26000  0.000000E+00
  5.27000  0.000000E+00
  5.28000  0.000000E+00
  5.29000  0.000000E+00
  5.30000  0.000000E+00
  5.31000  0.000000E+00
  5.32000  0.000000E+00
  5.33000  0.000000E+00
  5.34000  0.000000E+00
  5.35000  0.000000E+00
  5.36000  0.000000E+00
  5.37000  0.000000E+00
  5.38000  0.000000E+00
  5.39000  0.000000E+00
  5.40000  0.000000E+00
  5.41000  0.000000E+00
  5.42000  0.000000E+00
  5.43000  0.000000E+00
  5.44000  0.000000E+00
  5.45000  0.000000E+00
  5.46000  0.000000E+00
  5.47000  0.000000E+00
  5.48000  0.000000E+00
  5.49000  0.000000E+00
  5.50000  0.000000E+00
  5.51000  0.000000E+00
  5.52000  0.000000E+00
  5.53000  0.000000E+00
  5.54000  0.000000E+00
  5.55000  0.000000E+00
  5.56000  0.000000E+00
  5.57000  0.000000E+00
  5.58000  0.000000E+00
  5.59000  0.000000E+00
  5.60000  0.000000E+00
  5.61000  0.000000E+00
  5.62000  0.000000E+00
  5.63000  0.000000E+00
  5.64000  0.000000E+00
  5.65000  0.000000E+00
  5.66000  0.000000E+00
  5.67000  0.000000E+00
  5.68000  0.000000E+00
  5.69000  0.000000E+00
  5.70000  0.000000E+00
  5.71000  0.000000E+00
  5.72000  0.000000E+00
  5.73000  0.000000E+00
  5.74000  0.000000E+00
  5.75000  0.000000E+00
  5.76000  0.000000E+00
  5.77000  0.000000E+00
  5.78000  0.000000E+00
  5.79000  0.000000E+00
  5.80000  0.000000E+00
  5.81000  0.000000E+00
  5.82000  0.000000E+00
  5.83000  0.000000E+00
  5.84000  0.000000E+00
  5.85000  0.000000E+00
  5.86000  0.000000E+00
  5.87000  0.000000E+00
  5.88000  0.000000E+00
  5.89000  0.000000E+00
  5.90000  0.000000E+00
  5.91000  0.000000E+00
  5.92000  0.000000E+00
  5.93000  0.000000E+00
  5.94000  0.000000E+00
  5.95000  0.000000E+00
  5.96000  0.000000E+00
  5.97000  0.000000E+00
  5.98000  0.000000E+00
  5.99000  0.000000E+00
  6.00000  0.000000E+00
  6.20000  0.000000E+00
  6.40000  0.000000E+00
  6.60000  0.000000E+00
  6.80000  0.000000E+00
  7.00000  0.000000E+00
