  0.00000  0.000000E+00
  0.01000  0.000000E+00
  0.02000  0.000000E+00
  0.03000  0.000000E+00
  0.04000  0.000000E+00
  0.05000  0.000000E+00
  0.06000  0.000000E+00
  0.07000  0.000000E+00
  0.08000  0.000000E+00
  0.09000  0.000000E+00
  0.10000  0.000000E+00
  0.11000  0.000000E+00
  0.12000  0.000000E+00
  0.13000  0.000000E+00
  0.14000  0.000000E+00
  0.15000  0.457833E-28
  0.16000  0.181198E-27
  0.17000  0.109398E-27
  0.18000  0.593421E-28
  0.19000  0.224147E-28
  0.20000  0.127845E-28
  0.21000  0.393207E-29
  0.22000  0.000000E+00
  0.23000  0.000000E+00
  0.24000  0.000000E+00
  0.25000  0.000000E+00
  0.26000  0.000000E+00
  0.27000  0.000000E+00
  0.28000  0.000000E+00
  0.29000  0.000000E+00
  0.30000  0.000000E+00
  0.31000  0.000000E+00
  0.32000  0.000000E+00
  0.33000  0.000000E+00
  0.34000  0.000000E+00
  0.35000  0.000000E+00
  0.36000  0.000000E+00
  0.37000  0.000000E+00
  0.38000  0.000000E+00
  0.39000  0.000000E+00
  0.40000  0.000000E+00
  0.41000  0.000000E+00
  0.42000  0.000000E+00
  0.43000  0.000000E+00
  0.44000  0.000000E+00
  0.45000  0.000000E+00
  0.46000  0.000000E+00
  0.47000  0.000000E+00
  0.48000  0.000000E+00
  0.49000  0.000000E+00
  0.50000  0.000000E+00
  0.51000  0.000000E+00
  0.52000  0.000000E+00
  0.53000  0.000000E+00
  0.54000  0.000000E+00
  0.55000  0.000000E+00
  0.56000  0.000000E+00
  0.57000  0.000000E+00
  0.58000  0.000000E+00
  0.59000  0.158579E-28
  0.60000  0.447275E-27
  0.61000  0.160299E-25
  0.62000  0.362840E-24
  0.63000  0.134432E-22
  0.64000  0.190164E-21
  0.65000  0.677689E-21
  0.66000  0.129229E-20
  0.67000  0.759160E-20
  0.68000  0.276741E-18
  0.69000  0.367510E-17
  0.70000  0.614358E-17
  0.71000  0.677420E-17
  0.72000  0.102480E-16
  0.73000  0.235535E-16
  0.74000  0.200743E-15
  0.75000  0.410627E-14
  0.76000  0.523100E-13
  0.77000  0.208609E-12
  0.78000  0.332835E-12
  0.79000  0.515297E-12
  0.80000  0.856634E-12
  0.81000  0.988680E-12
  0.82000  0.103342E-11
  0.83000  0.118090E-11
  0.84000  0.672966E-12
  0.85000  0.135423E-12
  0.86000  0.213326E-13
  0.87000  0.502409E-14
  0.88000  0.201594E-14
  0.89000  0.130118E-14
  0.90000  0.190258E-14
  0.91000  0.379395E-14
  0.92000  0.308671E-14
  0.93000  0.867869E-15
  0.94000  0.215390E-15
  0.95000  0.765895E-16
  0.96000  0.329681E-16
  0.97000  0.134664E-16
  0.98000  0.644741E-17
  0.99000  0.533916E-17
  1.00000  0.663925E-17
  1.01000  0.698126E-17
  1.02000  0.464348E-17
  1.03000  0.286987E-17
  1.04000  0.237544E-17
  1.05000  0.267382E-17
  1.06000  0.353195E-17
  1.07000  0.557811E-17
  1.08000  0.102653E-16
  1.09000  0.157822E-16
  1.10000  0.136111E-16
  1.11000  0.579036E-17
  1.12000  0.155532E-17
  1.13000  0.284404E-18
  1.14000  0.335008E-19
  1.15000  0.310512E-20
  1.16000  0.243622E-21
  1.17000  0.136311E-22
  1.18000  0.544112E-23
  1.19000  0.319382E-23
  1.20000  0.831874E-23
  1.21000  0.357050E-22
  1.22000  0.118002E-19
  1.23000  0.500528E-19
  1.24000  0.213079E-18
  1.25000  0.122526E-17
  1.26000  0.422376E-17
  1.27000  0.620526E-17
  1.28000  0.200555E-16
  1.29000  0.924084E-16
  1.30000  0.312847E-15
  1.31000  0.106027E-14
  1.32000  0.445554E-14
  1.33000  0.226991E-13
  1.34000  0.239175E-12
  1.35000  0.106892E-11
  1.36000  0.164371E-11
  1.37000  0.334776E-11
  1.38000  0.856125E-11
  1.39000  0.370983E-10
  1.40000  0.134107E-09
  1.41000  0.150617E-09
  1.42000  0.131949E-09
  1.43000  0.114200E-09
  1.44000  0.106025E-09
  1.45000  0.117230E-09
  1.46000  0.143108E-09
  1.47000  0.235908E-09
  1.48000  0.452013E-09
  1.49000  0.589725E-09
  1.50000  0.876253E-09
  1.51000  0.118718E-08
  1.52000  0.164736E-08
  1.53000  0.206433E-08
  1.54000  0.207881E-08
  1.55000  0.173741E-08
  1.56000  0.141103E-08
  1.57000  0.125829E-08
  1.58000  0.796271E-09
  1.59000  0.451839E-09
  1.60000  0.245800E-09
  1.61000  0.121530E-09
  1.62000  0.658098E-10
  1.63000  0.461304E-10
  1.64000  0.374026E-10
  1.65000  0.283325E-10
  1.66000  0.356983E-10
  1.67000  0.768169E-10
  1.68000  0.154371E-09
  1.69000  0.297629E-09
  1.70000  0.573756E-09
  1.71000  0.112847E-08
  1.72000  0.219409E-08
  1.73000  0.394095E-08
  1.74000  0.624768E-08
  1.75000  0.883900E-08
  1.76000  0.114083E-07
  1.77000  0.135007E-07
  1.78000  0.230785E-07
  1.79000  0.436808E-07
  1.80000  0.787510E-07
  1.81000  0.143810E-06
  1.82000  0.271655E-06
  1.83000  0.519844E-06
  1.84000  0.966205E-06
  1.85000  0.221245E-05
  1.86000  0.615290E-05
  1.87000  0.163033E-04
  1.88000  0.417816E-04
  1.89000  0.102674E-03
  1.90000  0.238800E-03
  1.91000  0.528947E-03
  1.92000  0.112925E-02
  1.93000  0.230734E-02
  1.94000  0.641476E-02
  1.95000  0.182257E-01
  1.96000  0.462719E-01
  1.97000  0.105136E+00
  1.98000  0.211017E+00
  1.99000  0.366240E+00
  2.00000  0.544039E+00
  2.01000  0.706169E+00
  2.02000  0.827481E+00
  2.03000  0.872813E+00
  2.04000  0.951990E+00
  2.05000  0.100000E+01
  2.06000  0.864576E+00
  2.07000  0.658706E+00
  2.08000  0.439951E+00
  2.09000  0.255746E+00
  2.10000  0.128116E+00
  2.11000  0.559982E-01
  2.12000  0.219157E-01
  2.13000  0.780866E-02
  2.14000  0.253812E-02
  2.15000  0.767164E-03
  2.16000  0.188119E-03
  2.17000  0.490633E-04
  2.18000  0.114412E-04
  2.19000  0.230495E-05
  2.20000  0.396528E-06
  2.21000  0.600479E-07
  2.22000  0.115915E-07
  2.23000  0.277935E-08
  2.24000  0.629833E-09
  2.25000  0.134303E-09
  2.26000  0.197189E-10
  2.27000  0.375829E-11
  2.28000  0.680685E-12
  2.29000  0.115733E-12
  2.30000  0.182607E-13
  2.31000  0.311830E-14
  2.32000  0.591867E-15
  2.33000  0.106690E-15
  2.34000  0.184688E-16
  2.35000  0.307364E-17
  2.36000  0.312850E-18
  2.37000  0.482342E-19
  2.38000  0.714753E-20
  2.39000  0.100780E-20
  2.40000  0.134751E-21
  2.41000  0.172221E-22
  2.42000  0.211916E-23
  2.43000  0.311945E-24
  2.44000  0.699764E-25
  2.45000  0.235874E-25
  2.46000  0.392481E-26
  2.47000  0.894617E-27
  2.48000  0.209941E-27
  2.49000  0.537342E-28
  2.50000  0.133596E-28
  2.51000  0.414754E-29
  2.52000  0.000000E+00
  2.53000  0.000000E+00
  2.54000  0.000000E+00
  2.55000  0.000000E+00
  2.56000  0.000000E+00
  2.57000  0.000000E+00
  2.58000  0.000000E+00
  2.59000  0.000000E+00
  2.60000  0.000000E+00
  2.61000  0.000000E+00
  2.62000  0.000000E+00
  2.63000  0.000000E+00
  2.64000  0.000000E+00
  2.65000  0.000000E+00
  2.66000  0.000000E+00
  2.67000  0.000000E+00
  2.68000  0.000000E+00
  2.69000  0.000000E+00
  2.70000  0.000000E+00
  2.71000  0.000000E+00
  2.72000  0.000000E+00
  2.73000  0.000000E+00
  2.74000  0.000000E+00
  2.75000  0.000000E+00
  2.76000  0.000000E+00
  2.77000  0.000000E+00
  2.78000  0.000000E+00
  2.79000  0.000000E+00
  2.80000  0.000000E+00
  2.81000  0.000000E+00
  2.82000  0.000000E+00
  2.83000  0.000000E+00
  2.84000  0.000000E+00
  2.85000  0.000000E+00
  2.86000  0.000000E+00
  2.87000  0.000000E+00
  2.88000  0.000000E+00
  2.89000  0.000000E+00
  2.90000  0.000000E+00
  2.91000  0.000000E+00
  2.92000  0.000000E+00
  2.93000  0.000000E+00
  2.94000  0.000000E+00
  2.95000  0.000000E+00
  2.96000  0.000000E+00
  2.97000  0.000000E+00
  2.98000  0.000000E+00
  2.99000  0.000000E+00
  3.00000  0.000000E+00
  3.01000  0.000000E+00
  3.02000  0.000000E+00
  3.03000  0.000000E+00
  3.04000  0.000000E+00
  3.05000  0.000000E+00
  3.06000  0.000000E+00
  3.07000  0.000000E+00
  3.08000  0.000000E+00
  3.09000  0.000000E+00
  3.10000  0.000000E+00
  3.11000  0.000000E+00
  3.12000  0.000000E+00
  3.13000  0.000000E+00
  3.14000  0.000000E+00
  3.15000  0.000000E+00
  3.16000  0.000000E+00
  3.17000  0.000000E+00
  3.18000  0.000000E+00
  3.19000  0.000000E+00
  3.20000  0.000000E+00
  3.21000  0.000000E+00
  3.22000  0.000000E+00
  3.23000  0.000000E+00
  3.24000  0.000000E+00
  3.25000  0.000000E+00
  3.26000  0.000000E+00
  3.27000  0.000000E+00
  3.28000  0.000000E+00
  3.29000  0.000000E+00
  3.30000  0.000000E+00
  3.31000  0.000000E+00
  3.32000  0.000000E+00
  3.33000  0.000000E+00
  3.34000  0.000000E+00
  3.35000  0.000000E+00
  3.36000  0.000000E+00
  3.37000  0.000000E+00
  3.38000  0.000000E+00
  3.39000  0.000000E+00
  3.40000  0.000000E+00
  3.41000  0.000000E+00
  3.42000  0.000000E+00
  3.43000  0.000000E+00
  3.44000  0.000000E+00
  3.45000  0.000000E+00
  3.46000  0.000000E+00
  3.47000  0.000000E+00
  3.48000  0.000000E+00
  3.49000  0.000000E+00
  3.50000  0.000000E+00
  3.51000  0.000000E+00
  3.52000  0.000000E+00
  3.53000  0.000000E+00
  3.54000  0.000000E+00
  3.55000  0.000000E+00
  3.56000  0.000000E+00
  3.57000  0.000000E+00
  3.58000  0.000000E+00
  3.59000  0.000000E+00
  3.60000  0.000000E+00
  3.61000  0.000000E+00
  3.62000  0.000000E+00
  3.63000  0.000000E+00
  3.64000  0.000000E+00
  3.65000  0.000000E+00
  3.66000  0.000000E+00
  3.67000  0.000000E+00
  3.68000  0.000000E+00
  3.69000  0.000000E+00
  3.70000  0.000000E+00
  3.71000  0.000000E+00
  3.72000  0.000000E+00
  3.73000  0.000000E+00
  3.74000  0.000000E+00
  3.75000  0.000000E+00
  3.76000  0.000000E+00
  3.77000  0.000000E+00
  3.78000  0.000000E+00
  3.79000  0.000000E+00
  3.80000  0.000000E+00
  3.81000  0.000000E+00
  3.82000  0.000000E+00
  3.83000  0.000000E+00
  3.84000  0.000000E+00
  3.85000  0.000000E+00
  3.86000  0.000000E+00
  3.87000  0.000000E+00
  3.88000  0.000000E+00
  3.89000  0.000000E+00
  3.90000  0.000000E+00
  3.91000  0.000000E+00
  3.92000  0.000000E+00
  3.93000  0.000000E+00
  3.94000  0.000000E+00
  3.95000  0.000000E+00
  3.96000  0.000000E+00
  3.97000  0.000000E+00
  3.98000  0.000000E+00
  3.99000  0.000000E+00
  4.00000  0.000000E+00
  4.01000  0.000000E+00
  4.02000  0.000000E+00
  4.03000  0.000000E+00
  4.04000  0.000000E+00
  4.05000  0.000000E+00
  4.06000  0.000000E+00
  4.07000  0.000000E+00
  4.08000  0.000000E+00
  4.09000  0.000000E+00
  4.10000  0.000000E+00
  4.11000  0.000000E+00
  4.12000  0.000000E+00
  4.13000  0.000000E+00
  4.14000  0.000000E+00
  4.15000  0.000000E+00
  4.16000  0.000000E+00
  4.17000  0.000000E+00
  4.18000  0.000000E+00
  4.19000  0.000000E+00
  4.20000  0.000000E+00
  4.21000  0.000000E+00
  4.22000  0.000000E+00
  4.23000  0.000000E+00
  4.24000  0.000000E+00
  4.25000  0.000000E+00
  4.26000  0.000000E+00
  4.27000  0.000000E+00
  4.28000  0.000000E+00
  4.29000  0.000000E+00
  4.30000  0.000000E+00
  4.31000  0.000000E+00
  4.32000  0.000000E+00
  4.33000  0.000000E+00
  4.34000  0.000000E+00
  4.35000  0.000000E+00
  4.36000  0.000000E+00
  4.37000  0.000000E+00
  4.38000  0.000000E+00
  4.39000  0.000000E+00
  4.40000  0.000000E+00
  4.41000  0.000000E+00
  4.42000  0.000000E+00
  4.43000  0.000000E+00
  4.44000  0.000000E+00
  4.45000  0.000000E+00
  4.46000  0.000000E+00
  4.47000  0.000000E+00
  4.48000  0.000000E+00
  4.49000  0.000000E+00
  4.50000  0.000000E+00
  4.51000  0.000000E+00
  4.52000  0.000000E+00
  4.53000  0.000000E+00
  4.54000  0.000000E+00
  4.55000  0.000000E+00
  4.56000  0.000000E+00
  4.57000  0.000000E+00
  4.58000  0.000000E+00
  4.59000  0.000000E+00
  4.60000  0.000000E+00
  4.61000  0.000000E+00
  4.62000  0.000000E+00
  4.63000  0.000000E+00
  4.64000  0.000000E+00
  4.65000  0.000000E+00
  4.66000  0.000000E+00
  4.67000  0.000000E+00
  4.68000  0.000000E+00
  4.69000  0.000000E+00
  4.70000  0.000000E+00
  4.71000  0.000000E+00
  4.72000  0.000000E+00
  4.73000  0.000000E+00
  4.74000  0.000000E+00
  4.75000  0.000000E+00
  4.76000  0.000000E+00
  4.77000  0.000000E+00
  4.78000  0.000000E+00
  4.79000  0.000000E+00
  4.80000  0.000000E+00
  4.81000  0.000000E+00
  4.82000  0.000000E+00
  4.83000  0.000000E+00
  4.84000  0.000000E+00
  4.85000  0.000000E+00
  4.86000  0.000000E+00
  4.87000  0.000000E+00
  4.88000  0.000000E+00
  4.89000  0.000000E+00
  4.90000  0.000000E+00
  4.91000  0.000000E+00
  4.92000  0.000000E+00
  4.93000  0.000000E+00
  4.94000  0.000000E+00
  4.95000  0.000000E+00
  4.96000  0.000000E+00
  4.97000  0.000000E+00
  4.98000  0.000000E+00
  4.99000  0.000000E+00
  5.00000  0.000000E+00
  5.01000  0.000000E+00
  5.02000  0.000000E+00
  5.03000  0.000000E+00
  5.04000  0.000000E+00
  5.05000  0.000000E+00
  5.06000  0.000000E+00
  5.07000  0.000000E+00
  5.08000  0.000000E+00
  5.09000  0.000000E+00
  5.10000  0.000000E+00
  5.11000  0.000000E+00
  5.12000  0.000000E+00
  5.13000  0.000000E+00
  5.14000  0.000000E+00
  5.15000  0.000000E+00
  5.16000  0.000000E+00
  5.17000  0.000000E+00
  5.18000  0.000000E+00
  5.19000  0.000000E+00
  5.20000  0.000000E+00
  5.21000  0.000000E+00
  5.22000  0.000000E+00
  5.23000  0.000000E+00
  5.24000  0.000000E+00
  5.25000  0.000000E+00
  5.26000  0.000000E+00
  5.27000  0.000000E+00
  5.28000  0.000000E+00
  5.29000  0.000000E+00
  5.30000  0.000000E+00
  5.31000  0.000000E+00
  5.32000  0.000000E+00
  5.33000  0.000000E+00
  5.34000  0.000000E+00
  5.35000  0.000000E+00
  5.36000  0.000000E+00
  5.37000  0.000000E+00
  5.38000  0.000000E+00
  5.39000  0.000000E+00
  5.40000  0.000000E+00
  5.41000  0.000000E+00
  5.42000  0.000000E+00
  5.43000  0.000000E+00
  5.44000  0.000000E+00
  5.45000  0.000000E+00
  5.46000  0.000000E+00
  5.47000  0.000000E+00
  5.48000  0.000000E+00
  5.49000  0.000000E+00
  5.50000  0.000000E+00
  5.51000  0.000000E+00
  5.52000  0.000000E+00
  5.53000  0.000000E+00
  5.54000  0.000000E+00
  5.55000  0.000000E+00
  5.56000  0.000000E+00
  5.57000  0.000000E+00
  5.58000  0.000000E+00
  5.59000  0.000000E+00
  5.60000  0.000000E+00
  5.61000  0.000000E+00
  5.62000  0.000000E+00
  5.63000  0.000000E+00
  5.64000  0.000000E+00
  5.65000  0.000000E+00
  5.66000  0.000000E+00
  5.67000  0.000000E+00
  5.68000  0.000000E+00
  5.69000  0.000000E+00
  5.70000  0.000000E+00
  5.71000  0.000000E+00
  5.72000  0.000000E+00
  5.73000  0.000000E+00
  5.74000  0.000000E+00
  5.75000  0.000000E+00
  5.76000  0.000000E+00
  5.77000  0.000000E+00
  5.78000  0.000000E+00
  5.79000  0.000000E+00
  5.80000  0.000000E+00
  5.81000  0.000000E+00
  5.82000  0.000000E+00
  5.83000  0.000000E+00
  5.84000  0.000000E+00
  5.85000  0.000000E+00
  5.86000  0.000000E+00
  5.87000  0.000000E+00
  5.88000  0.000000E+00
  5.89000  0.000000E+00
  5.90000  0.000000E+00
  5.91000  0.000000E+00
  5.92000  0.000000E+00
  5.93000  0.000000E+00
  5.94000  0.000000E+00
  5.95000  0.000000E+00
  5.96000  0.000000E+00
  5.97000  0.000000E+00
  5.98000  0.000000E+00
  5.99000  0.000000E+00
  6.00000  0.000000E+00
  6.20000  0.000000E+00
  6.40000  0.000000E+00
  6.60000  0.000000E+00
  6.80000  0.000000E+00
  7.00000  0.000000E+00
