  0.00000  0.000000E+00
  0.01000  0.000000E+00
  0.02000  0.000000E+00
  0.03000  0.000000E+00
  0.04000  0.428798E-05
  0.05000  0.641291E-05
  0.06000  0.876801E-05
  0.07000  0.118409E-04
  0.08000  0.158107E-04
  0.09000  0.194819E-04
  0.10000  0.207206E-04
  0.11000  0.232990E-04
  0.12000  0.270345E-04
  0.13000  0.317000E-04
  0.14000  0.393309E-04
  0.15000  0.524854E-04
  0.16000  0.657275E-04
  0.17000  0.760477E-04
  0.18000  0.866845E-04
  0.19000  0.989073E-04
  0.20000  0.111533E-03
  0.21000  0.121140E-03
  0.22000  0.131367E-03
  0.23000  0.147670E-03
  0.24000  0.165052E-03
  0.25000  0.179891E-03
  0.26000  0.194361E-03
  0.27000  0.211729E-03
  0.28000  0.231508E-03
  0.29000  0.251723E-03
  0.30000  0.279497E-03
  0.31000  0.315423E-03
  0.32000  0.357200E-03
  0.33000  0.404743E-03
  0.34000  0.456340E-03
  0.35000  0.504515E-03
  0.36000  0.551826E-03
  0.37000  0.596849E-03
  0.38000  0.642397E-03
  0.39000  0.703485E-03
  0.40000  0.775322E-03
  0.41000  0.855657E-03
  0.42000  0.946793E-03
  0.43000  0.103515E-02
  0.44000  0.109389E-02
  0.45000  0.116261E-02
  0.46000  0.125047E-02
  0.47000  0.133645E-02
  0.48000  0.141593E-02
  0.49000  0.150217E-02
  0.50000  0.164271E-02
  0.51000  0.184018E-02
  0.52000  0.202058E-02
  0.53000  0.220377E-02
  0.54000  0.241360E-02
  0.55000  0.265790E-02
  0.56000  0.291367E-02
  0.57000  0.314984E-02
  0.58000  0.337654E-02
  0.59000  0.361540E-02
  0.60000  0.387308E-02
  0.61000  0.415674E-02
  0.62000  0.447251E-02
  0.63000  0.483341E-02
  0.64000  0.520061E-02
  0.65000  0.552240E-02
  0.66000  0.578452E-02
  0.67000  0.598142E-02
  0.68000  0.610584E-02
  0.69000  0.624358E-02
  0.70000  0.646147E-02
  0.71000  0.675370E-02
  0.72000  0.709455E-02
  0.73000  0.748498E-02
  0.74000  0.793859E-02
  0.75000  0.843752E-02
  0.76000  0.896579E-02
  0.77000  0.953326E-02
  0.78000  0.101447E-01
  0.79000  0.107601E-01
  0.80000  0.113473E-01
  0.81000  0.119409E-01
  0.82000  0.125700E-01
  0.83000  0.132481E-01
  0.84000  0.139660E-01
  0.85000  0.147015E-01
  0.86000  0.154802E-01
  0.87000  0.163123E-01
  0.88000  0.171837E-01
  0.89000  0.180863E-01
  0.90000  0.190125E-01
  0.91000  0.199647E-01
  0.92000  0.209609E-01
  0.93000  0.219907E-01
  0.94000  0.230161E-01
  0.95000  0.240608E-01
  0.96000  0.251466E-01
  0.97000  0.262768E-01
  0.98000  0.274730E-01
  0.99000  0.287351E-01
  1.00000  0.300374E-01
  1.01000  0.313986E-01
  1.02000  0.328309E-01
  1.03000  0.342972E-01
  1.04000  0.358018E-01
  1.05000  0.373220E-01
  1.06000  0.387975E-01
  1.07000  0.402680E-01
  1.08000  0.418707E-01
  1.09000  0.436464E-01
  1.10000  0.455725E-01
  1.11000  0.476809E-01
  1.12000  0.500644E-01
  1.13000  0.530872E-01
  1.14000  0.562604E-01
  1.15000  0.589570E-01
  1.16000  0.612508E-01
  1.17000  0.632765E-01
  1.18000  0.651356E-01
  1.19000  0.668295E-01
  1.20000  0.684457E-01
  1.21000  0.702613E-01
  1.22000  0.722636E-01
  1.23000  0.743247E-01
  1.24000  0.764721E-01
  1.25000  0.787604E-01
  1.26000  0.812017E-01
  1.27000  0.837742E-01
  1.28000  0.864413E-01
  1.29000  0.892091E-01
  1.30000  0.920509E-01
  1.31000  0.949326E-01
  1.32000  0.978917E-01
  1.33000  0.100955E+00
  1.34000  0.103992E+00
  1.35000  0.106851E+00
  1.36000  0.109728E+00
  1.37000  0.114409E+00
  1.38000  0.119300E+00
  1.39000  0.124476E+00
  1.40000  0.129921E+00
  1.41000  0.135422E+00
  1.42000  0.140972E+00
  1.43000  0.146563E+00
  1.44000  0.152148E+00
  1.45000  0.157745E+00
  1.46000  0.163258E+00
  1.47000  0.168721E+00
  1.48000  0.174230E+00
  1.49000  0.179599E+00
  1.50000  0.184648E+00
  1.51000  0.189518E+00
  1.52000  0.194249E+00
  1.53000  0.198736E+00
  1.54000  0.203144E+00
  1.55000  0.207539E+00
  1.56000  0.211986E+00
  1.57000  0.216546E+00
  1.58000  0.220800E+00
  1.59000  0.224408E+00
  1.60000  0.227461E+00
  1.61000  0.230244E+00
  1.62000  0.232782E+00
  1.63000  0.234997E+00
  1.64000  0.236861E+00
  1.65000  0.238521E+00
  1.66000  0.239892E+00
  1.67000  0.240800E+00
  1.68000  0.241412E+00
  1.69000  0.241860E+00
  1.70000  0.242115E+00
  1.71000  0.242077E+00
  1.72000  0.241679E+00
  1.73000  0.241049E+00
  1.74000  0.240039E+00
  1.75000  0.239040E+00
  1.76000  0.238011E+00
  1.77000  0.236744E+00
  1.78000  0.235334E+00
  1.79000  0.233936E+00
  1.80000  0.232294E+00
  1.81000  0.230330E+00
  1.82000  0.228206E+00
  1.83000  0.225954E+00
  1.84000  0.223619E+00
  1.85000  0.220992E+00
  1.86000  0.218101E+00
  1.87000  0.215241E+00
  1.88000  0.212473E+00
  1.89000  0.209408E+00
  1.90000  0.205990E+00
  1.91000  0.202275E+00
  1.92000  0.198439E+00
  1.93000  0.194533E+00
  1.94000  0.190592E+00
  1.95000  0.186535E+00
  1.96000  0.182247E+00
  1.97000  0.180949E+00
  1.98000  0.183542E+00
  1.99000  0.186191E+00
  2.00000  0.188973E+00
  2.01000  0.192001E+00
  2.02000  0.195317E+00
  2.03000  0.198838E+00
  2.04000  0.202411E+00
  2.05000  0.205997E+00
  2.06000  0.209658E+00
  2.07000  0.213267E+00
  2.08000  0.216691E+00
  2.09000  0.219830E+00
  2.10000  0.222794E+00
  2.11000  0.225814E+00
  2.12000  0.229040E+00
  2.13000  0.232475E+00
  2.14000  0.235944E+00
  2.15000  0.239235E+00
  2.16000  0.242311E+00
  2.17000  0.245177E+00
  2.18000  0.247949E+00
  2.19000  0.250545E+00
  2.20000  0.253235E+00
  2.21000  0.256220E+00
  2.22000  0.259324E+00
  2.23000  0.262720E+00
  2.24000  0.266392E+00
  2.25000  0.270256E+00
  2.26000  0.274245E+00
  2.27000  0.278210E+00
  2.28000  0.282075E+00
  2.29000  0.285714E+00
  2.30000  0.289123E+00
  2.31000  0.292392E+00
  2.32000  0.295562E+00
  2.33000  0.298665E+00
  2.34000  0.301873E+00
  2.35000  0.305359E+00
  2.36000  0.309403E+00
  2.37000  0.314545E+00
  2.38000  0.320154E+00
  2.39000  0.324720E+00
  2.40000  0.328600E+00
  2.41000  0.332376E+00
  2.42000  0.335639E+00
  2.43000  0.338234E+00
  2.44000  0.340495E+00
  2.45000  0.342775E+00
  2.46000  0.345451E+00
  2.47000  0.348956E+00
  2.48000  0.353104E+00
  2.49000  0.357172E+00
  2.50000  0.360947E+00
  2.51000  0.364689E+00
  2.52000  0.368483E+00
  2.53000  0.372311E+00
  2.54000  0.376173E+00
  2.55000  0.380034E+00
  2.56000  0.383748E+00
  2.57000  0.387479E+00
  2.58000  0.391317E+00
  2.59000  0.395343E+00
  2.60000  0.399483E+00
  2.61000  0.403648E+00
  2.62000  0.407759E+00
  2.63000  0.411809E+00
  2.64000  0.415859E+00
  2.65000  0.419916E+00
  2.66000  0.423857E+00
  2.67000  0.428034E+00
  2.68000  0.432397E+00
  2.69000  0.436960E+00
  2.70000  0.441723E+00
  2.71000  0.446743E+00
  2.72000  0.451948E+00
  2.73000  0.456970E+00
  2.74000  0.461192E+00
  2.75000  0.464036E+00
  2.76000  0.465581E+00
  2.77000  0.468063E+00
  2.78000  0.472460E+00
  2.79000  0.478105E+00
  2.80000  0.483994E+00
  2.81000  0.489739E+00
  2.82000  0.495376E+00
  2.83000  0.501061E+00
  2.84000  0.506980E+00
  2.85000  0.513208E+00
  2.86000  0.519517E+00
  2.87000  0.526697E+00
  2.88000  0.534488E+00
  2.89000  0.542725E+00
  2.90000  0.550941E+00
  2.91000  0.558689E+00
  2.92000  0.565978E+00
  2.93000  0.573124E+00
  2.94000  0.580395E+00
  2.95000  0.587888E+00
  2.96000  0.595579E+00
  2.97000  0.603642E+00
  2.98000  0.611721E+00
  2.99000  0.619667E+00
  3.00000  0.627506E+00
  3.01000  0.635239E+00
  3.02000  0.642721E+00
  3.03000  0.649800E+00
  3.04000  0.656454E+00
  3.05000  0.662858E+00
  3.06000  0.669804E+00
  3.07000  0.676420E+00
  3.08000  0.683131E+00
  3.09000  0.689859E+00
  3.10000  0.696557E+00
  3.11000  0.703142E+00
  3.12000  0.709511E+00
  3.13000  0.715711E+00
  3.14000  0.721882E+00
  3.15000  0.728127E+00
  3.16000  0.735231E+00
  3.17000  0.741721E+00
  3.18000  0.748406E+00
  3.19000  0.755380E+00
  3.20000  0.762673E+00
  3.21000  0.770168E+00
  3.22000  0.777622E+00
  3.23000  0.784888E+00
  3.24000  0.791808E+00
  3.25000  0.798363E+00
  3.26000  0.805449E+00
  3.27000  0.811954E+00
  3.28000  0.818707E+00
  3.29000  0.825694E+00
  3.30000  0.832857E+00
  3.31000  0.840066E+00
  3.32000  0.847106E+00
  3.33000  0.853782E+00
  3.34000  0.860083E+00
  3.35000  0.866244E+00
  3.36000  0.872992E+00
  3.37000  0.879008E+00
  3.38000  0.884448E+00
  3.39000  0.889144E+00
  3.40000  0.893038E+00
  3.41000  0.896362E+00
  3.42000  0.899597E+00
  3.43000  0.903110E+00
  3.44000  0.906937E+00
  3.45000  0.911010E+00
  3.46000  0.915439E+00
  3.47000  0.919112E+00
  3.48000  0.922239E+00
  3.49000  0.924865E+00
  3.50000  0.927342E+00
  3.51000  0.930564E+00
  3.52000  0.935543E+00
  3.53000  0.941457E+00
  3.54000  0.946052E+00
  3.55000  0.948062E+00
  3.56000  0.948141E+00
  3.57000  0.947246E+00
  3.58000  0.946291E+00
  3.59000  0.945626E+00
  3.60000  0.945420E+00
  3.61000  0.945568E+00
  3.62000  0.946124E+00
  3.63000  0.947054E+00
  3.64000  0.948278E+00
  3.65000  0.949648E+00
  3.66000  0.950830E+00
  3.67000  0.951952E+00
  3.68000  0.952848E+00
  3.69000  0.953646E+00
  3.70000  0.954486E+00
  3.71000  0.955542E+00
  3.72000  0.956947E+00
  3.73000  0.958600E+00
  3.74000  0.960397E+00
  3.75000  0.962303E+00
  3.76000  0.964273E+00
  3.77000  0.966301E+00
  3.78000  0.968302E+00
  3.79000  0.970487E+00
  3.80000  0.973186E+00
  3.81000  0.976616E+00
  3.82000  0.981069E+00
  3.83000  0.986253E+00
  3.84000  0.991844E+00
  3.85000  0.996662E+00
  3.86000  0.999616E+00
  3.87000  0.100000E+01
  3.88000  0.997833E+00
  3.89000  0.993304E+00
  3.90000  0.987465E+00
  3.91000  0.981197E+00
  3.92000  0.975269E+00
  3.93000  0.970029E+00
  3.94000  0.965623E+00
  3.95000  0.962048E+00
  3.96000  0.958597E+00
  3.97000  0.955761E+00
  3.98000  0.953080E+00
  3.99000  0.950464E+00
  4.00000  0.947687E+00
  4.01000  0.944649E+00
  4.02000  0.941482E+00
  4.03000  0.938311E+00
  4.04000  0.935203E+00
  4.05000  0.932256E+00
  4.06000  0.928874E+00
  4.07000  0.926275E+00
  4.08000  0.923658E+00
  4.09000  0.920964E+00
  4.10000  0.918224E+00
  4.11000  0.915459E+00
  4.12000  0.912736E+00
  4.13000  0.910081E+00
  4.14000  0.907372E+00
  4.15000  0.904447E+00
  4.16000  0.900536E+00
  4.17000  0.896820E+00
  4.18000  0.892588E+00
  4.19000  0.887679E+00
  4.20000  0.882031E+00
  4.21000  0.875655E+00
  4.22000  0.868614E+00
  4.23000  0.861084E+00
  4.24000  0.853228E+00
  4.25000  0.845231E+00
  4.26000  0.836484E+00
  4.27000  0.828378E+00
  4.28000  0.820320E+00
  4.29000  0.812399E+00
  4.30000  0.804564E+00
  4.31000  0.796722E+00
  4.32000  0.788768E+00
  4.33000  0.780559E+00
  4.34000  0.771975E+00
  4.35000  0.763013E+00
  4.36000  0.752843E+00
  4.37000  0.743443E+00
  4.38000  0.733960E+00
  4.39000  0.724401E+00
  4.40000  0.714802E+00
  4.41000  0.705261E+00
  4.42000  0.695883E+00
  4.43000  0.686766E+00
  4.44000  0.677890E+00
  4.45000  0.669272E+00
  4.46000  0.659757E+00
  4.47000  0.651700E+00
  4.48000  0.643873E+00
  4.49000  0.636206E+00
  4.50000  0.628688E+00
  4.51000  0.621244E+00
  4.52000  0.613752E+00
  4.53000  0.606101E+00
  4.54000  0.598296E+00
  4.55000  0.590382E+00
  4.56000  0.581221E+00
  4.57000  0.573252E+00
  4.58000  0.565274E+00
  4.59000  0.557303E+00
  4.60000  0.549339E+00
  4.61000  0.541391E+00
  4.62000  0.533488E+00
  4.63000  0.525668E+00
  4.64000  0.517952E+00
  4.65000  0.510350E+00
  4.66000  0.501858E+00
  4.67000  0.494519E+00
  4.68000  0.487266E+00
  4.69000  0.480082E+00
  4.70000  0.472960E+00
  4.71000  0.465909E+00
  4.72000  0.458915E+00
  4.73000  0.451968E+00
  4.74000  0.445045E+00
  4.75000  0.438123E+00
  4.76000  0.430415E+00
  4.77000  0.423617E+00
  4.78000  0.416924E+00
  4.79000  0.410368E+00
  4.80000  0.403943E+00
  4.81000  0.397615E+00
  4.82000  0.391369E+00
  4.83000  0.385200E+00
  4.84000  0.379158E+00
  4.85000  0.373251E+00
  4.86000  0.366929E+00
  4.87000  0.361305E+00
  4.88000  0.355792E+00
  4.89000  0.350387E+00
  4.90000  0.345103E+00
  4.91000  0.339934E+00
  4.92000  0.334873E+00
  4.93000  0.329922E+00
  4.94000  0.325033E+00
  4.95000  0.320143E+00
  4.96000  0.314813E+00
  4.97000  0.309737E+00
  4.98000  0.304564E+00
  4.99000  0.299360E+00
  5.00000  0.294210E+00
  5.01000  0.289203E+00
  5.02000  0.284379E+00
  5.03000  0.279742E+00
  5.04000  0.275293E+00
  5.05000  0.271024E+00
  5.06000  0.266770E+00
  5.07000  0.262930E+00
  5.08000  0.259218E+00
  5.09000  0.255575E+00
  5.10000  0.251911E+00
  5.11000  0.248107E+00
  5.12000  0.244041E+00
  5.13000  0.239663E+00
  5.14000  0.235024E+00
  5.15000  0.230169E+00
  5.16000  0.225052E+00
  5.17000  0.219945E+00
  5.18000  0.214785E+00
  5.19000  0.209611E+00
  5.20000  0.204465E+00
  5.21000  0.199374E+00
  5.22000  0.194361E+00
  5.23000  0.189452E+00
  5.24000  0.184672E+00
  5.25000  0.180036E+00
  5.26000  0.175479E+00
  5.27000  0.171116E+00
  5.28000  0.166875E+00
  5.29000  0.162749E+00
  5.30000  0.158726E+00
  5.31000  0.154794E+00
  5.32000  0.150942E+00
  5.33000  0.147151E+00
  5.34000  0.143409E+00
  5.35000  0.139704E+00
  5.36000  0.135976E+00
  5.37000  0.132326E+00
  5.38000  0.128710E+00
  5.39000  0.125137E+00
  5.40000  0.121612E+00
  5.41000  0.118144E+00
  5.42000  0.114738E+00
  5.43000  0.111398E+00
  5.44000  0.108132E+00
  5.45000  0.104944E+00
  5.46000  0.101784E+00
  5.47000  0.987554E-01
  5.48000  0.958081E-01
  5.49000  0.929398E-01
  5.50000  0.901466E-01
  5.51000  0.874256E-01
  5.52000  0.847756E-01
  5.53000  0.821950E-01
  5.54000  0.796863E-01
  5.55000  0.772486E-01
  5.56000  0.748329E-01
  5.57000  0.725364E-01
  5.58000  0.703104E-01
  5.59000  0.681520E-01
  5.60000  0.660576E-01
  5.61000  0.640211E-01
  5.62000  0.620369E-01
  5.63000  0.601030E-01
  5.64000  0.582188E-01
  5.65000  0.563860E-01
  5.66000  0.545624E-01
  5.67000  0.528363E-01
  5.68000  0.511640E-01
  5.69000  0.495469E-01
  5.70000  0.479844E-01
  5.71000  0.464736E-01
  5.72000  0.450124E-01
  5.73000  0.435943E-01
  5.74000  0.422181E-01
  5.75000  0.408810E-01
  5.76000  0.395453E-01
  5.77000  0.382807E-01
  5.78000  0.370504E-01
  5.79000  0.358538E-01
  5.80000  0.346939E-01
  5.81000  0.335717E-01
  5.82000  0.324864E-01
  5.83000  0.314365E-01
  5.84000  0.304198E-01
  5.85000  0.294348E-01
  5.86000  0.284547E-01
  5.87000  0.275313E-01
  5.88000  0.266362E-01
  5.89000  0.257688E-01
  5.90000  0.249277E-01
  5.91000  0.241134E-01
  5.92000  0.233245E-01
  5.93000  0.225594E-01
  5.94000  0.218168E-01
  5.95000  0.210951E-01
  5.96000  0.203750E-01
  5.97000  0.196924E-01
  5.98000  0.190275E-01
  5.99000  0.183806E-01
  6.00000  0.177628E-01
  6.20000  0.918407E-02
  6.40000  0.449748E-02
  6.60000  0.212662E-02
  6.80000  0.997084E-03
  7.00000  0.474271E-03
