  0.00000  0.000000E+00
  0.01000  0.000000E+00
  0.02000  0.000000E+00
  0.03000  0.000000E+00
  0.04000  0.000000E+00
  0.05000  0.000000E+00
  0.06000  0.000000E+00
  0.07000  0.000000E+00
  0.08000  0.000000E+00
  0.09000  0.000000E+00
  0.10000  0.000000E+00
  0.11000  0.000000E+00
  0.12000  0.000000E+00
  0.13000  0.000000E+00
  0.14000  0.000000E+00
  0.15000  0.000000E+00
  0.16000  0.000000E+00
  0.17000  0.000000E+00
  0.18000  0.000000E+00
  0.19000  0.000000E+00
  0.20000  0.000000E+00
  0.21000  0.000000E+00
  0.22000  0.000000E+00
  0.23000  0.000000E+00
  0.24000  0.000000E+00
  0.25000  0.000000E+00
  0.26000  0.000000E+00
  0.27000  0.000000E+00
  0.28000  0.000000E+00
  0.29000  0.000000E+00
  0.30000  0.000000E+00
  0.31000  0.000000E+00
  0.32000  0.000000E+00
  0.33000  0.000000E+00
  0.34000  0.000000E+00
  0.35000  0.000000E+00
  0.36000  0.000000E+00
  0.37000  0.000000E+00
  0.38000  0.000000E+00
  0.39000  0.000000E+00
  0.40000  0.000000E+00
  0.41000  0.000000E+00
  0.42000  0.000000E+00
  0.43000  0.000000E+00
  0.44000  0.000000E+00
  0.45000  0.000000E+00
  0.46000  0.000000E+00
  0.47000  0.000000E+00
  0.48000  0.000000E+00
  0.49000  0.000000E+00
  0.50000  0.000000E+00
  0.51000  0.199861E-29
  0.52000  0.951818E-29
  0.53000  0.438682E-28
  0.54000  0.211474E-27
  0.55000  0.931619E-27
  0.56000  0.373958E-26
  0.57000  0.159573E-25
  0.58000  0.681384E-25
  0.59000  0.286166E-24
  0.60000  0.116208E-23
  0.61000  0.511234E-23
  0.62000  0.233948E-22
  0.63000  0.108250E-21
  0.64000  0.558577E-21
  0.65000  0.266481E-20
  0.66000  0.112728E-19
  0.67000  0.510641E-19
  0.68000  0.201241E-18
  0.69000  0.566970E-18
  0.70000  0.139375E-17
  0.71000  0.337736E-17
  0.72000  0.764561E-17
  0.73000  0.158734E-16
  0.74000  0.291119E-16
  0.75000  0.528117E-16
  0.76000  0.952245E-16
  0.77000  0.171874E-15
  0.78000  0.314531E-15
  0.79000  0.507711E-15
  0.80000  0.703375E-15
  0.81000  0.102625E-14
  0.82000  0.174997E-14
  0.83000  0.281669E-14
  0.84000  0.782993E-14
  0.85000  0.357938E-13
  0.86000  0.149901E-12
  0.87000  0.644371E-12
  0.88000  0.292062E-11
  0.89000  0.121651E-10
  0.90000  0.432565E-10
  0.91000  0.141140E-09
  0.92000  0.440192E-09
  0.93000  0.129793E-08
  0.94000  0.362711E-08
  0.95000  0.987863E-08
  0.96000  0.247186E-07
  0.97000  0.566409E-07
  0.98000  0.122563E-06
  0.99000  0.256499E-06
  1.00000  0.516442E-06
  1.01000  0.984945E-06
  1.02000  0.175824E-05
  1.03000  0.305548E-05
  1.04000  0.541943E-05
  1.05000  0.977528E-05
  1.06000  0.175817E-04
  1.07000  0.303271E-04
  1.08000  0.544178E-04
  1.09000  0.112656E-03
  1.10000  0.241282E-03
  1.11000  0.556011E-03
  1.12000  0.127713E-02
  1.13000  0.189987E-02
  1.14000  0.130034E-02
  1.15000  0.129335E-02
  1.16000  0.161856E-02
  1.17000  0.188752E-02
  1.18000  0.205551E-02
  1.19000  0.207250E-02
  1.20000  0.192882E-02
  1.21000  0.297998E-02
  1.22000  0.940982E-02
  1.23000  0.152062E-01
  1.24000  0.237408E-01
  1.25000  0.361065E-01
  1.26000  0.533437E-01
  1.27000  0.758468E-01
  1.28000  0.102681E+00
  1.29000  0.132890E+00
  1.30000  0.167936E+00
  1.31000  0.206669E+00
  1.32000  0.245321E+00
  1.33000  0.286005E+00
  1.34000  0.323396E+00
  1.35000  0.357215E+00
  1.36000  0.384045E+00
  1.37000  0.401672E+00
  1.38000  0.457720E+00
  1.39000  0.590689E+00
  1.40000  0.735728E+00
  1.41000  0.876633E+00
  1.42000  0.971931E+00
  1.43000  0.100000E+01
  1.44000  0.989878E+00
  1.45000  0.969529E+00
  1.46000  0.952400E+00
  1.47000  0.933353E+00
  1.48000  0.893028E+00
  1.49000  0.841859E+00
  1.50000  0.792490E+00
  1.51000  0.738268E+00
  1.52000  0.674441E+00
  1.53000  0.644266E+00
  1.54000  0.653652E+00
  1.55000  0.714686E+00
  1.56000  0.736869E+00
  1.57000  0.725207E+00
  1.58000  0.693738E+00
  1.59000  0.672781E+00
  1.60000  0.634662E+00
  1.61000  0.586905E+00
  1.62000  0.533190E+00
  1.63000  0.472079E+00
  1.64000  0.407426E+00
  1.65000  0.344257E+00
  1.66000  0.306514E+00
  1.67000  0.273291E+00
  1.68000  0.235222E+00
  1.69000  0.195114E+00
  1.70000  0.158126E+00
  1.71000  0.134320E+00
  1.72000  0.118959E+00
  1.73000  0.100795E+00
  1.74000  0.931448E-01
  1.75000  0.859664E-01
  1.76000  0.804185E-01
  1.77000  0.750029E-01
  1.78000  0.679471E-01
  1.79000  0.595714E-01
  1.80000  0.507495E-01
  1.81000  0.422490E-01
  1.82000  0.345466E-01
  1.83000  0.277374E-01
  1.84000  0.217873E-01
  1.85000  0.165947E-01
  1.86000  0.121541E-01
  1.87000  0.860967E-02
  1.88000  0.596036E-02
  1.89000  0.402488E-02
  1.90000  0.262469E-02
  1.91000  0.167652E-02
  1.92000  0.106699E-02
  1.93000  0.663516E-03
  1.94000  0.391488E-03
  1.95000  0.218725E-03
  1.96000  0.118640E-03
  1.97000  0.946603E-04
  1.98000  0.778119E-04
  1.99000  0.633458E-04
  2.00000  0.516964E-04
  2.01000  0.430770E-04
  2.02000  0.370286E-04
  2.03000  0.317367E-04
  2.04000  0.261806E-04
  2.05000  0.205687E-04
  2.06000  0.156751E-04
  2.07000  0.118219E-04
  2.08000  0.859651E-05
  2.09000  0.580525E-05
  2.10000  0.365658E-05
  2.11000  0.229945E-05
  2.12000  0.154351E-05
  2.13000  0.109748E-05
  2.14000  0.948768E-06
  2.15000  0.873826E-06
  2.16000  0.750795E-06
  2.17000  0.613136E-06
  2.18000  0.493614E-06
  2.19000  0.429448E-06
  2.20000  0.390055E-06
  2.21000  0.358684E-06
  2.22000  0.337678E-06
  2.23000  0.321285E-06
  2.24000  0.301756E-06
  2.25000  0.276705E-06
  2.26000  0.246171E-06
  2.27000  0.213341E-06
  2.28000  0.179257E-06
  2.29000  0.146603E-06
  2.30000  0.117461E-06
  2.31000  0.925205E-07
  2.32000  0.717244E-07
  2.33000  0.548032E-07
  2.34000  0.413570E-07
  2.35000  0.308559E-07
  2.36000  0.226640E-07
  2.37000  0.164530E-07
  2.38000  0.117578E-07
  2.39000  0.833773E-08
  2.40000  0.596608E-08
  2.41000  0.434105E-08
  2.42000  0.315578E-08
  2.43000  0.223441E-08
  2.44000  0.153117E-08
  2.45000  0.101904E-08
  2.46000  0.702968E-09
  2.47000  0.515608E-09
  2.48000  0.377635E-09
  2.49000  0.277463E-09
  2.50000  0.204890E-09
  2.51000  0.154189E-09
  2.52000  0.159940E-09
  2.53000  0.167998E-09
  2.54000  0.166537E-09
  2.55000  0.157235E-09
  2.56000  0.140197E-09
  2.57000  0.118329E-09
  2.58000  0.934043E-10
  2.59000  0.697733E-10
  2.60000  0.506511E-10
  2.61000  0.108400E-10
  2.62000  0.446608E-12
  2.63000  0.329975E-12
  2.64000  0.246127E-12
  2.65000  0.445745E-13
  2.66000  0.414900E-13
  2.67000  0.107685E-13
  2.68000  0.933230E-14
  2.69000  0.815112E-14
  2.70000  0.719288E-14
  2.71000  0.644884E-14
  2.72000  0.401855E-19
  2.73000  0.375188E-19
  2.74000  0.338506E-19
  2.75000  0.292607E-19
  2.76000  0.236802E-19
  2.77000  0.187297E-19
  2.78000  0.143607E-19
  2.79000  0.108577E-19
  2.80000  0.817960E-20
  2.81000  0.620144E-20
  2.82000  0.476386E-20
  2.83000  0.373110E-20
  2.84000  0.299223E-20
  2.85000  0.184650E-25
  2.86000  0.173880E-25
  2.87000  0.172113E-25
  2.88000  0.174715E-25
  2.89000  0.182455E-25
  2.90000  0.196318E-25
  2.91000  0.220220E-25
  2.92000  0.263169E-25
  2.93000  0.337665E-25
  2.94000  0.461323E-25
  2.95000  0.656889E-25
  2.96000  0.901841E-25
  2.97000  0.000000E+00
  2.98000  0.000000E+00
  2.99000  0.000000E+00
  3.00000  0.000000E+00
  3.01000  0.000000E+00
  3.02000  0.000000E+00
  3.03000  0.000000E+00
  3.04000  0.000000E+00
  3.05000  0.000000E+00
  3.06000  0.000000E+00
  3.07000  0.000000E+00
  3.08000  0.000000E+00
  3.09000  0.000000E+00
  3.10000  0.000000E+00
  3.11000  0.000000E+00
  3.12000  0.000000E+00
  3.13000  0.000000E+00
  3.14000  0.000000E+00
  3.15000  0.000000E+00
  3.16000  0.000000E+00
  3.17000  0.000000E+00
  3.18000  0.000000E+00
  3.19000  0.000000E+00
  3.20000  0.000000E+00
  3.21000  0.000000E+00
  3.22000  0.000000E+00
  3.23000  0.000000E+00
  3.24000  0.000000E+00
  3.25000  0.000000E+00
  3.26000  0.000000E+00
  3.27000  0.000000E+00
  3.28000  0.000000E+00
  3.29000  0.000000E+00
  3.30000  0.000000E+00
  3.31000  0.000000E+00
  3.32000  0.000000E+00
  3.33000  0.000000E+00
  3.34000  0.000000E+00
  3.35000  0.000000E+00
  3.36000  0.000000E+00
  3.37000  0.000000E+00
  3.38000  0.000000E+00
  3.39000  0.000000E+00
  3.40000  0.000000E+00
  3.41000  0.000000E+00
  3.42000  0.000000E+00
  3.43000  0.000000E+00
  3.44000  0.000000E+00
  3.45000  0.000000E+00
  3.46000  0.000000E+00
  3.47000  0.000000E+00
  3.48000  0.000000E+00
  3.49000  0.000000E+00
  3.50000  0.000000E+00
  3.51000  0.000000E+00
  3.52000  0.000000E+00
  3.53000  0.000000E+00
  3.54000  0.000000E+00
  3.55000  0.000000E+00
  3.56000  0.000000E+00
  3.57000  0.000000E+00
  3.58000  0.000000E+00
  3.59000  0.000000E+00
  3.60000  0.000000E+00
  3.61000  0.000000E+00
  3.62000  0.000000E+00
  3.63000  0.000000E+00
  3.64000  0.000000E+00
  3.65000  0.000000E+00
  3.66000  0.000000E+00
  3.67000  0.000000E+00
  3.68000  0.000000E+00
  3.69000  0.000000E+00
  3.70000  0.000000E+00
  3.71000  0.000000E+00
  3.72000  0.000000E+00
  3.73000  0.000000E+00
  3.74000  0.000000E+00
  3.75000  0.000000E+00
  3.76000  0.000000E+00
  3.77000  0.000000E+00
  3.78000  0.000000E+00
  3.79000  0.000000E+00
  3.80000  0.000000E+00
  3.81000  0.000000E+00
  3.82000  0.000000E+00
  3.83000  0.000000E+00
  3.84000  0.000000E+00
  3.85000  0.000000E+00
  3.86000  0.000000E+00
  3.87000  0.000000E+00
  3.88000  0.000000E+00
  3.89000  0.000000E+00
  3.90000  0.000000E+00
  3.91000  0.000000E+00
  3.92000  0.000000E+00
  3.93000  0.000000E+00
  3.94000  0.000000E+00
  3.95000  0.000000E+00
  3.96000  0.000000E+00
  3.97000  0.000000E+00
  3.98000  0.000000E+00
  3.99000  0.000000E+00
  4.00000  0.000000E+00
  4.01000  0.000000E+00
  4.02000  0.000000E+00
  4.03000  0.000000E+00
  4.04000  0.000000E+00
  4.05000  0.000000E+00
  4.06000  0.000000E+00
  4.07000  0.000000E+00
  4.08000  0.000000E+00
  4.09000  0.000000E+00
  4.10000  0.000000E+00
  4.11000  0.000000E+00
  4.12000  0.000000E+00
  4.13000  0.000000E+00
  4.14000  0.000000E+00
  4.15000  0.000000E+00
  4.16000  0.000000E+00
  4.17000  0.000000E+00
  4.18000  0.000000E+00
  4.19000  0.000000E+00
  4.20000  0.000000E+00
  4.21000  0.000000E+00
  4.22000  0.000000E+00
  4.23000  0.000000E+00
  4.24000  0.000000E+00
  4.25000  0.000000E+00
  4.26000  0.000000E+00
  4.27000  0.000000E+00
  4.28000  0.000000E+00
  4.29000  0.000000E+00
  4.30000  0.000000E+00
  4.31000  0.000000E+00
  4.32000  0.000000E+00
  4.33000  0.000000E+00
  4.34000  0.000000E+00
  4.35000  0.000000E+00
  4.36000  0.000000E+00
  4.37000  0.000000E+00
  4.38000  0.000000E+00
  4.39000  0.000000E+00
  4.40000  0.000000E+00
  4.41000  0.000000E+00
  4.42000  0.000000E+00
  4.43000  0.000000E+00
  4.44000  0.000000E+00
  4.45000  0.000000E+00
  4.46000  0.000000E+00
  4.47000  0.000000E+00
  4.48000  0.000000E+00
  4.49000  0.000000E+00
  4.50000  0.000000E+00
  4.51000  0.000000E+00
  4.52000  0.000000E+00
  4.53000  0.000000E+00
  4.54000  0.000000E+00
  4.55000  0.000000E+00
  4.56000  0.000000E+00
  4.57000  0.000000E+00
  4.58000  0.000000E+00
  4.59000  0.000000E+00
  4.60000  0.000000E+00
  4.61000  0.000000E+00
  4.62000  0.000000E+00
  4.63000  0.000000E+00
  4.64000  0.000000E+00
  4.65000  0.000000E+00
  4.66000  0.000000E+00
  4.67000  0.000000E+00
  4.68000  0.000000E+00
  4.69000  0.000000E+00
  4.70000  0.000000E+00
  4.71000  0.000000E+00
  4.72000  0.000000E+00
  4.73000  0.000000E+00
  4.74000  0.000000E+00
  4.75000  0.000000E+00
  4.76000  0.000000E+00
  4.77000  0.000000E+00
  4.78000  0.000000E+00
  4.79000  0.000000E+00
  4.80000  0.000000E+00
  4.81000  0.000000E+00
  4.82000  0.000000E+00
  4.83000  0.000000E+00
  4.84000  0.000000E+00
  4.85000  0.000000E+00
  4.86000  0.000000E+00
  4.87000  0.000000E+00
  4.88000  0.000000E+00
  4.89000  0.000000E+00
  4.90000  0.000000E+00
  4.91000  0.000000E+00
  4.92000  0.000000E+00
  4.93000  0.000000E+00
  4.94000  0.000000E+00
  4.95000  0.000000E+00
  4.96000  0.000000E+00
  4.97000  0.000000E+00
  4.98000  0.000000E+00
  4.99000  0.000000E+00
  5.00000  0.000000E+00
  5.01000  0.000000E+00
  5.02000  0.000000E+00
  5.03000  0.000000E+00
  5.04000  0.000000E+00
  5.05000  0.000000E+00
  5.06000  0.000000E+00
  5.07000  0.000000E+00
  5.08000  0.000000E+00
  5.09000  0.000000E+00
  5.10000  0.000000E+00
  5.11000  0.000000E+00
  5.12000  0.000000E+00
  5.13000  0.000000E+00
  5.14000  0.000000E+00
  5.15000  0.000000E+00
  5.16000  0.000000E+00
  5.17000  0.000000E+00
  5.18000  0.000000E+00
  5.19000  0.000000E+00
  5.20000  0.000000E+00
  5.21000  0.000000E+00
  5.22000  0.000000E+00
  5.23000  0.000000E+00
  5.24000  0.000000E+00
  5.25000  0.000000E+00
  5.26000  0.000000E+00
  5.27000  0.000000E+00
  5.28000  0.000000E+00
  5.29000  0.000000E+00
  5.30000  0.000000E+00
  5.31000  0.000000E+00
  5.32000  0.000000E+00
  5.33000  0.000000E+00
  5.34000  0.000000E+00
  5.35000  0.000000E+00
  5.36000  0.000000E+00
  5.37000  0.000000E+00
  5.38000  0.000000E+00
  5.39000  0.000000E+00
  5.40000  0.000000E+00
  5.41000  0.000000E+00
  5.42000  0.000000E+00
  5.43000  0.000000E+00
  5.44000  0.000000E+00
  5.45000  0.000000E+00
  5.46000  0.000000E+00
  5.47000  0.000000E+00
  5.48000  0.000000E+00
  5.49000  0.000000E+00
  5.50000  0.000000E+00
  5.51000  0.000000E+00
  5.52000  0.000000E+00
  5.53000  0.000000E+00
  5.54000  0.000000E+00
  5.55000  0.000000E+00
  5.56000  0.000000E+00
  5.57000  0.000000E+00
  5.58000  0.000000E+00
  5.59000  0.000000E+00
  5.60000  0.000000E+00
  5.61000  0.000000E+00
  5.62000  0.000000E+00
  5.63000  0.000000E+00
  5.64000  0.000000E+00
  5.65000  0.000000E+00
  5.66000  0.000000E+00
  5.67000  0.000000E+00
  5.68000  0.000000E+00
  5.69000  0.000000E+00
  5.70000  0.000000E+00
  5.71000  0.000000E+00
  5.72000  0.000000E+00
  5.73000  0.000000E+00
  5.74000  0.000000E+00
  5.75000  0.000000E+00
  5.76000  0.000000E+00
  5.77000  0.000000E+00
  5.78000  0.000000E+00
  5.79000  0.000000E+00
  5.80000  0.000000E+00
  5.81000  0.000000E+00
  5.82000  0.000000E+00
  5.83000  0.000000E+00
  5.84000  0.000000E+00
  5.85000  0.000000E+00
  5.86000  0.000000E+00
  5.87000  0.000000E+00
  5.88000  0.000000E+00
  5.89000  0.000000E+00
  5.90000  0.000000E+00
  5.91000  0.000000E+00
  5.92000  0.000000E+00
  5.93000  0.000000E+00
  5.94000  0.000000E+00
  5.95000  0.000000E+00
  5.96000  0.000000E+00
  5.97000  0.000000E+00
  5.98000  0.000000E+00
  5.99000  0.000000E+00
  6.00000  0.000000E+00
  6.20000  0.000000E+00
  6.40000  0.000000E+00
  6.60000  0.000000E+00
  6.80000  0.000000E+00
  7.00000  0.000000E+00
