  0.00000  0.000000E+00
  0.01000  0.000000E+00
  0.02000  0.000000E+00
  0.03000  0.000000E+00
  0.04000  0.000000E+00
  0.05000  0.000000E+00
  0.06000  0.000000E+00
  0.07000  0.107268E-29
  0.08000  0.276577E-29
  0.09000  0.357024E-29
  0.10000  0.418533E-29
  0.11000  0.737909E-29
  0.12000  0.218115E-28
  0.13000  0.830159E-28
  0.14000  0.395815E-27
  0.15000  0.312066E-26
  0.16000  0.194752E-25
  0.17000  0.771142E-25
  0.18000  0.219843E-24
  0.19000  0.504600E-24
  0.20000  0.150383E-23
  0.21000  0.493753E-23
  0.22000  0.162831E-22
  0.23000  0.536680E-22
  0.24000  0.154842E-21
  0.25000  0.508081E-21
  0.26000  0.140468E-20
  0.27000  0.335989E-20
  0.28000  0.821257E-20
  0.29000  0.204418E-19
  0.30000  0.559148E-19
  0.31000  0.152977E-18
  0.32000  0.392587E-18
  0.33000  0.104639E-17
  0.34000  0.272418E-17
  0.35000  0.635086E-17
  0.36000  0.151152E-16
  0.37000  0.381871E-16
  0.38000  0.100710E-15
  0.39000  0.292172E-15
  0.40000  0.866040E-15
  0.41000  0.249616E-14
  0.42000  0.738021E-14
  0.43000  0.210983E-13
  0.44000  0.563252E-13
  0.45000  0.147035E-12
  0.46000  0.373434E-12
  0.47000  0.957814E-12
  0.48000  0.249720E-11
  0.49000  0.623812E-11
  0.50000  0.144542E-10
  0.51000  0.349239E-10
  0.52000  0.851822E-10
  0.53000  0.213809E-09
  0.54000  0.545295E-09
  0.55000  0.128029E-08
  0.56000  0.280493E-08
  0.57000  0.629113E-08
  0.58000  0.142052E-07
  0.59000  0.325626E-07
  0.60000  0.733964E-07
  0.61000  0.160447E-06
  0.62000  0.355189E-06
  0.63000  0.785835E-06
  0.64000  0.174500E-05
  0.65000  0.372092E-05
  0.66000  0.764268E-05
  0.67000  0.155476E-04
  0.68000  0.304437E-04
  0.69000  0.539686E-04
  0.70000  0.914282E-04
  0.71000  0.151048E-03
  0.72000  0.242333E-03
  0.73000  0.380947E-03
  0.74000  0.586294E-03
  0.75000  0.895107E-03
  0.76000  0.134393E-02
  0.77000  0.197084E-02
  0.78000  0.283314E-02
  0.79000  0.404593E-02
  0.80000  0.572347E-02
  0.81000  0.834371E-02
  0.82000  0.128668E-01
  0.83000  0.198232E-01
  0.84000  0.286032E-01
  0.85000  0.389560E-01
  0.86000  0.511559E-01
  0.87000  0.652597E-01
  0.88000  0.822274E-01
  0.89000  0.991588E-01
  0.90000  0.113962E+00
  0.91000  0.127174E+00
  0.92000  0.139561E+00
  0.93000  0.150350E+00
  0.94000  0.158208E+00
  0.95000  0.163710E+00
  0.96000  0.165180E+00
  0.97000  0.163311E+00
  0.98000  0.160861E+00
  0.99000  0.163425E+00
  1.00000  0.188913E+00
  1.01000  0.212131E+00
  1.02000  0.232545E+00
  1.03000  0.248511E+00
  1.04000  0.256059E+00
  1.05000  0.265504E+00
  1.06000  0.322632E+00
  1.07000  0.382672E+00
  1.08000  0.445321E+00
  1.09000  0.511101E+00
  1.10000  0.575916E+00
  1.11000  0.642816E+00
  1.12000  0.719083E+00
  1.13000  0.810060E+00
  1.14000  0.896249E+00
  1.15000  0.954411E+00
  1.16000  0.987408E+00
  1.17000  0.100000E+01
  1.18000  0.995715E+00
  1.19000  0.975173E+00
  1.20000  0.941453E+00
  1.21000  0.899666E+00
  1.22000  0.852889E+00
  1.23000  0.800598E+00
  1.24000  0.740329E+00
  1.25000  0.677447E+00
  1.26000  0.630645E+00
  1.27000  0.675404E+00
  1.28000  0.716457E+00
  1.29000  0.751480E+00
  1.30000  0.779693E+00
  1.31000  0.801278E+00
  1.32000  0.815766E+00
  1.33000  0.821675E+00
  1.34000  0.819893E+00
  1.35000  0.812900E+00
  1.36000  0.799750E+00
  1.37000  0.780850E+00
  1.38000  0.757341E+00
  1.39000  0.727620E+00
  1.40000  0.690639E+00
  1.41000  0.647435E+00
  1.42000  0.657740E+00
  1.43000  0.656821E+00
  1.44000  0.647208E+00
  1.45000  0.635527E+00
  1.46000  0.623695E+00
  1.47000  0.611246E+00
  1.48000  0.596415E+00
  1.49000  0.577808E+00
  1.50000  0.555094E+00
  1.51000  0.530240E+00
  1.52000  0.504952E+00
  1.53000  0.480286E+00
  1.54000  0.457783E+00
  1.55000  0.439969E+00
  1.56000  0.427570E+00
  1.57000  0.415304E+00
  1.58000  0.395772E+00
  1.59000  0.367636E+00
  1.60000  0.351273E+00
  1.61000  0.338605E+00
  1.62000  0.323509E+00
  1.63000  0.305688E+00
  1.64000  0.289944E+00
  1.65000  0.272438E+00
  1.66000  0.253588E+00
  1.67000  0.237321E+00
  1.68000  0.230764E+00
  1.69000  0.222495E+00
  1.70000  0.212960E+00
  1.71000  0.202698E+00
  1.72000  0.191791E+00
  1.73000  0.180214E+00
  1.74000  0.167833E+00
  1.75000  0.155774E+00
  1.76000  0.145626E+00
  1.77000  0.136059E+00
  1.78000  0.125254E+00
  1.79000  0.113424E+00
  1.80000  0.101240E+00
  1.81000  0.918469E-01
  1.82000  0.836690E-01
  1.83000  0.752993E-01
  1.84000  0.669493E-01
  1.85000  0.587396E-01
  1.86000  0.526679E-01
  1.87000  0.478464E-01
  1.88000  0.470574E-01
  1.89000  0.460028E-01
  1.90000  0.443842E-01
  1.91000  0.427394E-01
  1.92000  0.409948E-01
  1.93000  0.391331E-01
  1.94000  0.371529E-01
  1.95000  0.350680E-01
  1.96000  0.327531E-01
  1.97000  0.301504E-01
  1.98000  0.273847E-01
  1.99000  0.248043E-01
  2.00000  0.226546E-01
  2.01000  0.210539E-01
  2.02000  0.199161E-01
  2.03000  0.188468E-01
  2.04000  0.176714E-01
  2.05000  0.163526E-01
  2.06000  0.149747E-01
  2.07000  0.136435E-01
  2.08000  0.121880E-01
  2.09000  0.104189E-01
  2.10000  0.953673E-02
  2.11000  0.861877E-02
  2.12000  0.791628E-02
  2.13000  0.739766E-02
  2.14000  0.686487E-02
  2.15000  0.627629E-02
  2.16000  0.566902E-02
  2.17000  0.508473E-02
  2.18000  0.460452E-02
  2.19000  0.423606E-02
  2.20000  0.379453E-02
  2.21000  0.302795E-02
  2.22000  0.269757E-02
  2.23000  0.265568E-02
  2.24000  0.259853E-02
  2.25000  0.250975E-02
  2.26000  0.239323E-02
  2.27000  0.224886E-02
  2.28000  0.208302E-02
  2.29000  0.190680E-02
  2.30000  0.173116E-02
  2.31000  0.156183E-02
  2.32000  0.140064E-02
  2.33000  0.124944E-02
  2.34000  0.110788E-02
  2.35000  0.976074E-03
  2.36000  0.855790E-03
  2.37000  0.747183E-03
  2.38000  0.649790E-03
  2.39000  0.563692E-03
  2.40000  0.492984E-03
  2.41000  0.494648E-03
  2.42000  0.485239E-03
  2.43000  0.451922E-03
  2.44000  0.404875E-03
  2.45000  0.354680E-03
  2.46000  0.308888E-03
  2.47000  0.275403E-03
  2.48000  0.250449E-03
  2.49000  0.226189E-03
  2.50000  0.205474E-03
  2.51000  0.194131E-03
  2.52000  0.191055E-03
  2.53000  0.194350E-03
  2.54000  0.206157E-03
  2.55000  0.209376E-03
  2.56000  0.203850E-03
  2.57000  0.190990E-03
  2.58000  0.174597E-03
  2.59000  0.157352E-03
  2.60000  0.140059E-03
  2.61000  0.123133E-03
  2.62000  0.107281E-03
  2.63000  0.936730E-04
  2.64000  0.830264E-04
  2.65000  0.749432E-04
  2.66000  0.682047E-04
  2.67000  0.629401E-04
  2.68000  0.611491E-04
  2.69000  0.593736E-04
  2.70000  0.577362E-04
  2.71000  0.565346E-04
  2.72000  0.557014E-04
  2.73000  0.536142E-04
  2.74000  0.468664E-04
  2.75000  0.348973E-04
  2.76000  0.234685E-04
  2.77000  0.174303E-04
  2.78000  0.155761E-04
  2.79000  0.138328E-04
  2.80000  0.129241E-04
  2.81000  0.125507E-04
  2.82000  0.120159E-04
  2.83000  0.113379E-04
  2.84000  0.105754E-04
  2.85000  0.976878E-05
  2.86000  0.895996E-05
  2.87000  0.820403E-05
  2.88000  0.773978E-05
  2.89000  0.744359E-05
  2.90000  0.708301E-05
  2.91000  0.660134E-05
  2.92000  0.602210E-05
  2.93000  0.536987E-05
  2.94000  0.465669E-05
  2.95000  0.392243E-05
  2.96000  0.324914E-05
  2.97000  0.268955E-05
  2.98000  0.222931E-05
  2.99000  0.184141E-05
  3.00000  0.151708E-05
  3.01000  0.125042E-05
  3.02000  0.103174E-05
  3.03000  0.846865E-06
  3.04000  0.687043E-06
  3.05000  0.549352E-06
  3.06000  0.431310E-06
  3.07000  0.337083E-06
  3.08000  0.264426E-06
  3.09000  0.210408E-06
  3.10000  0.170423E-06
  3.11000  0.139647E-06
  3.12000  0.114698E-06
  3.13000  0.940836E-07
  3.14000  0.771895E-07
  3.15000  0.632755E-07
  3.16000  0.514492E-07
  3.17000  0.417941E-07
  3.18000  0.337294E-07
  3.19000  0.270353E-07
  3.20000  0.215012E-07
  3.21000  0.169697E-07
  3.22000  0.136913E-07
  3.23000  0.117683E-07
  3.24000  0.100925E-07
  3.25000  0.897187E-08
  3.26000  0.776373E-08
  3.27000  0.642531E-08
  3.28000  0.508533E-08
  3.29000  0.403342E-08
  3.30000  0.333119E-08
  3.31000  0.287416E-08
  3.32000  0.255582E-08
  3.33000  0.231207E-08
  3.34000  0.210378E-08
  3.35000  0.190181E-08
  3.36000  0.166811E-08
  3.37000  0.145956E-08
  3.38000  0.127122E-08
  3.39000  0.111661E-08
  3.40000  0.998205E-09
  3.41000  0.910170E-09
  3.42000  0.840200E-09
  3.43000  0.778374E-09
  3.44000  0.748419E-09
  3.45000  0.773572E-09
  3.46000  0.787479E-09
  3.47000  0.830892E-09
  3.48000  0.881876E-09
  3.49000  0.927855E-09
  3.50000  0.951136E-09
  3.51000  0.925763E-09
  3.52000  0.826957E-09
  3.53000  0.684205E-09
  3.54000  0.569818E-09
  3.55000  0.521213E-09
  3.56000  0.515578E-09
  3.57000  0.567576E-09
  3.58000  0.655501E-09
  3.59000  0.781339E-09
  3.60000  0.947549E-09
  3.61000  0.115395E-08
  3.62000  0.140040E-08
  3.63000  0.168879E-08
  3.64000  0.201985E-08
  3.65000  0.238464E-08
  3.66000  0.266436E-08
  3.67000  0.303104E-08
  3.68000  0.339764E-08
  3.69000  0.377182E-08
  3.70000  0.416832E-08
  3.71000  0.460519E-08
  3.72000  0.510205E-08
  3.73000  0.565715E-08
  3.74000  0.623853E-08
  3.75000  0.680133E-08
  3.76000  0.703887E-08
  3.77000  0.747065E-08
  3.78000  0.784447E-08
  3.79000  0.817050E-08
  3.80000  0.845544E-08
  3.81000  0.868835E-08
  3.82000  0.883082E-08
  3.83000  0.884743E-08
  3.84000  0.873111E-08
  3.85000  0.897762E-08
  3.86000  0.878734E-08
  3.87000  0.887706E-08
  3.88000  0.894767E-08
  3.89000  0.902999E-08
  3.90000  0.914721E-08
  3.91000  0.931660E-08
  3.92000  0.954494E-08
  3.93000  0.982758E-08
  3.94000  0.101785E-07
  3.95000  0.106169E-07
  3.96000  0.107879E-07
  3.97000  0.113984E-07
  3.98000  0.120807E-07
  3.99000  0.128256E-07
  4.00000  0.136387E-07
  4.01000  0.145354E-07
  4.02000  0.155634E-07
  4.03000  0.167473E-07
  4.04000  0.180667E-07
  4.05000  0.194632E-07
  4.06000  0.202040E-07
  4.07000  0.215846E-07
  4.08000  0.230034E-07
  4.09000  0.245121E-07
  4.10000  0.261265E-07
  4.11000  0.278130E-07
  4.12000  0.295713E-07
  4.13000  0.313957E-07
  4.14000  0.333219E-07
  4.15000  0.353293E-07
  4.16000  0.361792E-07
  4.17000  0.381936E-07
  4.18000  0.400791E-07
  4.19000  0.417275E-07
  4.20000  0.430751E-07
  4.21000  0.441080E-07
  4.22000  0.448543E-07
  4.23000  0.453060E-07
  4.24000  0.454728E-07
  4.25000  0.453258E-07
  4.26000  0.432061E-07
  4.27000  0.422363E-07
  4.28000  0.407135E-07
  4.29000  0.385771E-07
  4.30000  0.359353E-07
  4.31000  0.331123E-07
  4.32000  0.304738E-07
  4.33000  0.282244E-07
  4.34000  0.263632E-07
  4.35000  0.127842E-08
  4.36000  0.124163E-08
  4.37000  0.126007E-08
  4.38000  0.127165E-08
  4.39000  0.127965E-08
  4.40000  0.128606E-08
  4.41000  0.129483E-08
  4.42000  0.133085E-08
  4.43000  0.139297E-08
  4.44000  0.146357E-08
  4.45000  0.154487E-08
  4.46000  0.152488E-08
  4.47000  0.162210E-08
  4.48000  0.173057E-08
  4.49000  0.185130E-08
  4.50000  0.198628E-08
  4.51000  0.213457E-08
  4.52000  0.229325E-08
  4.53000  0.245791E-08
  4.54000  0.724551E-12
  4.55000  0.791653E-12
  4.56000  0.783177E-12
  4.57000  0.833494E-12
  4.58000  0.661992E-13
  4.59000  0.718928E-13
  4.60000  0.769806E-13
  4.61000  0.812320E-13
  4.62000  0.847498E-13
  4.63000  0.877454E-13
  4.64000  0.904759E-13
  4.65000  0.932190E-13
  4.66000  0.861612E-13
  4.67000  0.896786E-13
  4.68000  0.944522E-13
  4.69000  0.100849E-12
  4.70000  0.109208E-12
  4.71000  0.119969E-12
  4.72000  0.133463E-12
  4.73000  0.149975E-12
  4.74000  0.385573E-13
  4.75000  0.447915E-13
  4.76000  0.454834E-13
  4.77000  0.534315E-13
  4.78000  0.630565E-13
  4.79000  0.747553E-13
  4.80000  0.893393E-13
  4.81000  0.107788E-12
  4.82000  0.220932E-18
  4.83000  0.305915E-18
  4.84000  0.431914E-18
  4.85000  0.621342E-18
  4.86000  0.802651E-18
  4.87000  0.120044E-17
  4.88000  0.183018E-17
  4.89000  0.284903E-17
  4.90000  0.454177E-17
  4.91000  0.741712E-17
  4.92000  0.123798E-16
  4.93000  0.114588E-18
  4.94000  0.218032E-18
  4.95000  0.415262E-18
  4.96000  0.727904E-18
  4.97000  0.136263E-17
  4.98000  0.250778E-17
  4.99000  0.452753E-17
  5.00000  0.801235E-17
  5.01000  0.138639E-16
  5.02000  0.234035E-16
  5.03000  0.384598E-16
  5.04000  0.614179E-16
  5.05000  0.952380E-16
  5.06000  0.171218E-16
  5.07000  0.256035E-16
  5.08000  0.370909E-16
  5.09000  0.522016E-16
  5.10000  0.713510E-16
  5.11000  0.947189E-16
  5.12000  0.122255E-15
  5.13000  0.152658E-15
  5.14000  0.185143E-15
  5.15000  0.184144E-19
  5.16000  0.216314E-19
  5.17000  0.256091E-19
  5.18000  0.300244E-19
  5.19000  0.352089E-19
  5.20000  0.415597E-19
  5.21000  0.494216E-19
  5.22000  0.593131E-19
  5.23000  0.716744E-19
  5.24000  0.870505E-19
  5.25000  0.671701E-19
  5.26000  0.771199E-20
  5.27000  0.101425E-19
  5.28000  0.132373E-19
  5.29000  0.171769E-19
  5.30000  0.221587E-19
  5.31000  0.908246E-20
  5.32000  0.119949E-19
  5.33000  0.156417E-19
  5.34000  0.201539E-19
  5.35000  0.256804E-19
  5.36000  0.325646E-19
  5.37000  0.365595E-19
  5.38000  0.463766E-19
  5.39000  0.585268E-19
  5.40000  0.734955E-19
  5.41000  0.918821E-19
  5.42000  0.114536E-18
  5.43000  0.142407E-18
  5.44000  0.176553E-18
  5.45000  0.218119E-18
  5.46000  0.257505E-18
  5.47000  0.314980E-18
  5.48000  0.384080E-18
  5.49000  0.466676E-18
  5.50000  0.563674E-18
  5.51000  0.674374E-18
  5.52000  0.844571E-20
  5.53000  0.207736E-20
  5.54000  0.255878E-20
  5.55000  0.312608E-20
  5.56000  0.353217E-20
  5.57000  0.422814E-20
  5.58000  0.502240E-20
  5.59000  0.591806E-20
  5.60000  0.691645E-20
  5.61000  0.800814E-20
  5.62000  0.137040E-20
  5.63000  0.158900E-20
  5.64000  0.184347E-20
  5.65000  0.213792E-20
  5.66000  0.231791E-20
  5.67000  0.266821E-20
  5.68000  0.305239E-20
  5.69000  0.349010E-20
  5.70000  0.398975E-20
  5.71000  0.455621E-20
  5.72000  0.521174E-20
  5.73000  0.592415E-20
  5.74000  0.675012E-20
  5.75000  0.774468E-20
  5.76000  0.805367E-20
  5.77000  0.927801E-20
  5.78000  0.107043E-19
  5.79000  0.123249E-19
  5.80000  0.143013E-19
  5.81000  0.166999E-19
  5.82000  0.123207E-19
  5.83000  0.144678E-19
  5.84000  0.162547E-21
  5.85000  0.134982E-21
  5.86000  0.103133E-21
  5.87000  0.836809E-22
  5.88000  0.674280E-22
  5.89000  0.558639E-22
  5.90000  0.485837E-22
  5.91000  0.496134E-22
  5.92000  0.662723E-22
  5.93000  0.890370E-22
  5.94000  0.120064E-21
  5.95000  0.162101E-21
  5.96000  0.190531E-21
  5.97000  0.254162E-21
  5.98000  0.334926E-21
  5.99000  0.435373E-21
  6.00000  0.559517E-21
  6.20000  0.578322E-23
  6.40000  0.321900E-23
  6.60000  0.216787E-25
  6.80000  0.587048E-27
  7.00000  0.679399E-29
