  0.00000  0.000000E+00
  0.01000  0.000000E+00
  0.02000  0.000000E+00
  0.03000  0.000000E+00
  0.04000  0.000000E+00
  0.05000  0.000000E+00
  0.06000  0.000000E+00
  0.07000  0.000000E+00
  0.08000  0.000000E+00
  0.09000  0.000000E+00
  0.10000  0.000000E+00
  0.11000  0.000000E+00
  0.12000  0.000000E+00
  0.13000  0.000000E+00
  0.14000  0.000000E+00
  0.15000  0.000000E+00
  0.16000  0.000000E+00
  0.17000  0.000000E+00
  0.18000  0.000000E+00
  0.19000  0.000000E+00
  0.20000  0.000000E+00
  0.21000  0.000000E+00
  0.22000  0.000000E+00
  0.23000  0.000000E+00
  0.24000  0.000000E+00
  0.25000  0.000000E+00
  0.26000  0.000000E+00
  0.27000  0.000000E+00
  0.28000  0.000000E+00
  0.29000  0.000000E+00
  0.30000  0.000000E+00
  0.31000  0.000000E+00
  0.32000  0.000000E+00
  0.33000  0.000000E+00
  0.34000  0.000000E+00
  0.35000  0.000000E+00
  0.36000  0.000000E+00
  0.37000  0.123636E-29
  0.38000  0.905712E-29
  0.39000  0.888226E-28
  0.40000  0.955217E-27
  0.41000  0.999433E-26
  0.42000  0.108128E-24
  0.43000  0.978532E-24
  0.44000  0.732908E-23
  0.45000  0.527899E-22
  0.46000  0.330343E-21
  0.47000  0.216318E-20
  0.48000  0.160011E-19
  0.49000  0.114218E-18
  0.50000  0.686259E-18
  0.51000  0.497877E-17
  0.52000  0.363880E-16
  0.53000  0.277600E-15
  0.54000  0.222218E-14
  0.55000  0.141434E-13
  0.56000  0.701508E-13
  0.57000  0.359449E-12
  0.58000  0.186782E-11
  0.59000  0.964267E-11
  0.60000  0.451936E-10
  0.61000  0.200473E-09
  0.62000  0.961880E-09
  0.63000  0.472919E-08
  0.64000  0.229963E-07
  0.65000  0.951345E-07
  0.66000  0.350546E-06
  0.67000  0.138207E-05
  0.68000  0.530406E-05
  0.69000  0.157222E-04
  0.70000  0.419951E-04
  0.71000  0.107328E-03
  0.72000  0.246905E-03
  0.73000  0.532410E-03
  0.74000  0.107311E-02
  0.75000  0.203344E-02
  0.76000  0.355661E-02
  0.77000  0.582235E-02
  0.78000  0.920153E-02
  0.79000  0.137898E-01
  0.80000  0.195504E-01
  0.81000  0.286048E-01
  0.82000  0.438010E-01
  0.83000  0.613905E-01
  0.84000  0.772096E-01
  0.85000  0.924286E-01
  0.86000  0.104312E+00
  0.87000  0.102208E+00
  0.88000  0.869609E-01
  0.89000  0.964303E-01
  0.90000  0.129293E+00
  0.91000  0.162301E+00
  0.92000  0.190746E+00
  0.93000  0.213059E+00
  0.94000  0.225704E+00
  0.95000  0.217122E+00
  0.96000  0.221124E+00
  0.97000  0.231949E+00
  0.98000  0.237857E+00
  0.99000  0.233930E+00
  1.00000  0.214264E+00
  1.01000  0.233149E+00
  1.02000  0.247490E+00
  1.03000  0.343403E+00
  1.04000  0.449948E+00
  1.05000  0.570664E+00
  1.06000  0.697103E+00
  1.07000  0.793711E+00
  1.08000  0.844272E+00
  1.09000  0.863997E+00
  1.10000  0.855983E+00
  1.11000  0.837379E+00
  1.12000  0.850720E+00
  1.13000  0.878755E+00
  1.14000  0.998787E+00
  1.15000  0.100000E+01
  1.16000  0.866801E+00
  1.17000  0.687135E+00
  1.18000  0.509860E+00
  1.19000  0.362162E+00
  1.20000  0.252537E+00
  1.21000  0.240225E+00
  1.22000  0.262661E+00
  1.23000  0.277205E+00
  1.24000  0.275791E+00
  1.25000  0.259562E+00
  1.26000  0.235435E+00
  1.27000  0.206197E+00
  1.28000  0.176041E+00
  1.29000  0.146436E+00
  1.30000  0.116970E+00
  1.31000  0.906389E-01
  1.32000  0.691533E-01
  1.33000  0.520883E-01
  1.34000  0.435387E-01
  1.35000  0.405917E-01
  1.36000  0.378927E-01
  1.37000  0.350799E-01
  1.38000  0.317378E-01
  1.39000  0.280521E-01
  1.40000  0.242982E-01
  1.41000  0.208945E-01
  1.42000  0.179811E-01
  1.43000  0.152334E-01
  1.44000  0.125807E-01
  1.45000  0.100884E-01
  1.46000  0.786801E-02
  1.47000  0.716268E-02
  1.48000  0.651361E-02
  1.49000  0.580183E-02
  1.50000  0.510390E-02
  1.51000  0.448697E-02
  1.52000  0.398360E-02
  1.53000  0.357651E-02
  1.54000  0.321991E-02
  1.55000  0.287758E-02
  1.56000  0.279424E-02
  1.57000  0.306396E-02
  1.58000  0.331233E-02
  1.59000  0.352933E-02
  1.60000  0.371645E-02
  1.61000  0.388946E-02
  1.62000  0.404593E-02
  1.63000  0.416335E-02
  1.64000  0.423739E-02
  1.65000  0.424897E-02
  1.66000  0.417736E-02
  1.67000  0.405540E-02
  1.68000  0.390930E-02
  1.69000  0.372087E-02
  1.70000  0.347173E-02
  1.71000  0.317122E-02
  1.72000  0.284727E-02
  1.73000  0.251840E-02
  1.74000  0.218586E-02
  1.75000  0.186830E-02
  1.76000  0.160510E-02
  1.77000  0.138540E-02
  1.78000  0.117303E-02
  1.79000  0.966244E-03
  1.80000  0.774505E-03
  1.81000  0.603797E-03
  1.82000  0.652484E-03
  1.83000  0.753754E-03
  1.84000  0.801632E-03
  1.85000  0.801827E-03
  1.86000  0.793052E-03
  1.87000  0.801985E-03
  1.88000  0.815753E-03
  1.89000  0.793422E-03
  1.90000  0.736548E-03
  1.91000  0.675252E-03
  1.92000  0.621586E-03
  1.93000  0.568751E-03
  1.94000  0.504759E-03
  1.95000  0.461416E-03
  1.96000  0.440671E-03
  1.97000  0.418621E-03
  1.98000  0.398171E-03
  1.99000  0.383477E-03
  2.00000  0.378477E-03
  2.01000  0.385836E-03
  2.02000  0.403868E-03
  2.03000  0.420908E-03
  2.04000  0.427321E-03
  2.05000  0.418963E-03
  2.06000  0.398022E-03
  2.07000  0.368427E-03
  2.08000  0.326396E-03
  2.09000  0.268774E-03
  2.10000  0.205644E-03
  2.11000  0.153585E-03
  2.12000  0.118575E-03
  2.13000  0.951703E-04
  2.14000  0.767313E-04
  2.15000  0.610338E-04
  2.16000  0.477826E-04
  2.17000  0.375068E-04
  2.18000  0.310380E-04
  2.19000  0.321178E-04
  2.20000  0.321972E-04
  2.21000  0.293779E-04
  2.22000  0.301972E-04
  2.23000  0.311030E-04
  2.24000  0.317161E-04
  2.25000  0.318979E-04
  2.26000  0.316167E-04
  2.27000  0.308497E-04
  2.28000  0.296367E-04
  2.29000  0.282526E-04
  2.30000  0.268987E-04
  2.31000  0.255380E-04
  2.32000  0.240542E-04
  2.33000  0.224265E-04
  2.34000  0.206827E-04
  2.35000  0.188692E-04
  2.36000  0.170237E-04
  2.37000  0.152046E-04
  2.38000  0.134656E-04
  2.39000  0.136896E-04
  2.40000  0.137404E-04
  2.41000  0.140196E-04
  2.42000  0.141182E-04
  2.43000  0.135923E-04
  2.44000  0.125197E-04
  2.45000  0.111946E-04
  2.46000  0.996454E-05
  2.47000  0.930219E-05
  2.48000  0.897593E-05
  2.49000  0.896105E-05
  2.50000  0.914636E-05
  2.51000  0.958951E-05
  2.52000  0.101947E-04
  2.53000  0.107448E-04
  2.54000  0.110713E-04
  2.55000  0.110780E-04
  2.56000  0.106748E-04
  2.57000  0.987068E-05
  2.58000  0.903041E-05
  2.59000  0.814084E-05
  2.60000  0.724340E-05
  2.61000  0.642198E-05
  2.62000  0.572878E-05
  2.63000  0.519758E-05
  2.64000  0.483380E-05
  2.65000  0.459325E-05
  2.66000  0.438238E-05
  2.67000  0.414959E-05
  2.68000  0.391256E-05
  2.69000  0.368437E-05
  2.70000  0.346918E-05
  2.71000  0.328506E-05
  2.72000  0.312203E-05
  2.73000  0.288397E-05
  2.74000  0.240864E-05
  2.75000  0.170902E-05
  2.76000  0.108877E-05
  2.77000  0.740888E-06
  2.78000  0.595651E-06
  2.79000  0.539518E-06
  2.80000  0.507813E-06
  2.81000  0.474763E-06
  2.82000  0.434901E-06
  2.83000  0.391036E-06
  2.84000  0.347111E-06
  2.85000  0.305536E-06
  2.86000  0.267492E-06
  2.87000  0.233388E-06
  2.88000  0.203118E-06
  2.89000  0.174884E-06
  2.90000  0.146433E-06
  2.91000  0.117775E-06
  2.92000  0.912135E-07
  2.93000  0.682378E-07
  2.94000  0.491621E-07
  2.95000  0.340731E-07
  2.96000  0.231832E-07
  2.97000  0.158284E-07
  2.98000  0.111669E-07
  2.99000  0.893737E-08
  3.00000  0.710498E-08
  3.01000  0.562868E-08
  3.02000  0.443754E-08
  3.03000  0.345111E-08
  3.04000  0.262583E-08
  3.05000  0.195415E-08
  3.06000  0.143173E-08
  3.07000  0.108407E-08
  3.08000  0.931024E-09
  3.09000  0.842092E-09
  3.10000  0.804277E-09
  3.11000  0.668512E-10
  3.12000  0.632296E-10
  3.13000  0.320716E-12
  3.14000  0.406046E-12
  3.15000  0.503360E-12
  3.16000  0.609266E-12
  3.17000  0.735303E-12
  3.18000  0.892287E-12
  3.19000  0.625971E-13
  3.20000  0.850149E-13
  3.21000  0.112948E-12
  3.22000  0.145386E-12
  3.23000  0.209816E-14
  3.24000  0.157897E-14
  3.25000  0.118646E-14
  3.26000  0.874687E-15
  3.27000  0.643742E-15
  3.28000  0.466571E-15
  3.29000  0.266571E-15
  3.30000  0.274993E-15
  3.31000  0.281582E-15
  3.32000  0.284559E-15
  3.33000  0.284329E-15
  3.34000  0.281090E-15
  3.35000  0.275954E-15
  3.36000  0.267681E-15
  3.37000  0.261478E-15
  3.38000  0.255763E-15
  3.39000  0.251326E-15
  3.40000  0.248360E-15
  3.41000  0.850148E-22
  3.42000  0.120136E-21
  3.43000  0.176178E-21
  3.44000  0.273781E-21
  3.45000  0.456551E-21
  3.46000  0.803866E-21
  3.47000  0.151556E-20
  3.48000  0.293207E-20
  3.49000  0.562007E-20
  3.50000  0.103560E-19
  3.51000  0.179082E-19
  3.52000  0.286446E-19
  3.53000  0.423458E-19
  3.54000  0.584825E-19
  3.55000  0.758970E-19
  3.56000  0.442397E-27
  3.57000  0.164949E-29
  3.58000  0.281140E-29
  3.59000  0.474725E-29
  3.60000  0.799601E-29
  3.61000  0.137147E-28
  3.62000  0.000000E+00
  3.63000  0.000000E+00
  3.64000  0.000000E+00
  3.65000  0.000000E+00
  3.66000  0.000000E+00
  3.67000  0.000000E+00
  3.68000  0.000000E+00
  3.69000  0.000000E+00
  3.70000  0.000000E+00
  3.71000  0.000000E+00
  3.72000  0.000000E+00
  3.73000  0.000000E+00
  3.74000  0.000000E+00
  3.75000  0.000000E+00
  3.76000  0.000000E+00
  3.77000  0.000000E+00
  3.78000  0.000000E+00
  3.79000  0.000000E+00
  3.80000  0.000000E+00
  3.81000  0.000000E+00
  3.82000  0.000000E+00
  3.83000  0.000000E+00
  3.84000  0.000000E+00
  3.85000  0.000000E+00
  3.86000  0.000000E+00
  3.87000  0.000000E+00
  3.88000  0.000000E+00
  3.89000  0.000000E+00
  3.90000  0.000000E+00
  3.91000  0.000000E+00
  3.92000  0.000000E+00
  3.93000  0.000000E+00
  3.94000  0.000000E+00
  3.95000  0.000000E+00
  3.96000  0.000000E+00
  3.97000  0.000000E+00
  3.98000  0.000000E+00
  3.99000  0.000000E+00
  4.00000  0.000000E+00
  4.01000  0.000000E+00
  4.02000  0.000000E+00
  4.03000  0.000000E+00
  4.04000  0.000000E+00
  4.05000  0.000000E+00
  4.06000  0.000000E+00
  4.07000  0.000000E+00
  4.08000  0.000000E+00
  4.09000  0.000000E+00
  4.10000  0.000000E+00
  4.11000  0.000000E+00
  4.12000  0.000000E+00
  4.13000  0.000000E+00
  4.14000  0.000000E+00
  4.15000  0.000000E+00
  4.16000  0.000000E+00
  4.17000  0.000000E+00
  4.18000  0.000000E+00
  4.19000  0.000000E+00
  4.20000  0.000000E+00
  4.21000  0.000000E+00
  4.22000  0.000000E+00
  4.23000  0.000000E+00
  4.24000  0.000000E+00
  4.25000  0.000000E+00
  4.26000  0.000000E+00
  4.27000  0.000000E+00
  4.28000  0.000000E+00
  4.29000  0.000000E+00
  4.30000  0.000000E+00
  4.31000  0.000000E+00
  4.32000  0.000000E+00
  4.33000  0.000000E+00
  4.34000  0.000000E+00
  4.35000  0.000000E+00
  4.36000  0.000000E+00
  4.37000  0.000000E+00
  4.38000  0.000000E+00
  4.39000  0.000000E+00
  4.40000  0.000000E+00
  4.41000  0.000000E+00
  4.42000  0.000000E+00
  4.43000  0.000000E+00
  4.44000  0.000000E+00
  4.45000  0.000000E+00
  4.46000  0.000000E+00
  4.47000  0.000000E+00
  4.48000  0.000000E+00
  4.49000  0.000000E+00
  4.50000  0.000000E+00
  4.51000  0.000000E+00
  4.52000  0.000000E+00
  4.53000  0.000000E+00
  4.54000  0.000000E+00
  4.55000  0.000000E+00
  4.56000  0.000000E+00
  4.57000  0.000000E+00
  4.58000  0.000000E+00
  4.59000  0.000000E+00
  4.60000  0.000000E+00
  4.61000  0.000000E+00
  4.62000  0.000000E+00
  4.63000  0.000000E+00
  4.64000  0.000000E+00
  4.65000  0.000000E+00
  4.66000  0.000000E+00
  4.67000  0.000000E+00
  4.68000  0.000000E+00
  4.69000  0.000000E+00
  4.70000  0.000000E+00
  4.71000  0.000000E+00
  4.72000  0.000000E+00
  4.73000  0.000000E+00
  4.74000  0.000000E+00
  4.75000  0.000000E+00
  4.76000  0.000000E+00
  4.77000  0.000000E+00
  4.78000  0.000000E+00
  4.79000  0.000000E+00
  4.80000  0.000000E+00
  4.81000  0.000000E+00
  4.82000  0.000000E+00
  4.83000  0.000000E+00
  4.84000  0.000000E+00
  4.85000  0.000000E+00
  4.86000  0.000000E+00
  4.87000  0.000000E+00
  4.88000  0.000000E+00
  4.89000  0.000000E+00
  4.90000  0.000000E+00
  4.91000  0.000000E+00
  4.92000  0.000000E+00
  4.93000  0.000000E+00
  4.94000  0.000000E+00
  4.95000  0.000000E+00
  4.96000  0.000000E+00
  4.97000  0.000000E+00
  4.98000  0.000000E+00
  4.99000  0.000000E+00
  5.00000  0.000000E+00
  5.01000  0.000000E+00
  5.02000  0.000000E+00
  5.03000  0.000000E+00
  5.04000  0.000000E+00
  5.05000  0.000000E+00
  5.06000  0.000000E+00
  5.07000  0.000000E+00
  5.08000  0.000000E+00
  5.09000  0.000000E+00
  5.10000  0.000000E+00
  5.11000  0.000000E+00
  5.12000  0.000000E+00
  5.13000  0.000000E+00
  5.14000  0.000000E+00
  5.15000  0.000000E+00
  5.16000  0.000000E+00
  5.17000  0.000000E+00
  5.18000  0.000000E+00
  5.19000  0.000000E+00
  5.20000  0.000000E+00
  5.21000  0.000000E+00
  5.22000  0.000000E+00
  5.23000  0.000000E+00
  5.24000  0.000000E+00
  5.25000  0.000000E+00
  5.26000  0.000000E+00
  5.27000  0.000000E+00
  5.28000  0.000000E+00
  5.29000  0.000000E+00
  5.30000  0.000000E+00
  5.31000  0.000000E+00
  5.32000  0.000000E+00
  5.33000  0.000000E+00
  5.34000  0.000000E+00
  5.35000  0.000000E+00
  5.36000  0.000000E+00
  5.37000  0.000000E+00
  5.38000  0.000000E+00
  5.39000  0.000000E+00
  5.40000  0.000000E+00
  5.41000  0.000000E+00
  5.42000  0.000000E+00
  5.43000  0.000000E+00
  5.44000  0.000000E+00
  5.45000  0.000000E+00
  5.46000  0.000000E+00
  5.47000  0.000000E+00
  5.48000  0.000000E+00
  5.49000  0.000000E+00
  5.50000  0.000000E+00
  5.51000  0.000000E+00
  5.52000  0.000000E+00
  5.53000  0.000000E+00
  5.54000  0.000000E+00
  5.55000  0.000000E+00
  5.56000  0.000000E+00
  5.57000  0.000000E+00
  5.58000  0.000000E+00
  5.59000  0.000000E+00
  5.60000  0.000000E+00
  5.61000  0.000000E+00
  5.62000  0.000000E+00
  5.63000  0.000000E+00
  5.64000  0.000000E+00
  5.65000  0.000000E+00
  5.66000  0.000000E+00
  5.67000  0.000000E+00
  5.68000  0.000000E+00
  5.69000  0.000000E+00
  5.70000  0.000000E+00
  5.71000  0.000000E+00
  5.72000  0.000000E+00
  5.73000  0.000000E+00
  5.74000  0.000000E+00
  5.75000  0.000000E+00
  5.76000  0.000000E+00
  5.77000  0.000000E+00
  5.78000  0.000000E+00
  5.79000  0.000000E+00
  5.80000  0.000000E+00
  5.81000  0.000000E+00
  5.82000  0.000000E+00
  5.83000  0.000000E+00
  5.84000  0.000000E+00
  5.85000  0.000000E+00
  5.86000  0.000000E+00
  5.87000  0.000000E+00
  5.88000  0.000000E+00
  5.89000  0.000000E+00
  5.90000  0.000000E+00
  5.91000  0.000000E+00
  5.92000  0.000000E+00
  5.93000  0.000000E+00
  5.94000  0.000000E+00
  5.95000  0.000000E+00
  5.96000  0.000000E+00
  5.97000  0.000000E+00
  5.98000  0.000000E+00
  5.99000  0.000000E+00
  6.00000  0.000000E+00
  6.20000  0.000000E+00
  6.40000  0.000000E+00
  6.60000  0.000000E+00
  6.80000  0.000000E+00
  7.00000  0.000000E+00
