  0.00000  0.000000E+00
  0.01000  0.000000E+00
  0.02000  0.000000E+00
  0.03000  0.000000E+00
  0.04000  0.000000E+00
  0.05000  0.000000E+00
  0.06000  0.000000E+00
  0.07000  0.000000E+00
  0.08000  0.000000E+00
  0.09000  0.000000E+00
  0.10000  0.000000E+00
  0.11000  0.000000E+00
  0.12000  0.000000E+00
  0.13000  0.000000E+00
  0.14000  0.000000E+00
  0.15000  0.000000E+00
  0.16000  0.000000E+00
  0.17000  0.000000E+00
  0.18000  0.000000E+00
  0.19000  0.000000E+00
  0.20000  0.000000E+00
  0.21000  0.000000E+00
  0.22000  0.000000E+00
  0.23000  0.266724E-29
  0.24000  0.891065E-29
  0.25000  0.500470E-28
  0.26000  0.277916E-27
  0.27000  0.136078E-26
  0.28000  0.746377E-26
  0.29000  0.367193E-25
  0.30000  0.216708E-24
  0.31000  0.118457E-23
  0.32000  0.455736E-23
  0.33000  0.161473E-22
  0.34000  0.480106E-22
  0.35000  0.119293E-21
  0.36000  0.346852E-21
  0.37000  0.108582E-20
  0.38000  0.386350E-20
  0.39000  0.176114E-19
  0.40000  0.799262E-19
  0.41000  0.323739E-18
  0.42000  0.121891E-17
  0.43000  0.411350E-17
  0.44000  0.127920E-16
  0.45000  0.367653E-16
  0.46000  0.880312E-16
  0.47000  0.206774E-15
  0.48000  0.453679E-15
  0.49000  0.923204E-15
  0.50000  0.175653E-14
  0.51000  0.344975E-14
  0.52000  0.592986E-14
  0.53000  0.845955E-14
  0.54000  0.102244E-13
  0.55000  0.123464E-13
  0.56000  0.160106E-13
  0.57000  0.196829E-13
  0.58000  0.250850E-13
  0.59000  0.686648E-13
  0.60000  0.169407E-12
  0.61000  0.408661E-12
  0.62000  0.105449E-11
  0.63000  0.345596E-11
  0.64000  0.111352E-10
  0.65000  0.286341E-10
  0.66000  0.641521E-10
  0.67000  0.184507E-09
  0.68000  0.718546E-09
  0.69000  0.233638E-08
  0.70000  0.655235E-08
  0.71000  0.196444E-07
  0.72000  0.454575E-07
  0.73000  0.904140E-07
  0.74000  0.207039E-06
  0.75000  0.511710E-06
  0.76000  0.101116E-05
  0.77000  0.160280E-05
  0.78000  0.234274E-05
  0.79000  0.334305E-05
  0.80000  0.108560E-04
  0.81000  0.386752E-04
  0.82000  0.107838E-03
  0.83000  0.178786E-03
  0.84000  0.251601E-03
  0.85000  0.428973E-03
  0.86000  0.819127E-03
  0.87000  0.153110E-02
  0.88000  0.267121E-02
  0.89000  0.389186E-02
  0.90000  0.529183E-02
  0.91000  0.778549E-02
  0.92000  0.959623E-02
  0.93000  0.524302E-02
  0.94000  0.301778E-02
  0.95000  0.410534E-02
  0.96000  0.526236E-02
  0.97000  0.696082E-02
  0.98000  0.869769E-02
  0.99000  0.100492E-01
  1.00000  0.124706E-01
  1.01000  0.174617E-01
  1.02000  0.237275E-01
  1.03000  0.223726E-01
  1.04000  0.196714E-01
  1.05000  0.177905E-01
  1.06000  0.270842E-01
  1.07000  0.422050E-01
  1.08000  0.626553E-01
  1.09000  0.860594E-01
  1.10000  0.111863E+00
  1.11000  0.140534E+00
  1.12000  0.159785E+00
  1.13000  0.188249E+00
  1.14000  0.225648E+00
  1.15000  0.287461E+00
  1.16000  0.381893E+00
  1.17000  0.496284E+00
  1.18000  0.626837E+00
  1.19000  0.752388E+00
  1.20000  0.845482E+00
  1.21000  0.908354E+00
  1.22000  0.986373E+00
  1.23000  0.100000E+01
  1.24000  0.972477E+00
  1.25000  0.904897E+00
  1.26000  0.803489E+00
  1.27000  0.727717E+00
  1.28000  0.722873E+00
  1.29000  0.676591E+00
  1.30000  0.607442E+00
  1.31000  0.524632E+00
  1.32000  0.435835E+00
  1.33000  0.366609E+00
  1.34000  0.313983E+00
  1.35000  0.279545E+00
  1.36000  0.244531E+00
  1.37000  0.208276E+00
  1.38000  0.172333E+00
  1.39000  0.139563E+00
  1.40000  0.111850E+00
  1.41000  0.893610E-01
  1.42000  0.705591E-01
  1.43000  0.542648E-01
  1.44000  0.426092E-01
  1.45000  0.330437E-01
  1.46000  0.255460E-01
  1.47000  0.201163E-01
  1.48000  0.175313E-01
  1.49000  0.151465E-01
  1.50000  0.131036E-01
  1.51000  0.112465E-01
  1.52000  0.949187E-02
  1.53000  0.789294E-02
  1.54000  0.651422E-02
  1.55000  0.543377E-02
  1.56000  0.471566E-02
  1.57000  0.454335E-02
  1.58000  0.427695E-02
  1.59000  0.393269E-02
  1.60000  0.354495E-02
  1.61000  0.316461E-02
  1.62000  0.281015E-02
  1.63000  0.246036E-02
  1.64000  0.212723E-02
  1.65000  0.182807E-02
  1.66000  0.156697E-02
  1.67000  0.133707E-02
  1.68000  0.113005E-02
  1.69000  0.941446E-03
  1.70000  0.772746E-03
  1.71000  0.623719E-03
  1.72000  0.493091E-03
  1.73000  0.380293E-03
  1.74000  0.284981E-03
  1.75000  0.211063E-03
  1.76000  0.157338E-03
  1.77000  0.117022E-03
  1.78000  0.857849E-04
  1.79000  0.615788E-04
  1.80000  0.432365E-04
  1.81000  0.299015E-04
  1.82000  0.206349E-04
  1.83000  0.141884E-04
  1.84000  0.966197E-05
  1.85000  0.644954E-05
  1.86000  0.526450E-05
  1.87000  0.505288E-05
  1.88000  0.471551E-05
  1.89000  0.415959E-05
  1.90000  0.353041E-05
  1.91000  0.293844E-05
  1.92000  0.254447E-05
  1.93000  0.220488E-05
  1.94000  0.184290E-05
  1.95000  0.148707E-05
  1.96000  0.117035E-05
  1.97000  0.911844E-06
  1.98000  0.703767E-06
  1.99000  0.533624E-06
  2.00000  0.398679E-06
  2.01000  0.303052E-06
  2.02000  0.240016E-06
  2.03000  0.190835E-06
  2.04000  0.147533E-06
  2.05000  0.111965E-06
  2.06000  0.834073E-07
  2.07000  0.621779E-07
  2.08000  0.474458E-07
  2.09000  0.364409E-07
  2.10000  0.271070E-07
  2.11000  0.195255E-07
  2.12000  0.141036E-07
  2.13000  0.103767E-07
  2.14000  0.759716E-08
  2.15000  0.548714E-08
  2.16000  0.391796E-08
  2.17000  0.282304E-08
  2.18000  0.205807E-08
  2.19000  0.152045E-08
  2.20000  0.112768E-08
  2.21000  0.936393E-09
  2.22000  0.800085E-09
  2.23000  0.688037E-09
  2.24000  0.608747E-09
  2.25000  0.532220E-09
  2.26000  0.450517E-09
  2.27000  0.377792E-09
  2.28000  0.310224E-09
  2.29000  0.250455E-09
  2.30000  0.199755E-09
  2.31000  0.158005E-09
  2.32000  0.124130E-09
  2.33000  0.967820E-10
  2.34000  0.748185E-10
  2.35000  0.572246E-10
  2.36000  0.428056E-10
  2.37000  0.320780E-10
  2.38000  0.237174E-10
  2.39000  0.173023E-10
  2.40000  0.125906E-10
  2.41000  0.926291E-11
  2.42000  0.686104E-11
  2.43000  0.504561E-11
  2.44000  0.367826E-11
  2.45000  0.266579E-11
  2.46000  0.189565E-11
  2.47000  0.136291E-11
  2.48000  0.981625E-12
  2.49000  0.713754E-12
  2.50000  0.579389E-12
  2.51000  0.493468E-12
  2.52000  0.436474E-12
  2.53000  0.388384E-12
  2.54000  0.341283E-12
  2.55000  0.294850E-12
  2.56000  0.243831E-12
  2.57000  0.195025E-12
  2.58000  0.147202E-12
  2.59000  0.106236E-12
  2.60000  0.750962E-13
  2.61000  0.531263E-13
  2.62000  0.384161E-13
  2.63000  0.288098E-13
  2.64000  0.226435E-13
  2.65000  0.200214E-13
  2.66000  0.175942E-13
  2.67000  0.158447E-13
  2.68000  0.144706E-13
  2.69000  0.134470E-13
  2.70000  0.126324E-13
  2.71000  0.119143E-13
  2.72000  0.111249E-13
  2.73000  0.977453E-14
  2.74000  0.727096E-14
  2.75000  0.422883E-14
  2.76000  0.206958E-14
  2.77000  0.115524E-14
  2.78000  0.816893E-15
  2.79000  0.681897E-15
  2.80000  0.603344E-15
  2.81000  0.534746E-15
  2.82000  0.466612E-15
  2.83000  0.400562E-15
  2.84000  0.338619E-15
  2.85000  0.281398E-15
  2.86000  0.223320E-15
  2.87000  0.180107E-15
  2.88000  0.143671E-15
  2.89000  0.112518E-15
  2.90000  0.848893E-16
  2.91000  0.609195E-16
  2.92000  0.419010E-16
  2.93000  0.279024E-16
  2.94000  0.180497E-16
  2.95000  0.113504E-16
  2.96000  0.770456E-17
  2.97000  0.593769E-17
  2.98000  0.445256E-17
  2.99000  0.325127E-17
  3.00000  0.235002E-17
  3.01000  0.171069E-17
  3.02000  0.126564E-17
  3.03000  0.951223E-18
  3.04000  0.719076E-18
  3.05000  0.541645E-18
  3.06000  0.374277E-18
  3.07000  0.289700E-18
  3.08000  0.236975E-18
  3.09000  0.209561E-18
  3.10000  0.199890E-18
  3.11000  0.199371E-18
  3.12000  0.200236E-18
  3.13000  0.197243E-18
  3.14000  0.188549E-18
  3.15000  0.174956E-18
  3.16000  0.143635E-18
  3.17000  0.126829E-18
  3.18000  0.110509E-18
  3.19000  0.951226E-19
  3.20000  0.798737E-19
  3.21000  0.645034E-19
  3.22000  0.499405E-19
  3.23000  0.372965E-19
  3.24000  0.272423E-19
  3.25000  0.195117E-19
  3.26000  0.120079E-19
  3.27000  0.819551E-20
  3.28000  0.533389E-20
  3.29000  0.347299E-20
  3.30000  0.240007E-20
  3.31000  0.176112E-20
  3.32000  0.134127E-20
  3.33000  0.295340E-22
  3.34000  0.230098E-22
  3.35000  0.178086E-22
  3.36000  0.751331E-25
  3.37000  0.627005E-25
  3.38000  0.530995E-25
  3.39000  0.143944E-25
  3.40000  0.153468E-25
  3.41000  0.175763E-25
  3.42000  0.214576E-25
  3.43000  0.275028E-25
  3.44000  0.365089E-25
  3.45000  0.500043E-25
  3.46000  0.564885E-25
  3.47000  0.804044E-25
  3.48000  0.113403E-24
  3.49000  0.474556E-26
  3.50000  0.669887E-26
  3.51000  0.856393E-26
  3.52000  0.952159E-26
  3.53000  0.939039E-26
  3.54000  0.121580E-29
  3.55000  0.141205E-29
  3.56000  0.138678E-29
  3.57000  0.181807E-29
  3.58000  0.238241E-29
  3.59000  0.000000E+00
  3.60000  0.000000E+00
  3.61000  0.000000E+00
  3.62000  0.000000E+00
  3.63000  0.000000E+00
  3.64000  0.000000E+00
  3.65000  0.000000E+00
  3.66000  0.000000E+00
  3.67000  0.000000E+00
  3.68000  0.000000E+00
  3.69000  0.000000E+00
  3.70000  0.000000E+00
  3.71000  0.000000E+00
  3.72000  0.000000E+00
  3.73000  0.000000E+00
  3.74000  0.000000E+00
  3.75000  0.000000E+00
  3.76000  0.000000E+00
  3.77000  0.000000E+00
  3.78000  0.000000E+00
  3.79000  0.000000E+00
  3.80000  0.000000E+00
  3.81000  0.000000E+00
  3.82000  0.000000E+00
  3.83000  0.000000E+00
  3.84000  0.000000E+00
  3.85000  0.000000E+00
  3.86000  0.000000E+00
  3.87000  0.000000E+00
  3.88000  0.000000E+00
  3.89000  0.000000E+00
  3.90000  0.000000E+00
  3.91000  0.000000E+00
  3.92000  0.000000E+00
  3.93000  0.000000E+00
  3.94000  0.000000E+00
  3.95000  0.000000E+00
  3.96000  0.000000E+00
  3.97000  0.000000E+00
  3.98000  0.000000E+00
  3.99000  0.000000E+00
  4.00000  0.000000E+00
  4.01000  0.000000E+00
  4.02000  0.000000E+00
  4.03000  0.000000E+00
  4.04000  0.000000E+00
  4.05000  0.000000E+00
  4.06000  0.000000E+00
  4.07000  0.000000E+00
  4.08000  0.000000E+00
  4.09000  0.000000E+00
  4.10000  0.000000E+00
  4.11000  0.000000E+00
  4.12000  0.000000E+00
  4.13000  0.000000E+00
  4.14000  0.000000E+00
  4.15000  0.000000E+00
  4.16000  0.000000E+00
  4.17000  0.000000E+00
  4.18000  0.000000E+00
  4.19000  0.000000E+00
  4.20000  0.000000E+00
  4.21000  0.000000E+00
  4.22000  0.000000E+00
  4.23000  0.000000E+00
  4.24000  0.000000E+00
  4.25000  0.000000E+00
  4.26000  0.000000E+00
  4.27000  0.000000E+00
  4.28000  0.000000E+00
  4.29000  0.000000E+00
  4.30000  0.000000E+00
  4.31000  0.000000E+00
  4.32000  0.000000E+00
  4.33000  0.000000E+00
  4.34000  0.000000E+00
  4.35000  0.000000E+00
  4.36000  0.000000E+00
  4.37000  0.000000E+00
  4.38000  0.000000E+00
  4.39000  0.000000E+00
  4.40000  0.000000E+00
  4.41000  0.000000E+00
  4.42000  0.000000E+00
  4.43000  0.000000E+00
  4.44000  0.000000E+00
  4.45000  0.000000E+00
  4.46000  0.000000E+00
  4.47000  0.000000E+00
  4.48000  0.000000E+00
  4.49000  0.000000E+00
  4.50000  0.000000E+00
  4.51000  0.000000E+00
  4.52000  0.000000E+00
  4.53000  0.000000E+00
  4.54000  0.000000E+00
  4.55000  0.000000E+00
  4.56000  0.000000E+00
  4.57000  0.000000E+00
  4.58000  0.000000E+00
  4.59000  0.000000E+00
  4.60000  0.000000E+00
  4.61000  0.000000E+00
  4.62000  0.000000E+00
  4.63000  0.000000E+00
  4.64000  0.000000E+00
  4.65000  0.000000E+00
  4.66000  0.000000E+00
  4.67000  0.000000E+00
  4.68000  0.000000E+00
  4.69000  0.000000E+00
  4.70000  0.000000E+00
  4.71000  0.000000E+00
  4.72000  0.000000E+00
  4.73000  0.000000E+00
  4.74000  0.000000E+00
  4.75000  0.000000E+00
  4.76000  0.000000E+00
  4.77000  0.000000E+00
  4.78000  0.000000E+00
  4.79000  0.000000E+00
  4.80000  0.000000E+00
  4.81000  0.000000E+00
  4.82000  0.000000E+00
  4.83000  0.000000E+00
  4.84000  0.000000E+00
  4.85000  0.000000E+00
  4.86000  0.000000E+00
  4.87000  0.000000E+00
  4.88000  0.000000E+00
  4.89000  0.000000E+00
  4.90000  0.000000E+00
  4.91000  0.000000E+00
  4.92000  0.000000E+00
  4.93000  0.000000E+00
  4.94000  0.000000E+00
  4.95000  0.000000E+00
  4.96000  0.000000E+00
  4.97000  0.000000E+00
  4.98000  0.000000E+00
  4.99000  0.000000E+00
  5.00000  0.000000E+00
  5.01000  0.000000E+00
  5.02000  0.000000E+00
  5.03000  0.000000E+00
  5.04000  0.000000E+00
  5.05000  0.000000E+00
  5.06000  0.000000E+00
  5.07000  0.000000E+00
  5.08000  0.000000E+00
  5.09000  0.000000E+00
  5.10000  0.000000E+00
  5.11000  0.000000E+00
  5.12000  0.000000E+00
  5.13000  0.000000E+00
  5.14000  0.000000E+00
  5.15000  0.000000E+00
  5.16000  0.000000E+00
  5.17000  0.000000E+00
  5.18000  0.000000E+00
  5.19000  0.000000E+00
  5.20000  0.000000E+00
  5.21000  0.000000E+00
  5.22000  0.000000E+00
  5.23000  0.000000E+00
  5.24000  0.000000E+00
  5.25000  0.000000E+00
  5.26000  0.000000E+00
  5.27000  0.000000E+00
  5.28000  0.000000E+00
  5.29000  0.000000E+00
  5.30000  0.000000E+00
  5.31000  0.000000E+00
  5.32000  0.000000E+00
  5.33000  0.000000E+00
  5.34000  0.000000E+00
  5.35000  0.000000E+00
  5.36000  0.000000E+00
  5.37000  0.000000E+00
  5.38000  0.000000E+00
  5.39000  0.000000E+00
  5.40000  0.000000E+00
  5.41000  0.000000E+00
  5.42000  0.000000E+00
  5.43000  0.000000E+00
  5.44000  0.000000E+00
  5.45000  0.000000E+00
  5.46000  0.000000E+00
  5.47000  0.000000E+00
  5.48000  0.000000E+00
  5.49000  0.000000E+00
  5.50000  0.000000E+00
  5.51000  0.000000E+00
  5.52000  0.000000E+00
  5.53000  0.000000E+00
  5.54000  0.000000E+00
  5.55000  0.000000E+00
  5.56000  0.000000E+00
  5.57000  0.000000E+00
  5.58000  0.000000E+00
  5.59000  0.000000E+00
  5.60000  0.000000E+00
  5.61000  0.000000E+00
  5.62000  0.000000E+00
  5.63000  0.000000E+00
  5.64000  0.000000E+00
  5.65000  0.000000E+00
  5.66000  0.000000E+00
  5.67000  0.000000E+00
  5.68000  0.000000E+00
  5.69000  0.000000E+00
  5.70000  0.000000E+00
  5.71000  0.000000E+00
  5.72000  0.000000E+00
  5.73000  0.000000E+00
  5.74000  0.000000E+00
  5.75000  0.000000E+00
  5.76000  0.000000E+00
  5.77000  0.000000E+00
  5.78000  0.000000E+00
  5.79000  0.000000E+00
  5.80000  0.000000E+00
  5.81000  0.000000E+00
  5.82000  0.000000E+00
  5.83000  0.000000E+00
  5.84000  0.000000E+00
  5.85000  0.000000E+00
  5.86000  0.000000E+00
  5.87000  0.000000E+00
  5.88000  0.000000E+00
  5.89000  0.000000E+00
  5.90000  0.000000E+00
  5.91000  0.000000E+00
  5.92000  0.000000E+00
  5.93000  0.000000E+00
  5.94000  0.000000E+00
  5.95000  0.000000E+00
  5.96000  0.000000E+00
  5.97000  0.000000E+00
  5.98000  0.000000E+00
  5.99000  0.000000E+00
  6.00000  0.000000E+00
  6.20000  0.000000E+00
  6.40000  0.000000E+00
  6.60000  0.000000E+00
  6.80000  0.000000E+00
  7.00000  0.000000E+00
