  0.00000  0.000000E+00
  0.01000  0.000000E+00
  0.02000  0.634406E-14
  0.03000  0.249673E-12
  0.04000  0.495650E-12
  0.05000  0.959529E-12
  0.06000  0.232019E-11
  0.07000  0.399956E-11
  0.08000  0.778070E-11
  0.09000  0.153115E-10
  0.10000  0.192379E-10
  0.11000  0.194630E-10
  0.12000  0.259173E-10
  0.13000  0.370245E-10
  0.14000  0.808840E-10
  0.15000  0.172542E-09
  0.16000  0.201078E-09
  0.17000  0.232775E-09
  0.18000  0.359688E-09
  0.19000  0.549911E-09
  0.20000  0.788088E-09
  0.21000  0.970715E-09
  0.22000  0.108443E-08
  0.23000  0.177034E-08
  0.24000  0.328080E-08
  0.25000  0.473930E-08
  0.26000  0.593804E-08
  0.27000  0.823535E-08
  0.28000  0.130590E-07
  0.29000  0.139378E-07
  0.30000  0.151616E-07
  0.31000  0.182343E-07
  0.32000  0.282312E-07
  0.33000  0.662862E-07
  0.34000  0.135166E-06
  0.35000  0.192371E-06
  0.36000  0.242363E-06
  0.37000  0.288643E-06
  0.38000  0.374604E-06
  0.39000  0.627610E-06
  0.40000  0.980074E-06
  0.41000  0.137013E-05
  0.42000  0.195468E-05
  0.43000  0.277399E-05
  0.44000  0.325747E-05
  0.45000  0.332931E-05
  0.46000  0.350163E-05
  0.47000  0.342784E-05
  0.48000  0.294053E-05
  0.49000  0.246342E-05
  0.50000  0.321958E-05
  0.51000  0.624903E-05
  0.52000  0.933435E-05
  0.53000  0.123293E-04
  0.54000  0.159015E-04
  0.55000  0.199023E-04
  0.56000  0.226464E-04
  0.57000  0.277222E-04
  0.58000  0.335088E-04
  0.59000  0.344155E-04
  0.60000  0.316941E-04
  0.61000  0.300511E-04
  0.62000  0.352977E-04
  0.63000  0.512539E-04
  0.64000  0.726482E-04
  0.65000  0.920046E-04
  0.66000  0.109812E-03
  0.67000  0.130863E-03
  0.68000  0.141222E-03
  0.69000  0.136965E-03
  0.70000  0.140807E-03
  0.71000  0.142610E-03
  0.72000  0.132440E-03
  0.73000  0.116849E-03
  0.74000  0.125641E-03
  0.75000  0.167492E-03
  0.76000  0.215382E-03
  0.77000  0.252816E-03
  0.78000  0.292216E-03
  0.79000  0.341686E-03
  0.80000  0.407645E-03
  0.81000  0.470348E-03
  0.82000  0.495769E-03
  0.83000  0.479794E-03
  0.84000  0.441653E-03
  0.85000  0.404976E-03
  0.86000  0.379865E-03
  0.87000  0.364765E-03
  0.88000  0.359477E-03
  0.89000  0.440593E-03
  0.90000  0.553674E-03
  0.91000  0.688439E-03
  0.92000  0.853224E-03
  0.93000  0.103844E-02
  0.94000  0.125341E-02
  0.95000  0.157471E-02
  0.96000  0.196798E-02
  0.97000  0.239488E-02
  0.98000  0.292661E-02
  0.99000  0.369270E-02
  1.00000  0.468285E-02
  1.01000  0.568764E-02
  1.02000  0.667445E-02
  1.03000  0.786315E-02
  1.04000  0.899714E-02
  1.05000  0.100522E-01
  1.06000  0.114876E-01
  1.07000  0.135675E-01
  1.08000  0.159147E-01
  1.09000  0.180580E-01
  1.10000  0.205867E-01
  1.11000  0.241712E-01
  1.12000  0.286194E-01
  1.13000  0.329094E-01
  1.14000  0.367031E-01
  1.15000  0.418513E-01
  1.16000  0.485135E-01
  1.17000  0.543046E-01
  1.18000  0.567804E-01
  1.19000  0.576682E-01
  1.20000  0.595478E-01
  1.21000  0.624273E-01
  1.22000  0.675359E-01
  1.23000  0.773921E-01
  1.24000  0.924454E-01
  1.25000  0.112716E+00
  1.26000  0.137428E+00
  1.27000  0.163571E+00
  1.28000  0.185455E+00
  1.29000  0.198676E+00
  1.30000  0.204415E+00
  1.31000  0.214159E+00
  1.32000  0.251600E+00
  1.33000  0.292447E+00
  1.34000  0.338286E+00
  1.35000  0.389871E+00
  1.36000  0.447059E+00
  1.37000  0.497991E+00
  1.38000  0.543609E+00
  1.39000  0.584442E+00
  1.40000  0.626324E+00
  1.41000  0.672254E+00
  1.42000  0.715896E+00
  1.43000  0.750405E+00
  1.44000  0.801119E+00
  1.45000  0.849328E+00
  1.46000  0.898828E+00
  1.47000  0.950040E+00
  1.48000  0.991351E+00
  1.49000  0.100000E+01
  1.50000  0.968868E+00
  1.51000  0.932094E+00
  1.52000  0.909040E+00
  1.53000  0.903667E+00
  1.54000  0.903294E+00
  1.55000  0.899720E+00
  1.56000  0.891103E+00
  1.57000  0.877148E+00
  1.58000  0.859784E+00
  1.59000  0.853145E+00
  1.60000  0.851508E+00
  1.61000  0.831418E+00
  1.62000  0.772427E+00
  1.63000  0.681077E+00
  1.64000  0.612133E+00
  1.65000  0.552588E+00
  1.66000  0.496196E+00
  1.67000  0.437352E+00
  1.68000  0.370334E+00
  1.69000  0.295711E+00
  1.70000  0.221851E+00
  1.71000  0.159897E+00
  1.72000  0.115860E+00
  1.73000  0.871539E-01
  1.74000  0.674253E-01
  1.75000  0.529153E-01
  1.76000  0.417637E-01
  1.77000  0.332958E-01
  1.78000  0.269796E-01
  1.79000  0.222019E-01
  1.80000  0.184139E-01
  1.81000  0.152632E-01
  1.82000  0.126135E-01
  1.83000  0.104079E-01
  1.84000  0.859015E-02
  1.85000  0.705420E-02
  1.86000  0.597870E-02
  1.87000  0.595973E-02
  1.88000  0.596736E-02
  1.89000  0.600627E-02
  1.90000  0.606755E-02
  1.91000  0.614216E-02
  1.92000  0.622295E-02
  1.93000  0.630683E-02
  1.94000  0.639272E-02
  1.95000  0.647449E-02
  1.96000  0.653359E-02
  1.97000  0.657838E-02
  1.98000  0.658911E-02
  1.99000  0.654977E-02
  2.00000  0.645364E-02
  2.01000  0.631024E-02
  2.02000  0.614556E-02
  2.03000  0.598862E-02
  2.04000  0.583975E-02
  2.05000  0.568469E-02
  2.06000  0.548562E-02
  2.07000  0.525742E-02
  2.08000  0.500304E-02
  2.09000  0.475241E-02
  2.10000  0.452678E-02
  2.11000  0.433536E-02
  2.12000  0.416885E-02
  2.13000  0.401095E-02
  2.14000  0.385093E-02
  2.15000  0.412878E-02
  2.16000  0.495390E-02
  2.17000  0.581390E-02
  2.18000  0.661576E-02
  2.19000  0.736025E-02
  2.20000  0.803889E-02
  2.21000  0.865011E-02
  2.22000  0.914905E-02
  2.23000  0.947710E-02
  2.24000  0.965164E-02
  2.25000  0.979289E-02
  2.26000  0.998943E-02
  2.27000  0.104496E-01
  2.28000  0.110252E-01
  2.29000  0.115154E-01
  2.30000  0.116778E-01
  2.31000  0.114352E-01
  2.32000  0.109655E-01
  2.33000  0.105045E-01
  2.34000  0.101836E-01
  2.35000  0.100923E-01
  2.36000  0.101747E-01
  2.37000  0.105655E-01
  2.38000  0.110087E-01
  2.39000  0.114011E-01
  2.40000  0.117865E-01
  2.41000  0.121997E-01
  2.42000  0.126046E-01
  2.43000  0.129280E-01
  2.44000  0.130799E-01
  2.45000  0.130913E-01
  2.46000  0.129082E-01
  2.47000  0.130271E-01
  2.48000  0.134108E-01
  2.49000  0.140520E-01
  2.50000  0.147486E-01
  2.51000  0.152690E-01
  2.52000  0.155013E-01
  2.53000  0.155503E-01
  2.54000  0.155282E-01
  2.55000  0.154610E-01
  2.56000  0.150396E-01
  2.57000  0.147470E-01
  2.58000  0.143162E-01
  2.59000  0.137768E-01
  2.60000  0.131897E-01
  2.61000  0.126239E-01
  2.62000  0.121445E-01
  2.63000  0.118301E-01
  2.64000  0.117040E-01
  2.65000  0.116870E-01
  2.66000  0.113118E-01
  2.67000  0.112701E-01
  2.68000  0.112091E-01
  2.69000  0.111244E-01
  2.70000  0.109691E-01
  2.71000  0.107026E-01
  2.72000  0.103278E-01
  2.73000  0.984078E-02
  2.74000  0.923031E-02
  2.75000  0.852679E-02
  2.76000  0.741357E-02
  2.77000  0.671035E-02
  2.78000  0.601902E-02
  2.79000  0.535190E-02
  2.80000  0.472592E-02
  2.81000  0.414061E-02
  2.82000  0.359070E-02
  2.83000  0.308255E-02
  2.84000  0.262301E-02
  2.85000  0.221156E-02
  2.86000  0.173436E-02
  2.87000  0.143760E-02
  2.88000  0.118933E-02
  2.89000  0.984090E-03
  2.90000  0.813313E-03
  2.91000  0.668489E-03
  2.92000  0.545158E-03
  2.93000  0.441981E-03
  2.94000  0.357789E-03
  2.95000  0.289852E-03
  2.96000  0.216973E-03
  2.97000  0.177899E-03
  2.98000  0.147284E-03
  2.99000  0.122327E-03
  3.00000  0.100859E-03
  3.01000  0.824259E-04
  3.02000  0.669072E-04
  3.03000  0.541079E-04
  3.04000  0.435802E-04
  3.05000  0.350344E-04
  3.06000  0.245859E-04
  3.07000  0.199549E-04
  3.08000  0.162859E-04
  3.09000  0.132475E-04
  3.10000  0.106874E-04
  3.11000  0.858716E-05
  3.12000  0.692199E-05
  3.13000  0.564983E-05
  3.14000  0.593001E-06
  3.15000  0.518894E-06
  3.16000  0.407000E-06
  3.17000  0.381492E-06
  3.18000  0.362659E-06
  3.19000  0.345228E-06
  3.20000  0.251983E-06
  3.21000  0.221635E-06
  3.22000  0.191553E-06
  3.23000  0.162625E-06
  3.24000  0.136062E-06
  3.25000  0.112711E-06
  3.26000  0.855175E-07
  3.27000  0.704412E-07
  3.28000  0.583216E-07
  3.29000  0.486823E-07
  3.30000  0.419288E-07
  3.31000  0.370045E-07
  3.32000  0.326454E-07
  3.33000  0.287717E-07
  3.34000  0.252999E-07
  3.35000  0.221930E-07
  3.36000  0.172779E-07
  3.37000  0.150853E-07
  3.38000  0.131654E-07
  3.39000  0.149557E-07
  3.40000  0.163411E-07
  3.41000  0.170671E-07
  3.42000  0.171390E-07
  3.43000  0.167887E-07
  3.44000  0.162812E-07
  3.45000  0.157997E-07
  3.46000  0.135401E-07
  3.47000  0.132748E-07
  3.48000  0.130862E-07
  3.49000  0.128715E-07
  3.50000  0.125461E-07
  3.51000  0.121028E-07
  3.52000  0.321096E-08
  3.53000  0.297651E-08
  3.54000  0.273000E-08
  3.55000  0.247633E-08
  3.56000  0.167171E-08
  3.57000  0.148998E-08
  3.58000  0.376555E-09
  3.59000  0.310887E-09
  3.60000  0.247378E-09
  3.61000  0.215548E-09
  3.62000  0.201135E-09
  3.63000  0.188228E-09
  3.64000  0.176621E-09
  3.65000  0.165812E-09
  3.66000  0.133422E-09
  3.67000  0.124731E-09
  3.68000  0.116256E-09
  3.69000  0.107958E-09
  3.70000  0.998046E-10
  3.71000  0.917914E-10
  3.72000  0.839086E-10
  3.73000  0.359535E-10
  3.74000  0.332229E-10
  3.75000  0.304547E-10
  3.76000  0.226074E-10
  3.77000  0.203010E-10
  3.78000  0.181469E-10
  3.79000  0.163108E-10
  3.80000  0.148072E-10
  3.81000  0.135299E-10
  3.82000  0.123847E-10
  3.83000  0.113089E-10
  3.84000  0.102362E-10
  3.85000  0.912157E-11
  3.86000  0.650646E-11
  3.87000  0.129117E-11
  3.88000  0.135054E-11
  3.89000  0.139303E-11
  3.90000  0.504284E-12
  3.91000  0.408934E-12
  3.92000  0.330731E-12
  3.93000  0.267197E-12
  3.94000  0.990554E-13
  3.95000  0.824392E-13
  3.96000  0.460649E-13
  3.97000  0.386608E-13
  3.98000  0.324980E-13
  3.99000  0.235574E-13
  4.00000  0.190437E-13
  4.01000  0.154705E-13
  4.02000  0.126563E-13
  4.03000  0.104585E-13
  4.04000  0.819980E-14
  4.05000  0.679365E-14
  4.06000  0.424631E-14
  4.07000  0.360111E-14
  4.08000  0.311578E-14
  4.09000  0.160381E-14
  4.10000  0.143795E-14
  4.11000  0.135987E-14
  4.12000  0.128302E-14
  4.13000  0.118056E-14
  4.14000  0.851221E-15
  4.15000  0.746064E-15
  4.16000  0.424238E-15
  4.17000  0.367964E-15
  4.18000  0.318468E-15
  4.19000  0.275096E-15
  4.20000  0.237521E-15
  4.21000  0.205170E-15
  4.22000  0.108614E-15
  4.23000  0.103775E-15
  4.24000  0.991151E-16
  4.25000  0.104879E-16
  4.26000  0.545540E-17
  4.27000  0.466847E-17
  4.28000  0.392004E-17
  4.29000  0.320301E-17
  4.30000  0.253517E-17
  4.31000  0.193856E-17
  4.32000  0.142965E-17
  4.33000  0.101592E-17
  4.34000  0.694193E-18
  4.35000  0.466610E-18
  4.36000  0.205029E-18
  4.37000  0.152224E-18
  4.38000  0.113582E-18
  4.39000  0.857398E-19
  4.40000  0.656846E-19
  4.41000  0.513909E-19
  4.42000  0.412451E-19
  4.43000  0.341044E-19
  4.44000  0.290643E-19
  4.45000  0.255342E-19
  4.46000  0.106669E-19
  4.47000  0.973471E-20
  4.48000  0.172036E-20
  4.49000  0.169678E-20
  4.50000  0.167213E-20
  4.51000  0.162384E-20
  4.52000  0.153870E-20
  4.53000  0.141033E-20
  4.54000  0.124225E-20
  4.55000  0.104542E-20
  4.56000  0.381602E-21
  4.57000  0.286316E-21
  4.58000  0.203367E-21
  4.59000  0.137364E-21
  4.60000  0.888487E-22
  4.61000  0.554189E-22
  4.62000  0.335764E-22
  4.63000  0.421980E-22
  4.64000  0.791699E-22
  4.65000  0.135999E-21
  4.66000  0.110345E-21
  4.67000  0.128722E-21
  4.68000  0.115523E-21
  4.69000  0.780294E-22
  4.70000  0.411244E-22
  4.71000  0.183552E-22
  4.72000  0.762948E-23
  4.73000  0.316060E-23
  4.74000  0.134472E-23
  4.75000  0.586159E-24
  4.76000  0.615995E-25
  4.77000  0.262347E-25
  4.78000  0.108873E-25
  4.79000  0.753841E-26
  4.80000  0.663222E-26
  4.81000  0.594222E-26
  4.82000  0.545530E-26
  4.83000  0.516472E-26
  4.84000  0.506351E-26
  4.85000  0.514863E-26
  4.86000  0.102675E-26
  4.87000  0.113015E-26
  4.88000  0.130017E-26
  4.89000  0.156913E-26
  4.90000  0.199491E-26
  4.91000  0.267802E-26
  4.92000  0.378392E-26
  4.93000  0.554782E-26
  4.94000  0.824251E-26
  4.95000  0.120814E-25
  4.96000  0.293259E-26
  4.97000  0.401338E-26
  4.98000  0.447673E-26
  4.99000  0.535609E-26
  5.00000  0.593808E-26
  5.01000  0.603542E-26
  5.02000  0.563811E-26
  5.03000  0.484131E-26
  5.04000  0.373155E-26
  5.05000  0.259282E-26
  5.06000  0.357855E-27
  5.07000  0.200260E-27
  5.08000  0.103158E-27
  5.09000  0.500757E-28
  5.10000  0.233437E-28
  5.11000  0.106506E-28
  5.12000  0.487132E-29
  5.13000  0.227382E-29
  5.14000  0.110641E-29
  5.15000  0.000000E+00
  5.16000  0.000000E+00
  5.17000  0.000000E+00
  5.18000  0.000000E+00
  5.19000  0.000000E+00
  5.20000  0.000000E+00
  5.21000  0.000000E+00
  5.22000  0.000000E+00
  5.23000  0.000000E+00
  5.24000  0.000000E+00
  5.25000  0.000000E+00
  5.26000  0.000000E+00
  5.27000  0.000000E+00
  5.28000  0.000000E+00
  5.29000  0.000000E+00
  5.30000  0.000000E+00
  5.31000  0.000000E+00
  5.32000  0.000000E+00
  5.33000  0.000000E+00
  5.34000  0.000000E+00
  5.35000  0.000000E+00
  5.36000  0.000000E+00
  5.37000  0.000000E+00
  5.38000  0.000000E+00
  5.39000  0.000000E+00
  5.40000  0.000000E+00
  5.41000  0.000000E+00
  5.42000  0.000000E+00
  5.43000  0.000000E+00
  5.44000  0.000000E+00
  5.45000  0.000000E+00
  5.46000  0.000000E+00
  5.47000  0.000000E+00
  5.48000  0.000000E+00
  5.49000  0.000000E+00
  5.50000  0.000000E+00
  5.51000  0.000000E+00
  5.52000  0.000000E+00
  5.53000  0.000000E+00
  5.54000  0.000000E+00
  5.55000  0.000000E+00
  5.56000  0.000000E+00
  5.57000  0.000000E+00
  5.58000  0.000000E+00
  5.59000  0.000000E+00
  5.60000  0.000000E+00
  5.61000  0.000000E+00
  5.62000  0.000000E+00
  5.63000  0.000000E+00
  5.64000  0.000000E+00
  5.65000  0.000000E+00
  5.66000  0.000000E+00
  5.67000  0.000000E+00
  5.68000  0.000000E+00
  5.69000  0.000000E+00
  5.70000  0.000000E+00
  5.71000  0.000000E+00
  5.72000  0.000000E+00
  5.73000  0.000000E+00
  5.74000  0.000000E+00
  5.75000  0.000000E+00
  5.76000  0.000000E+00
  5.77000  0.000000E+00
  5.78000  0.000000E+00
  5.79000  0.000000E+00
  5.80000  0.000000E+00
  5.81000  0.000000E+00
  5.82000  0.000000E+00
  5.83000  0.000000E+00
  5.84000  0.000000E+00
  5.85000  0.000000E+00
  5.86000  0.000000E+00
  5.87000  0.000000E+00
  5.88000  0.000000E+00
  5.89000  0.000000E+00
  5.90000  0.000000E+00
  5.91000  0.000000E+00
  5.92000  0.000000E+00
  5.93000  0.000000E+00
  5.94000  0.000000E+00
  5.95000  0.000000E+00
  5.96000  0.000000E+00
  5.97000  0.000000E+00
  5.98000  0.000000E+00
  5.99000  0.000000E+00
  6.00000  0.000000E+00
  6.20000  0.000000E+00
  6.40000  0.000000E+00
  6.60000  0.000000E+00
  6.80000  0.000000E+00
  7.00000  0.000000E+00
