  0.00000  0.000000E+00
  0.01000  0.000000E+00
  0.02000  0.000000E+00
  0.03000  0.000000E+00
  0.04000  0.000000E+00
  0.05000  0.000000E+00
  0.06000  0.000000E+00
  0.07000  0.000000E+00
  0.08000  0.000000E+00
  0.09000  0.000000E+00
  0.10000  0.143223E-29
  0.11000  0.815471E-29
  0.12000  0.607306E-28
  0.13000  0.547724E-27
  0.14000  0.484616E-26
  0.15000  0.617776E-25
  0.16000  0.609031E-24
  0.17000  0.522218E-23
  0.18000  0.348190E-22
  0.19000  0.167278E-21
  0.20000  0.104953E-20
  0.21000  0.734072E-20
  0.22000  0.504646E-19
  0.23000  0.342632E-18
  0.24000  0.190098E-17
  0.25000  0.136617E-16
  0.26000  0.939920E-16
  0.27000  0.516301E-15
  0.28000  0.292999E-14
  0.29000  0.139549E-13
  0.30000  0.788577E-13
  0.31000  0.436297E-12
  0.32000  0.194930E-11
  0.33000  0.878125E-11
  0.34000  0.361929E-10
  0.35000  0.121373E-09
  0.36000  0.397561E-09
  0.37000  0.128727E-08
  0.38000  0.403459E-08
  0.39000  0.137930E-07
  0.40000  0.438317E-07
  0.41000  0.128436E-06
  0.42000  0.365255E-06
  0.43000  0.894319E-06
  0.44000  0.190260E-05
  0.45000  0.389303E-05
  0.46000  0.712740E-05
  0.47000  0.122572E-04
  0.48000  0.203772E-04
  0.49000  0.327330E-04
  0.50000  0.494348E-04
  0.51000  0.724144E-04
  0.52000  0.943847E-04
  0.53000  0.108262E-03
  0.54000  0.107534E-03
  0.55000  0.951488E-04
  0.56000  0.776371E-04
  0.57000  0.613843E-04
  0.58000  0.826295E-04
  0.59000  0.986603E-04
  0.60000  0.107448E-03
  0.61000  0.114832E-03
  0.62000  0.225353E-03
  0.63000  0.438262E-03
  0.64000  0.785941E-03
  0.65000  0.121894E-02
  0.66000  0.173185E-02
  0.67000  0.248704E-02
  0.68000  0.331961E-02
  0.69000  0.392081E-02
  0.70000  0.536134E-02
  0.71000  0.993407E-02
  0.72000  0.174329E-01
  0.73000  0.301534E-01
  0.74000  0.500441E-01
  0.75000  0.757963E-01
  0.76000  0.108176E+00
  0.77000  0.153154E+00
  0.78000  0.217392E+00
  0.79000  0.299921E+00
  0.80000  0.404780E+00
  0.81000  0.523026E+00
  0.82000  0.612350E+00
  0.83000  0.650827E+00
  0.84000  0.667041E+00
  0.85000  0.666803E+00
  0.86000  0.637701E+00
  0.87000  0.583989E+00
  0.88000  0.505588E+00
  0.89000  0.431855E+00
  0.90000  0.445782E+00
  0.91000  0.597934E+00
  0.92000  0.740390E+00
  0.93000  0.861838E+00
  0.94000  0.928625E+00
  0.95000  0.958452E+00
  0.96000  0.100000E+01
  0.97000  0.970083E+00
  0.98000  0.844882E+00
  0.99000  0.674985E+00
  1.00000  0.529196E+00
  1.01000  0.487396E+00
  1.02000  0.486415E+00
  1.03000  0.489294E+00
  1.04000  0.497094E+00
  1.05000  0.494852E+00
  1.06000  0.466160E+00
  1.07000  0.410738E+00
  1.08000  0.347784E+00
  1.09000  0.287909E+00
  1.10000  0.231595E+00
  1.11000  0.193862E+00
  1.12000  0.179983E+00
  1.13000  0.217329E+00
  1.14000  0.255931E+00
  1.15000  0.332559E+00
  1.16000  0.397769E+00
  1.17000  0.452677E+00
  1.18000  0.498117E+00
  1.19000  0.526730E+00
  1.20000  0.534851E+00
  1.21000  0.511245E+00
  1.22000  0.454058E+00
  1.23000  0.374254E+00
  1.24000  0.293934E+00
  1.25000  0.225433E+00
  1.26000  0.225238E+00
  1.27000  0.228235E+00
  1.28000  0.223286E+00
  1.29000  0.212148E+00
  1.30000  0.194295E+00
  1.31000  0.171862E+00
  1.32000  0.149074E+00
  1.33000  0.134607E+00
  1.34000  0.116976E+00
  1.35000  0.905621E-01
  1.36000  0.642709E-01
  1.37000  0.449573E-01
  1.38000  0.381171E-01
  1.39000  0.348872E-01
  1.40000  0.305110E-01
  1.41000  0.259601E-01
  1.42000  0.221961E-01
  1.43000  0.191965E-01
  1.44000  0.164928E-01
  1.45000  0.140686E-01
  1.46000  0.118605E-01
  1.47000  0.985423E-02
  1.48000  0.814850E-02
  1.49000  0.665605E-02
  1.50000  0.532175E-02
  1.51000  0.416034E-02
  1.52000  0.318999E-02
  1.53000  0.244864E-02
  1.54000  0.196127E-02
  1.55000  0.166956E-02
  1.56000  0.150470E-02
  1.57000  0.142075E-02
  1.58000  0.129383E-02
  1.59000  0.108615E-02
  1.60000  0.871349E-03
  1.61000  0.668132E-03
  1.62000  0.489916E-03
  1.63000  0.357858E-03
  1.64000  0.268821E-03
  1.65000  0.203762E-03
  1.66000  0.202384E-03
  1.67000  0.213305E-03
  1.68000  0.220728E-03
  1.69000  0.223794E-03
  1.70000  0.221934E-03
  1.71000  0.215745E-03
  1.72000  0.206705E-03
  1.73000  0.195808E-03
  1.74000  0.182533E-03
  1.75000  0.167590E-03
  1.76000  0.153598E-03
  1.77000  0.140372E-03
  1.78000  0.126031E-03
  1.79000  0.110765E-03
  1.80000  0.954029E-04
  1.81000  0.805467E-04
  1.82000  0.670200E-04
  1.83000  0.551478E-04
  1.84000  0.448719E-04
  1.85000  0.360511E-04
  1.86000  0.287239E-04
  1.87000  0.227812E-04
  1.88000  0.180064E-04
  1.89000  0.141504E-04
  1.90000  0.109951E-04
  1.91000  0.849445E-05
  1.92000  0.660760E-05
  1.93000  0.517046E-05
  1.94000  0.399747E-05
  1.95000  0.304152E-05
  1.96000  0.228238E-05
  1.97000  0.170108E-05
  1.98000  0.126154E-05
  1.99000  0.936096E-06
  2.00000  0.743727E-06
  2.01000  0.587060E-06
  2.02000  0.462753E-06
  2.03000  0.360676E-06
  2.04000  0.278320E-06
  2.05000  0.212038E-06
  2.06000  0.155969E-06
  2.07000  0.124991E-06
  2.08000  0.964000E-07
  2.09000  0.709099E-07
  2.10000  0.536027E-07
  2.11000  0.438189E-07
  2.12000  0.356865E-07
  2.13000  0.291497E-07
  2.14000  0.235661E-07
  2.15000  0.188336E-07
  2.16000  0.148960E-07
  2.17000  0.117312E-07
  2.18000  0.921731E-08
  2.19000  0.723539E-08
  2.20000  0.563870E-08
  2.21000  0.435817E-08
  2.22000  0.336521E-08
  2.23000  0.259793E-08
  2.24000  0.198679E-08
  2.25000  0.149863E-08
  2.26000  0.111282E-08
  2.27000  0.823226E-09
  2.28000  0.605900E-09
  2.29000  0.445849E-09
  2.30000  0.329248E-09
  2.31000  0.243820E-09
  2.32000  0.180411E-09
  2.33000  0.132920E-09
  2.34000  0.972105E-10
  2.35000  0.705148E-10
  2.36000  0.515496E-10
  2.37000  0.560358E-10
  2.38000  0.639738E-10
  2.39000  0.661262E-10
  2.40000  0.665862E-10
  2.41000  0.702472E-10
  2.42000  0.732199E-10
  2.43000  0.713733E-10
  2.44000  0.652362E-10
  2.45000  0.568224E-10
  2.46000  0.482255E-10
  2.47000  0.428489E-10
  2.48000  0.400673E-10
  2.49000  0.383489E-10
  2.50000  0.372817E-10
  2.51000  0.372110E-10
  2.52000  0.377977E-10
  2.53000  0.383334E-10
  2.54000  0.385827E-10
  2.55000  0.385032E-10
  2.56000  0.373676E-10
  2.57000  0.353208E-10
  2.58000  0.320872E-10
  2.59000  0.281157E-10
  2.60000  0.239832E-10
  2.61000  0.201851E-10
  2.62000  0.172469E-10
  2.63000  0.153533E-10
  2.64000  0.144002E-10
  2.65000  0.139860E-10
  2.66000  0.133496E-10
  2.67000  0.124712E-10
  2.68000  0.113590E-10
  2.69000  0.102238E-10
  2.70000  0.915408E-11
  2.71000  0.821009E-11
  2.72000  0.731892E-11
  2.73000  0.619863E-11
  2.74000  0.458993E-11
  2.75000  0.279794E-11
  2.76000  0.152608E-11
  2.77000  0.127394E-11
  2.78000  0.130105E-11
  2.79000  0.151216E-11
  2.80000  0.181900E-11
  2.81000  0.214342E-11
  2.82000  0.243251E-11
  2.83000  0.267441E-11
  2.84000  0.288408E-11
  2.85000  0.308245E-11
  2.86000  0.321227E-11
  2.87000  0.337641E-11
  2.88000  0.351632E-11
  2.89000  0.361867E-11
  2.90000  0.365900E-11
  2.91000  0.364447E-11
  2.92000  0.362406E-11
  2.93000  0.362963E-11
  2.94000  0.364081E-11
  2.95000  0.359212E-11
  2.96000  0.331963E-11
  2.97000  0.303730E-11
  2.98000  0.267791E-11
  2.99000  0.229516E-11
  3.00000  0.193536E-11
  3.01000  0.162737E-11
  3.02000  0.145052E-11
  3.03000  0.126698E-11
  3.04000  0.108182E-11
  3.05000  0.911636E-12
  3.06000  0.728908E-12
  3.07000  0.636368E-12
  3.08000  0.583451E-12
  3.09000  0.565592E-12
  3.10000  0.575412E-12
  3.11000  0.599913E-12
  3.12000  0.624811E-12
  3.13000  0.638516E-12
  3.14000  0.636801E-12
  3.15000  0.617195E-12
  3.16000  0.547184E-12
  3.17000  0.505184E-12
  3.18000  0.461730E-12
  3.19000  0.421365E-12
  3.20000  0.383433E-12
  3.21000  0.345403E-12
  3.22000  0.307106E-12
  3.23000  0.269950E-12
  3.24000  0.235692E-12
  3.25000  0.202948E-12
  3.26000  0.156399E-12
  3.27000  0.119684E-12
  3.28000  0.864318E-13
  3.29000  0.626187E-13
  3.30000  0.477044E-13
  3.31000  0.381429E-13
  3.32000  0.313023E-13
  3.33000  0.258853E-13
  3.34000  0.213163E-13
  3.35000  0.173785E-13
  3.36000  0.128252E-13
  3.37000  0.101248E-13
  3.38000  0.791673E-14
  3.39000  0.616652E-14
  3.40000  0.480494E-14
  3.41000  0.374023E-14
  3.42000  0.289797E-14
  3.43000  0.222642E-14
  3.44000  0.169287E-14
  3.45000  0.127039E-14
  3.46000  0.841987E-15
  3.47000  0.613785E-15
  3.48000  0.591367E-15
  3.49000  0.656250E-15
  3.50000  0.702184E-15
  3.51000  0.709776E-15
  3.52000  0.656102E-15
  3.53000  0.559648E-15
  3.54000  0.479559E-15
  3.55000  0.454463E-15
  3.56000  0.424631E-15
  3.57000  0.498504E-15
  3.58000  0.624825E-15
  3.59000  0.855337E-15
  3.60000  0.117682E-14
  3.61000  0.161320E-14
  3.62000  0.220947E-14
  3.63000  0.302168E-14
  3.64000  0.410070E-14
  3.65000  0.547907E-14
  3.66000  0.607080E-14
  3.67000  0.768443E-14
  3.68000  0.950926E-14
  3.69000  0.115495E-13
  3.70000  0.138344E-13
  3.71000  0.115129E-17
  3.72000  0.163351E-17
  3.73000  0.228367E-17
  3.74000  0.312491E-17
  3.75000  0.415991E-17
  3.76000  0.458170E-17
  3.77000  0.666630E-19
  3.78000  0.989759E-19
  3.79000  0.146168E-18
  3.80000  0.216488E-18
  3.81000  0.323147E-18
  3.82000  0.484757E-18
  3.83000  0.721752E-18
  3.84000  0.105157E-17
  3.85000  0.148210E-17
  3.86000  0.168812E-17
  3.87000  0.219213E-17
  3.88000  0.274656E-17
  3.89000  0.334412E-17
  3.90000  0.398676E-17
  3.91000  0.468331E-17
  3.92000  0.804732E-18
  3.93000  0.987683E-18
  3.94000  0.119439E-17
  3.95000  0.142421E-17
  3.96000  0.131762E-17
  3.97000  0.151521E-17
  3.98000  0.101814E-24
  3.99000  0.125514E-24
  4.00000  0.155074E-24
  4.01000  0.417324E-25
  4.02000  0.557995E-25
  4.03000  0.763477E-25
  4.04000  0.107043E-24
  4.05000  0.152168E-24
  4.06000  0.165321E-24
  4.07000  0.230914E-24
  4.08000  0.306849E-25
  4.09000  0.390524E-25
  4.10000  0.489035E-25
  4.11000  0.600473E-25
  4.12000  0.987500E-27
  4.13000  0.141967E-26
  4.14000  0.202524E-26
  4.15000  0.288870E-26
  4.16000  0.276772E-26
  4.17000  0.390239E-26
  4.18000  0.551172E-26
  4.19000  0.781610E-26
  4.20000  0.111211E-25
  4.21000  0.158536E-25
  4.22000  0.225923E-25
  4.23000  0.320410E-25
  4.24000  0.293410E-26
  4.25000  0.417093E-26
  4.26000  0.318097E-26
  4.27000  0.413277E-26
  4.28000  0.507144E-26
  4.29000  0.583017E-26
  4.30000  0.627499E-26
  4.31000  0.000000E+00
  4.32000  0.000000E+00
  4.33000  0.000000E+00
  4.34000  0.000000E+00
  4.35000  0.000000E+00
  4.36000  0.000000E+00
  4.37000  0.000000E+00
  4.38000  0.000000E+00
  4.39000  0.000000E+00
  4.40000  0.000000E+00
  4.41000  0.000000E+00
  4.42000  0.000000E+00
  4.43000  0.000000E+00
  4.44000  0.000000E+00
  4.45000  0.000000E+00
  4.46000  0.000000E+00
  4.47000  0.000000E+00
  4.48000  0.000000E+00
  4.49000  0.000000E+00
  4.50000  0.000000E+00
  4.51000  0.000000E+00
  4.52000  0.000000E+00
  4.53000  0.000000E+00
  4.54000  0.000000E+00
  4.55000  0.000000E+00
  4.56000  0.000000E+00
  4.57000  0.000000E+00
  4.58000  0.000000E+00
  4.59000  0.000000E+00
  4.60000  0.000000E+00
  4.61000  0.000000E+00
  4.62000  0.000000E+00
  4.63000  0.000000E+00
  4.64000  0.000000E+00
  4.65000  0.000000E+00
  4.66000  0.000000E+00
  4.67000  0.000000E+00
  4.68000  0.000000E+00
  4.69000  0.000000E+00
  4.70000  0.000000E+00
  4.71000  0.000000E+00
  4.72000  0.000000E+00
  4.73000  0.000000E+00
  4.74000  0.000000E+00
  4.75000  0.000000E+00
  4.76000  0.000000E+00
  4.77000  0.000000E+00
  4.78000  0.000000E+00
  4.79000  0.000000E+00
  4.80000  0.000000E+00
  4.81000  0.000000E+00
  4.82000  0.000000E+00
  4.83000  0.000000E+00
  4.84000  0.000000E+00
  4.85000  0.000000E+00
  4.86000  0.000000E+00
  4.87000  0.000000E+00
  4.88000  0.000000E+00
  4.89000  0.000000E+00
  4.90000  0.000000E+00
  4.91000  0.000000E+00
  4.92000  0.000000E+00
  4.93000  0.000000E+00
  4.94000  0.000000E+00
  4.95000  0.000000E+00
  4.96000  0.000000E+00
  4.97000  0.000000E+00
  4.98000  0.000000E+00
  4.99000  0.000000E+00
  5.00000  0.000000E+00
  5.01000  0.000000E+00
  5.02000  0.000000E+00
  5.03000  0.000000E+00
  5.04000  0.000000E+00
  5.05000  0.000000E+00
  5.06000  0.000000E+00
  5.07000  0.000000E+00
  5.08000  0.000000E+00
  5.09000  0.000000E+00
  5.10000  0.000000E+00
  5.11000  0.000000E+00
  5.12000  0.000000E+00
  5.13000  0.000000E+00
  5.14000  0.000000E+00
  5.15000  0.000000E+00
  5.16000  0.000000E+00
  5.17000  0.000000E+00
  5.18000  0.000000E+00
  5.19000  0.000000E+00
  5.20000  0.000000E+00
  5.21000  0.000000E+00
  5.22000  0.000000E+00
  5.23000  0.000000E+00
  5.24000  0.000000E+00
  5.25000  0.000000E+00
  5.26000  0.000000E+00
  5.27000  0.000000E+00
  5.28000  0.000000E+00
  5.29000  0.000000E+00
  5.30000  0.000000E+00
  5.31000  0.000000E+00
  5.32000  0.000000E+00
  5.33000  0.000000E+00
  5.34000  0.000000E+00
  5.35000  0.000000E+00
  5.36000  0.000000E+00
  5.37000  0.000000E+00
  5.38000  0.000000E+00
  5.39000  0.000000E+00
  5.40000  0.000000E+00
  5.41000  0.000000E+00
  5.42000  0.000000E+00
  5.43000  0.000000E+00
  5.44000  0.000000E+00
  5.45000  0.000000E+00
  5.46000  0.000000E+00
  5.47000  0.000000E+00
  5.48000  0.000000E+00
  5.49000  0.000000E+00
  5.50000  0.000000E+00
  5.51000  0.000000E+00
  5.52000  0.000000E+00
  5.53000  0.000000E+00
  5.54000  0.000000E+00
  5.55000  0.000000E+00
  5.56000  0.000000E+00
  5.57000  0.000000E+00
  5.58000  0.000000E+00
  5.59000  0.000000E+00
  5.60000  0.000000E+00
  5.61000  0.000000E+00
  5.62000  0.000000E+00
  5.63000  0.000000E+00
  5.64000  0.000000E+00
  5.65000  0.000000E+00
  5.66000  0.000000E+00
  5.67000  0.000000E+00
  5.68000  0.000000E+00
  5.69000  0.000000E+00
  5.70000  0.000000E+00
  5.71000  0.000000E+00
  5.72000  0.000000E+00
  5.73000  0.000000E+00
  5.74000  0.000000E+00
  5.75000  0.000000E+00
  5.76000  0.000000E+00
  5.77000  0.000000E+00
  5.78000  0.000000E+00
  5.79000  0.000000E+00
  5.80000  0.000000E+00
  5.81000  0.000000E+00
  5.82000  0.000000E+00
  5.83000  0.000000E+00
  5.84000  0.000000E+00
  5.85000  0.000000E+00
  5.86000  0.000000E+00
  5.87000  0.000000E+00
  5.88000  0.000000E+00
  5.89000  0.000000E+00
  5.90000  0.000000E+00
  5.91000  0.000000E+00
  5.92000  0.000000E+00
  5.93000  0.000000E+00
  5.94000  0.000000E+00
  5.95000  0.000000E+00
  5.96000  0.000000E+00
  5.97000  0.000000E+00
  5.98000  0.000000E+00
  5.99000  0.000000E+00
  6.00000  0.000000E+00
  6.20000  0.000000E+00
  6.40000  0.000000E+00
  6.60000  0.000000E+00
  6.80000  0.000000E+00
  7.00000  0.000000E+00
