  0.00000  0.000000E+00
  0.01000  0.000000E+00
  0.02000  0.111722E-28
  0.03000  0.645429E-28
  0.04000  0.261247E-27
  0.05000  0.105624E-26
  0.06000  0.143571E-25
  0.07000  0.557459E-25
  0.08000  0.764942E-25
  0.09000  0.771391E-25
  0.10000  0.233521E-25
  0.11000  0.120440E-25
  0.12000  0.170182E-25
  0.13000  0.474219E-25
  0.14000  0.460335E-24
  0.15000  0.537642E-23
  0.16000  0.541401E-23
  0.17000  0.316339E-23
  0.18000  0.201629E-23
  0.19000  0.121201E-23
  0.20000  0.449225E-24
  0.21000  0.216779E-24
  0.22000  0.958630E-25
  0.23000  0.515997E-25
  0.24000  0.287617E-25
  0.25000  0.143920E-25
  0.26000  0.641953E-26
  0.27000  0.204399E-26
  0.28000  0.226005E-26
  0.29000  0.156358E-26
  0.30000  0.678673E-27
  0.31000  0.280841E-27
  0.32000  0.103664E-27
  0.33000  0.528706E-28
  0.34000  0.364402E-28
  0.35000  0.272984E-28
  0.36000  0.234121E-28
  0.37000  0.179601E-28
  0.38000  0.137452E-28
  0.39000  0.167181E-28
  0.40000  0.233101E-28
  0.41000  0.109627E-27
  0.42000  0.435046E-27
  0.43000  0.182721E-26
  0.44000  0.434297E-26
  0.45000  0.632620E-26
  0.46000  0.108322E-25
  0.47000  0.110102E-25
  0.48000  0.835289E-26
  0.49000  0.898286E-26
  0.50000  0.100346E-24
  0.51000  0.458537E-23
  0.52000  0.359712E-22
  0.53000  0.134334E-21
  0.54000  0.463373E-21
  0.55000  0.146946E-20
  0.56000  0.258546E-20
  0.57000  0.432124E-20
  0.58000  0.643842E-20
  0.59000  0.997830E-20
  0.60000  0.175188E-19
  0.61000  0.305409E-19
  0.62000  0.623213E-19
  0.63000  0.205126E-18
  0.64000  0.708672E-18
  0.65000  0.196181E-17
  0.66000  0.440618E-17
  0.67000  0.154117E-16
  0.68000  0.112089E-15
  0.69000  0.757715E-15
  0.70000  0.309404E-14
  0.71000  0.817955E-14
  0.72000  0.153712E-13
  0.73000  0.233792E-13
  0.74000  0.327293E-13
  0.75000  0.384017E-13
  0.76000  0.302167E-13
  0.77000  0.153146E-13
  0.78000  0.653926E-14
  0.79000  0.359017E-14
  0.80000  0.246330E-14
  0.81000  0.157716E-14
  0.82000  0.103030E-14
  0.83000  0.808337E-15
  0.84000  0.677284E-15
  0.85000  0.559350E-15
  0.86000  0.479906E-15
  0.87000  0.441934E-15
  0.88000  0.375722E-15
  0.89000  0.294354E-15
  0.90000  0.237646E-15
  0.91000  0.198340E-15
  0.92000  0.157439E-15
  0.93000  0.138960E-15
  0.94000  0.168537E-15
  0.95000  0.197609E-15
  0.96000  0.228206E-15
  0.97000  0.251659E-15
  0.98000  0.257517E-15
  0.99000  0.242449E-15
  1.00000  0.220260E-15
  1.01000  0.191162E-15
  1.02000  0.143642E-15
  1.03000  0.159731E-15
  1.04000  0.207377E-15
  1.05000  0.334176E-15
  1.06000  0.755362E-15
  1.07000  0.191460E-14
  1.08000  0.489409E-14
  1.09000  0.112990E-13
  1.10000  0.217721E-13
  1.11000  0.587063E-13
  1.12000  0.142931E-12
  1.13000  0.404338E-12
  1.14000  0.915823E-12
  1.15000  0.159837E-11
  1.16000  0.226968E-11
  1.17000  0.326143E-11
  1.18000  0.849006E-11
  1.19000  0.286454E-10
  1.20000  0.739807E-10
  1.21000  0.155981E-09
  1.22000  0.300718E-09
  1.23000  0.593133E-09
  1.24000  0.134258E-08
  1.25000  0.348627E-08
  1.26000  0.820668E-08
  1.27000  0.152223E-07
  1.28000  0.276469E-07
  1.29000  0.506960E-07
  1.30000  0.880260E-07
  1.31000  0.152800E-06
  1.32000  0.291354E-06
  1.33000  0.686014E-06
  1.34000  0.188134E-05
  1.35000  0.424736E-05
  1.36000  0.714228E-05
  1.37000  0.116501E-04
  1.38000  0.172263E-04
  1.39000  0.225307E-04
  1.40000  0.264135E-04
  1.41000  0.299428E-04
  1.42000  0.343440E-04
  1.43000  0.364490E-04
  1.44000  0.395992E-04
  1.45000  0.462052E-04
  1.46000  0.541665E-04
  1.47000  0.657522E-04
  1.48000  0.834872E-04
  1.49000  0.105889E-03
  1.50000  0.133336E-03
  1.51000  0.168889E-03
  1.52000  0.214477E-03
  1.53000  0.303534E-03
  1.54000  0.398708E-03
  1.55000  0.511384E-03
  1.56000  0.695386E-03
  1.57000  0.107305E-02
  1.58000  0.169590E-02
  1.59000  0.256705E-02
  1.60000  0.365490E-02
  1.61000  0.504783E-02
  1.62000  0.707503E-02
  1.63000  0.102053E-01
  1.64000  0.153637E-01
  1.65000  0.238184E-01
  1.66000  0.468304E-01
  1.67000  0.894809E-01
  1.68000  0.170340E+00
  1.69000  0.318727E+00
  1.70000  0.553805E+00
  1.71000  0.825057E+00
  1.72000  0.100000E+01
  1.73000  0.999014E+00
  1.74000  0.855924E+00
  1.75000  0.653273E+00
  1.76000  0.456289E+00
  1.77000  0.315865E+00
  1.78000  0.216289E+00
  1.79000  0.144758E+00
  1.80000  0.942747E-01
  1.81000  0.616877E-01
  1.82000  0.417294E-01
  1.83000  0.296273E-01
  1.84000  0.218439E-01
  1.85000  0.163057E-01
  1.86000  0.116058E-01
  1.87000  0.842990E-02
  1.88000  0.600524E-02
  1.89000  0.421899E-02
  1.90000  0.291858E-02
  1.91000  0.194866E-02
  1.92000  0.124767E-02
  1.93000  0.771528E-03
  1.94000  0.459452E-03
  1.95000  0.263287E-03
  1.96000  0.136132E-03
  1.97000  0.706424E-04
  1.98000  0.347426E-04
  1.99000  0.166678E-04
  2.00000  0.825057E-05
  2.01000  0.445237E-05
  2.02000  0.267129E-05
  2.03000  0.173747E-05
  2.04000  0.114754E-05
  2.05000  0.119601E-05
  2.06000  0.104959E-05
  2.07000  0.882777E-06
  2.08000  0.672180E-06
  2.09000  0.482627E-06
  2.10000  0.338807E-06
  2.11000  0.240514E-06
  2.12000  0.172953E-06
  2.13000  0.122605E-06
  2.14000  0.835815E-07
  2.15000  0.541697E-07
  2.16000  0.286200E-07
  2.17000  0.154830E-07
  2.18000  0.717607E-08
  2.19000  0.283770E-08
  2.20000  0.106283E-08
  2.21000  0.831955E-09
  2.22000  0.639290E-09
  2.23000  0.486421E-09
  2.24000  0.363165E-09
  2.25000  0.261807E-09
  2.26000  0.159830E-09
  2.27000  0.105950E-09
  2.28000  0.674437E-10
  2.29000  0.429121E-10
  2.30000  0.308351E-10
  2.31000  0.203956E-10
  2.32000  0.122712E-10
  2.33000  0.687592E-11
  2.34000  0.371195E-11
  2.35000  0.197218E-11
  2.36000  0.907918E-12
  2.37000  0.459997E-12
  2.38000  0.233844E-12
  2.39000  0.121609E-12
  2.40000  0.657469E-13
  2.41000  0.365739E-13
  2.42000  0.206701E-13
  2.43000  0.118460E-13
  2.44000  0.701773E-14
  2.45000  0.503427E-14
  2.46000  0.393091E-14
  2.47000  0.372023E-14
  2.48000  0.338494E-14
  2.49000  0.287662E-14
  2.50000  0.224606E-14
  2.51000  0.159125E-14
  2.52000  0.171600E-14
  2.53000  0.290177E-14
  2.54000  0.364175E-14
  2.55000  0.361425E-14
  2.56000  0.233167E-14
  2.57000  0.177143E-14
  2.58000  0.125845E-14
  2.59000  0.850798E-15
  2.60000  0.551074E-15
  2.61000  0.342678E-15
  2.62000  0.203703E-15
  2.63000  0.116340E-15
  2.64000  0.646331E-16
  2.65000  0.355208E-16
  2.66000  0.133373E-16
  2.67000  0.106322E-16
  2.68000  0.149235E-16
  2.69000  0.212663E-16
  2.70000  0.296020E-16
  2.71000  0.389378E-16
  2.72000  0.466208E-16
  2.73000  0.505512E-16
  2.74000  0.496847E-16
  2.75000  0.450651E-16
  2.76000  0.234416E-16
  2.77000  0.195519E-16
  2.78000  0.166142E-16
  2.79000  0.148928E-16
  2.80000  0.143942E-16
  2.81000  0.153699E-16
  2.82000  0.181121E-16
  2.83000  0.230788E-16
  2.84000  0.302956E-16
  2.85000  0.376354E-16
  2.86000  0.208838E-16
  2.87000  0.175318E-16
  2.88000  0.116403E-16
  2.89000  0.662205E-17
  2.90000  0.361485E-17
  2.91000  0.206202E-17
  2.92000  0.127464E-17
  2.93000  0.859917E-18
  2.94000  0.645880E-18
  2.95000  0.547880E-18
  2.96000  0.268196E-18
  2.97000  0.259241E-18
  2.98000  0.243270E-18
  2.99000  0.210045E-18
  3.00000  0.158626E-18
  3.01000  0.981926E-19
  3.02000  0.447940E-19
  3.03000  0.132039E-19
  3.04000  0.218310E-20
  3.05000  0.184743E-21
  3.06000  0.170198E-23
  3.07000  0.412940E-25
  3.08000  0.910602E-27
  3.09000  0.237287E-28
  3.10000  0.000000E+00
  3.11000  0.000000E+00
  3.12000  0.000000E+00
  3.13000  0.000000E+00
  3.14000  0.000000E+00
  3.15000  0.000000E+00
  3.16000  0.000000E+00
  3.17000  0.000000E+00
  3.18000  0.000000E+00
  3.19000  0.000000E+00
  3.20000  0.000000E+00
  3.21000  0.000000E+00
  3.22000  0.000000E+00
  3.23000  0.000000E+00
  3.24000  0.000000E+00
  3.25000  0.000000E+00
  3.26000  0.000000E+00
  3.27000  0.000000E+00
  3.28000  0.000000E+00
  3.29000  0.000000E+00
  3.30000  0.000000E+00
  3.31000  0.000000E+00
  3.32000  0.000000E+00
  3.33000  0.000000E+00
  3.34000  0.000000E+00
  3.35000  0.000000E+00
  3.36000  0.000000E+00
  3.37000  0.000000E+00
  3.38000  0.000000E+00
  3.39000  0.000000E+00
  3.40000  0.000000E+00
  3.41000  0.000000E+00
  3.42000  0.000000E+00
  3.43000  0.000000E+00
  3.44000  0.000000E+00
  3.45000  0.000000E+00
  3.46000  0.000000E+00
  3.47000  0.000000E+00
  3.48000  0.000000E+00
  3.49000  0.000000E+00
  3.50000  0.000000E+00
  3.51000  0.000000E+00
  3.52000  0.000000E+00
  3.53000  0.000000E+00
  3.54000  0.000000E+00
  3.55000  0.000000E+00
  3.56000  0.000000E+00
  3.57000  0.000000E+00
  3.58000  0.000000E+00
  3.59000  0.000000E+00
  3.60000  0.000000E+00
  3.61000  0.000000E+00
  3.62000  0.000000E+00
  3.63000  0.000000E+00
  3.64000  0.000000E+00
  3.65000  0.000000E+00
  3.66000  0.000000E+00
  3.67000  0.000000E+00
  3.68000  0.000000E+00
  3.69000  0.000000E+00
  3.70000  0.000000E+00
  3.71000  0.000000E+00
  3.72000  0.000000E+00
  3.73000  0.000000E+00
  3.74000  0.000000E+00
  3.75000  0.000000E+00
  3.76000  0.000000E+00
  3.77000  0.000000E+00
  3.78000  0.000000E+00
  3.79000  0.000000E+00
  3.80000  0.000000E+00
  3.81000  0.000000E+00
  3.82000  0.000000E+00
  3.83000  0.000000E+00
  3.84000  0.000000E+00
  3.85000  0.000000E+00
  3.86000  0.000000E+00
  3.87000  0.000000E+00
  3.88000  0.000000E+00
  3.89000  0.000000E+00
  3.90000  0.000000E+00
  3.91000  0.000000E+00
  3.92000  0.000000E+00
  3.93000  0.000000E+00
  3.94000  0.000000E+00
  3.95000  0.000000E+00
  3.96000  0.000000E+00
  3.97000  0.000000E+00
  3.98000  0.000000E+00
  3.99000  0.000000E+00
  4.00000  0.000000E+00
  4.01000  0.000000E+00
  4.02000  0.000000E+00
  4.03000  0.000000E+00
  4.04000  0.000000E+00
  4.05000  0.000000E+00
  4.06000  0.000000E+00
  4.07000  0.000000E+00
  4.08000  0.000000E+00
  4.09000  0.000000E+00
  4.10000  0.000000E+00
  4.11000  0.000000E+00
  4.12000  0.000000E+00
  4.13000  0.000000E+00
  4.14000  0.000000E+00
  4.15000  0.000000E+00
  4.16000  0.000000E+00
  4.17000  0.000000E+00
  4.18000  0.000000E+00
  4.19000  0.000000E+00
  4.20000  0.000000E+00
  4.21000  0.000000E+00
  4.22000  0.000000E+00
  4.23000  0.000000E+00
  4.24000  0.000000E+00
  4.25000  0.000000E+00
  4.26000  0.000000E+00
  4.27000  0.000000E+00
  4.28000  0.000000E+00
  4.29000  0.000000E+00
  4.30000  0.000000E+00
  4.31000  0.000000E+00
  4.32000  0.000000E+00
  4.33000  0.000000E+00
  4.34000  0.000000E+00
  4.35000  0.000000E+00
  4.36000  0.000000E+00
  4.37000  0.000000E+00
  4.38000  0.000000E+00
  4.39000  0.000000E+00
  4.40000  0.000000E+00
  4.41000  0.000000E+00
  4.42000  0.000000E+00
  4.43000  0.000000E+00
  4.44000  0.000000E+00
  4.45000  0.000000E+00
  4.46000  0.000000E+00
  4.47000  0.000000E+00
  4.48000  0.000000E+00
  4.49000  0.000000E+00
  4.50000  0.000000E+00
  4.51000  0.000000E+00
  4.52000  0.000000E+00
  4.53000  0.000000E+00
  4.54000  0.000000E+00
  4.55000  0.000000E+00
  4.56000  0.000000E+00
  4.57000  0.000000E+00
  4.58000  0.000000E+00
  4.59000  0.000000E+00
  4.60000  0.000000E+00
  4.61000  0.000000E+00
  4.62000  0.000000E+00
  4.63000  0.000000E+00
  4.64000  0.000000E+00
  4.65000  0.000000E+00
  4.66000  0.000000E+00
  4.67000  0.000000E+00
  4.68000  0.000000E+00
  4.69000  0.000000E+00
  4.70000  0.000000E+00
  4.71000  0.000000E+00
  4.72000  0.000000E+00
  4.73000  0.000000E+00
  4.74000  0.000000E+00
  4.75000  0.000000E+00
  4.76000  0.000000E+00
  4.77000  0.000000E+00
  4.78000  0.000000E+00
  4.79000  0.000000E+00
  4.80000  0.000000E+00
  4.81000  0.000000E+00
  4.82000  0.000000E+00
  4.83000  0.000000E+00
  4.84000  0.000000E+00
  4.85000  0.000000E+00
  4.86000  0.000000E+00
  4.87000  0.000000E+00
  4.88000  0.000000E+00
  4.89000  0.000000E+00
  4.90000  0.000000E+00
  4.91000  0.000000E+00
  4.92000  0.000000E+00
  4.93000  0.000000E+00
  4.94000  0.000000E+00
  4.95000  0.000000E+00
  4.96000  0.000000E+00
  4.97000  0.000000E+00
  4.98000  0.000000E+00
  4.99000  0.000000E+00
  5.00000  0.000000E+00
  5.01000  0.000000E+00
  5.02000  0.000000E+00
  5.03000  0.000000E+00
  5.04000  0.000000E+00
  5.05000  0.000000E+00
  5.06000  0.000000E+00
  5.07000  0.000000E+00
  5.08000  0.000000E+00
  5.09000  0.000000E+00
  5.10000  0.000000E+00
  5.11000  0.000000E+00
  5.12000  0.000000E+00
  5.13000  0.000000E+00
  5.14000  0.000000E+00
  5.15000  0.000000E+00
  5.16000  0.000000E+00
  5.17000  0.000000E+00
  5.18000  0.000000E+00
  5.19000  0.000000E+00
  5.20000  0.000000E+00
  5.21000  0.000000E+00
  5.22000  0.000000E+00
  5.23000  0.000000E+00
  5.24000  0.000000E+00
  5.25000  0.000000E+00
  5.26000  0.000000E+00
  5.27000  0.000000E+00
  5.28000  0.000000E+00
  5.29000  0.000000E+00
  5.30000  0.000000E+00
  5.31000  0.000000E+00
  5.32000  0.000000E+00
  5.33000  0.000000E+00
  5.34000  0.000000E+00
  5.35000  0.000000E+00
  5.36000  0.000000E+00
  5.37000  0.000000E+00
  5.38000  0.000000E+00
  5.39000  0.000000E+00
  5.40000  0.000000E+00
  5.41000  0.000000E+00
  5.42000  0.000000E+00
  5.43000  0.000000E+00
  5.44000  0.000000E+00
  5.45000  0.000000E+00
  5.46000  0.000000E+00
  5.47000  0.000000E+00
  5.48000  0.000000E+00
  5.49000  0.000000E+00
  5.50000  0.000000E+00
  5.51000  0.000000E+00
  5.52000  0.000000E+00
  5.53000  0.000000E+00
  5.54000  0.000000E+00
  5.55000  0.000000E+00
  5.56000  0.000000E+00
  5.57000  0.000000E+00
  5.58000  0.000000E+00
  5.59000  0.000000E+00
  5.60000  0.000000E+00
  5.61000  0.000000E+00
  5.62000  0.000000E+00
  5.63000  0.000000E+00
  5.64000  0.000000E+00
  5.65000  0.000000E+00
  5.66000  0.000000E+00
  5.67000  0.000000E+00
  5.68000  0.000000E+00
  5.69000  0.000000E+00
  5.70000  0.000000E+00
  5.71000  0.000000E+00
  5.72000  0.000000E+00
  5.73000  0.000000E+00
  5.74000  0.000000E+00
  5.75000  0.000000E+00
  5.76000  0.000000E+00
  5.77000  0.000000E+00
  5.78000  0.000000E+00
  5.79000  0.000000E+00
  5.80000  0.000000E+00
  5.81000  0.000000E+00
  5.82000  0.000000E+00
  5.83000  0.000000E+00
  5.84000  0.000000E+00
  5.85000  0.000000E+00
  5.86000  0.000000E+00
  5.87000  0.000000E+00
  5.88000  0.000000E+00
  5.89000  0.000000E+00
  5.90000  0.000000E+00
  5.91000  0.000000E+00
  5.92000  0.000000E+00
  5.93000  0.000000E+00
  5.94000  0.000000E+00
  5.95000  0.000000E+00
  5.96000  0.000000E+00
  5.97000  0.000000E+00
  5.98000  0.000000E+00
  5.99000  0.000000E+00
  6.00000  0.000000E+00
  6.20000  0.000000E+00
  6.40000  0.000000E+00
  6.60000  0.000000E+00
  6.80000  0.000000E+00
  7.00000  0.000000E+00
