  0.00000  0.000000E+00
  0.01000  0.000000E+00
  0.02000  0.000000E+00
  0.03000  0.000000E+00
  0.04000  0.000000E+00
  0.05000  0.000000E+00
  0.06000  0.000000E+00
  0.07000  0.000000E+00
  0.08000  0.000000E+00
  0.09000  0.000000E+00
  0.10000  0.000000E+00
  0.11000  0.000000E+00
  0.12000  0.000000E+00
  0.13000  0.000000E+00
  0.14000  0.000000E+00
  0.15000  0.000000E+00
  0.16000  0.000000E+00
  0.17000  0.000000E+00
  0.18000  0.000000E+00
  0.19000  0.000000E+00
  0.20000  0.000000E+00
  0.21000  0.000000E+00
  0.22000  0.000000E+00
  0.23000  0.000000E+00
  0.24000  0.000000E+00
  0.25000  0.000000E+00
  0.26000  0.000000E+00
  0.27000  0.000000E+00
  0.28000  0.000000E+00
  0.29000  0.000000E+00
  0.30000  0.000000E+00
  0.31000  0.000000E+00
  0.32000  0.000000E+00
  0.33000  0.000000E+00
  0.34000  0.000000E+00
  0.35000  0.000000E+00
  0.36000  0.000000E+00
  0.37000  0.000000E+00
  0.38000  0.000000E+00
  0.39000  0.000000E+00
  0.40000  0.000000E+00
  0.41000  0.000000E+00
  0.42000  0.000000E+00
  0.43000  0.000000E+00
  0.44000  0.000000E+00
  0.45000  0.000000E+00
  0.46000  0.000000E+00
  0.47000  0.000000E+00
  0.48000  0.000000E+00
  0.49000  0.000000E+00
  0.50000  0.000000E+00
  0.51000  0.000000E+00
  0.52000  0.000000E+00
  0.53000  0.000000E+00
  0.54000  0.000000E+00
  0.55000  0.000000E+00
  0.56000  0.000000E+00
  0.57000  0.000000E+00
  0.58000  0.000000E+00
  0.59000  0.000000E+00
  0.60000  0.000000E+00
  0.61000  0.000000E+00
  0.62000  0.000000E+00
  0.63000  0.000000E+00
  0.64000  0.000000E+00
  0.65000  0.000000E+00
  0.66000  0.000000E+00
  0.67000  0.000000E+00
  0.68000  0.000000E+00
  0.69000  0.000000E+00
  0.70000  0.000000E+00
  0.71000  0.000000E+00
  0.72000  0.000000E+00
  0.73000  0.000000E+00
  0.74000  0.000000E+00
  0.75000  0.000000E+00
  0.76000  0.000000E+00
  0.77000  0.000000E+00
  0.78000  0.000000E+00
  0.79000  0.000000E+00
  0.80000  0.000000E+00
  0.81000  0.000000E+00
  0.82000  0.000000E+00
  0.83000  0.000000E+00
  0.84000  0.000000E+00
  0.85000  0.000000E+00
  0.86000  0.000000E+00
  0.87000  0.000000E+00
  0.88000  0.000000E+00
  0.89000  0.000000E+00
  0.90000  0.000000E+00
  0.91000  0.000000E+00
  0.92000  0.000000E+00
  0.93000  0.000000E+00
  0.94000  0.000000E+00
  0.95000  0.000000E+00
  0.96000  0.000000E+00
  0.97000  0.000000E+00
  0.98000  0.000000E+00
  0.99000  0.000000E+00
  1.00000  0.000000E+00
  1.01000  0.000000E+00
  1.02000  0.000000E+00
  1.03000  0.000000E+00
  1.04000  0.000000E+00
  1.05000  0.000000E+00
  1.06000  0.000000E+00
  1.07000  0.000000E+00
  1.08000  0.000000E+00
  1.09000  0.000000E+00
  1.10000  0.000000E+00
  1.11000  0.000000E+00
  1.12000  0.000000E+00
  1.13000  0.000000E+00
  1.14000  0.000000E+00
  1.15000  0.000000E+00
  1.16000  0.000000E+00
  1.17000  0.000000E+00
  1.18000  0.000000E+00
  1.19000  0.000000E+00
  1.20000  0.000000E+00
  1.21000  0.000000E+00
  1.22000  0.000000E+00
  1.23000  0.260833E-03
  1.24000  0.393329E+00
  1.25000  0.688848E+00
  1.26000  0.654410E+00
  1.27000  0.784976E+00
  1.28000  0.900355E+00
  1.29000  0.978722E+00
  1.30000  0.100000E+01
  1.31000  0.945287E+00
  1.32000  0.816124E+00
  1.33000  0.692165E+00
  1.34000  0.665887E+00
  1.35000  0.636321E+00
  1.36000  0.598513E+00
  1.37000  0.542949E+00
  1.38000  0.472978E+00
  1.39000  0.401747E+00
  1.40000  0.337964E+00
  1.41000  0.352855E+00
  1.42000  0.380541E+00
  1.43000  0.402329E+00
  1.44000  0.404148E+00
  1.45000  0.383929E+00
  1.46000  0.359086E+00
  1.47000  0.347463E+00
  1.48000  0.333299E+00
  1.49000  0.360784E+00
  1.50000  0.385438E+00
  1.51000  0.400041E+00
  1.52000  0.400390E+00
  1.53000  0.461074E+00
  1.54000  0.544307E+00
  1.55000  0.622506E+00
  1.56000  0.702404E+00
  1.57000  0.770862E+00
  1.58000  0.809114E+00
  1.59000  0.831483E+00
  1.60000  0.840733E+00
  1.61000  0.843415E+00
  1.62000  0.839331E+00
  1.63000  0.819548E+00
  1.64000  0.796173E+00
  1.65000  0.777772E+00
  1.66000  0.755884E+00
  1.67000  0.720052E+00
  1.68000  0.665986E+00
  1.69000  0.596330E+00
  1.70000  0.518164E+00
  1.71000  0.473387E+00
  1.72000  0.479877E+00
  1.73000  0.473236E+00
  1.74000  0.458568E+00
  1.75000  0.437325E+00
  1.76000  0.408563E+00
  1.77000  0.369875E+00
  1.78000  0.325127E+00
  1.79000  0.278804E+00
  1.80000  0.232745E+00
  1.81000  0.189983E+00
  1.82000  0.153114E+00
  1.83000  0.122098E+00
  1.84000  0.960281E-01
  1.85000  0.734210E-01
  1.86000  0.543261E-01
  1.87000  0.392116E-01
  1.88000  0.284785E-01
  1.89000  0.241163E-01
  1.90000  0.200835E-01
  1.91000  0.166680E-01
  1.92000  0.136923E-01
  1.93000  0.107895E-01
  1.94000  0.798170E-02
  1.95000  0.562212E-02
  1.96000  0.387116E-02
  1.97000  0.260719E-02
  1.98000  0.170011E-02
  1.99000  0.105606E-02
  2.00000  0.625848E-03
  2.01000  0.366122E-03
  2.02000  0.217210E-03
  2.03000  0.128075E-03
  2.04000  0.740399E-04
  2.05000  0.423587E-04
  2.06000  0.236910E-04
  2.07000  0.128311E-04
  2.08000  0.692620E-05
  2.09000  0.368680E-05
  2.10000  0.189369E-05
  2.11000  0.957135E-06
  2.12000  0.549404E-06
  2.13000  0.361506E-06
  2.14000  0.249421E-06
  2.15000  0.202558E-06
  2.16000  0.157692E-06
  2.17000  0.118881E-06
  2.18000  0.898185E-07
  2.19000  0.693318E-07
  2.20000  0.514790E-07
  2.21000  0.320998E-07
  2.22000  0.171295E-07
  2.23000  0.978939E-08
  2.24000  0.663699E-08
  2.25000  0.501334E-08
  2.26000  0.392865E-08
  2.27000  0.308000E-08
  2.28000  0.237655E-08
  2.29000  0.179475E-08
  2.30000  0.132213E-08
  2.31000  0.941115E-09
  2.32000  0.801174E-09
  2.33000  0.686969E-09
  2.34000  0.588123E-09
  2.35000  0.505545E-09
  2.36000  0.430796E-09
  2.37000  0.353332E-09
  2.38000  0.280694E-09
  2.39000  0.229526E-09
  2.40000  0.194263E-09
  2.41000  0.167075E-09
  2.42000  0.146004E-09
  2.43000  0.126621E-09
  2.44000  0.105925E-09
  2.45000  0.851853E-10
  2.46000  0.668585E-10
  2.47000  0.527552E-10
  2.48000  0.436715E-10
  2.49000  0.396925E-10
  2.50000  0.395816E-10
  2.51000  0.417635E-10
  2.52000  0.446753E-10
  2.53000  0.465119E-10
  2.54000  0.460598E-10
  2.55000  0.435471E-10
  2.56000  0.395500E-10
  2.57000  0.343700E-10
  2.58000  0.284505E-10
  2.59000  0.227854E-10
  2.60000  0.180845E-10
  2.61000  0.143798E-10
  2.62000  0.115184E-10
  2.63000  0.937455E-11
  2.64000  0.779351E-11
  2.65000  0.657745E-11
  2.66000  0.551862E-11
  2.67000  0.455426E-11
  2.68000  0.370455E-11
  2.69000  0.299119E-11
  2.70000  0.239360E-11
  2.71000  0.189875E-11
  2.72000  0.149743E-11
  2.73000  0.149141E-11
  2.74000  0.170251E-11
  2.75000  0.184096E-11
  2.76000  0.188580E-11
  2.77000  0.186639E-11
  2.78000  0.181932E-11
  2.79000  0.178159E-11
  2.80000  0.176979E-11
  2.81000  0.178485E-11
  2.82000  0.181960E-11
  2.83000  0.186574E-11
  2.84000  0.192510E-11
  2.85000  0.200605E-11
  2.86000  0.211133E-11
  2.87000  0.224952E-11
  2.88000  0.241911E-11
  2.89000  0.262932E-11
  2.90000  0.290969E-11
  2.91000  0.330833E-11
  2.92000  0.388099E-11
  2.93000  0.467272E-11
  2.94000  0.569941E-11
  2.95000  0.692931E-11
  2.96000  0.823888E-11
  2.97000  0.961459E-11
  2.98000  0.109376E-10
  2.99000  0.120767E-10
  3.00000  0.128973E-10
  3.01000  0.133092E-10
  3.02000  0.132673E-10
  3.03000  0.126994E-10
  3.04000  0.115892E-10
  3.05000  0.100343E-10
  3.06000  0.815855E-11
  3.07000  0.643665E-11
  3.08000  0.497974E-11
  3.09000  0.385062E-11
  3.10000  0.301512E-11
  3.11000  0.240245E-11
  3.12000  0.194583E-11
  3.13000  0.159567E-11
  3.14000  0.131778E-11
  3.15000  0.109174E-11
  3.16000  0.896610E-12
  3.17000  0.744880E-12
  3.18000  0.622146E-12
  3.19000  0.523164E-12
  3.20000  0.441897E-12
  3.21000  0.374878E-12
  3.22000  0.319538E-12
  3.23000  0.274123E-12
  3.24000  0.237678E-12
  3.25000  0.208879E-12
  3.26000  0.182401E-12
  3.27000  0.161026E-12
  3.28000  0.141818E-12
  3.29000  0.125253E-12
  3.30000  0.111163E-12
  3.31000  0.985893E-13
  3.32000  0.869789E-13
  3.33000  0.759294E-13
  3.34000  0.964969E-13
  3.35000  0.122661E-12
  3.36000  0.146389E-12
  3.37000  0.173902E-12
  3.38000  0.202234E-12
  3.39000  0.232389E-12
  3.40000  0.265752E-12
  3.41000  0.303129E-12
  3.42000  0.346005E-12
  3.43000  0.397968E-12
  3.44000  0.462759E-12
  3.45000  0.544106E-12
  3.46000  0.627101E-12
  3.47000  0.747751E-12
  3.48000  0.887035E-12
  3.49000  0.103593E-11
  3.50000  0.118194E-11
  3.51000  0.130855E-11
  3.52000  0.140014E-11
  3.53000  0.145305E-11
  3.54000  0.147889E-11
  3.55000  0.149207E-11
  3.56000  0.147158E-11
  3.57000  0.147538E-11
  3.58000  0.146822E-11
  3.59000  0.143485E-11
  3.60000  0.135786E-11
  3.61000  0.122804E-11
  3.62000  0.105488E-11
  3.63000  0.862443E-12
  3.64000  0.677034E-12
  3.65000  0.517993E-12
  3.66000  0.385483E-12
  3.67000  0.295617E-12
  3.68000  0.231272E-12
  3.69000  0.185478E-12
  3.70000  0.152720E-12
  3.71000  0.129031E-12
  3.72000  0.111663E-12
  3.73000  0.102770E-12
  3.74000  0.959290E-13
  3.75000  0.903752E-13
  3.76000  0.839242E-13
  3.77000  0.794641E-13
  3.78000  0.748055E-13
  3.79000  0.694688E-13
  3.80000  0.631317E-13
  3.81000  0.556469E-13
  3.82000  0.471391E-13
  3.83000  0.383750E-13
  3.84000  0.317780E-13
  3.85000  0.261141E-13
  3.86000  0.210205E-13
  3.87000  0.175394E-13
  3.88000  0.161971E-13
  3.89000  0.222942E-13
  3.90000  0.297917E-13
  3.91000  0.383606E-13
  3.92000  0.472958E-13
  3.93000  0.557391E-13
  3.94000  0.627726E-13
  3.95000  0.675834E-13
  3.96000  0.680305E-13
  3.97000  0.672564E-13
  3.98000  0.642146E-13
  3.99000  0.596324E-13
  4.00000  0.544106E-13
  4.01000  0.491954E-13
  4.02000  0.442571E-13
  4.03000  0.396440E-13
  4.04000  0.353206E-13
  4.05000  0.312800E-13
  4.06000  0.260466E-13
  4.07000  0.228994E-13
  4.08000  0.201048E-13
  4.09000  0.175530E-13
  4.10000  0.151508E-13
  4.11000  0.128531E-13
  4.12000  0.106518E-13
  4.13000  0.855925E-14
  4.14000  0.664178E-14
  4.15000  0.496300E-14
  4.16000  0.331775E-14
  4.17000  0.231486E-14
  4.18000  0.158353E-14
  4.19000  0.108358E-14
  4.20000  0.759361E-15
  4.21000  0.556885E-15
  4.22000  0.433419E-15
  4.23000  0.359360E-15
  4.24000  0.315236E-15
  4.25000  0.288446E-15
  4.26000  0.252890E-15
  4.27000  0.243616E-15
  4.28000  0.236564E-15
  4.29000  0.230641E-15
  4.30000  0.225984E-15
  4.31000  0.222740E-15
  4.32000  0.220845E-15
  4.33000  0.220431E-15
  4.34000  0.221738E-15
  4.35000  0.224644E-15
  4.36000  0.218055E-15
  4.37000  0.220822E-15
  4.38000  0.221936E-15
  4.39000  0.223088E-15
  4.40000  0.230894E-15
  4.41000  0.232859E-15
  4.42000  0.227525E-15
  4.43000  0.214614E-15
  4.44000  0.195048E-15
  4.45000  0.170764E-15
  4.46000  0.199545E-15
  4.47000  0.254452E-15
  4.48000  0.317395E-15
  4.49000  0.387294E-15
  4.50000  0.464214E-15
  4.51000  0.548742E-15
  4.52000  0.643573E-15
  4.53000  0.755640E-15
  4.54000  0.896210E-15
  4.55000  0.107339E-14
  4.56000  0.116038E-14
  4.57000  0.138645E-14
  4.58000  0.163713E-14
  4.59000  0.189252E-14
  4.60000  0.212603E-14
  4.61000  0.231072E-14
  4.62000  0.241549E-14
  4.63000  0.240615E-14
  4.64000  0.226369E-14
  4.65000  0.200056E-14
  4.66000  0.134364E-14
  4.67000  0.102736E-14
  4.68000  0.743605E-15
  4.69000  0.517282E-15
  4.70000  0.353998E-15
  4.71000  0.244394E-15
  4.72000  0.173351E-15
  4.73000  0.127244E-15
  4.74000  0.963219E-16
  4.75000  0.745267E-16
  4.76000  0.427613E-16
  4.77000  0.341060E-16
  4.78000  0.273471E-16
  4.79000  0.218387E-16
  4.80000  0.172872E-16
  4.81000  0.135076E-16
  4.82000  0.103215E-16
  4.83000  0.767696E-17
  4.84000  0.549852E-17
  4.85000  0.374289E-17
  4.86000  0.183278E-17
  4.87000  0.112262E-17
  4.88000  0.659085E-18
  4.89000  0.382845E-18
  4.90000  0.230684E-18
  4.91000  0.152184E-18
  4.92000  0.115550E-18
  4.93000  0.103850E-18
  4.94000  0.110029E-18
  4.95000  0.133448E-18
  4.96000  0.145493E-18
  4.97000  0.211125E-18
  4.98000  0.316332E-18
  4.99000  0.470800E-18
  5.00000  0.678737E-18
  5.01000  0.934645E-18
  5.02000  0.122622E-17
  5.03000  0.152341E-17
  5.04000  0.178744E-17
  5.05000  0.197015E-17
  5.06000  0.168386E-17
  5.07000  0.156918E-17
  5.08000  0.255684E-17
  5.09000  0.571595E-17
  5.10000  0.113193E-16
  5.11000  0.197118E-16
  5.12000  0.300736E-16
  5.13000  0.399433E-16
  5.14000  0.460627E-16
  5.15000  0.466808E-16
  5.16000  0.309132E-16
  5.17000  0.251243E-16
  5.18000  0.198835E-16
  5.19000  0.160526E-16
  5.20000  0.136952E-16
  5.21000  0.125172E-16
  5.22000  0.122082E-16
  5.23000  0.124668E-16
  5.24000  0.130336E-16
  5.25000  0.136794E-16
  5.26000  0.900354E-17
  5.27000  0.923132E-17
  5.28000  0.924951E-17
  5.29000  0.901237E-17
  5.30000  0.849436E-17
  5.31000  0.767313E-17
  5.32000  0.659399E-17
  5.33000  0.537876E-17
  5.34000  0.416678E-17
  5.35000  0.308383E-17
  5.36000  0.137404E-17
  5.37000  0.956498E-18
  5.38000  0.660769E-18
  5.39000  0.459236E-18
  5.40000  0.325023E-18
  5.41000  0.235767E-18
  5.42000  0.175326E-18
  5.43000  0.132968E-18
  5.44000  0.102407E-18
  5.45000  0.801368E-19
  5.46000  0.375398E-19
  5.47000  0.308567E-19
  5.48000  0.262651E-19
  5.49000  0.230384E-19
  5.50000  0.204994E-19
  5.51000  0.182066E-19
  5.52000  0.159203E-19
  5.53000  0.135978E-19
  5.54000  0.113187E-19
  5.55000  0.918452E-20
  5.56000  0.432899E-20
  5.57000  0.333527E-20
  5.58000  0.250806E-20
  5.59000  0.208549E-20
  5.60000  0.214573E-20
  5.61000  0.214467E-20
  5.62000  0.214172E-20
  5.63000  0.217033E-20
  5.64000  0.225564E-20
  5.65000  0.240260E-20
  5.66000  0.147298E-20
  5.67000  0.156895E-20
  5.68000  0.165604E-20
  5.69000  0.170787E-20
  5.70000  0.172045E-20
  5.71000  0.170744E-20
  5.72000  0.168003E-20
  5.73000  0.166591E-20
  5.74000  0.165865E-20
  5.75000  0.164285E-20
  5.76000  0.877554E-21
  5.77000  0.839673E-21
  5.78000  0.788728E-21
  5.79000  0.736409E-21
  5.80000  0.674842E-21
  5.81000  0.604920E-21
  5.82000  0.517590E-21
  5.83000  0.423028E-21
  5.84000  0.327950E-21
  5.85000  0.243222E-21
  5.86000  0.914580E-22
  5.87000  0.624103E-22
  5.88000  0.415316E-22
  5.89000  0.279622E-22
  5.90000  0.195789E-22
  5.91000  0.146966E-22
  5.92000  0.120062E-22
  5.93000  0.107584E-22
  5.94000  0.104432E-22
  5.95000  0.111303E-22
  5.96000  0.615529E-23
  5.97000  0.688932E-23
  5.98000  0.777396E-23
  5.99000  0.870066E-23
  6.00000  0.970652E-23
  6.20000  0.184938E-24
  6.40000  0.823156E-27
  6.60000  0.000000E+00
  6.80000  0.000000E+00
  7.00000  0.000000E+00
