  0.00000  0.000000E+00
  0.01000  0.000000E+00
  0.02000  0.229242E-16
  0.03000  0.529117E-10
  0.04000  0.167939E-09
  0.05000  0.540126E-09
  0.06000  0.305432E-08
  0.07000  0.899860E-08
  0.08000  0.145304E-07
  0.09000  0.196133E-07
  0.10000  0.143503E-07
  0.11000  0.110069E-07
  0.12000  0.146568E-07
  0.13000  0.277966E-07
  0.14000  0.667152E-07
  0.15000  0.166519E-06
  0.16000  0.241825E-06
  0.17000  0.286391E-06
  0.18000  0.357034E-06
  0.19000  0.473703E-06
  0.20000  0.842783E-06
  0.21000  0.126250E-05
  0.22000  0.216619E-05
  0.23000  0.372059E-05
  0.24000  0.559499E-05
  0.25000  0.866539E-05
  0.26000  0.126295E-04
  0.27000  0.184554E-04
  0.28000  0.320214E-04
  0.29000  0.534521E-04
  0.30000  0.744405E-04
  0.31000  0.901955E-04
  0.32000  0.966384E-04
  0.33000  0.885790E-04
  0.34000  0.730679E-04
  0.35000  0.639456E-04
  0.36000  0.638588E-04
  0.37000  0.678662E-04
  0.38000  0.730647E-04
  0.39000  0.800638E-04
  0.40000  0.851289E-04
  0.41000  0.876945E-04
  0.42000  0.864643E-04
  0.43000  0.788013E-04
  0.44000  0.837750E-04
  0.45000  0.977620E-04
  0.46000  0.107547E-03
  0.47000  0.116703E-03
  0.48000  0.125696E-03
  0.49000  0.133504E-03
  0.50000  0.135966E-03
  0.51000  0.181625E-03
  0.52000  0.254505E-03
  0.53000  0.364352E-03
  0.54000  0.530348E-03
  0.55000  0.734997E-03
  0.56000  0.972055E-03
  0.57000  0.130888E-02
  0.58000  0.175059E-02
  0.59000  0.233685E-02
  0.60000  0.303703E-02
  0.61000  0.381694E-02
  0.62000  0.473388E-02
  0.63000  0.581872E-02
  0.64000  0.716512E-02
  0.65000  0.891030E-02
  0.66000  0.113148E-01
  0.67000  0.145091E-01
  0.68000  0.371175E-01
  0.69000  0.615166E-01
  0.70000  0.634818E-01
  0.71000  0.651489E-01
  0.72000  0.692880E-01
  0.73000  0.669130E-01
  0.74000  0.807545E-01
  0.75000  0.912397E-01
  0.76000  0.747944E-01
  0.77000  0.624861E-01
  0.78000  0.560451E-01
  0.79000  0.440271E-01
  0.80000  0.319121E-01
  0.81000  0.390155E-01
  0.82000  0.482029E-01
  0.83000  0.565896E-01
  0.84000  0.633121E-01
  0.85000  0.715444E-01
  0.86000  0.996359E-01
  0.87000  0.124803E+00
  0.88000  0.142017E+00
  0.89000  0.157107E+00
  0.90000  0.168573E+00
  0.91000  0.175927E+00
  0.92000  0.178316E+00
  0.93000  0.154554E+00
  0.94000  0.151038E+00
  0.95000  0.155947E+00
  0.96000  0.162577E+00
  0.97000  0.167463E+00
  0.98000  0.165200E+00
  0.99000  0.167957E+00
  1.00000  0.171354E+00
  1.01000  0.194038E+00
  1.02000  0.216431E+00
  1.03000  0.237112E+00
  1.04000  0.254572E+00
  1.05000  0.260059E+00
  1.06000  0.259437E+00
  1.07000  0.284131E+00
  1.08000  0.315706E+00
  1.09000  0.346866E+00
  1.10000  0.372757E+00
  1.11000  0.387581E+00
  1.12000  0.388676E+00
  1.13000  0.380716E+00
  1.14000  0.367409E+00
  1.15000  0.343716E+00
  1.16000  0.310722E+00
  1.17000  0.283597E+00
  1.18000  0.288035E+00
  1.19000  0.292742E+00
  1.20000  0.299239E+00
  1.21000  0.308901E+00
  1.22000  0.315826E+00
  1.23000  0.316723E+00
  1.24000  0.310194E+00
  1.25000  0.339242E+00
  1.26000  0.397481E+00
  1.27000  0.439630E+00
  1.28000  0.461358E+00
  1.29000  0.472346E+00
  1.30000  0.475368E+00
  1.31000  0.473843E+00
  1.32000  0.474367E+00
  1.33000  0.472854E+00
  1.34000  0.467626E+00
  1.35000  0.466237E+00
  1.36000  0.479278E+00
  1.37000  0.511198E+00
  1.38000  0.553759E+00
  1.39000  0.592726E+00
  1.40000  0.622612E+00
  1.41000  0.644075E+00
  1.42000  0.652959E+00
  1.43000  0.653088E+00
  1.44000  0.641691E+00
  1.45000  0.615375E+00
  1.46000  0.576579E+00
  1.47000  0.577094E+00
  1.48000  0.619439E+00
  1.49000  0.654305E+00
  1.50000  0.686738E+00
  1.51000  0.718154E+00
  1.52000  0.745280E+00
  1.53000  0.769973E+00
  1.54000  0.802701E+00
  1.55000  0.852710E+00
  1.56000  0.913676E+00
  1.57000  0.965797E+00
  1.58000  0.994784E+00
  1.59000  0.100000E+01
  1.60000  0.988039E+00
  1.61000  0.962898E+00
  1.62000  0.936949E+00
  1.63000  0.922371E+00
  1.64000  0.914685E+00
  1.65000  0.906360E+00
  1.66000  0.898401E+00
  1.67000  0.888558E+00
  1.68000  0.884135E+00
  1.69000  0.894478E+00
  1.70000  0.890464E+00
  1.71000  0.854012E+00
  1.72000  0.794713E+00
  1.73000  0.737799E+00
  1.74000  0.742632E+00
  1.75000  0.761707E+00
  1.76000  0.787185E+00
  1.77000  0.822246E+00
  1.78000  0.862533E+00
  1.79000  0.899990E+00
  1.80000  0.926514E+00
  1.81000  0.935699E+00
  1.82000  0.925373E+00
  1.83000  0.897975E+00
  1.84000  0.857338E+00
  1.85000  0.808198E+00
  1.86000  0.755299E+00
  1.87000  0.703874E+00
  1.88000  0.709465E+00
  1.89000  0.718903E+00
  1.90000  0.717482E+00
  1.91000  0.699695E+00
  1.92000  0.666823E+00
  1.93000  0.625712E+00
  1.94000  0.582245E+00
  1.95000  0.537454E+00
  1.96000  0.489854E+00
  1.97000  0.442778E+00
  1.98000  0.394938E+00
  1.99000  0.354504E+00
  2.00000  0.334667E+00
  2.01000  0.314558E+00
  2.02000  0.293481E+00
  2.03000  0.271192E+00
  2.04000  0.250799E+00
  2.05000  0.232767E+00
  2.06000  0.213866E+00
  2.07000  0.194117E+00
  2.08000  0.173298E+00
  2.09000  0.152866E+00
  2.10000  0.135696E+00
  2.11000  0.122684E+00
  2.12000  0.112542E+00
  2.13000  0.103519E+00
  2.14000  0.945538E-01
  2.15000  0.853998E-01
  2.16000  0.756095E-01
  2.17000  0.658674E-01
  2.18000  0.565816E-01
  2.19000  0.481860E-01
  2.20000  0.409156E-01
  2.21000  0.347460E-01
  2.22000  0.292799E-01
  2.23000  0.247708E-01
  2.24000  0.215781E-01
  2.25000  0.185735E-01
  2.26000  0.159837E-01
  2.27000  0.139571E-01
  2.28000  0.122516E-01
  2.29000  0.106604E-01
  2.30000  0.910183E-02
  2.31000  0.762243E-02
  2.32000  0.632134E-02
  2.33000  0.527089E-02
  2.34000  0.449548E-02
  2.35000  0.406669E-02
  2.36000  0.375175E-02
  2.37000  0.352817E-02
  2.38000  0.334381E-02
  2.39000  0.317308E-02
  2.40000  0.300673E-02
  2.41000  0.283956E-02
  2.42000  0.266081E-02
  2.43000  0.247114E-02
  2.44000  0.228474E-02
  2.45000  0.210893E-02
  2.46000  0.195198E-02
  2.47000  0.183974E-02
  2.48000  0.177593E-02
  2.49000  0.174568E-02
  2.50000  0.172320E-02
  2.51000  0.169779E-02
  2.52000  0.167435E-02
  2.53000  0.164471E-02
  2.54000  0.156646E-02
  2.55000  0.140778E-02
  2.56000  0.118699E-02
  2.57000  0.959197E-03
  2.58000  0.754321E-03
  2.59000  0.591126E-03
  2.60000  0.485048E-03
  2.61000  0.415156E-03
  2.62000  0.363007E-03
  2.63000  0.321492E-03
  2.64000  0.286088E-03
  2.65000  0.254263E-03
  2.66000  0.224151E-03
  2.67000  0.197816E-03
  2.68000  0.174207E-03
  2.69000  0.152637E-03
  2.70000  0.132771E-03
  2.71000  0.114616E-03
  2.72000  0.982694E-04
  2.73000  0.837644E-04
  2.74000  0.744638E-04
  2.75000  0.667340E-04
  2.76000  0.600085E-04
  2.77000  0.558201E-04
  2.78000  0.518424E-04
  2.79000  0.480677E-04
  2.80000  0.445085E-04
  2.81000  0.411557E-04
  2.82000  0.379576E-04
  2.83000  0.359187E-04
  2.84000  0.351212E-04
  2.85000  0.344907E-04
  2.86000  0.336746E-04
  2.87000  0.329744E-04
  2.88000  0.319430E-04
  2.89000  0.304611E-04
  2.90000  0.285725E-04
  2.91000  0.264549E-04
  2.92000  0.242878E-04
  2.93000  0.221879E-04
  2.94000  0.202215E-04
  2.95000  0.183442E-04
  2.96000  0.162488E-04
  2.97000  0.144142E-04
  2.98000  0.127391E-04
  2.99000  0.113001E-04
  3.00000  0.103170E-04
  3.01000  0.954152E-05
  3.02000  0.877416E-05
  3.03000  0.804478E-05
  3.04000  0.733964E-05
  3.05000  0.665964E-05
  3.06000  0.585598E-05
  3.07000  0.530480E-05
  3.08000  0.481898E-05
  3.09000  0.439900E-05
  3.10000  0.408553E-05
  3.11000  0.385803E-05
  3.12000  0.364009E-05
  3.13000  0.341418E-05
  3.14000  0.316629E-05
  3.15000  0.289741E-05
  3.16000  0.251832E-05
  3.17000  0.225266E-05
  3.18000  0.199720E-05
  3.19000  0.175651E-05
  3.20000  0.153296E-05
  3.21000  0.132534E-05
  3.22000  0.113311E-05
  3.23000  0.958662E-06
  3.24000  0.804745E-06
  3.25000  0.672368E-06
  3.26000  0.530941E-06
  3.27000  0.441020E-06
  3.28000  0.373769E-06
  3.29000  0.339014E-06
  3.30000  0.305719E-06
  3.31000  0.274245E-06
  3.32000  0.245291E-06
  3.33000  0.219069E-06
  3.34000  0.195613E-06
  3.35000  0.174837E-06
  3.36000  0.142080E-06
  3.37000  0.127115E-06
  3.38000  0.114520E-06
  3.39000  0.104240E-06
  3.40000  0.961464E-07
  3.41000  0.900664E-07
  3.42000  0.857744E-07
  3.43000  0.829393E-07
  3.44000  0.811613E-07
  3.45000  0.800127E-07
  3.46000  0.687334E-07
  3.47000  0.676635E-07
  3.48000  0.660395E-07
  3.49000  0.635833E-07
  3.50000  0.602801E-07
  3.51000  0.562710E-07
  3.52000  0.517772E-07
  3.53000  0.470315E-07
  3.54000  0.422870E-07
  3.55000  0.379396E-07
  3.56000  0.300667E-07
  3.57000  0.278947E-07
  3.58000  0.259444E-07
  3.59000  0.242053E-07
  3.60000  0.227321E-07
  3.61000  0.215888E-07
  3.62000  0.207566E-07
  3.63000  0.201725E-07
  3.64000  0.197712E-07
  3.65000  0.195114E-07
  3.66000  0.163022E-07
  3.67000  0.162053E-07
  3.68000  0.161142E-07
  3.69000  0.159791E-07
  3.70000  0.157537E-07
  3.71000  0.153928E-07
  3.72000  0.148536E-07
  3.73000  0.141349E-07
  3.74000  0.132561E-07
  3.75000  0.122264E-07
  3.76000  0.924095E-08
  3.77000  0.821705E-08
  3.78000  0.720660E-08
  3.79000  0.629225E-08
  3.80000  0.549964E-08
  3.81000  0.481173E-08
  3.82000  0.420958E-08
  3.83000  0.367678E-08
  3.84000  0.319535E-08
  3.85000  0.274972E-08
  3.86000  0.197097E-08
  3.87000  0.177280E-08
  3.88000  0.156719E-08
  3.89000  0.136467E-08
  3.90000  0.117338E-08
  3.91000  0.999202E-09
  3.92000  0.845453E-09
  3.93000  0.712746E-09
  3.94000  0.599819E-09
  3.95000  0.504665E-09
  3.96000  0.329019E-09
  3.97000  0.275542E-09
  3.98000  0.230657E-09
  3.99000  0.192885E-09
  4.00000  0.161128E-09
  4.01000  0.134425E-09
  4.02000  0.112042E-09
  4.03000  0.935467E-10
  4.04000  0.784650E-10
  4.05000  0.663004E-10
  4.06000  0.438350E-10
  4.07000  0.410713E-10
  4.08000  0.386814E-10
  4.09000  0.364566E-10
  4.10000  0.342538E-10
  4.11000  0.319987E-10
  4.12000  0.296983E-10
  4.13000  0.273720E-10
  4.14000  0.250394E-10
  4.15000  0.227230E-10
  4.16000  0.141414E-10
  4.17000  0.125290E-10
  4.18000  0.109811E-10
  4.19000  0.952704E-11
  4.20000  0.819159E-11
  4.21000  0.699262E-11
  4.22000  0.593892E-11
  4.23000  0.502394E-11
  4.24000  0.423998E-11
  4.25000  0.357230E-11
  4.26000  0.196010E-11
  4.27000  0.165930E-11
  4.28000  0.141419E-11
  4.29000  0.118689E-11
  4.30000  0.978811E-12
  4.31000  0.792472E-12
  4.32000  0.630075E-12
  4.33000  0.492623E-12
  4.34000  0.379278E-12
  4.35000  0.287541E-12
  4.36000  0.128767E-12
  4.37000  0.937501E-13
  4.38000  0.675267E-13
  4.39000  0.483336E-13
  4.40000  0.345320E-13
  4.41000  0.247800E-13
  4.42000  0.179772E-13
  4.43000  0.132725E-13
  4.44000  0.100283E-13
  4.45000  0.780664E-14
  4.46000  0.326443E-14
  4.47000  0.266765E-14
  4.48000  0.223939E-14
  4.49000  0.191879E-14
  4.50000  0.166357E-14
  4.51000  0.144744E-14
  4.52000  0.125582E-14
  4.53000  0.120004E-14
  4.54000  0.113257E-14
  4.55000  0.104103E-14
  4.56000  0.434450E-15
  4.57000  0.367213E-15
  4.58000  0.296270E-15
  4.59000  0.228241E-15
  4.60000  0.168265E-15
  4.61000  0.119236E-15
  4.62000  0.817095E-16
  4.63000  0.545795E-16
  4.64000  0.359114E-16
  4.65000  0.235224E-16
  4.66000  0.627613E-17
  4.67000  0.410270E-17
  4.68000  0.273805E-17
  4.69000  0.188121E-17
  4.70000  0.134001E-17
  4.71000  0.990882E-18
  4.72000  0.758651E-18
  4.73000  0.596560E-18
  4.74000  0.477097E-18
  4.75000  0.384574E-18
  4.76000  0.103422E-18
  4.77000  0.827835E-19
  4.78000  0.659592E-19
  4.79000  0.522842E-19
  4.80000  0.413352E-19
  4.81000  0.327114E-19
  4.82000  0.260230E-19
  4.83000  0.134542E-19
  4.84000  0.115043E-19
  4.85000  0.100907E-19
  4.86000  0.288580E-20
  4.87000  0.269087E-20
  4.88000  0.261623E-20
  4.89000  0.266861E-20
  4.90000  0.286892E-20
  4.91000  0.324991E-20
  4.92000  0.386257E-20
  4.93000  0.474535E-20
  4.94000  0.381954E-20
  4.95000  0.508487E-20
  4.96000  0.182736E-20
  4.97000  0.410455E-21
  4.98000  0.616470E-21
  4.99000  0.872471E-21
  5.00000  0.115633E-20
  5.01000  0.141650E-20
  5.02000  0.161053E-20
  5.03000  0.167904E-20
  5.04000  0.157492E-20
  5.05000  0.133290E-20
  5.06000  0.260318E-21
  5.07000  0.174679E-21
  5.08000  0.132715E-22
  5.09000  0.846019E-23
  5.10000  0.509671E-23
  5.11000  0.295242E-23
  5.12000  0.168768E-23
  5.13000  0.974079E-24
  5.14000  0.580635E-24
  5.15000  0.368486E-24
  5.16000  0.407959E-25
  5.17000  0.294660E-25
  5.18000  0.235787E-25
  5.19000  0.209552E-25
  5.20000  0.205384E-25
  5.21000  0.218463E-25
  5.22000  0.247616E-25
  5.23000  0.258071E-25
  5.24000  0.314687E-25
  5.25000  0.375978E-25
  5.26000  0.100167E-25
  5.27000  0.128514E-25
  5.28000  0.159028E-25
  5.29000  0.190524E-25
  5.30000  0.222140E-25
  5.31000  0.252937E-25
  5.32000  0.282503E-25
  5.33000  0.311063E-25
  5.34000  0.339292E-25
  5.35000  0.367811E-25
  5.36000  0.762850E-26
  5.37000  0.828182E-26
  5.38000  0.903822E-26
  5.39000  0.993917E-26
  5.40000  0.110181E-25
  5.41000  0.123210E-25
  5.42000  0.139287E-25
  5.43000  0.158746E-25
  5.44000  0.181891E-25
  5.45000  0.209773E-25
  5.46000  0.108381E-27
  5.47000  0.138875E-27
  5.48000  0.179800E-27
  5.49000  0.234641E-27
  5.50000  0.306003E-27
  5.51000  0.176695E-27
  5.52000  0.218740E-27
  5.53000  0.259448E-27
  5.54000  0.293956E-27
  5.55000  0.799829E-28
  5.56000  0.100800E-28
  5.57000  0.108641E-28
  5.58000  0.111760E-28
  5.59000  0.109912E-28
  5.60000  0.103401E-28
  5.61000  0.933571E-29
  5.62000  0.811175E-29
  5.63000  0.679504E-29
  5.64000  0.550529E-29
  5.65000  0.432366E-29
  5.66000  0.000000E+00
  5.67000  0.000000E+00
  5.68000  0.000000E+00
  5.69000  0.000000E+00
  5.70000  0.000000E+00
  5.71000  0.000000E+00
  5.72000  0.000000E+00
  5.73000  0.000000E+00
  5.74000  0.000000E+00
  5.75000  0.000000E+00
  5.76000  0.000000E+00
  5.77000  0.000000E+00
  5.78000  0.000000E+00
  5.79000  0.000000E+00
  5.80000  0.000000E+00
  5.81000  0.000000E+00
  5.82000  0.000000E+00
  5.83000  0.000000E+00
  5.84000  0.000000E+00
  5.85000  0.000000E+00
  5.86000  0.000000E+00
  5.87000  0.000000E+00
  5.88000  0.000000E+00
  5.89000  0.000000E+00
  5.90000  0.000000E+00
  5.91000  0.000000E+00
  5.92000  0.000000E+00
  5.93000  0.000000E+00
  5.94000  0.000000E+00
  5.95000  0.000000E+00
  5.96000  0.000000E+00
  5.97000  0.000000E+00
  5.98000  0.000000E+00
  5.99000  0.000000E+00
  6.00000  0.000000E+00
  6.20000  0.000000E+00
  6.40000  0.000000E+00
  6.60000  0.000000E+00
  6.80000  0.000000E+00
  7.00000  0.000000E+00
