  0.00000  0.000000E+00
  0.01000  0.518924E-24
  0.02000  0.782482E-12
  0.03000  0.128661E-11
  0.04000  0.299570E-11
  0.05000  0.129154E-10
  0.06000  0.177192E-09
  0.07000  0.539208E-09
  0.08000  0.698001E-09
  0.09000  0.505095E-09
  0.10000  0.304465E-10
  0.11000  0.417110E-11
  0.12000  0.407161E-11
  0.13000  0.821665E-11
  0.14000  0.521954E-10
  0.15000  0.486940E-09
  0.16000  0.845505E-09
  0.17000  0.122754E-08
  0.18000  0.184935E-08
  0.19000  0.186999E-08
  0.20000  0.318561E-08
  0.21000  0.549089E-08
  0.22000  0.776768E-08
  0.23000  0.856271E-08
  0.24000  0.114750E-07
  0.25000  0.130970E-07
  0.26000  0.999524E-08
  0.27000  0.510694E-08
  0.28000  0.209940E-08
  0.29000  0.556951E-09
  0.30000  0.225934E-09
  0.31000  0.112874E-09
  0.32000  0.659563E-10
  0.33000  0.616339E-10
  0.34000  0.627220E-10
  0.35000  0.479898E-10
  0.36000  0.354303E-10
  0.37000  0.252062E-10
  0.38000  0.202400E-10
  0.39000  0.240547E-10
  0.40000  0.249759E-10
  0.41000  0.218013E-10
  0.42000  0.197655E-10
  0.43000  0.168865E-10
  0.44000  0.117308E-10
  0.45000  0.924682E-11
  0.46000  0.894506E-11
  0.47000  0.817790E-11
  0.48000  0.698518E-11
  0.49000  0.640118E-11
  0.50000  0.730891E-11
  0.51000  0.113175E-10
  0.52000  0.142472E-10
  0.53000  0.154219E-10
  0.54000  0.141537E-10
  0.55000  0.126764E-10
  0.56000  0.992574E-11
  0.57000  0.766813E-11
  0.58000  0.127703E-10
  0.59000  0.170021E-10
  0.60000  0.157823E-10
  0.61000  0.211325E-10
  0.62000  0.644654E-10
  0.63000  0.375623E-09
  0.64000  0.146310E-08
  0.65000  0.230144E-08
  0.66000  0.247763E-08
  0.67000  0.373054E-08
  0.68000  0.625892E-08
  0.69000  0.870909E-08
  0.70000  0.125266E-07
  0.71000  0.153405E-07
  0.72000  0.181645E-07
  0.73000  0.237023E-07
  0.74000  0.611932E-07
  0.75000  0.243531E-06
  0.76000  0.672395E-06
  0.77000  0.116829E-05
  0.78000  0.165895E-05
  0.79000  0.225370E-05
  0.80000  0.298823E-05
  0.81000  0.362798E-05
  0.82000  0.411264E-05
  0.83000  0.454241E-05
  0.84000  0.469974E-05
  0.85000  0.467871E-05
  0.86000  0.477994E-05
  0.87000  0.508134E-05
  0.88000  0.567673E-05
  0.89000  0.652090E-05
  0.90000  0.740064E-05
  0.91000  0.787727E-05
  0.92000  0.705091E-05
  0.93000  0.491432E-05
  0.94000  0.299432E-05
  0.95000  0.251956E-05
  0.96000  0.244433E-05
  0.97000  0.253570E-05
  0.98000  0.275433E-05
  0.99000  0.324461E-05
  1.00000  0.400864E-05
  1.01000  0.482121E-05
  1.02000  0.524883E-05
  1.03000  0.500590E-05
  1.04000  0.433930E-05
  1.05000  0.372192E-05
  1.06000  0.335780E-05
  1.07000  0.331320E-05
  1.08000  0.352157E-05
  1.09000  0.382377E-05
  1.10000  0.400062E-05
  1.11000  0.396612E-05
  1.12000  0.376954E-05
  1.13000  0.347471E-05
  1.14000  0.316732E-05
  1.15000  0.292788E-05
  1.16000  0.277726E-05
  1.17000  0.256345E-05
  1.18000  0.211525E-05
  1.19000  0.152634E-05
  1.20000  0.979086E-06
  1.21000  0.564075E-06
  1.22000  0.312071E-06
  1.23000  0.177370E-06
  1.24000  0.166129E-06
  1.25000  0.981359E-07
  1.26000  0.545458E-07
  1.27000  0.470271E-07
  1.28000  0.742614E-07
  1.29000  0.121520E-06
  1.30000  0.189830E-06
  1.31000  0.287695E-06
  1.32000  0.419727E-06
  1.33000  0.719136E-06
  1.34000  0.163450E-05
  1.35000  0.470681E-05
  1.36000  0.122185E-04
  1.37000  0.199864E-04
  1.38000  0.266283E-04
  1.39000  0.344902E-04
  1.40000  0.427232E-04
  1.41000  0.484563E-04
  1.42000  0.454790E-04
  1.43000  0.295116E-04
  1.44000  0.194374E-04
  1.45000  0.175524E-04
  1.46000  0.195878E-04
  1.47000  0.231540E-04
  1.48000  0.298892E-04
  1.49000  0.383589E-04
  1.50000  0.476995E-04
  1.51000  0.565961E-04
  1.52000  0.721463E-04
  1.53000  0.108676E-03
  1.54000  0.141331E-03
  1.55000  0.171379E-03
  1.56000  0.222998E-03
  1.57000  0.316890E-03
  1.58000  0.440297E-03
  1.59000  0.566763E-03
  1.60000  0.678403E-03
  1.61000  0.781941E-03
  1.62000  0.947274E-03
  1.63000  0.122768E-02
  1.64000  0.170881E-02
  1.65000  0.241702E-02
  1.66000  0.335173E-02
  1.67000  0.428103E-02
  1.68000  0.509243E-02
  1.69000  0.628913E-02
  1.70000  0.848393E-02
  1.71000  0.148281E-01
  1.72000  0.258955E-01
  1.73000  0.380807E-01
  1.74000  0.495604E-01
  1.75000  0.575161E-01
  1.76000  0.630523E-01
  1.77000  0.671691E-01
  1.78000  0.739479E-01
  1.79000  0.834297E-01
  1.80000  0.961996E-01
  1.81000  0.113203E+00
  1.82000  0.131406E+00
  1.83000  0.145664E+00
  1.84000  0.159360E+00
  1.85000  0.179458E+00
  1.86000  0.208805E+00
  1.87000  0.231184E+00
  1.88000  0.248877E+00
  1.89000  0.262983E+00
  1.90000  0.272129E+00
  1.91000  0.275247E+00
  1.92000  0.265339E+00
  1.93000  0.243662E+00
  1.94000  0.268005E+00
  1.95000  0.300023E+00
  1.96000  0.351307E+00
  1.97000  0.391787E+00
  1.98000  0.440641E+00
  1.99000  0.498005E+00
  2.00000  0.559415E+00
  2.01000  0.617709E+00
  2.02000  0.666596E+00
  2.03000  0.707294E+00
  2.04000  0.745551E+00
  2.05000  0.783986E+00
  2.06000  0.879228E+00
  2.07000  0.912048E+00
  2.08000  0.940181E+00
  2.09000  0.966349E+00
  2.10000  0.988450E+00
  2.11000  0.100000E+01
  2.12000  0.994206E+00
  2.13000  0.970527E+00
  2.14000  0.935883E+00
  2.15000  0.897184E+00
  2.16000  0.920645E+00
  2.17000  0.873168E+00
  2.18000  0.820085E+00
  2.19000  0.763981E+00
  2.20000  0.735517E+00
  2.21000  0.710422E+00
  2.22000  0.689093E+00
  2.23000  0.671792E+00
  2.24000  0.657195E+00
  2.25000  0.641726E+00
  2.26000  0.674380E+00
  2.27000  0.641384E+00
  2.28000  0.618479E+00
  2.29000  0.585101E+00
  2.30000  0.542567E+00
  2.31000  0.494179E+00
  2.32000  0.462013E+00
  2.33000  0.452129E+00
  2.34000  0.425467E+00
  2.35000  0.389859E+00
  2.36000  0.368251E+00
  2.37000  0.322049E+00
  2.38000  0.268081E+00
  2.39000  0.205842E+00
  2.40000  0.144961E+00
  2.41000  0.116727E+00
  2.42000  0.956857E-01
  2.43000  0.776088E-01
  2.44000  0.629989E-01
  2.45000  0.518167E-01
  2.46000  0.450626E-01
  2.47000  0.393379E-01
  2.48000  0.341167E-01
  2.49000  0.284761E-01
  2.50000  0.253601E-01
  2.51000  0.206771E-01
  2.52000  0.148179E-01
  2.53000  0.919170E-02
  2.54000  0.572051E-02
  2.55000  0.403594E-02
  2.56000  0.282914E-02
  2.57000  0.200837E-02
  2.58000  0.141017E-02
  2.59000  0.102053E-02
  2.60000  0.766681E-03
  2.61000  0.597953E-03
  2.62000  0.478542E-03
  2.63000  0.385111E-03
  2.64000  0.306687E-03
  2.65000  0.239779E-03
  2.66000  0.148453E-03
  2.67000  0.107504E-03
  2.68000  0.750982E-04
  2.69000  0.513116E-04
  2.70000  0.343934E-04
  2.71000  0.227663E-04
  2.72000  0.149467E-04
  2.73000  0.112725E-04
  2.74000  0.113159E-04
  2.75000  0.112341E-04
  2.76000  0.103344E-04
  2.77000  0.103699E-04
  2.78000  0.105863E-04
  2.79000  0.108688E-04
  2.80000  0.110391E-04
  2.81000  0.109653E-04
  2.82000  0.104399E-04
  2.83000  0.930266E-05
  2.84000  0.751566E-05
  2.85000  0.527858E-05
  2.86000  0.232749E-05
  2.87000  0.114785E-05
  2.88000  0.516208E-06
  2.89000  0.270326E-06
  2.90000  0.221837E-06
  2.91000  0.160534E-06
  2.92000  0.103890E-06
  2.93000  0.613273E-07
  2.94000  0.437705E-07
  2.95000  0.435081E-07
  2.96000  0.359533E-07
  2.97000  0.400014E-07
  2.98000  0.449683E-07
  2.99000  0.497825E-07
  3.00000  0.526001E-07
  3.01000  0.504274E-07
  3.02000  0.404903E-07
  3.03000  0.247737E-07
  3.04000  0.257405E-07
  3.05000  0.557691E-07
  3.06000  0.448180E-07
  3.07000  0.139315E-07
  3.08000  0.231805E-08
  3.09000  0.272685E-09
  3.10000  0.277871E-10
  3.11000  0.305200E-10
  3.12000  0.417009E-10
  3.13000  0.537412E-10
  3.14000  0.660011E-10
  3.15000  0.790280E-10
  3.16000  0.136222E-10
  3.17000  0.161244E-10
  3.18000  0.188209E-10
  3.19000  0.213389E-10
  3.20000  0.231941E-10
  3.21000  0.237611E-10
  3.22000  0.286621E-10
  3.23000  0.342005E-10
  3.24000  0.365142E-10
  3.25000  0.341322E-10
  3.26000  0.539402E-11
  3.27000  0.371859E-11
  3.28000  0.224427E-11
  3.29000  0.120391E-11
  3.30000  0.583908E-12
  3.31000  0.260778E-12
  3.32000  0.109936E-12
  3.33000  0.452758E-13
  3.34000  0.188858E-13
  3.35000  0.829039E-14
  3.36000  0.292294E-15
  3.37000  0.138879E-15
  3.38000  0.738981E-16
  3.39000  0.444294E-16
  3.40000  0.300799E-16
  3.41000  0.225918E-16
  3.42000  0.182674E-16
  3.43000  0.152124E-16
  3.44000  0.150881E-16
  3.45000  0.143259E-16
  3.46000  0.793728E-18
  3.47000  0.608941E-18
  3.48000  0.424708E-18
  3.49000  0.271462E-18
  3.50000  0.160747E-18
  3.51000  0.888382E-19
  3.52000  0.459595E-19
  3.53000  0.223839E-19
  3.54000  0.103898E-19
  3.55000  0.464076E-20
  3.56000  0.573712E-22
  3.57000  0.232071E-22
  3.58000  0.938287E-23
  3.59000  0.378322E-23
  3.60000  0.153446E-23
  3.61000  0.632091E-24
  3.62000  0.262480E-24
  3.63000  0.108779E-24
  3.64000  0.453018E-25
  3.65000  0.187471E-25
  3.66000  0.739246E-28
  3.67000  0.275648E-28
  3.68000  0.992689E-29
  3.69000  0.339151E-29
  3.70000  0.109503E-29
  3.71000  0.000000E+00
  3.72000  0.000000E+00
  3.73000  0.000000E+00
  3.74000  0.000000E+00
  3.75000  0.000000E+00
  3.76000  0.000000E+00
  3.77000  0.000000E+00
  3.78000  0.000000E+00
  3.79000  0.000000E+00
  3.80000  0.000000E+00
  3.81000  0.000000E+00
  3.82000  0.000000E+00
  3.83000  0.000000E+00
  3.84000  0.000000E+00
  3.85000  0.000000E+00
  3.86000  0.000000E+00
  3.87000  0.000000E+00
  3.88000  0.000000E+00
  3.89000  0.000000E+00
  3.90000  0.000000E+00
  3.91000  0.000000E+00
  3.92000  0.000000E+00
  3.93000  0.000000E+00
  3.94000  0.000000E+00
  3.95000  0.000000E+00
  3.96000  0.000000E+00
  3.97000  0.000000E+00
  3.98000  0.000000E+00
  3.99000  0.000000E+00
  4.00000  0.000000E+00
  4.01000  0.000000E+00
  4.02000  0.000000E+00
  4.03000  0.000000E+00
  4.04000  0.000000E+00
  4.05000  0.000000E+00
  4.06000  0.000000E+00
  4.07000  0.000000E+00
  4.08000  0.000000E+00
  4.09000  0.000000E+00
  4.10000  0.000000E+00
  4.11000  0.000000E+00
  4.12000  0.000000E+00
  4.13000  0.000000E+00
  4.14000  0.000000E+00
  4.15000  0.000000E+00
  4.16000  0.000000E+00
  4.17000  0.000000E+00
  4.18000  0.000000E+00
  4.19000  0.000000E+00
  4.20000  0.000000E+00
  4.21000  0.000000E+00
  4.22000  0.000000E+00
  4.23000  0.000000E+00
  4.24000  0.000000E+00
  4.25000  0.000000E+00
  4.26000  0.000000E+00
  4.27000  0.000000E+00
  4.28000  0.000000E+00
  4.29000  0.000000E+00
  4.30000  0.000000E+00
  4.31000  0.000000E+00
  4.32000  0.000000E+00
  4.33000  0.000000E+00
  4.34000  0.000000E+00
  4.35000  0.000000E+00
  4.36000  0.000000E+00
  4.37000  0.000000E+00
  4.38000  0.000000E+00
  4.39000  0.000000E+00
  4.40000  0.000000E+00
  4.41000  0.000000E+00
  4.42000  0.000000E+00
  4.43000  0.000000E+00
  4.44000  0.000000E+00
  4.45000  0.000000E+00
  4.46000  0.000000E+00
  4.47000  0.000000E+00
  4.48000  0.000000E+00
  4.49000  0.000000E+00
  4.50000  0.000000E+00
  4.51000  0.000000E+00
  4.52000  0.000000E+00
  4.53000  0.000000E+00
  4.54000  0.000000E+00
  4.55000  0.000000E+00
  4.56000  0.000000E+00
  4.57000  0.000000E+00
  4.58000  0.000000E+00
  4.59000  0.000000E+00
  4.60000  0.000000E+00
  4.61000  0.000000E+00
  4.62000  0.000000E+00
  4.63000  0.000000E+00
  4.64000  0.000000E+00
  4.65000  0.000000E+00
  4.66000  0.000000E+00
  4.67000  0.000000E+00
  4.68000  0.000000E+00
  4.69000  0.000000E+00
  4.70000  0.000000E+00
  4.71000  0.000000E+00
  4.72000  0.000000E+00
  4.73000  0.000000E+00
  4.74000  0.000000E+00
  4.75000  0.000000E+00
  4.76000  0.000000E+00
  4.77000  0.000000E+00
  4.78000  0.000000E+00
  4.79000  0.000000E+00
  4.80000  0.000000E+00
  4.81000  0.000000E+00
  4.82000  0.000000E+00
  4.83000  0.000000E+00
  4.84000  0.000000E+00
  4.85000  0.000000E+00
  4.86000  0.000000E+00
  4.87000  0.000000E+00
  4.88000  0.000000E+00
  4.89000  0.000000E+00
  4.90000  0.000000E+00
  4.91000  0.000000E+00
  4.92000  0.000000E+00
  4.93000  0.000000E+00
  4.94000  0.000000E+00
  4.95000  0.000000E+00
  4.96000  0.000000E+00
  4.97000  0.000000E+00
  4.98000  0.000000E+00
  4.99000  0.000000E+00
  5.00000  0.000000E+00
  5.01000  0.000000E+00
  5.02000  0.000000E+00
  5.03000  0.000000E+00
  5.04000  0.000000E+00
  5.05000  0.000000E+00
  5.06000  0.000000E+00
  5.07000  0.000000E+00
  5.08000  0.000000E+00
  5.09000  0.000000E+00
  5.10000  0.000000E+00
  5.11000  0.000000E+00
  5.12000  0.000000E+00
  5.13000  0.000000E+00
  5.14000  0.000000E+00
  5.15000  0.000000E+00
  5.16000  0.000000E+00
  5.17000  0.000000E+00
  5.18000  0.000000E+00
  5.19000  0.000000E+00
  5.20000  0.000000E+00
  5.21000  0.000000E+00
  5.22000  0.000000E+00
  5.23000  0.000000E+00
  5.24000  0.000000E+00
  5.25000  0.000000E+00
  5.26000  0.000000E+00
  5.27000  0.000000E+00
  5.28000  0.000000E+00
  5.29000  0.000000E+00
  5.30000  0.000000E+00
  5.31000  0.000000E+00
  5.32000  0.000000E+00
  5.33000  0.000000E+00
  5.34000  0.000000E+00
  5.35000  0.000000E+00
  5.36000  0.000000E+00
  5.37000  0.000000E+00
  5.38000  0.000000E+00
  5.39000  0.000000E+00
  5.40000  0.000000E+00
  5.41000  0.000000E+00
  5.42000  0.000000E+00
  5.43000  0.000000E+00
  5.44000  0.000000E+00
  5.45000  0.000000E+00
  5.46000  0.000000E+00
  5.47000  0.000000E+00
  5.48000  0.000000E+00
  5.49000  0.000000E+00
  5.50000  0.000000E+00
  5.51000  0.000000E+00
  5.52000  0.000000E+00
  5.53000  0.000000E+00
  5.54000  0.000000E+00
  5.55000  0.000000E+00
  5.56000  0.000000E+00
  5.57000  0.000000E+00
  5.58000  0.000000E+00
  5.59000  0.000000E+00
  5.60000  0.000000E+00
  5.61000  0.000000E+00
  5.62000  0.000000E+00
  5.63000  0.000000E+00
  5.64000  0.000000E+00
  5.65000  0.000000E+00
  5.66000  0.000000E+00
  5.67000  0.000000E+00
  5.68000  0.000000E+00
  5.69000  0.000000E+00
  5.70000  0.000000E+00
  5.71000  0.000000E+00
  5.72000  0.000000E+00
  5.73000  0.000000E+00
  5.74000  0.000000E+00
  5.75000  0.000000E+00
  5.76000  0.000000E+00
  5.77000  0.000000E+00
  5.78000  0.000000E+00
  5.79000  0.000000E+00
  5.80000  0.000000E+00
  5.81000  0.000000E+00
  5.82000  0.000000E+00
  5.83000  0.000000E+00
  5.84000  0.000000E+00
  5.85000  0.000000E+00
  5.86000  0.000000E+00
  5.87000  0.000000E+00
  5.88000  0.000000E+00
  5.89000  0.000000E+00
  5.90000  0.000000E+00
  5.91000  0.000000E+00
  5.92000  0.000000E+00
  5.93000  0.000000E+00
  5.94000  0.000000E+00
  5.95000  0.000000E+00
  5.96000  0.000000E+00
  5.97000  0.000000E+00
  5.98000  0.000000E+00
  5.99000  0.000000E+00
  6.00000  0.000000E+00
  6.20000  0.000000E+00
  6.40000  0.000000E+00
  6.60000  0.000000E+00
  6.80000  0.000000E+00
  7.00000  0.000000E+00
