  0.00000  0.000000E+00
  0.01000  0.000000E+00
  0.02000  0.286462E-29
  0.03000  0.580109E-17
  0.04000  0.171808E-16
  0.05000  0.553933E-16
  0.06000  0.455139E-15
  0.07000  0.205456E-14
  0.08000  0.445094E-14
  0.09000  0.531264E-14
  0.10000  0.208142E-14
  0.11000  0.347754E-14
  0.12000  0.860039E-14
  0.13000  0.243911E-13
  0.14000  0.716982E-13
  0.15000  0.262200E-12
  0.16000  0.861751E-12
  0.17000  0.237393E-11
  0.18000  0.567671E-11
  0.19000  0.123960E-10
  0.20000  0.314426E-10
  0.21000  0.770981E-10
  0.22000  0.171516E-09
  0.23000  0.337420E-09
  0.24000  0.599057E-09
  0.25000  0.113400E-08
  0.26000  0.193508E-08
  0.27000  0.301745E-08
  0.28000  0.443677E-08
  0.29000  0.650670E-08
  0.30000  0.104838E-07
  0.31000  0.172854E-07
  0.32000  0.285503E-07
  0.33000  0.491930E-07
  0.34000  0.780311E-07
  0.35000  0.110246E-06
  0.36000  0.152666E-06
  0.37000  0.210277E-06
  0.38000  0.282595E-06
  0.39000  0.379451E-06
  0.40000  0.522612E-06
  0.41000  0.716401E-06
  0.42000  0.994104E-06
  0.43000  0.137036E-05
  0.44000  0.180048E-05
  0.45000  0.233092E-05
  0.46000  0.308571E-05
  0.47000  0.395610E-05
  0.48000  0.484418E-05
  0.49000  0.579810E-05
  0.50000  0.691671E-05
  0.51000  0.818531E-05
  0.52000  0.926320E-05
  0.53000  0.104803E-04
  0.54000  0.117454E-04
  0.55000  0.129262E-04
  0.56000  0.140388E-04
  0.57000  0.150730E-04
  0.58000  0.160439E-04
  0.59000  0.168784E-04
  0.60000  0.170554E-04
  0.61000  0.171464E-04
  0.62000  0.170893E-04
  0.63000  0.237940E-04
  0.64000  0.319763E-04
  0.65000  0.400443E-04
  0.66000  0.485181E-04
  0.67000  0.600286E-04
  0.68000  0.726969E-04
  0.69000  0.842708E-04
  0.70000  0.100975E-03
  0.71000  0.121406E-03
  0.72000  0.139720E-03
  0.73000  0.160901E-03
  0.74000  0.204078E-03
  0.75000  0.274474E-03
  0.76000  0.349927E-03
  0.77000  0.420574E-03
  0.78000  0.508332E-03
  0.79000  0.635146E-03
  0.80000  0.810515E-03
  0.81000  0.109493E-02
  0.82000  0.154938E-02
  0.83000  0.222169E-02
  0.84000  0.308965E-02
  0.85000  0.365364E-02
  0.86000  0.458516E-02
  0.87000  0.564937E-02
  0.88000  0.690677E-02
  0.89000  0.834949E-02
  0.90000  0.991672E-02
  0.91000  0.117415E-01
  0.92000  0.136310E-01
  0.93000  0.156129E-01
  0.94000  0.177420E-01
  0.95000  0.198191E-01
  0.96000  0.216228E-01
  0.97000  0.234032E-01
  0.98000  0.250519E-01
  0.99000  0.261709E-01
  1.00000  0.267788E-01
  1.01000  0.268942E-01
  1.02000  0.267693E-01
  1.03000  0.266313E-01
  1.04000  0.266467E-01
  1.05000  0.282678E-01
  1.06000  0.296472E-01
  1.07000  0.306226E-01
  1.08000  0.321023E-01
  1.09000  0.342820E-01
  1.10000  0.368825E-01
  1.11000  0.422914E-01
  1.12000  0.554601E-01
  1.13000  0.110805E+00
  1.14000  0.233289E+00
  1.15000  0.284776E+00
  1.16000  0.307386E+00
  1.17000  0.322556E+00
  1.18000  0.337251E+00
  1.19000  0.358953E+00
  1.20000  0.385351E+00
  1.21000  0.398827E+00
  1.22000  0.399358E+00
  1.23000  0.392919E+00
  1.24000  0.380195E+00
  1.25000  0.359439E+00
  1.26000  0.340762E+00
  1.27000  0.328706E+00
  1.28000  0.322263E+00
  1.29000  0.311599E+00
  1.30000  0.296844E+00
  1.31000  0.283915E+00
  1.32000  0.271024E+00
  1.33000  0.259926E+00
  1.34000  0.250522E+00
  1.35000  0.240261E+00
  1.36000  0.226588E+00
  1.37000  0.225075E+00
  1.38000  0.223399E+00
  1.39000  0.220946E+00
  1.40000  0.351268E+00
  1.41000  0.452441E+00
  1.42000  0.530841E+00
  1.43000  0.545033E+00
  1.44000  0.482840E+00
  1.45000  0.437365E+00
  1.46000  0.419688E+00
  1.47000  0.412744E+00
  1.48000  0.389731E+00
  1.49000  0.353621E+00
  1.50000  0.318077E+00
  1.51000  0.288563E+00
  1.52000  0.261918E+00
  1.53000  0.234938E+00
  1.54000  0.233113E+00
  1.55000  0.237707E+00
  1.56000  0.237898E+00
  1.57000  0.231980E+00
  1.58000  0.222932E+00
  1.59000  0.217318E+00
  1.60000  0.215706E+00
  1.61000  0.216545E+00
  1.62000  0.216904E+00
  1.63000  0.215117E+00
  1.64000  0.212425E+00
  1.65000  0.206665E+00
  1.66000  0.197003E+00
  1.67000  0.186664E+00
  1.68000  0.175614E+00
  1.69000  0.162522E+00
  1.70000  0.148086E+00
  1.71000  0.133531E+00
  1.72000  0.120186E+00
  1.73000  0.108666E+00
  1.74000  0.114048E+00
  1.75000  0.122241E+00
  1.76000  0.132327E+00
  1.77000  0.144837E+00
  1.78000  0.158805E+00
  1.79000  0.173300E+00
  1.80000  0.188434E+00
  1.81000  0.204361E+00
  1.82000  0.223702E+00
  1.83000  0.245616E+00
  1.84000  0.267548E+00
  1.85000  0.288677E+00
  1.86000  0.309930E+00
  1.87000  0.327869E+00
  1.88000  0.338771E+00
  1.89000  0.348200E+00
  1.90000  0.362305E+00
  1.91000  0.380906E+00
  1.92000  0.403310E+00
  1.93000  0.427878E+00
  1.94000  0.451919E+00
  1.95000  0.473332E+00
  1.96000  0.490880E+00
  1.97000  0.503146E+00
  1.98000  0.510943E+00
  1.99000  0.514379E+00
  2.00000  0.513292E+00
  2.01000  0.512442E+00
  2.02000  0.516697E+00
  2.03000  0.519535E+00
  2.04000  0.514908E+00
  2.05000  0.505325E+00
  2.06000  0.491070E+00
  2.07000  0.471437E+00
  2.08000  0.451259E+00
  2.09000  0.441532E+00
  2.10000  0.452285E+00
  2.11000  0.505091E+00
  2.12000  0.555447E+00
  2.13000  0.606252E+00
  2.14000  0.657423E+00
  2.15000  0.705364E+00
  2.16000  0.747157E+00
  2.17000  0.797471E+00
  2.18000  0.838022E+00
  2.19000  0.870712E+00
  2.20000  0.891211E+00
  2.21000  0.882828E+00
  2.22000  0.845849E+00
  2.23000  0.821540E+00
  2.24000  0.829825E+00
  2.25000  0.857504E+00
  2.26000  0.893761E+00
  2.27000  0.930219E+00
  2.28000  0.963090E+00
  2.29000  0.988611E+00
  2.30000  0.100000E+01
  2.31000  0.994134E+00
  2.32000  0.978752E+00
  2.33000  0.960111E+00
  2.34000  0.933870E+00
  2.35000  0.895935E+00
  2.36000  0.843477E+00
  2.37000  0.764976E+00
  2.38000  0.680277E+00
  2.39000  0.624890E+00
  2.40000  0.587138E+00
  2.41000  0.552677E+00
  2.42000  0.527296E+00
  2.43000  0.509261E+00
  2.44000  0.490228E+00
  2.45000  0.466440E+00
  2.46000  0.437708E+00
  2.47000  0.405577E+00
  2.48000  0.378289E+00
  2.49000  0.364175E+00
  2.50000  0.361674E+00
  2.51000  0.364618E+00
  2.52000  0.368726E+00
  2.53000  0.370453E+00
  2.54000  0.367805E+00
  2.55000  0.361342E+00
  2.56000  0.351552E+00
  2.57000  0.337513E+00
  2.58000  0.317839E+00
  2.59000  0.294166E+00
  2.60000  0.269722E+00
  2.61000  0.246394E+00
  2.62000  0.225376E+00
  2.63000  0.207579E+00
  2.64000  0.192861E+00
  2.65000  0.179932E+00
  2.66000  0.166702E+00
  2.67000  0.153155E+00
  2.68000  0.139510E+00
  2.69000  0.126774E+00
  2.70000  0.115317E+00
  2.71000  0.105230E+00
  2.72000  0.965939E-01
  2.73000  0.889315E-01
  2.74000  0.803920E-01
  2.75000  0.695307E-01
  2.76000  0.576293E-01
  2.77000  0.483196E-01
  2.78000  0.423705E-01
  2.79000  0.385390E-01
  2.80000  0.355780E-01
  2.81000  0.329062E-01
  2.82000  0.302243E-01
  2.83000  0.274272E-01
  2.84000  0.246104E-01
  2.85000  0.219314E-01
  2.86000  0.193801E-01
  2.87000  0.171282E-01
  2.88000  0.150292E-01
  2.89000  0.130351E-01
  2.90000  0.111662E-01
  2.91000  0.946036E-02
  2.92000  0.791432E-02
  2.93000  0.648881E-02
  2.94000  0.517226E-02
  2.95000  0.400221E-02
  2.96000  0.302124E-02
  2.97000  0.228122E-02
  2.98000  0.172510E-02
  2.99000  0.130335E-02
  3.00000  0.984246E-03
  3.01000  0.751671E-03
  3.02000  0.570255E-03
  3.03000  0.427775E-03
  3.04000  0.315789E-03
  3.05000  0.228812E-03
  3.06000  0.160808E-03
  3.07000  0.113578E-03
  3.08000  0.807996E-04
  3.09000  0.584945E-04
  3.10000  0.432112E-04
  3.11000  0.324146E-04
  3.12000  0.244999E-04
  3.13000  0.185171E-04
  3.14000  0.139194E-04
  3.15000  0.105014E-04
  3.16000  0.794584E-05
  3.17000  0.601183E-05
  3.18000  0.452030E-05
  3.19000  0.338649E-05
  3.20000  0.252583E-05
  3.21000  0.187570E-05
  3.22000  0.139185E-05
  3.23000  0.103883E-05
  3.24000  0.786883E-06
  3.25000  0.602733E-06
  3.26000  0.448504E-06
  3.27000  0.324160E-06
  3.28000  0.225695E-06
  3.29000  0.157463E-06
  3.30000  0.113833E-06
  3.31000  0.856337E-07
  3.32000  0.663926E-07
  3.33000  0.526299E-07
  3.34000  0.422178E-07
  3.35000  0.337032E-07
  3.36000  0.258544E-07
  3.37000  0.198431E-07
  3.38000  0.152055E-07
  3.39000  0.118443E-07
  3.40000  0.945989E-08
  3.41000  0.770227E-08
  3.42000  0.627633E-08
  3.43000  0.504536E-08
  3.44000  0.421207E-08
  3.45000  0.368098E-08
  3.46000  0.310247E-08
  3.47000  0.271810E-08
  3.48000  0.238803E-08
  3.49000  0.207544E-08
  3.50000  0.174893E-08
  3.51000  0.138170E-08
  3.52000  0.979627E-09
  3.53000  0.634250E-09
  3.54000  0.419644E-09
  3.55000  0.317572E-09
  3.56000  0.269084E-09
  3.57000  0.264707E-09
  3.58000  0.279152E-09
  3.59000  0.307334E-09
  3.60000  0.345351E-09
  3.61000  0.388675E-09
  3.62000  0.433345E-09
  3.63000  0.476062E-09
  3.64000  0.514292E-09
  3.65000  0.544783E-09
  3.66000  0.539052E-09
  3.67000  0.547502E-09
  3.68000  0.548978E-09
  3.69000  0.547119E-09
  3.70000  0.545149E-09
  3.71000  0.545600E-09
  3.72000  0.550371E-09
  3.73000  0.558877E-09
  3.74000  0.567521E-09
  3.75000  0.572184E-09
  3.76000  0.543282E-09
  3.77000  0.535536E-09
  3.78000  0.522064E-09
  3.79000  0.504002E-09
  3.80000  0.482547E-09
  3.81000  0.458404E-09
  3.82000  0.430778E-09
  3.83000  0.399241E-09
  3.84000  0.368488E-09
  3.85000  0.347882E-09
  3.86000  0.307934E-09
  3.87000  0.286454E-09
  3.88000  0.265601E-09
  3.89000  0.245844E-09
  3.90000  0.227460E-09
  3.91000  0.210664E-09
  3.92000  0.195171E-09
  3.93000  0.180641E-09
  3.94000  0.167278E-09
  3.95000  0.155196E-09
  3.96000  0.134899E-09
  3.97000  0.125154E-09
  3.98000  0.115828E-09
  3.99000  0.106780E-09
  4.00000  0.980470E-10
  4.01000  0.897420E-10
  4.02000  0.820162E-10
  4.03000  0.749960E-10
  4.04000  0.685662E-10
  4.05000  0.627318E-10
  4.06000  0.527289E-10
  4.07000  0.484348E-10
  4.08000  0.446578E-10
  4.09000  0.412547E-10
  4.10000  0.380271E-10
  4.11000  0.348644E-10
  4.12000  0.318162E-10
  4.13000  0.289879E-10
  4.14000  0.264594E-10
  4.15000  0.242154E-10
  4.16000  0.200060E-10
  4.17000  0.183095E-10
  4.18000  0.166779E-10
  4.19000  0.150719E-10
  4.20000  0.135059E-10
  4.21000  0.120057E-10
  4.22000  0.106005E-10
  4.23000  0.930271E-11
  4.24000  0.813515E-11
  4.25000  0.709981E-11
  4.26000  0.544386E-11
  4.27000  0.469530E-11
  4.28000  0.400866E-11
  4.29000  0.337279E-11
  4.30000  0.279180E-11
  4.31000  0.228869E-11
  4.32000  0.187883E-11
  4.33000  0.155818E-11
  4.34000  0.255728E-12
  4.35000  0.227365E-12
  4.36000  0.162562E-12
  4.37000  0.142203E-12
  4.38000  0.123853E-12
  4.39000  0.107759E-12
  4.40000  0.938933E-13
  4.41000  0.823240E-13
  4.42000  0.728014E-13
  4.43000  0.650213E-13
  4.44000  0.587876E-13
  4.45000  0.539914E-13
  4.46000  0.386763E-13
  4.47000  0.365664E-13
  4.48000  0.350757E-13
  4.49000  0.340919E-13
  4.50000  0.334397E-13
  4.51000  0.229152E-13
  4.52000  0.229735E-13
  4.53000  0.229443E-13
  4.54000  0.227994E-13
  4.55000  0.225070E-13
  4.56000  0.162199E-13
  4.57000  0.156391E-13
  4.58000  0.435292E-16
  4.59000  0.414908E-16
  4.60000  0.388546E-16
  4.61000  0.356959E-16
  4.62000  0.322421E-16
  4.63000  0.287209E-16
  4.64000  0.492899E-17
  4.65000  0.445747E-17
  4.66000  0.284225E-17
  4.67000  0.257946E-17
  4.68000  0.236661E-18
  4.69000  0.218626E-18
  4.70000  0.205424E-18
  4.71000  0.196675E-18
  4.72000  0.191730E-18
  4.73000  0.189941E-18
  4.74000  0.191204E-18
  4.75000  0.195209E-18
  4.76000  0.128773E-18
  4.77000  0.134432E-18
  4.78000  0.141577E-18
  4.79000  0.150119E-18
  4.80000  0.160651E-18
  4.81000  0.173521E-18
  4.82000  0.188782E-18
  4.83000  0.207425E-18
  4.84000  0.352031E-19
  4.85000  0.400725E-19
  4.86000  0.298855E-19
  4.87000  0.344146E-19
  4.88000  0.398454E-19
  4.89000  0.465477E-19
  4.90000  0.549270E-19
  4.91000  0.239431E-22
  4.92000  0.303608E-22
  4.93000  0.393487E-22
  4.94000  0.522266E-22
  4.95000  0.709031E-22
  4.96000  0.661525E-22
  4.97000  0.911927E-22
  4.98000  0.122839E-21
  4.99000  0.159162E-21
  5.00000  0.197574E-21
  5.01000  0.155482E-21
  5.02000  0.711143E-23
  5.03000  0.886570E-23
  5.04000  0.108146E-22
  5.05000  0.128456E-22
  5.06000  0.991971E-23
  5.07000  0.109625E-22
  5.08000  0.116346E-22
  5.09000  0.118424E-22
  5.10000  0.115654E-22
  5.11000  0.109003E-22
  5.12000  0.100174E-22
  5.13000  0.902369E-23
  5.14000  0.802350E-23
  5.15000  0.709431E-23
  5.16000  0.398573E-23
  5.17000  0.353811E-23
  5.18000  0.318670E-23
  5.19000  0.294716E-23
  5.20000  0.281644E-23
  5.21000  0.277600E-23
  5.22000  0.281396E-23
  5.23000  0.291203E-23
  5.24000  0.305406E-23
  5.25000  0.945834E-25
  5.26000  0.852596E-26
  5.27000  0.930550E-26
  5.28000  0.101525E-25
  5.29000  0.110608E-25
  5.30000  0.120263E-25
  5.31000  0.129987E-25
  5.32000  0.139375E-25
  5.33000  0.148390E-25
  5.34000  0.470678E-26
  5.35000  0.525229E-26
  5.36000  0.366432E-26
  5.37000  0.422724E-26
  5.38000  0.488387E-26
  5.39000  0.563892E-26
  5.40000  0.655847E-26
  5.41000  0.774175E-26
  5.42000  0.928023E-26
  5.43000  0.111963E-25
  5.44000  0.134574E-25
  5.45000  0.159948E-25
  5.46000  0.124647E-25
  5.47000  0.144214E-25
  5.48000  0.165047E-25
  5.49000  0.187687E-25
  5.50000  0.212075E-25
  5.51000  0.237932E-25
  5.52000  0.262756E-25
  5.53000  0.283488E-25
  5.54000  0.298939E-25
  5.55000  0.308021E-25
  5.56000  0.205088E-25
  5.57000  0.202574E-25
  5.58000  0.194723E-25
  5.59000  0.181536E-25
  5.60000  0.164578E-25
  5.61000  0.145573E-25
  5.62000  0.127662E-25
  5.63000  0.110797E-25
  5.64000  0.949792E-26
  5.65000  0.801734E-26
  5.66000  0.000000E+00
  5.67000  0.000000E+00
  5.68000  0.000000E+00
  5.69000  0.000000E+00
  5.70000  0.000000E+00
  5.71000  0.000000E+00
  5.72000  0.000000E+00
  5.73000  0.000000E+00
  5.74000  0.000000E+00
  5.75000  0.000000E+00
  5.76000  0.000000E+00
  5.77000  0.000000E+00
  5.78000  0.000000E+00
  5.79000  0.000000E+00
  5.80000  0.000000E+00
  5.81000  0.000000E+00
  5.82000  0.000000E+00
  5.83000  0.000000E+00
  5.84000  0.000000E+00
  5.85000  0.000000E+00
  5.86000  0.000000E+00
  5.87000  0.000000E+00
  5.88000  0.000000E+00
  5.89000  0.000000E+00
  5.90000  0.000000E+00
  5.91000  0.000000E+00
  5.92000  0.000000E+00
  5.93000  0.000000E+00
  5.94000  0.000000E+00
  5.95000  0.000000E+00
  5.96000  0.000000E+00
  5.97000  0.000000E+00
  5.98000  0.000000E+00
  5.99000  0.000000E+00
  6.00000  0.000000E+00
  6.20000  0.000000E+00
  6.40000  0.000000E+00
  6.60000  0.000000E+00
  6.80000  0.000000E+00
  7.00000  0.000000E+00
