  0.00000  0.000000E+00
  0.01000  0.302721E-03
  0.02000  0.802483E-02
  0.03000  0.840803E-02
  0.04000  0.877172E-02
  0.05000  0.911437E-02
  0.06000  0.943960E-02
  0.07000  0.974764E-02
  0.08000  0.100447E-01
  0.09000  0.103371E-01
  0.10000  0.106283E-01
  0.11000  0.109159E-01
  0.12000  0.111966E-01
  0.13000  0.114916E-01
  0.14000  0.118202E-01
  0.15000  0.121579E-01
  0.16000  0.124983E-01
  0.17000  0.130044E-01
  0.18000  0.138665E-01
  0.19000  0.147253E-01
  0.20000  0.155598E-01
  0.21000  0.163851E-01
  0.22000  0.171608E-01
  0.23000  0.179152E-01
  0.24000  0.186800E-01
  0.25000  0.195280E-01
  0.26000  0.203331E-01
  0.27000  0.210858E-01
  0.28000  0.218271E-01
  0.29000  0.223848E-01
  0.30000  0.228879E-01
  0.31000  0.234471E-01
  0.32000  0.240621E-01
  0.33000  0.247267E-01
  0.34000  0.254126E-01
  0.35000  0.262464E-01
  0.36000  0.272502E-01
  0.37000  0.283094E-01
  0.38000  0.295271E-01
  0.39000  0.307860E-01
  0.40000  0.319764E-01
  0.41000  0.330966E-01
  0.42000  0.340295E-01
  0.43000  0.347356E-01
  0.44000  0.353640E-01
  0.45000  0.360002E-01
  0.46000  0.368948E-01
  0.47000  0.380837E-01
  0.48000  0.394629E-01
  0.49000  0.408388E-01
  0.50000  0.420618E-01
  0.51000  0.432064E-01
  0.52000  0.443828E-01
  0.53000  0.454804E-01
  0.54000  0.463074E-01
  0.55000  0.468336E-01
  0.56000  0.469469E-01
  0.57000  0.468544E-01
  0.58000  0.469137E-01
  0.59000  0.471518E-01
  0.60000  0.474679E-01
  0.61000  0.479715E-01
  0.62000  0.489246E-01
  0.63000  0.502465E-01
  0.64000  0.517278E-01
  0.65000  0.531367E-01
  0.66000  0.543205E-01
  0.67000  0.551250E-01
  0.68000  0.555878E-01
  0.69000  0.560000E-01
  0.70000  0.566711E-01
  0.71000  0.576946E-01
  0.72000  0.588850E-01
  0.73000  0.600992E-01
  0.74000  0.610842E-01
  0.75000  0.614688E-01
  0.76000  0.612598E-01
  0.77000  0.593114E-01
  0.78000  0.529405E-01
  0.79000  0.417853E-01
  0.80000  0.333456E-01
  0.81000  0.301807E-01
  0.82000  0.296750E-01
  0.83000  0.297792E-01
  0.84000  0.304362E-01
  0.85000  0.311308E-01
  0.86000  0.314477E-01
  0.87000  0.316957E-01
  0.88000  0.322627E-01
  0.89000  0.333375E-01
  0.90000  0.347937E-01
  0.91000  0.362697E-01
  0.92000  0.375373E-01
  0.93000  0.387032E-01
  0.94000  0.401916E-01
  0.95000  0.421427E-01
  0.96000  0.441074E-01
  0.97000  0.462737E-01
  0.98000  0.488536E-01
  0.99000  0.519139E-01
  1.00000  0.553793E-01
  1.01000  0.599469E-01
  1.02000  0.683902E-01
  1.03000  0.906896E-01
  1.04000  0.121028E+00
  1.05000  0.145966E+00
  1.06000  0.160876E+00
  1.07000  0.169304E+00
  1.08000  0.174636E+00
  1.09000  0.178604E+00
  1.10000  0.181993E+00
  1.11000  0.186331E+00
  1.12000  0.197923E+00
  1.13000  0.208236E+00
  1.14000  0.217586E+00
  1.15000  0.226423E+00
  1.16000  0.235029E+00
  1.17000  0.243523E+00
  1.18000  0.252265E+00
  1.19000  0.261038E+00
  1.20000  0.269088E+00
  1.21000  0.276188E+00
  1.22000  0.282002E+00
  1.23000  0.286603E+00
  1.24000  0.290413E+00
  1.25000  0.294284E+00
  1.26000  0.298986E+00
  1.27000  0.304551E+00
  1.28000  0.310552E+00
  1.29000  0.316417E+00
  1.30000  0.321639E+00
  1.31000  0.325644E+00
  1.32000  0.328152E+00
  1.33000  0.328989E+00
  1.34000  0.327632E+00
  1.35000  0.324385E+00
  1.36000  0.321213E+00
  1.37000  0.318872E+00
  1.38000  0.316813E+00
  1.39000  0.314264E+00
  1.40000  0.310156E+00
  1.41000  0.304484E+00
  1.42000  0.298821E+00
  1.43000  0.295105E+00
  1.44000  0.298050E+00
  1.45000  0.304330E+00
  1.46000  0.312083E+00
  1.47000  0.320811E+00
  1.48000  0.330628E+00
  1.49000  0.341611E+00
  1.50000  0.353377E+00
  1.51000  0.365390E+00
  1.52000  0.377128E+00
  1.53000  0.388227E+00
  1.54000  0.398751E+00
  1.55000  0.408783E+00
  1.56000  0.417882E+00
  1.57000  0.425842E+00
  1.58000  0.433247E+00
  1.59000  0.440678E+00
  1.60000  0.448156E+00
  1.61000  0.455665E+00
  1.62000  0.463327E+00
  1.63000  0.471558E+00
  1.64000  0.481742E+00
  1.65000  0.496153E+00
  1.66000  0.515562E+00
  1.67000  0.537018E+00
  1.68000  0.555981E+00
  1.69000  0.570979E+00
  1.70000  0.583414E+00
  1.71000  0.594967E+00
  1.72000  0.607043E+00
  1.73000  0.620379E+00
  1.74000  0.634517E+00
  1.75000  0.648391E+00
  1.76000  0.661209E+00
  1.77000  0.672741E+00
  1.78000  0.683188E+00
  1.79000  0.692802E+00
  1.80000  0.701738E+00
  1.81000  0.710095E+00
  1.82000  0.717956E+00
  1.83000  0.725433E+00
  1.84000  0.732644E+00
  1.85000  0.739586E+00
  1.86000  0.746303E+00
  1.87000  0.752903E+00
  1.88000  0.759495E+00
  1.89000  0.766036E+00
  1.90000  0.772387E+00
  1.91000  0.778479E+00
  1.92000  0.784253E+00
  1.93000  0.789688E+00
  1.94000  0.794743E+00
  1.95000  0.799437E+00
  1.96000  0.803694E+00
  1.97000  0.807417E+00
  1.98000  0.810386E+00
  1.99000  0.812402E+00
  2.00000  0.812826E+00
  2.01000  0.810292E+00
  2.02000  0.802688E+00
  2.03000  0.789562E+00
  2.04000  0.774992E+00
  2.05000  0.764033E+00
  2.06000  0.757345E+00
  2.07000  0.753540E+00
  2.08000  0.752028E+00
  2.09000  0.752389E+00
  2.10000  0.753904E+00
  2.11000  0.755934E+00
  2.12000  0.757925E+00
  2.13000  0.759584E+00
  2.14000  0.761107E+00
  2.15000  0.762681E+00
  2.16000  0.764224E+00
  2.17000  0.765855E+00
  2.18000  0.767678E+00
  2.19000  0.769741E+00
  2.20000  0.771533E+00
  2.21000  0.772936E+00
  2.22000  0.773715E+00
  2.23000  0.773754E+00
  2.24000  0.773043E+00
  2.25000  0.771816E+00
  2.26000  0.770591E+00
  2.27000  0.769720E+00
  2.28000  0.769338E+00
  2.29000  0.769526E+00
  2.30000  0.770189E+00
  2.31000  0.771272E+00
  2.32000  0.772548E+00
  2.33000  0.773819E+00
  2.34000  0.775171E+00
  2.35000  0.776554E+00
  2.36000  0.777989E+00
  2.37000  0.779593E+00
  2.38000  0.781230E+00
  2.39000  0.782576E+00
  2.40000  0.783583E+00
  2.41000  0.784480E+00
  2.42000  0.785404E+00
  2.43000  0.786651E+00
  2.44000  0.788369E+00
  2.45000  0.790320E+00
  2.46000  0.792395E+00
  2.47000  0.794985E+00
  2.48000  0.798592E+00
  2.49000  0.803118E+00
  2.50000  0.808167E+00
  2.51000  0.812771E+00
  2.52000  0.835796E+00
  2.53000  0.870422E+00
  2.54000  0.903438E+00
  2.55000  0.925399E+00
  2.56000  0.939293E+00
  2.57000  0.948312E+00
  2.58000  0.954573E+00
  2.59000  0.959249E+00
  2.60000  0.963121E+00
  2.61000  0.966568E+00
  2.62000  0.969762E+00
  2.63000  0.972704E+00
  2.64000  0.975293E+00
  2.65000  0.977518E+00
  2.66000  0.979438E+00
  2.67000  0.981153E+00
  2.68000  0.982670E+00
  2.69000  0.983894E+00
  2.70000  0.984808E+00
  2.71000  0.985488E+00
  2.72000  0.986083E+00
  2.73000  0.986688E+00
  2.74000  0.987327E+00
  2.75000  0.988003E+00
  2.76000  0.988817E+00
  2.77000  0.989856E+00
  2.78000  0.991081E+00
  2.79000  0.992367E+00
  2.80000  0.993636E+00
  2.81000  0.994879E+00
  2.82000  0.996081E+00
  2.83000  0.997194E+00
  2.84000  0.998165E+00
  2.85000  0.998945E+00
  2.86000  0.999513E+00
  2.87000  0.999862E+00
  2.88000  0.100000E+01
  2.89000  0.999936E+00
  2.90000  0.999679E+00
  2.91000  0.999263E+00
  2.92000  0.998754E+00
  2.93000  0.998223E+00
  2.94000  0.997701E+00
  2.95000  0.997199E+00
  2.96000  0.996686E+00
  2.97000  0.996023E+00
  2.98000  0.995087E+00
  2.99000  0.994013E+00
  3.00000  0.992924E+00
  3.01000  0.991785E+00
  3.02000  0.990550E+00
  3.03000  0.989210E+00
  3.04000  0.987769E+00
  3.05000  0.986212E+00
  3.06000  0.984526E+00
  3.07000  0.982732E+00
  3.08000  0.980832E+00
  3.09000  0.978857E+00
  3.10000  0.976829E+00
  3.11000  0.974766E+00
  3.12000  0.972714E+00
  3.13000  0.970678E+00
  3.14000  0.968685E+00
  3.15000  0.966766E+00
  3.16000  0.964921E+00
  3.17000  0.963137E+00
  3.18000  0.961367E+00
  3.19000  0.959553E+00
  3.20000  0.957638E+00
  3.21000  0.955559E+00
  3.22000  0.953270E+00
  3.23000  0.950729E+00
  3.24000  0.947889E+00
  3.25000  0.944725E+00
  3.26000  0.945571E+00
  3.27000  0.946514E+00
  3.28000  0.947408E+00
  3.29000  0.948215E+00
  3.30000  0.948981E+00
  3.31000  0.949722E+00
  3.32000  0.950419E+00
  3.33000  0.950990E+00
  3.34000  0.951460E+00
  3.35000  0.951788E+00
  3.36000  0.951923E+00
  3.37000  0.951850E+00
  3.38000  0.951532E+00
  3.39000  0.950975E+00
  3.40000  0.950210E+00
  3.41000  0.949270E+00
  3.42000  0.948178E+00
  3.43000  0.946905E+00
  3.44000  0.945469E+00
  3.45000  0.943885E+00
  3.46000  0.942197E+00
  3.47000  0.940409E+00
  3.48000  0.938547E+00
  3.49000  0.936588E+00
  3.50000  0.934488E+00
  3.51000  0.932247E+00
  3.52000  0.929899E+00
  3.53000  0.927501E+00
  3.54000  0.925087E+00
  3.55000  0.922595E+00
  3.56000  0.919807E+00
  3.57000  0.916644E+00
  3.58000  0.913025E+00
  3.59000  0.908613E+00
  3.60000  0.902639E+00
  3.61000  0.894047E+00
  3.62000  0.882232E+00
  3.63000  0.868051E+00
  3.64000  0.853453E+00
  3.65000  0.844116E+00
  3.66000  0.842409E+00
  3.67000  0.840881E+00
  3.68000  0.841616E+00
  3.69000  0.842182E+00
  3.70000  0.842557E+00
  3.71000  0.842734E+00
  3.72000  0.842712E+00
  3.73000  0.842481E+00
  3.74000  0.842036E+00
  3.75000  0.841352E+00
  3.76000  0.844637E+00
  3.77000  0.848043E+00
  3.78000  0.851050E+00
  3.79000  0.853619E+00
  3.80000  0.855670E+00
  3.81000  0.857139E+00
  3.82000  0.857963E+00
  3.83000  0.858124E+00
  3.84000  0.857606E+00
  3.85000  0.856533E+00
  3.86000  0.855105E+00
  3.87000  0.853597E+00
  3.88000  0.852192E+00
  3.89000  0.850963E+00
  3.90000  0.849809E+00
  3.91000  0.848599E+00
  3.92000  0.847190E+00
  3.93000  0.845479E+00
  3.94000  0.843404E+00
  3.95000  0.840952E+00
  3.96000  0.838156E+00
  3.97000  0.840553E+00
  3.98000  0.845437E+00
  3.99000  0.850387E+00
  4.00000  0.855370E+00
  4.01000  0.860315E+00
  4.02000  0.865140E+00
  4.03000  0.869783E+00
  4.04000  0.874226E+00
  4.05000  0.878470E+00
  4.06000  0.882512E+00
  4.07000  0.886357E+00
  4.08000  0.890002E+00
  4.09000  0.893457E+00
  4.10000  0.896719E+00
  4.11000  0.899768E+00
  4.12000  0.902578E+00
  4.13000  0.905127E+00
  4.14000  0.907428E+00
  4.15000  0.909481E+00
  4.16000  0.911309E+00
  4.17000  0.912920E+00
  4.18000  0.914319E+00
  4.19000  0.915510E+00
  4.20000  0.916466E+00
  4.21000  0.917178E+00
  4.22000  0.917609E+00
  4.23000  0.917719E+00
  4.24000  0.917489E+00
  4.25000  0.916891E+00
  4.26000  0.915922E+00
  4.27000  0.914589E+00
  4.28000  0.912818E+00
  4.29000  0.910581E+00
  4.30000  0.907934E+00
  4.31000  0.904967E+00
  4.32000  0.901761E+00
  4.33000  0.898328E+00
  4.34000  0.894555E+00
  4.35000  0.890222E+00
  4.36000  0.885080E+00
  4.37000  0.879065E+00
  4.38000  0.872214E+00
  4.39000  0.864637E+00
  4.40000  0.856489E+00
  4.41000  0.847840E+00
  4.42000  0.838707E+00
  4.43000  0.838216E+00
  4.44000  0.838248E+00
  4.45000  0.837814E+00
  4.46000  0.836918E+00
  4.47000  0.835573E+00
  4.48000  0.833812E+00
  4.49000  0.831671E+00
  4.50000  0.829192E+00
  4.51000  0.826424E+00
  4.52000  0.823396E+00
  4.53000  0.820107E+00
  4.54000  0.816541E+00
  4.55000  0.812827E+00
  4.56000  0.820992E+00
  4.57000  0.828717E+00
  4.58000  0.835954E+00
  4.59000  0.842674E+00
  4.60000  0.848856E+00
  4.61000  0.854487E+00
  4.62000  0.859575E+00
  4.63000  0.864165E+00
  4.64000  0.868367E+00
  4.65000  0.872268E+00
  4.66000  0.875909E+00
  4.67000  0.879253E+00
  4.68000  0.882238E+00
  4.69000  0.884790E+00
  4.70000  0.886844E+00
  4.71000  0.888343E+00
  4.72000  0.889255E+00
  4.73000  0.847917E+00
  4.74000  0.850726E+00
  4.75000  0.853242E+00
  4.76000  0.855481E+00
  4.77000  0.857489E+00
  4.78000  0.859268E+00
  4.79000  0.860782E+00
  4.80000  0.861980E+00
  4.81000  0.862816E+00
  4.82000  0.863296E+00
  4.83000  0.636319E+00
  4.84000  0.633694E+00
  4.85000  0.630775E+00
  4.86000  0.568484E+00
  4.87000  0.573745E+00
  4.88000  0.578901E+00
  4.89000  0.583949E+00
  4.90000  0.588912E+00
  4.91000  0.521719E+00
  4.92000  0.399996E+00
  4.93000  0.404162E+00
  4.94000  0.308247E+00
  4.95000  0.312293E+00
  4.96000  0.128488E+00
  4.97000  0.130320E+00
  4.98000  0.132245E+00
  4.99000  0.134117E+00
  5.00000  0.135871E+00
  5.01000  0.890869E-01
  5.02000  0.613113E-01
  5.03000  0.402052E-01
  5.04000  0.400065E-01
  5.05000  0.398096E-01
  5.06000  0.395985E-01
  5.07000  0.393533E-01
  5.08000  0.380713E-01
  5.09000  0.380293E-01
  5.10000  0.799349E-02
  5.11000  0.797021E-02
  5.12000  0.794809E-02
  5.13000  0.793235E-02
  5.14000  0.792635E-02
  5.15000  0.793171E-02
  5.16000  0.794583E-02
  5.17000  0.796316E-02
  5.18000  0.797639E-02
  5.19000  0.797961E-02
  5.20000  0.797109E-02
  5.21000  0.795343E-02
  5.22000  0.422570E-02
  5.23000  0.422944E-02
  5.24000  0.423856E-02
  5.25000  0.241547E-02
  5.26000  0.237193E-02
  5.27000  0.233717E-02
  5.28000  0.231050E-02
  5.29000  0.229146E-02
  5.30000  0.227952E-02
  5.31000  0.227501E-02
  5.32000  0.785351E-03
  5.33000  0.776168E-03
  5.34000  0.768651E-03
  5.35000  0.762489E-03
  5.36000  0.757132E-03
  5.37000  0.752016E-03
  5.38000  0.746988E-03
  5.39000  0.741647E-03
  5.40000  0.735932E-03
  5.41000  0.729869E-03
  5.42000  0.249898E-03
  5.43000  0.248793E-03
  5.44000  0.247736E-03
  5.45000  0.246741E-03
  5.46000  0.245785E-03
  5.47000  0.244849E-03
  5.48000  0.243898E-03
  5.49000  0.242893E-03
  5.50000  0.426859E-04
  5.51000  0.425023E-04
  5.52000  0.423447E-04
  5.53000  0.422086E-04
  5.54000  0.420810E-04
  5.55000  0.419485E-04
  5.56000  0.417964E-04
  5.57000  0.416143E-04
  5.58000  0.413987E-04
  5.59000  0.411580E-04
  5.60000  0.408960E-04
  5.61000  0.406204E-04
  5.62000  0.403422E-04
  5.63000  0.400719E-04
  5.64000  0.398142E-04
  5.65000  0.395741E-04
  5.66000  0.393517E-04
  5.67000  0.391422E-04
  5.68000  0.389391E-04
  5.69000  0.387341E-04
  5.70000  0.385207E-04
  5.71000  0.382951E-04
  5.72000  0.380536E-04
  5.73000  0.378006E-04
  5.74000  0.375401E-04
  5.75000  0.372800E-04
  5.76000  0.370304E-04
  5.77000  0.368004E-04
  5.78000  0.461055E-05
  5.79000  0.452892E-05
  5.80000  0.445440E-05
  5.81000  0.438784E-05
  5.82000  0.432962E-05
  5.83000  0.428028E-05
  5.84000  0.423985E-05
  5.85000  0.420834E-05
  5.86000  0.418629E-05
  5.87000  0.417431E-05
  5.88000  0.417322E-05
  5.89000  0.418418E-05
  5.90000  0.420826E-05
  5.91000  0.424719E-05
  5.92000  0.430279E-05
  5.93000  0.437660E-05
  5.94000  0.446989E-05
  5.95000  0.458350E-05
  5.96000  0.471713E-05
  5.97000  0.775136E-06
  5.98000  0.765071E-06
  5.99000  0.442128E-06
  6.00000  0.460336E-06
  6.20000  0.644020E-06
  6.40000  0.420626E-06
  6.60000  0.105691E-06
  6.80000  0.343175E-07
  7.00000  0.202650E-08
