  0.00000  0.000000E+00
  0.01000  0.000000E+00
  0.02000  0.162584E-12
  0.03000  0.811898E-12
  0.04000  0.186060E-11
  0.05000  0.363099E-11
  0.06000  0.107613E-10
  0.07000  0.156946E-10
  0.08000  0.131603E-10
  0.09000  0.936804E-11
  0.10000  0.327984E-11
  0.11000  0.205498E-11
  0.12000  0.233096E-11
  0.13000  0.355554E-11
  0.14000  0.916894E-11
  0.15000  0.313968E-10
  0.16000  0.480644E-10
  0.17000  0.583805E-10
  0.18000  0.681267E-10
  0.19000  0.689176E-10
  0.20000  0.858776E-10
  0.21000  0.106870E-09
  0.22000  0.953786E-10
  0.23000  0.884784E-10
  0.24000  0.875878E-10
  0.25000  0.877497E-10
  0.26000  0.661098E-10
  0.27000  0.338220E-10
  0.28000  0.238005E-10
  0.29000  0.138872E-10
  0.30000  0.932760E-11
  0.31000  0.755059E-11
  0.32000  0.632343E-11
  0.33000  0.907526E-11
  0.34000  0.136875E-10
  0.35000  0.140176E-10
  0.36000  0.137296E-10
  0.37000  0.121171E-10
  0.38000  0.101341E-10
  0.39000  0.927719E-11
  0.40000  0.781818E-11
  0.41000  0.637294E-11
  0.42000  0.519513E-11
  0.43000  0.421722E-11
  0.44000  0.340796E-11
  0.45000  0.303725E-11
  0.46000  0.317983E-11
  0.47000  0.324256E-11
  0.48000  0.303701E-11
  0.49000  0.298787E-11
  0.50000  0.292606E-11
  0.51000  0.109414E-10
  0.52000  0.321468E-10
  0.53000  0.710680E-10
  0.54000  0.144096E-09
  0.55000  0.246461E-09
  0.56000  0.346349E-09
  0.57000  0.575946E-09
  0.58000  0.102786E-08
  0.59000  0.165317E-08
  0.60000  0.292537E-08
  0.61000  0.563016E-08
  0.62000  0.118390E-07
  0.63000  0.272665E-07
  0.64000  0.589816E-07
  0.65000  0.112447E-06
  0.66000  0.201993E-06
  0.67000  0.377822E-06
  0.68000  0.714554E-06
  0.69000  0.121935E-05
  0.70000  0.198924E-05
  0.71000  0.319986E-05
  0.72000  0.428056E-05
  0.73000  0.496771E-05
  0.74000  0.638660E-05
  0.75000  0.993463E-05
  0.76000  0.155861E-04
  0.77000  0.217072E-04
  0.78000  0.285241E-04
  0.79000  0.398163E-04
  0.80000  0.597474E-04
  0.81000  0.926144E-04
  0.82000  0.154319E-03
  0.83000  0.293391E-03
  0.84000  0.458464E-03
  0.85000  0.561887E-03
  0.86000  0.607251E-03
  0.87000  0.632588E-03
  0.88000  0.645170E-03
  0.89000  0.663903E-03
  0.90000  0.719496E-03
  0.91000  0.800703E-03
  0.92000  0.842915E-03
  0.93000  0.851160E-03
  0.94000  0.883566E-03
  0.95000  0.944904E-03
  0.96000  0.100209E-02
  0.97000  0.102906E-02
  0.98000  0.104675E-02
  0.99000  0.108872E-02
  1.00000  0.114991E-02
  1.01000  0.119249E-02
  1.02000  0.118740E-02
  1.03000  0.115478E-02
  1.04000  0.112067E-02
  1.05000  0.109464E-02
  1.06000  0.106518E-02
  1.07000  0.103020E-02
  1.08000  0.991768E-03
  1.09000  0.917820E-03
  1.10000  0.790850E-03
  1.11000  0.653233E-03
  1.12000  0.538326E-03
  1.13000  0.426125E-03
  1.14000  0.288711E-03
  1.15000  0.181580E-03
  1.16000  0.114089E-03
  1.17000  0.709902E-04
  1.18000  0.453083E-04
  1.19000  0.323012E-04
  1.20000  0.438466E-04
  1.21000  0.717983E-04
  1.22000  0.108443E-03
  1.23000  0.157614E-03
  1.24000  0.222165E-03
  1.25000  0.305300E-03
  1.26000  0.420360E-03
  1.27000  0.604056E-03
  1.28000  0.918122E-03
  1.29000  0.142168E-02
  1.30000  0.208177E-02
  1.31000  0.279419E-02
  1.32000  0.357969E-02
  1.33000  0.457715E-02
  1.34000  0.586182E-02
  1.35000  0.731431E-02
  1.36000  0.896023E-02
  1.37000  0.108938E-01
  1.38000  0.131815E-01
  1.39000  0.184682E-01
  1.40000  0.271099E-01
  1.41000  0.314349E-01
  1.42000  0.318894E-01
  1.43000  0.278218E-01
  1.44000  0.232734E-01
  1.45000  0.217142E-01
  1.46000  0.224193E-01
  1.47000  0.247602E-01
  1.48000  0.265037E-01
  1.49000  0.268081E-01
  1.50000  0.265952E-01
  1.51000  0.263033E-01
  1.52000  0.256942E-01
  1.53000  0.252123E-01
  1.54000  0.253457E-01
  1.55000  0.239781E-01
  1.56000  0.243940E-01
  1.57000  0.248137E-01
  1.58000  0.212780E-01
  1.59000  0.183078E-01
  1.60000  0.163833E-01
  1.61000  0.180856E-01
  1.62000  0.205179E-01
  1.63000  0.233602E-01
  1.64000  0.264680E-01
  1.65000  0.314616E-01
  1.66000  0.388702E-01
  1.67000  0.476604E-01
  1.68000  0.581250E-01
  1.69000  0.708020E-01
  1.70000  0.867379E-01
  1.71000  0.106642E+00
  1.72000  0.130773E+00
  1.73000  0.158872E+00
  1.74000  0.190565E+00
  1.75000  0.225811E+00
  1.76000  0.265095E+00
  1.77000  0.309180E+00
  1.78000  0.359104E+00
  1.79000  0.415307E+00
  1.80000  0.478130E+00
  1.81000  0.547056E+00
  1.82000  0.620731E+00
  1.83000  0.697766E+00
  1.84000  0.771394E+00
  1.85000  0.836584E+00
  1.86000  0.893291E+00
  1.87000  0.940078E+00
  1.88000  0.973517E+00
  1.89000  0.993250E+00
  1.90000  0.100000E+01
  1.91000  0.992374E+00
  1.92000  0.969301E+00
  1.93000  0.927662E+00
  1.94000  0.868117E+00
  1.95000  0.795360E+00
  1.96000  0.713350E+00
  1.97000  0.629891E+00
  1.98000  0.554801E+00
  1.99000  0.499317E+00
  2.00000  0.441062E+00
  2.01000  0.383709E+00
  2.02000  0.329904E+00
  2.03000  0.278395E+00
  2.04000  0.229419E+00
  2.05000  0.184814E+00
  2.06000  0.142815E+00
  2.07000  0.109628E+00
  2.08000  0.825512E-01
  2.09000  0.607668E-01
  2.10000  0.435890E-01
  2.11000  0.307812E-01
  2.12000  0.253764E-01
  2.13000  0.206970E-01
  2.14000  0.165463E-01
  2.15000  0.129258E-01
  2.16000  0.941504E-02
  2.17000  0.697023E-02
  2.18000  0.503589E-02
  2.19000  0.356432E-02
  2.20000  0.248154E-02
  2.21000  0.170788E-02
  2.22000  0.116963E-02
  2.23000  0.799737E-03
  2.24000  0.543295E-03
  2.25000  0.364900E-03
  2.26000  0.225057E-03
  2.27000  0.147328E-03
  2.28000  0.953653E-04
  2.29000  0.611967E-04
  2.30000  0.390238E-04
  2.31000  0.247874E-04
  2.32000  0.157076E-04
  2.33000  0.992800E-05
  2.34000  0.626568E-05
  2.35000  0.408840E-05
  2.36000  0.245505E-05
  2.37000  0.157632E-05
  2.38000  0.995398E-06
  2.39000  0.617245E-06
  2.40000  0.378164E-06
  2.41000  0.231851E-06
  2.42000  0.142792E-06
  2.43000  0.881229E-07
  2.44000  0.568217E-07
  2.45000  0.375271E-07
  2.46000  0.222486E-07
  2.47000  0.147367E-07
  2.48000  0.983518E-08
  2.49000  0.658991E-08
  2.50000  0.440940E-08
  2.51000  0.294964E-08
  2.52000  0.231550E-08
  2.53000  0.201970E-08
  2.54000  0.167486E-08
  2.55000  0.131682E-08
  2.56000  0.851669E-09
  2.57000  0.621757E-09
  2.58000  0.443234E-09
  2.59000  0.311670E-09
  2.60000  0.215586E-09
  2.61000  0.144570E-09
  2.62000  0.933114E-10
  2.63000  0.587047E-10
  2.64000  0.369136E-10
  2.65000  0.235832E-10
  2.66000  0.123248E-10
  2.67000  0.796402E-11
  2.68000  0.514591E-11
  2.69000  0.333703E-11
  2.70000  0.218124E-11
  2.71000  0.143752E-11
  2.72000  0.951690E-12
  2.73000  0.633177E-12
  2.74000  0.422942E-12
  2.75000  0.281723E-12
  2.76000  0.145128E-12
  2.77000  0.953338E-13
  2.78000  0.629526E-13
  2.79000  0.419504E-13
  2.80000  0.280585E-13
  2.81000  0.186418E-13
  2.82000  0.121205E-13
  2.83000  0.759071E-14
  2.84000  0.454803E-14
  2.85000  0.261174E-14
  2.86000  0.109115E-14
  2.87000  0.587200E-15
  2.88000  0.310108E-15
  2.89000  0.159919E-15
  2.90000  0.798691E-16
  2.91000  0.393629E-16
  2.92000  0.245399E-16
  2.93000  0.150931E-16
  2.94000  0.928869E-17
  2.95000  0.580365E-17
  2.96000  0.259683E-17
  2.97000  0.165047E-17
  2.98000  0.102845E-17
  2.99000  0.617862E-18
  3.00000  0.353002E-18
  3.01000  0.189985E-18
  3.02000  0.944538E-19
  3.03000  0.417836E-19
  3.04000  0.157502E-19
  3.05000  0.562893E-20
  3.06000  0.924129E-21
  3.07000  0.255212E-21
  3.08000  0.893206E-22
  3.09000  0.436000E-22
  3.10000  0.251786E-22
  3.11000  0.222520E-22
  3.12000  0.189558E-22
  3.13000  0.152001E-22
  3.14000  0.113923E-22
  3.15000  0.800949E-23
  3.16000  0.278680E-23
  3.17000  0.177199E-23
  3.18000  0.109617E-23
  3.19000  0.665849E-24
  3.20000  0.393513E-24
  3.21000  0.222584E-24
  3.22000  0.119481E-24
  3.23000  0.609915E-25
  3.24000  0.299857E-25
  3.25000  0.143285E-25
  3.26000  0.315719E-26
  3.27000  0.158989E-26
  3.28000  0.149170E-26
  3.29000  0.145885E-26
  3.30000  0.144572E-26
  3.31000  0.140321E-26
  3.32000  0.130226E-26
  3.33000  0.114334E-26
  3.34000  0.938194E-27
  3.35000  0.705507E-27
  3.36000  0.204600E-27
  3.37000  0.116793E-27
  3.38000  0.574863E-28
  3.39000  0.245483E-28
  3.40000  0.932978E-29
  3.41000  0.331172E-29
  3.42000  0.136936E-29
  3.43000  0.000000E+00
  3.44000  0.000000E+00
  3.45000  0.000000E+00
  3.46000  0.000000E+00
  3.47000  0.000000E+00
  3.48000  0.000000E+00
  3.49000  0.000000E+00
  3.50000  0.000000E+00
  3.51000  0.000000E+00
  3.52000  0.000000E+00
  3.53000  0.000000E+00
  3.54000  0.000000E+00
  3.55000  0.000000E+00
  3.56000  0.000000E+00
  3.57000  0.000000E+00
  3.58000  0.000000E+00
  3.59000  0.000000E+00
  3.60000  0.000000E+00
  3.61000  0.000000E+00
  3.62000  0.000000E+00
  3.63000  0.000000E+00
  3.64000  0.000000E+00
  3.65000  0.000000E+00
  3.66000  0.000000E+00
  3.67000  0.000000E+00
  3.68000  0.000000E+00
  3.69000  0.000000E+00
  3.70000  0.000000E+00
  3.71000  0.000000E+00
  3.72000  0.000000E+00
  3.73000  0.000000E+00
  3.74000  0.000000E+00
  3.75000  0.000000E+00
  3.76000  0.000000E+00
  3.77000  0.000000E+00
  3.78000  0.000000E+00
  3.79000  0.000000E+00
  3.80000  0.000000E+00
  3.81000  0.000000E+00
  3.82000  0.000000E+00
  3.83000  0.000000E+00
  3.84000  0.000000E+00
  3.85000  0.000000E+00
  3.86000  0.000000E+00
  3.87000  0.000000E+00
  3.88000  0.000000E+00
  3.89000  0.000000E+00
  3.90000  0.000000E+00
  3.91000  0.000000E+00
  3.92000  0.000000E+00
  3.93000  0.000000E+00
  3.94000  0.000000E+00
  3.95000  0.000000E+00
  3.96000  0.000000E+00
  3.97000  0.000000E+00
  3.98000  0.000000E+00
  3.99000  0.000000E+00
  4.00000  0.000000E+00
  4.01000  0.000000E+00
  4.02000  0.000000E+00
  4.03000  0.000000E+00
  4.04000  0.000000E+00
  4.05000  0.000000E+00
  4.06000  0.000000E+00
  4.07000  0.000000E+00
  4.08000  0.000000E+00
  4.09000  0.000000E+00
  4.10000  0.000000E+00
  4.11000  0.000000E+00
  4.12000  0.000000E+00
  4.13000  0.000000E+00
  4.14000  0.000000E+00
  4.15000  0.000000E+00
  4.16000  0.000000E+00
  4.17000  0.000000E+00
  4.18000  0.000000E+00
  4.19000  0.000000E+00
  4.20000  0.000000E+00
  4.21000  0.000000E+00
  4.22000  0.000000E+00
  4.23000  0.000000E+00
  4.24000  0.000000E+00
  4.25000  0.000000E+00
  4.26000  0.000000E+00
  4.27000  0.000000E+00
  4.28000  0.000000E+00
  4.29000  0.000000E+00
  4.30000  0.000000E+00
  4.31000  0.000000E+00
  4.32000  0.000000E+00
  4.33000  0.000000E+00
  4.34000  0.000000E+00
  4.35000  0.000000E+00
  4.36000  0.000000E+00
  4.37000  0.000000E+00
  4.38000  0.000000E+00
  4.39000  0.000000E+00
  4.40000  0.000000E+00
  4.41000  0.000000E+00
  4.42000  0.000000E+00
  4.43000  0.000000E+00
  4.44000  0.000000E+00
  4.45000  0.000000E+00
  4.46000  0.000000E+00
  4.47000  0.000000E+00
  4.48000  0.000000E+00
  4.49000  0.000000E+00
  4.50000  0.000000E+00
  4.51000  0.000000E+00
  4.52000  0.000000E+00
  4.53000  0.000000E+00
  4.54000  0.000000E+00
  4.55000  0.000000E+00
  4.56000  0.000000E+00
  4.57000  0.000000E+00
  4.58000  0.000000E+00
  4.59000  0.000000E+00
  4.60000  0.000000E+00
  4.61000  0.000000E+00
  4.62000  0.000000E+00
  4.63000  0.000000E+00
  4.64000  0.000000E+00
  4.65000  0.000000E+00
  4.66000  0.000000E+00
  4.67000  0.000000E+00
  4.68000  0.000000E+00
  4.69000  0.000000E+00
  4.70000  0.000000E+00
  4.71000  0.000000E+00
  4.72000  0.000000E+00
  4.73000  0.000000E+00
  4.74000  0.000000E+00
  4.75000  0.000000E+00
  4.76000  0.000000E+00
  4.77000  0.000000E+00
  4.78000  0.000000E+00
  4.79000  0.000000E+00
  4.80000  0.000000E+00
  4.81000  0.000000E+00
  4.82000  0.000000E+00
  4.83000  0.000000E+00
  4.84000  0.000000E+00
  4.85000  0.000000E+00
  4.86000  0.000000E+00
  4.87000  0.000000E+00
  4.88000  0.000000E+00
  4.89000  0.000000E+00
  4.90000  0.000000E+00
  4.91000  0.000000E+00
  4.92000  0.000000E+00
  4.93000  0.000000E+00
  4.94000  0.000000E+00
  4.95000  0.000000E+00
  4.96000  0.000000E+00
  4.97000  0.000000E+00
  4.98000  0.000000E+00
  4.99000  0.000000E+00
  5.00000  0.000000E+00
  5.01000  0.000000E+00
  5.02000  0.000000E+00
  5.03000  0.000000E+00
  5.04000  0.000000E+00
  5.05000  0.000000E+00
  5.06000  0.000000E+00
  5.07000  0.000000E+00
  5.08000  0.000000E+00
  5.09000  0.000000E+00
  5.10000  0.000000E+00
  5.11000  0.000000E+00
  5.12000  0.000000E+00
  5.13000  0.000000E+00
  5.14000  0.000000E+00
  5.15000  0.000000E+00
  5.16000  0.000000E+00
  5.17000  0.000000E+00
  5.18000  0.000000E+00
  5.19000  0.000000E+00
  5.20000  0.000000E+00
  5.21000  0.000000E+00
  5.22000  0.000000E+00
  5.23000  0.000000E+00
  5.24000  0.000000E+00
  5.25000  0.000000E+00
  5.26000  0.000000E+00
  5.27000  0.000000E+00
  5.28000  0.000000E+00
  5.29000  0.000000E+00
  5.30000  0.000000E+00
  5.31000  0.000000E+00
  5.32000  0.000000E+00
  5.33000  0.000000E+00
  5.34000  0.000000E+00
  5.35000  0.000000E+00
  5.36000  0.000000E+00
  5.37000  0.000000E+00
  5.38000  0.000000E+00
  5.39000  0.000000E+00
  5.40000  0.000000E+00
  5.41000  0.000000E+00
  5.42000  0.000000E+00
  5.43000  0.000000E+00
  5.44000  0.000000E+00
  5.45000  0.000000E+00
  5.46000  0.000000E+00
  5.47000  0.000000E+00
  5.48000  0.000000E+00
  5.49000  0.000000E+00
  5.50000  0.000000E+00
  5.51000  0.000000E+00
  5.52000  0.000000E+00
  5.53000  0.000000E+00
  5.54000  0.000000E+00
  5.55000  0.000000E+00
  5.56000  0.000000E+00
  5.57000  0.000000E+00
  5.58000  0.000000E+00
  5.59000  0.000000E+00
  5.60000  0.000000E+00
  5.61000  0.000000E+00
  5.62000  0.000000E+00
  5.63000  0.000000E+00
  5.64000  0.000000E+00
  5.65000  0.000000E+00
  5.66000  0.000000E+00
  5.67000  0.000000E+00
  5.68000  0.000000E+00
  5.69000  0.000000E+00
  5.70000  0.000000E+00
  5.71000  0.000000E+00
  5.72000  0.000000E+00
  5.73000  0.000000E+00
  5.74000  0.000000E+00
  5.75000  0.000000E+00
  5.76000  0.000000E+00
  5.77000  0.000000E+00
  5.78000  0.000000E+00
  5.79000  0.000000E+00
  5.80000  0.000000E+00
  5.81000  0.000000E+00
  5.82000  0.000000E+00
  5.83000  0.000000E+00
  5.84000  0.000000E+00
  5.85000  0.000000E+00
  5.86000  0.000000E+00
  5.87000  0.000000E+00
  5.88000  0.000000E+00
  5.89000  0.000000E+00
  5.90000  0.000000E+00
  5.91000  0.000000E+00
  5.92000  0.000000E+00
  5.93000  0.000000E+00
  5.94000  0.000000E+00
  5.95000  0.000000E+00
  5.96000  0.000000E+00
  5.97000  0.000000E+00
  5.98000  0.000000E+00
  5.99000  0.000000E+00
  6.00000  0.000000E+00
  6.20000  0.000000E+00
  6.40000  0.000000E+00
  6.60000  0.000000E+00
  6.80000  0.000000E+00
  7.00000  0.000000E+00
