  0.00000  0.000000E+00
  0.01000  0.000000E+00
  0.02000  0.000000E+00
  0.03000  0.000000E+00
  0.04000  0.000000E+00
  0.05000  0.000000E+00
  0.06000  0.000000E+00
  0.07000  0.000000E+00
  0.08000  0.000000E+00
  0.09000  0.000000E+00
  0.10000  0.000000E+00
  0.11000  0.000000E+00
  0.12000  0.000000E+00
  0.13000  0.000000E+00
  0.14000  0.000000E+00
  0.15000  0.000000E+00
  0.16000  0.000000E+00
  0.17000  0.000000E+00
  0.18000  0.000000E+00
  0.19000  0.000000E+00
  0.20000  0.000000E+00
  0.21000  0.000000E+00
  0.22000  0.000000E+00
  0.23000  0.000000E+00
  0.24000  0.000000E+00
  0.25000  0.000000E+00
  0.26000  0.000000E+00
  0.27000  0.000000E+00
  0.28000  0.000000E+00
  0.29000  0.000000E+00
  0.30000  0.000000E+00
  0.31000  0.000000E+00
  0.32000  0.000000E+00
  0.33000  0.000000E+00
  0.34000  0.000000E+00
  0.35000  0.000000E+00
  0.36000  0.000000E+00
  0.37000  0.000000E+00
  0.38000  0.000000E+00
  0.39000  0.000000E+00
  0.40000  0.298160E-29
  0.41000  0.116725E-28
  0.42000  0.391155E-28
  0.43000  0.120387E-27
  0.44000  0.113599E-27
  0.45000  0.735837E-28
  0.46000  0.974269E-28
  0.47000  0.120862E-27
  0.48000  0.133947E-27
  0.49000  0.156440E-27
  0.50000  0.957595E-27
  0.51000  0.266459E-25
  0.52000  0.290505E-24
  0.53000  0.208065E-23
  0.54000  0.156610E-22
  0.55000  0.823210E-22
  0.56000  0.251520E-21
  0.57000  0.947881E-21
  0.58000  0.330385E-20
  0.59000  0.741838E-20
  0.60000  0.176793E-19
  0.61000  0.427973E-19
  0.62000  0.125814E-18
  0.63000  0.528141E-18
  0.64000  0.212882E-17
  0.65000  0.663978E-17
  0.66000  0.168095E-16
  0.67000  0.432698E-16
  0.68000  0.110797E-15
  0.69000  0.204888E-15
  0.70000  0.334556E-15
  0.71000  0.498902E-15
  0.72000  0.551793E-15
  0.73000  0.507933E-15
  0.74000  0.712535E-15
  0.75000  0.148138E-14
  0.76000  0.248281E-14
  0.77000  0.283674E-14
  0.78000  0.292387E-14
  0.79000  0.370727E-14
  0.80000  0.578656E-14
  0.81000  0.853185E-14
  0.82000  0.105968E-13
  0.83000  0.116194E-13
  0.84000  0.103485E-13
  0.85000  0.737697E-14
  0.86000  0.518200E-14
  0.87000  0.409394E-14
  0.88000  0.342619E-14
  0.89000  0.299035E-14
  0.90000  0.283720E-14
  0.91000  0.291677E-14
  0.92000  0.282576E-14
  0.93000  0.245811E-14
  0.94000  0.216916E-14
  0.95000  0.204986E-14
  0.96000  0.190349E-14
  0.97000  0.164599E-14
  0.98000  0.142587E-14
  0.99000  0.142431E-14
  1.00000  0.170548E-14
  1.01000  0.224141E-14
  1.02000  0.107541E-13
  1.03000  0.404878E-13
  1.04000  0.117912E-12
  1.05000  0.321874E-12
  1.06000  0.785475E-12
  1.07000  0.202498E-11
  1.08000  0.526260E-11
  1.09000  0.120708E-10
  1.10000  0.312912E-10
  1.11000  0.130467E-09
  1.12000  0.567242E-09
  1.13000  0.173351E-08
  1.14000  0.168338E-08
  1.15000  0.170616E-08
  1.16000  0.230398E-08
  1.17000  0.328196E-08
  1.18000  0.662772E-08
  1.19000  0.194553E-07
  1.20000  0.578414E-07
  1.21000  0.124957E-06
  1.22000  0.200616E-06
  1.23000  0.263796E-06
  1.24000  0.290054E-06
  1.25000  0.244431E-06
  1.26000  0.166682E-06
  1.27000  0.119203E-06
  1.28000  0.136348E-06
  1.29000  0.183482E-06
  1.30000  0.237663E-06
  1.31000  0.309657E-06
  1.32000  0.486492E-06
  1.33000  0.115165E-05
  1.34000  0.342869E-05
  1.35000  0.866926E-05
  1.36000  0.146387E-04
  1.37000  0.175935E-04
  1.38000  0.188763E-04
  1.39000  0.225619E-04
  1.40000  0.298316E-04
  1.41000  0.328440E-04
  1.42000  0.353480E-04
  1.43000  0.382755E-04
  1.44000  0.358106E-04
  1.45000  0.342488E-04
  1.46000  0.331353E-04
  1.47000  0.344934E-04
  1.48000  0.554153E-04
  1.49000  0.831972E-04
  1.50000  0.122785E-03
  1.51000  0.179914E-03
  1.52000  0.246953E-03
  1.53000  0.297698E-03
  1.54000  0.312462E-03
  1.55000  0.446136E-03
  1.56000  0.695300E-03
  1.57000  0.878561E-03
  1.58000  0.151887E-02
  1.59000  0.272250E-02
  1.60000  0.444817E-02
  1.61000  0.697363E-02
  1.62000  0.103871E-01
  1.63000  0.147650E-01
  1.64000  0.211280E-01
  1.65000  0.303091E-01
  1.66000  0.428410E-01
  1.67000  0.571032E-01
  1.68000  0.689619E-01
  1.69000  0.745493E-01
  1.70000  0.760333E-01
  1.71000  0.795279E-01
  1.72000  0.100651E+00
  1.73000  0.142351E+00
  1.74000  0.199430E+00
  1.75000  0.268724E+00
  1.76000  0.347928E+00
  1.77000  0.439783E+00
  1.78000  0.547134E+00
  1.79000  0.668005E+00
  1.80000  0.781796E+00
  1.81000  0.852492E+00
  1.82000  0.866613E+00
  1.83000  0.919341E+00
  1.84000  0.985208E+00
  1.85000  0.100000E+01
  1.86000  0.953234E+00
  1.87000  0.856718E+00
  1.88000  0.730753E+00
  1.89000  0.595155E+00
  1.90000  0.462362E+00
  1.91000  0.344555E+00
  1.92000  0.247669E+00
  1.93000  0.170900E+00
  1.94000  0.112468E+00
  1.95000  0.705361E-01
  1.96000  0.417767E-01
  1.97000  0.237349E-01
  1.98000  0.128053E-01
  1.99000  0.655017E-02
  2.00000  0.318280E-02
  2.01000  0.148367E-02
  2.02000  0.669459E-03
  2.03000  0.288952E-03
  2.04000  0.117932E-03
  2.05000  0.454321E-04
  2.06000  0.159493E-04
  2.07000  0.543781E-05
  2.08000  0.178714E-05
  2.09000  0.567808E-06
  2.10000  0.174079E-06
  2.11000  0.525963E-07
  2.12000  0.168161E-07
  2.13000  0.621463E-08
  2.14000  0.223915E-08
  2.15000  0.781437E-09
  2.16000  0.250353E-09
  2.17000  0.819585E-10
  2.18000  0.263448E-10
  2.19000  0.836742E-11
  2.20000  0.273714E-11
  2.21000  0.114857E-11
  2.22000  0.484437E-12
  2.23000  0.206083E-12
  2.24000  0.872017E-13
  2.25000  0.474310E-13
  2.26000  0.245586E-13
  2.27000  0.136753E-13
  2.28000  0.754376E-14
  2.29000  0.409017E-14
  2.30000  0.214848E-14
  2.31000  0.108583E-14
  2.32000  0.533215E-15
  2.33000  0.257765E-15
  2.34000  0.123638E-15
  2.35000  0.587992E-16
  2.36000  0.250368E-16
  2.37000  0.115979E-16
  2.38000  0.525597E-17
  2.39000  0.234631E-17
  2.40000  0.105564E-17
  2.41000  0.484699E-18
  2.42000  0.223396E-18
  2.43000  0.100561E-18
  2.44000  0.434977E-19
  2.45000  0.179945E-19
  2.46000  0.629767E-20
  2.47000  0.249790E-20
  2.48000  0.101960E-20
  2.49000  0.435261E-21
  2.50000  0.339704E-21
  2.51000  0.325625E-21
  2.52000  0.333484E-21
  2.53000  0.339662E-21
  2.54000  0.317797E-21
  2.55000  0.266078E-21
  2.56000  0.164699E-21
  2.57000  0.112258E-21
  2.58000  0.693954E-22
  2.59000  0.421479E-22
  2.60000  0.271026E-22
  2.61000  0.187830E-22
  2.62000  0.140068E-22
  2.63000  0.112933E-22
  2.64000  0.983821E-23
  2.65000  0.910797E-23
  2.66000  0.649403E-23
  2.67000  0.578112E-23
  2.68000  0.470279E-23
  2.69000  0.347925E-23
  2.70000  0.234581E-23
  2.71000  0.142538E-23
  2.72000  0.777309E-24
  2.73000  0.382136E-24
  2.74000  0.170793E-24
  2.75000  0.700626E-25
  2.76000  0.174614E-25
  2.77000  0.632819E-26
  2.78000  0.227206E-26
  2.79000  0.837890E-27
  2.80000  0.326065E-27
  2.81000  0.135795E-27
  2.82000  0.607088E-28
  2.83000  0.292031E-28
  2.84000  0.149142E-28
  2.85000  0.778443E-29
  2.86000  0.243943E-29
  2.87000  0.115551E-29
  2.88000  0.000000E+00
  2.89000  0.000000E+00
  2.90000  0.000000E+00
  2.91000  0.000000E+00
  2.92000  0.000000E+00
  2.93000  0.000000E+00
  2.94000  0.000000E+00
  2.95000  0.000000E+00
  2.96000  0.000000E+00
  2.97000  0.000000E+00
  2.98000  0.000000E+00
  2.99000  0.000000E+00
  3.00000  0.000000E+00
  3.01000  0.000000E+00
  3.02000  0.000000E+00
  3.03000  0.000000E+00
  3.04000  0.000000E+00
  3.05000  0.000000E+00
  3.06000  0.000000E+00
  3.07000  0.000000E+00
  3.08000  0.000000E+00
  3.09000  0.000000E+00
  3.10000  0.000000E+00
  3.11000  0.000000E+00
  3.12000  0.000000E+00
  3.13000  0.000000E+00
  3.14000  0.000000E+00
  3.15000  0.000000E+00
  3.16000  0.000000E+00
  3.17000  0.000000E+00
  3.18000  0.000000E+00
  3.19000  0.000000E+00
  3.20000  0.000000E+00
  3.21000  0.000000E+00
  3.22000  0.000000E+00
  3.23000  0.000000E+00
  3.24000  0.000000E+00
  3.25000  0.000000E+00
  3.26000  0.000000E+00
  3.27000  0.000000E+00
  3.28000  0.000000E+00
  3.29000  0.000000E+00
  3.30000  0.000000E+00
  3.31000  0.000000E+00
  3.32000  0.000000E+00
  3.33000  0.000000E+00
  3.34000  0.000000E+00
  3.35000  0.000000E+00
  3.36000  0.000000E+00
  3.37000  0.000000E+00
  3.38000  0.000000E+00
  3.39000  0.000000E+00
  3.40000  0.000000E+00
  3.41000  0.000000E+00
  3.42000  0.000000E+00
  3.43000  0.000000E+00
  3.44000  0.000000E+00
  3.45000  0.000000E+00
  3.46000  0.000000E+00
  3.47000  0.000000E+00
  3.48000  0.000000E+00
  3.49000  0.000000E+00
  3.50000  0.000000E+00
  3.51000  0.000000E+00
  3.52000  0.000000E+00
  3.53000  0.000000E+00
  3.54000  0.000000E+00
  3.55000  0.000000E+00
  3.56000  0.000000E+00
  3.57000  0.000000E+00
  3.58000  0.000000E+00
  3.59000  0.000000E+00
  3.60000  0.000000E+00
  3.61000  0.000000E+00
  3.62000  0.000000E+00
  3.63000  0.000000E+00
  3.64000  0.000000E+00
  3.65000  0.000000E+00
  3.66000  0.000000E+00
  3.67000  0.000000E+00
  3.68000  0.000000E+00
  3.69000  0.000000E+00
  3.70000  0.000000E+00
  3.71000  0.000000E+00
  3.72000  0.000000E+00
  3.73000  0.000000E+00
  3.74000  0.000000E+00
  3.75000  0.000000E+00
  3.76000  0.000000E+00
  3.77000  0.000000E+00
  3.78000  0.000000E+00
  3.79000  0.000000E+00
  3.80000  0.000000E+00
  3.81000  0.000000E+00
  3.82000  0.000000E+00
  3.83000  0.000000E+00
  3.84000  0.000000E+00
  3.85000  0.000000E+00
  3.86000  0.000000E+00
  3.87000  0.000000E+00
  3.88000  0.000000E+00
  3.89000  0.000000E+00
  3.90000  0.000000E+00
  3.91000  0.000000E+00
  3.92000  0.000000E+00
  3.93000  0.000000E+00
  3.94000  0.000000E+00
  3.95000  0.000000E+00
  3.96000  0.000000E+00
  3.97000  0.000000E+00
  3.98000  0.000000E+00
  3.99000  0.000000E+00
  4.00000  0.000000E+00
  4.01000  0.000000E+00
  4.02000  0.000000E+00
  4.03000  0.000000E+00
  4.04000  0.000000E+00
  4.05000  0.000000E+00
  4.06000  0.000000E+00
  4.07000  0.000000E+00
  4.08000  0.000000E+00
  4.09000  0.000000E+00
  4.10000  0.000000E+00
  4.11000  0.000000E+00
  4.12000  0.000000E+00
  4.13000  0.000000E+00
  4.14000  0.000000E+00
  4.15000  0.000000E+00
  4.16000  0.000000E+00
  4.17000  0.000000E+00
  4.18000  0.000000E+00
  4.19000  0.000000E+00
  4.20000  0.000000E+00
  4.21000  0.000000E+00
  4.22000  0.000000E+00
  4.23000  0.000000E+00
  4.24000  0.000000E+00
  4.25000  0.000000E+00
  4.26000  0.000000E+00
  4.27000  0.000000E+00
  4.28000  0.000000E+00
  4.29000  0.000000E+00
  4.30000  0.000000E+00
  4.31000  0.000000E+00
  4.32000  0.000000E+00
  4.33000  0.000000E+00
  4.34000  0.000000E+00
  4.35000  0.000000E+00
  4.36000  0.000000E+00
  4.37000  0.000000E+00
  4.38000  0.000000E+00
  4.39000  0.000000E+00
  4.40000  0.000000E+00
  4.41000  0.000000E+00
  4.42000  0.000000E+00
  4.43000  0.000000E+00
  4.44000  0.000000E+00
  4.45000  0.000000E+00
  4.46000  0.000000E+00
  4.47000  0.000000E+00
  4.48000  0.000000E+00
  4.49000  0.000000E+00
  4.50000  0.000000E+00
  4.51000  0.000000E+00
  4.52000  0.000000E+00
  4.53000  0.000000E+00
  4.54000  0.000000E+00
  4.55000  0.000000E+00
  4.56000  0.000000E+00
  4.57000  0.000000E+00
  4.58000  0.000000E+00
  4.59000  0.000000E+00
  4.60000  0.000000E+00
  4.61000  0.000000E+00
  4.62000  0.000000E+00
  4.63000  0.000000E+00
  4.64000  0.000000E+00
  4.65000  0.000000E+00
  4.66000  0.000000E+00
  4.67000  0.000000E+00
  4.68000  0.000000E+00
  4.69000  0.000000E+00
  4.70000  0.000000E+00
  4.71000  0.000000E+00
  4.72000  0.000000E+00
  4.73000  0.000000E+00
  4.74000  0.000000E+00
  4.75000  0.000000E+00
  4.76000  0.000000E+00
  4.77000  0.000000E+00
  4.78000  0.000000E+00
  4.79000  0.000000E+00
  4.80000  0.000000E+00
  4.81000  0.000000E+00
  4.82000  0.000000E+00
  4.83000  0.000000E+00
  4.84000  0.000000E+00
  4.85000  0.000000E+00
  4.86000  0.000000E+00
  4.87000  0.000000E+00
  4.88000  0.000000E+00
  4.89000  0.000000E+00
  4.90000  0.000000E+00
  4.91000  0.000000E+00
  4.92000  0.000000E+00
  4.93000  0.000000E+00
  4.94000  0.000000E+00
  4.95000  0.000000E+00
  4.96000  0.000000E+00
  4.97000  0.000000E+00
  4.98000  0.000000E+00
  4.99000  0.000000E+00
  5.00000  0.000000E+00
  5.01000  0.000000E+00
  5.02000  0.000000E+00
  5.03000  0.000000E+00
  5.04000  0.000000E+00
  5.05000  0.000000E+00
  5.06000  0.000000E+00
  5.07000  0.000000E+00
  5.08000  0.000000E+00
  5.09000  0.000000E+00
  5.10000  0.000000E+00
  5.11000  0.000000E+00
  5.12000  0.000000E+00
  5.13000  0.000000E+00
  5.14000  0.000000E+00
  5.15000  0.000000E+00
  5.16000  0.000000E+00
  5.17000  0.000000E+00
  5.18000  0.000000E+00
  5.19000  0.000000E+00
  5.20000  0.000000E+00
  5.21000  0.000000E+00
  5.22000  0.000000E+00
  5.23000  0.000000E+00
  5.24000  0.000000E+00
  5.25000  0.000000E+00
  5.26000  0.000000E+00
  5.27000  0.000000E+00
  5.28000  0.000000E+00
  5.29000  0.000000E+00
  5.30000  0.000000E+00
  5.31000  0.000000E+00
  5.32000  0.000000E+00
  5.33000  0.000000E+00
  5.34000  0.000000E+00
  5.35000  0.000000E+00
  5.36000  0.000000E+00
  5.37000  0.000000E+00
  5.38000  0.000000E+00
  5.39000  0.000000E+00
  5.40000  0.000000E+00
  5.41000  0.000000E+00
  5.42000  0.000000E+00
  5.43000  0.000000E+00
  5.44000  0.000000E+00
  5.45000  0.000000E+00
  5.46000  0.000000E+00
  5.47000  0.000000E+00
  5.48000  0.000000E+00
  5.49000  0.000000E+00
  5.50000  0.000000E+00
  5.51000  0.000000E+00
  5.52000  0.000000E+00
  5.53000  0.000000E+00
  5.54000  0.000000E+00
  5.55000  0.000000E+00
  5.56000  0.000000E+00
  5.57000  0.000000E+00
  5.58000  0.000000E+00
  5.59000  0.000000E+00
  5.60000  0.000000E+00
  5.61000  0.000000E+00
  5.62000  0.000000E+00
  5.63000  0.000000E+00
  5.64000  0.000000E+00
  5.65000  0.000000E+00
  5.66000  0.000000E+00
  5.67000  0.000000E+00
  5.68000  0.000000E+00
  5.69000  0.000000E+00
  5.70000  0.000000E+00
  5.71000  0.000000E+00
  5.72000  0.000000E+00
  5.73000  0.000000E+00
  5.74000  0.000000E+00
  5.75000  0.000000E+00
  5.76000  0.000000E+00
  5.77000  0.000000E+00
  5.78000  0.000000E+00
  5.79000  0.000000E+00
  5.80000  0.000000E+00
  5.81000  0.000000E+00
  5.82000  0.000000E+00
  5.83000  0.000000E+00
  5.84000  0.000000E+00
  5.85000  0.000000E+00
  5.86000  0.000000E+00
  5.87000  0.000000E+00
  5.88000  0.000000E+00
  5.89000  0.000000E+00
  5.90000  0.000000E+00
  5.91000  0.000000E+00
  5.92000  0.000000E+00
  5.93000  0.000000E+00
  5.94000  0.000000E+00
  5.95000  0.000000E+00
  5.96000  0.000000E+00
  5.97000  0.000000E+00
  5.98000  0.000000E+00
  5.99000  0.000000E+00
  6.00000  0.000000E+00
  6.20000  0.000000E+00
  6.40000  0.000000E+00
  6.60000  0.000000E+00
  6.80000  0.000000E+00
  7.00000  0.000000E+00
