  0.00000  0.000000E+00
  0.01000  0.000000E+00
  0.02000  0.000000E+00
  0.03000  0.000000E+00
  0.04000  0.000000E+00
  0.05000  0.000000E+00
  0.06000  0.000000E+00
  0.07000  0.000000E+00
  0.08000  0.000000E+00
  0.09000  0.000000E+00
  0.10000  0.000000E+00
  0.11000  0.000000E+00
  0.12000  0.000000E+00
  0.13000  0.000000E+00
  0.14000  0.000000E+00
  0.15000  0.000000E+00
  0.16000  0.000000E+00
  0.17000  0.000000E+00
  0.18000  0.000000E+00
  0.19000  0.000000E+00
  0.20000  0.000000E+00
  0.21000  0.000000E+00
  0.22000  0.000000E+00
  0.23000  0.000000E+00
  0.24000  0.000000E+00
  0.25000  0.000000E+00
  0.26000  0.000000E+00
  0.27000  0.000000E+00
  0.28000  0.000000E+00
  0.29000  0.000000E+00
  0.30000  0.000000E+00
  0.31000  0.000000E+00
  0.32000  0.000000E+00
  0.33000  0.000000E+00
  0.34000  0.000000E+00
  0.35000  0.000000E+00
  0.36000  0.000000E+00
  0.37000  0.000000E+00
  0.38000  0.000000E+00
  0.39000  0.000000E+00
  0.40000  0.000000E+00
  0.41000  0.000000E+00
  0.42000  0.000000E+00
  0.43000  0.000000E+00
  0.44000  0.000000E+00
  0.45000  0.000000E+00
  0.46000  0.000000E+00
  0.47000  0.000000E+00
  0.48000  0.000000E+00
  0.49000  0.000000E+00
  0.50000  0.000000E+00
  0.51000  0.000000E+00
  0.52000  0.000000E+00
  0.53000  0.000000E+00
  0.54000  0.000000E+00
  0.55000  0.000000E+00
  0.56000  0.000000E+00
  0.57000  0.000000E+00
  0.58000  0.000000E+00
  0.59000  0.000000E+00
  0.60000  0.000000E+00
  0.61000  0.000000E+00
  0.62000  0.000000E+00
  0.63000  0.000000E+00
  0.64000  0.000000E+00
  0.65000  0.000000E+00
  0.66000  0.000000E+00
  0.67000  0.000000E+00
  0.68000  0.000000E+00
  0.69000  0.000000E+00
  0.70000  0.000000E+00
  0.71000  0.000000E+00
  0.72000  0.000000E+00
  0.73000  0.000000E+00
  0.74000  0.000000E+00
  0.75000  0.000000E+00
  0.76000  0.000000E+00
  0.77000  0.000000E+00
  0.78000  0.000000E+00
  0.79000  0.000000E+00
  0.80000  0.147389E-27
  0.81000  0.103213E-26
  0.82000  0.283308E-17
  0.83000  0.123690E-18
  0.84000  0.651656E-18
  0.85000  0.640954E-20
  0.86000  0.260319E-21
  0.87000  0.200083E-22
  0.88000  0.443274E-23
  0.89000  0.194959E-23
  0.90000  0.124374E-23
  0.91000  0.999956E-24
  0.92000  0.633315E-24
  0.93000  0.198148E-24
  0.94000  0.459880E-25
  0.95000  0.126200E-25
  0.96000  0.342247E-26
  0.97000  0.936086E-27
  0.98000  0.329210E-27
  0.99000  0.101130E-26
  1.00000  0.298038E-25
  1.01000  0.106658E-23
  1.02000  0.270929E-22
  1.03000  0.267196E-21
  1.04000  0.148232E-20
  1.05000  0.944339E-20
  1.06000  0.620247E-19
  1.07000  0.349861E-18
  1.08000  0.191945E-17
  1.09000  0.909001E-17
  1.10000  0.240377E-16
  1.11000  0.330902E-16
  1.12000  0.397693E-16
  1.13000  0.593308E-16
  1.14000  0.106167E-15
  1.15000  0.291623E-15
  1.16000  0.147942E-14
  1.17000  0.106299E-13
  1.18000  0.553128E-13
  1.19000  0.115353E-12
  1.20000  0.773516E-13
  1.21000  0.154214E-13
  1.22000  0.133054E-14
  1.23000  0.923066E-16
  1.24000  0.526300E-17
  1.25000  0.142712E-18
  1.26000  0.136969E-20
  1.27000  0.825705E-21
  1.28000  0.338412E-20
  1.29000  0.107197E-19
  1.30000  0.333266E-19
  1.31000  0.120987E-18
  1.32000  0.602368E-18
  1.33000  0.198600E-17
  1.34000  0.192375E-16
  1.35000  0.398278E-14
  1.36000  0.108932E-12
  1.37000  0.948705E-12
  1.38000  0.491594E-11
  1.39000  0.169635E-10
  1.40000  0.333808E-10
  1.41000  0.498296E-10
  1.42000  0.607543E-10
  1.43000  0.533441E-10
  1.44000  0.523256E-10
  1.45000  0.734505E-10
  1.46000  0.140350E-09
  1.47000  0.349108E-09
  1.48000  0.971018E-09
  1.49000  0.245423E-08
  1.50000  0.484966E-08
  1.51000  0.853247E-08
  1.52000  0.149443E-07
  1.53000  0.247674E-07
  1.54000  0.334219E-07
  1.55000  0.345697E-07
  1.56000  0.278038E-07
  1.57000  0.192541E-07
  1.58000  0.124370E-07
  1.59000  0.204140E-07
  1.60000  0.346491E-07
  1.61000  0.527214E-07
  1.62000  0.730255E-07
  1.63000  0.103928E-06
  1.64000  0.176336E-06
  1.65000  0.347702E-06
  1.66000  0.722443E-06
  1.67000  0.142764E-05
  1.68000  0.263373E-05
  1.69000  0.452041E-05
  1.70000  0.745794E-05
  1.71000  0.129792E-04
  1.72000  0.259613E-04
  1.73000  0.600234E-04
  1.74000  0.151505E-03
  1.75000  0.385624E-03
  1.76000  0.889102E-03
  1.77000  0.178746E-02
  1.78000  0.308487E-02
  1.79000  0.470415E-02
  1.80000  0.667800E-02
  1.81000  0.911207E-02
  1.82000  0.119184E-01
  1.83000  0.143604E-01
  1.84000  0.151449E-01
  1.85000  0.133467E-01
  1.86000  0.907720E-02
  1.87000  0.566674E-02
  1.88000  0.330479E-02
  1.89000  0.194978E-02
  1.90000  0.122209E-02
  1.91000  0.829980E-03
  1.92000  0.599670E-03
  1.93000  0.438025E-03
  1.94000  0.308032E-03
  1.95000  0.196740E-03
  1.96000  0.208254E-03
  1.97000  0.108090E-03
  1.98000  0.270558E-04
  1.99000  0.141925E-04
  2.00000  0.147298E-04
  2.01000  0.177390E-04
  2.02000  0.295775E-04
  2.03000  0.991300E-04
  2.04000  0.309746E-03
  2.05000  0.571385E-03
  2.06000  0.798972E-03
  2.07000  0.547054E-03
  2.08000  0.254478E-03
  2.09000  0.971105E-04
  2.10000  0.449555E-04
  2.11000  0.300831E-04
  2.12000  0.276821E-04
  2.13000  0.272131E-04
  2.14000  0.275677E-04
  2.15000  0.271141E-04
  2.16000  0.271203E-04
  2.17000  0.228428E-04
  2.18000  0.216851E-04
  2.19000  0.197166E-04
  2.20000  0.474254E-03
  2.21000  0.302276E-01
  2.22000  0.365747E+00
  2.23000  0.100000E+01
  2.24000  0.869260E+00
  2.25000  0.332885E+00
  2.26000  0.404132E-01
  2.27000  0.531444E-02
  2.28000  0.424196E-03
  2.29000  0.170306E-04
  2.30000  0.261245E-06
  2.31000  0.112436E-06
  2.32000  0.267652E-06
  2.33000  0.751348E-06
  2.34000  0.246261E-05
  2.35000  0.955479E-05
  2.36000  0.349755E-04
  2.37000  0.141484E-03
  2.38000  0.512989E-03
  2.39000  0.168900E-02
  2.40000  0.503341E-02
  2.41000  0.124928E-01
  2.42000  0.237367E-01
  2.43000  0.308499E-01
  2.44000  0.260343E-01
  2.45000  0.145992E-01
  2.46000  0.306963E-02
  2.47000  0.813169E-03
  2.48000  0.138165E-03
  2.49000  0.121397E-04
  2.50000  0.464324E-06
  2.51000  0.730237E-08
  2.52000  0.683954E-10
  2.53000  0.203010E-11
  2.54000  0.336567E-13
  2.55000  0.463726E-15
  2.56000  0.563840E-18
  2.57000  0.576200E-20
  2.58000  0.640018E-22
  2.59000  0.987720E-24
  2.60000  0.244542E-25
  2.61000  0.955381E-27
  2.62000  0.530905E-28
  2.63000  0.371645E-29
  2.64000  0.000000E+00
  2.65000  0.000000E+00
  2.66000  0.000000E+00
  2.67000  0.000000E+00
  2.68000  0.000000E+00
  2.69000  0.000000E+00
  2.70000  0.000000E+00
  2.71000  0.000000E+00
  2.72000  0.000000E+00
  2.73000  0.000000E+00
  2.74000  0.000000E+00
  2.75000  0.000000E+00
  2.76000  0.000000E+00
  2.77000  0.000000E+00
  2.78000  0.000000E+00
  2.79000  0.000000E+00
  2.80000  0.000000E+00
  2.81000  0.000000E+00
  2.82000  0.000000E+00
  2.83000  0.000000E+00
  2.84000  0.000000E+00
  2.85000  0.000000E+00
  2.86000  0.000000E+00
  2.87000  0.000000E+00
  2.88000  0.000000E+00
  2.89000  0.000000E+00
  2.90000  0.000000E+00
  2.91000  0.000000E+00
  2.92000  0.000000E+00
  2.93000  0.000000E+00
  2.94000  0.000000E+00
  2.95000  0.000000E+00
  2.96000  0.000000E+00
  2.97000  0.000000E+00
  2.98000  0.000000E+00
  2.99000  0.000000E+00
  3.00000  0.000000E+00
  3.01000  0.000000E+00
  3.02000  0.000000E+00
  3.03000  0.000000E+00
  3.04000  0.000000E+00
  3.05000  0.000000E+00
  3.06000  0.000000E+00
  3.07000  0.000000E+00
  3.08000  0.000000E+00
  3.09000  0.000000E+00
  3.10000  0.000000E+00
  3.11000  0.000000E+00
  3.12000  0.000000E+00
  3.13000  0.000000E+00
  3.14000  0.000000E+00
  3.15000  0.000000E+00
  3.16000  0.000000E+00
  3.17000  0.000000E+00
  3.18000  0.000000E+00
  3.19000  0.000000E+00
  3.20000  0.000000E+00
  3.21000  0.000000E+00
  3.22000  0.000000E+00
  3.23000  0.000000E+00
  3.24000  0.000000E+00
  3.25000  0.000000E+00
  3.26000  0.000000E+00
  3.27000  0.000000E+00
  3.28000  0.000000E+00
  3.29000  0.000000E+00
  3.30000  0.000000E+00
  3.31000  0.000000E+00
  3.32000  0.000000E+00
  3.33000  0.000000E+00
  3.34000  0.000000E+00
  3.35000  0.000000E+00
  3.36000  0.000000E+00
  3.37000  0.000000E+00
  3.38000  0.000000E+00
  3.39000  0.000000E+00
  3.40000  0.000000E+00
  3.41000  0.000000E+00
  3.42000  0.000000E+00
  3.43000  0.000000E+00
  3.44000  0.000000E+00
  3.45000  0.000000E+00
  3.46000  0.000000E+00
  3.47000  0.000000E+00
  3.48000  0.000000E+00
  3.49000  0.000000E+00
  3.50000  0.000000E+00
  3.51000  0.000000E+00
  3.52000  0.000000E+00
  3.53000  0.000000E+00
  3.54000  0.000000E+00
  3.55000  0.000000E+00
  3.56000  0.000000E+00
  3.57000  0.000000E+00
  3.58000  0.000000E+00
  3.59000  0.000000E+00
  3.60000  0.000000E+00
  3.61000  0.000000E+00
  3.62000  0.000000E+00
  3.63000  0.000000E+00
  3.64000  0.000000E+00
  3.65000  0.000000E+00
  3.66000  0.000000E+00
  3.67000  0.000000E+00
  3.68000  0.000000E+00
  3.69000  0.000000E+00
  3.70000  0.000000E+00
  3.71000  0.000000E+00
  3.72000  0.000000E+00
  3.73000  0.000000E+00
  3.74000  0.000000E+00
  3.75000  0.000000E+00
  3.76000  0.000000E+00
  3.77000  0.000000E+00
  3.78000  0.000000E+00
  3.79000  0.000000E+00
  3.80000  0.000000E+00
  3.81000  0.000000E+00
  3.82000  0.000000E+00
  3.83000  0.000000E+00
  3.84000  0.000000E+00
  3.85000  0.000000E+00
  3.86000  0.000000E+00
  3.87000  0.000000E+00
  3.88000  0.000000E+00
  3.89000  0.000000E+00
  3.90000  0.000000E+00
  3.91000  0.000000E+00
  3.92000  0.000000E+00
  3.93000  0.000000E+00
  3.94000  0.000000E+00
  3.95000  0.000000E+00
  3.96000  0.000000E+00
  3.97000  0.000000E+00
  3.98000  0.000000E+00
  3.99000  0.000000E+00
  4.00000  0.000000E+00
  4.01000  0.000000E+00
  4.02000  0.000000E+00
  4.03000  0.000000E+00
  4.04000  0.000000E+00
  4.05000  0.000000E+00
  4.06000  0.000000E+00
  4.07000  0.000000E+00
  4.08000  0.000000E+00
  4.09000  0.000000E+00
  4.10000  0.000000E+00
  4.11000  0.000000E+00
  4.12000  0.000000E+00
  4.13000  0.000000E+00
  4.14000  0.000000E+00
  4.15000  0.000000E+00
  4.16000  0.000000E+00
  4.17000  0.000000E+00
  4.18000  0.000000E+00
  4.19000  0.000000E+00
  4.20000  0.000000E+00
  4.21000  0.000000E+00
  4.22000  0.000000E+00
  4.23000  0.000000E+00
  4.24000  0.000000E+00
  4.25000  0.000000E+00
  4.26000  0.000000E+00
  4.27000  0.000000E+00
  4.28000  0.000000E+00
  4.29000  0.000000E+00
  4.30000  0.000000E+00
  4.31000  0.000000E+00
  4.32000  0.000000E+00
  4.33000  0.000000E+00
  4.34000  0.000000E+00
  4.35000  0.000000E+00
  4.36000  0.000000E+00
  4.37000  0.000000E+00
  4.38000  0.000000E+00
  4.39000  0.000000E+00
  4.40000  0.000000E+00
  4.41000  0.000000E+00
  4.42000  0.000000E+00
  4.43000  0.000000E+00
  4.44000  0.000000E+00
  4.45000  0.000000E+00
  4.46000  0.000000E+00
  4.47000  0.000000E+00
  4.48000  0.000000E+00
  4.49000  0.000000E+00
  4.50000  0.000000E+00
  4.51000  0.000000E+00
  4.52000  0.000000E+00
  4.53000  0.000000E+00
  4.54000  0.000000E+00
  4.55000  0.000000E+00
  4.56000  0.000000E+00
  4.57000  0.000000E+00
  4.58000  0.000000E+00
  4.59000  0.000000E+00
  4.60000  0.000000E+00
  4.61000  0.000000E+00
  4.62000  0.000000E+00
  4.63000  0.000000E+00
  4.64000  0.000000E+00
  4.65000  0.000000E+00
  4.66000  0.000000E+00
  4.67000  0.000000E+00
  4.68000  0.000000E+00
  4.69000  0.000000E+00
  4.70000  0.000000E+00
  4.71000  0.000000E+00
  4.72000  0.000000E+00
  4.73000  0.000000E+00
  4.74000  0.000000E+00
  4.75000  0.000000E+00
  4.76000  0.000000E+00
  4.77000  0.000000E+00
  4.78000  0.000000E+00
  4.79000  0.000000E+00
  4.80000  0.000000E+00
  4.81000  0.000000E+00
  4.82000  0.000000E+00
  4.83000  0.000000E+00
  4.84000  0.000000E+00
  4.85000  0.000000E+00
  4.86000  0.000000E+00
  4.87000  0.000000E+00
  4.88000  0.000000E+00
  4.89000  0.000000E+00
  4.90000  0.000000E+00
  4.91000  0.000000E+00
  4.92000  0.000000E+00
  4.93000  0.000000E+00
  4.94000  0.000000E+00
  4.95000  0.000000E+00
  4.96000  0.000000E+00
  4.97000  0.000000E+00
  4.98000  0.000000E+00
  4.99000  0.000000E+00
  5.00000  0.000000E+00
  5.01000  0.000000E+00
  5.02000  0.000000E+00
  5.03000  0.000000E+00
  5.04000  0.000000E+00
  5.05000  0.000000E+00
  5.06000  0.000000E+00
  5.07000  0.000000E+00
  5.08000  0.000000E+00
  5.09000  0.000000E+00
  5.10000  0.000000E+00
  5.11000  0.000000E+00
  5.12000  0.000000E+00
  5.13000  0.000000E+00
  5.14000  0.000000E+00
  5.15000  0.000000E+00
  5.16000  0.000000E+00
  5.17000  0.000000E+00
  5.18000  0.000000E+00
  5.19000  0.000000E+00
  5.20000  0.000000E+00
  5.21000  0.000000E+00
  5.22000  0.000000E+00
  5.23000  0.000000E+00
  5.24000  0.000000E+00
  5.25000  0.000000E+00
  5.26000  0.000000E+00
  5.27000  0.000000E+00
  5.28000  0.000000E+00
  5.29000  0.000000E+00
  5.30000  0.000000E+00
  5.31000  0.000000E+00
  5.32000  0.000000E+00
  5.33000  0.000000E+00
  5.34000  0.000000E+00
  5.35000  0.000000E+00
  5.36000  0.000000E+00
  5.37000  0.000000E+00
  5.38000  0.000000E+00
  5.39000  0.000000E+00
  5.40000  0.000000E+00
  5.41000  0.000000E+00
  5.42000  0.000000E+00
  5.43000  0.000000E+00
  5.44000  0.000000E+00
  5.45000  0.000000E+00
  5.46000  0.000000E+00
  5.47000  0.000000E+00
  5.48000  0.000000E+00
  5.49000  0.000000E+00
  5.50000  0.000000E+00
  5.51000  0.000000E+00
  5.52000  0.000000E+00
  5.53000  0.000000E+00
  5.54000  0.000000E+00
  5.55000  0.000000E+00
  5.56000  0.000000E+00
  5.57000  0.000000E+00
  5.58000  0.000000E+00
  5.59000  0.000000E+00
  5.60000  0.000000E+00
  5.61000  0.000000E+00
  5.62000  0.000000E+00
  5.63000  0.000000E+00
  5.64000  0.000000E+00
  5.65000  0.000000E+00
  5.66000  0.000000E+00
  5.67000  0.000000E+00
  5.68000  0.000000E+00
  5.69000  0.000000E+00
  5.70000  0.000000E+00
  5.71000  0.000000E+00
  5.72000  0.000000E+00
  5.73000  0.000000E+00
  5.74000  0.000000E+00
  5.75000  0.000000E+00
  5.76000  0.000000E+00
  5.77000  0.000000E+00
  5.78000  0.000000E+00
  5.79000  0.000000E+00
  5.80000  0.000000E+00
  5.81000  0.000000E+00
  5.82000  0.000000E+00
  5.83000  0.000000E+00
  5.84000  0.000000E+00
  5.85000  0.000000E+00
  5.86000  0.000000E+00
  5.87000  0.000000E+00
  5.88000  0.000000E+00
  5.89000  0.000000E+00
  5.90000  0.000000E+00
  5.91000  0.000000E+00
  5.92000  0.000000E+00
  5.93000  0.000000E+00
  5.94000  0.000000E+00
  5.95000  0.000000E+00
  5.96000  0.000000E+00
  5.97000  0.000000E+00
  5.98000  0.000000E+00
  5.99000  0.000000E+00
  6.00000  0.000000E+00
  6.20000  0.000000E+00
  6.40000  0.000000E+00
  6.60000  0.000000E+00
  6.80000  0.000000E+00
  7.00000  0.000000E+00
