  0.00000  0.000000E+00
  0.01000  0.000000E+00
  0.02000  0.766755E-06
  0.03000  0.743282E-03
  0.04000  0.130149E-02
  0.05000  0.217530E-02
  0.06000  0.312774E-02
  0.07000  0.351644E-02
  0.08000  0.432541E-02
  0.09000  0.592255E-02
  0.10000  0.825918E-02
  0.11000  0.853795E-02
  0.12000  0.928039E-02
  0.13000  0.105382E-01
  0.14000  0.126478E-01
  0.15000  0.126886E-01
  0.16000  0.127498E-01
  0.17000  0.141240E-01
  0.18000  0.171478E-01
  0.19000  0.219423E-01
  0.20000  0.235240E-01
  0.21000  0.246638E-01
  0.22000  0.297178E-01
  0.23000  0.360068E-01
  0.24000  0.410336E-01
  0.25000  0.446577E-01
  0.26000  0.519970E-01
  0.27000  0.630332E-01
  0.28000  0.780035E-01
  0.29000  0.974235E-01
  0.30000  0.116205E+00
  0.31000  0.135259E+00
  0.32000  0.155984E+00
  0.33000  0.178693E+00
  0.34000  0.191026E+00
  0.35000  0.204171E+00
  0.36000  0.215139E+00
  0.37000  0.227369E+00
  0.38000  0.247303E+00
  0.39000  0.263196E+00
  0.40000  0.271736E+00
  0.41000  0.282919E+00
  0.42000  0.300730E+00
  0.43000  0.329655E+00
  0.44000  0.378457E+00
  0.45000  0.411940E+00
  0.46000  0.436816E+00
  0.47000  0.474957E+00
  0.48000  0.504918E+00
  0.49000  0.528230E+00
  0.50000  0.557381E+00
  0.51000  0.567016E+00
  0.52000  0.595241E+00
  0.53000  0.632007E+00
  0.54000  0.673156E+00
  0.55000  0.739953E+00
  0.56000  0.812129E+00
  0.57000  0.845020E+00
  0.58000  0.865725E+00
  0.59000  0.896985E+00
  0.60000  0.937193E+00
  0.61000  0.977875E+00
  0.62000  0.986815E+00
  0.63000  0.996820E+00
  0.64000  0.100000E+01
  0.65000  0.981646E+00
  0.66000  0.944089E+00
  0.67000  0.886534E+00
  0.68000  0.825917E+00
  0.69000  0.799784E+00
  0.70000  0.803132E+00
  0.71000  0.825273E+00
  0.72000  0.850170E+00
  0.73000  0.859412E+00
  0.74000  0.849274E+00
  0.75000  0.836733E+00
  0.76000  0.833300E+00
  0.77000  0.836308E+00
  0.78000  0.841246E+00
  0.79000  0.837922E+00
  0.80000  0.808865E+00
  0.81000  0.775766E+00
  0.82000  0.752185E+00
  0.83000  0.737304E+00
  0.84000  0.727703E+00
  0.85000  0.708134E+00
  0.86000  0.693694E+00
  0.87000  0.689692E+00
  0.88000  0.680458E+00
  0.89000  0.671011E+00
  0.90000  0.671920E+00
  0.91000  0.677688E+00
  0.92000  0.681528E+00
  0.93000  0.676418E+00
  0.94000  0.661564E+00
  0.95000  0.633758E+00
  0.96000  0.603996E+00
  0.97000  0.587334E+00
  0.98000  0.584473E+00
  0.99000  0.587021E+00
  1.00000  0.584189E+00
  1.01000  0.583521E+00
  1.02000  0.593972E+00
  1.03000  0.608906E+00
  1.04000  0.620937E+00
  1.05000  0.632579E+00
  1.06000  0.640107E+00
  1.07000  0.644740E+00
  1.08000  0.653362E+00
  1.09000  0.664859E+00
  1.10000  0.680423E+00
  1.11000  0.701520E+00
  1.12000  0.733813E+00
  1.13000  0.795805E+00
  1.14000  0.859306E+00
  1.15000  0.885102E+00
  1.16000  0.884871E+00
  1.17000  0.873956E+00
  1.18000  0.859272E+00
  1.19000  0.840948E+00
  1.20000  0.815538E+00
  1.21000  0.785068E+00
  1.22000  0.746886E+00
  1.23000  0.700500E+00
  1.24000  0.652490E+00
  1.25000  0.603252E+00
  1.26000  0.553882E+00
  1.27000  0.505145E+00
  1.28000  0.456901E+00
  1.29000  0.410931E+00
  1.30000  0.368409E+00
  1.31000  0.330278E+00
  1.32000  0.296367E+00
  1.33000  0.265917E+00
  1.34000  0.238782E+00
  1.35000  0.215067E+00
  1.36000  0.193965E+00
  1.37000  0.175039E+00
  1.38000  0.157972E+00
  1.39000  0.142516E+00
  1.40000  0.128404E+00
  1.41000  0.115375E+00
  1.42000  0.103583E+00
  1.43000  0.938861E-01
  1.44000  0.870864E-01
  1.45000  0.809996E-01
  1.46000  0.752895E-01
  1.47000  0.697956E-01
  1.48000  0.645916E-01
  1.49000  0.596155E-01
  1.50000  0.548593E-01
  1.51000  0.505078E-01
  1.52000  0.466462E-01
  1.53000  0.431886E-01
  1.54000  0.399324E-01
  1.55000  0.366704E-01
  1.56000  0.336284E-01
  1.57000  0.310269E-01
  1.58000  0.310967E-01
  1.59000  0.354318E-01
  1.60000  0.389727E-01
  1.61000  0.422190E-01
  1.62000  0.451383E-01
  1.63000  0.476575E-01
  1.64000  0.497871E-01
  1.65000  0.513756E-01
  1.66000  0.523396E-01
  1.67000  0.526758E-01
  1.68000  0.521032E-01
  1.69000  0.502109E-01
  1.70000  0.470798E-01
  1.71000  0.435425E-01
  1.72000  0.404996E-01
  1.73000  0.381855E-01
  1.74000  0.364445E-01
  1.75000  0.352073E-01
  1.76000  0.344776E-01
  1.77000  0.341165E-01
  1.78000  0.340527E-01
  1.79000  0.348243E-01
  1.80000  0.359763E-01
  1.81000  0.362949E-01
  1.82000  0.360188E-01
  1.83000  0.355118E-01
  1.84000  0.349503E-01
  1.85000  0.343099E-01
  1.86000  0.335312E-01
  1.87000  0.324377E-01
  1.88000  0.311143E-01
  1.89000  0.296402E-01
  1.90000  0.281526E-01
  1.91000  0.266924E-01
  1.92000  0.252336E-01
  1.93000  0.238024E-01
  1.94000  0.224767E-01
  1.95000  0.213125E-01
  1.96000  0.203495E-01
  1.97000  0.194817E-01
  1.98000  0.186976E-01
  1.99000  0.179230E-01
  2.00000  0.171358E-01
  2.01000  0.162860E-01
  2.02000  0.166628E-01
  2.03000  0.173051E-01
  2.04000  0.179842E-01
  2.05000  0.186535E-01
  2.06000  0.193290E-01
  2.07000  0.198922E-01
  2.08000  0.204001E-01
  2.09000  0.208663E-01
  2.10000  0.213371E-01
  2.11000  0.218508E-01
  2.12000  0.224081E-01
  2.13000  0.229965E-01
  2.14000  0.236180E-01
  2.15000  0.242501E-01
  2.16000  0.249561E-01
  2.17000  0.254861E-01
  2.18000  0.259411E-01
  2.19000  0.263537E-01
  2.20000  0.267939E-01
  2.21000  0.272733E-01
  2.22000  0.277386E-01
  2.23000  0.281869E-01
  2.24000  0.286842E-01
  2.25000  0.293019E-01
  2.26000  0.303500E-01
  2.27000  0.313619E-01
  2.28000  0.325566E-01
  2.29000  0.339170E-01
  2.30000  0.354237E-01
  2.31000  0.370525E-01
  2.32000  0.387651E-01
  2.33000  0.405731E-01
  2.34000  0.424865E-01
  2.35000  0.445674E-01
  2.36000  0.474038E-01
  2.37000  0.499557E-01
  2.38000  0.527510E-01
  2.39000  0.731067E-01
  2.40000  0.893097E-01
  2.41000  0.105309E+00
  2.42000  0.117890E+00
  2.43000  0.125515E+00
  2.44000  0.130089E+00
  2.45000  0.133750E+00
  2.46000  0.141394E+00
  2.47000  0.155933E+00
  2.48000  0.180342E+00
  2.49000  0.209582E+00
  2.50000  0.231192E+00
  2.51000  0.236265E+00
  2.52000  0.227666E+00
  2.53000  0.214450E+00
  2.54000  0.202413E+00
  2.55000  0.193318E+00
  2.56000  0.189109E+00
  2.57000  0.185376E+00
  2.58000  0.184166E+00
  2.59000  0.185272E+00
  2.60000  0.188342E+00
  2.61000  0.192887E+00
  2.62000  0.198217E+00
  2.63000  0.204347E+00
  2.64000  0.211625E+00
  2.65000  0.220516E+00
  2.66000  0.233693E+00
  2.67000  0.246277E+00
  2.68000  0.260636E+00
  2.69000  0.276145E+00
  2.70000  0.292152E+00
  2.71000  0.306177E+00
  2.72000  0.316050E+00
  2.73000  0.321408E+00
  2.74000  0.322331E+00
  2.75000  0.317271E+00
  2.76000  0.308038E+00
  2.77000  0.297775E+00
  2.78000  0.295047E+00
  2.79000  0.298182E+00
  2.80000  0.303508E+00
  2.81000  0.309121E+00
  2.82000  0.315703E+00
  2.83000  0.324101E+00
  2.84000  0.334510E+00
  2.85000  0.346698E+00
  2.86000  0.364319E+00
  2.87000  0.383545E+00
  2.88000  0.409498E+00
  2.89000  0.442867E+00
  2.90000  0.479296E+00
  2.91000  0.513292E+00
  2.92000  0.543716E+00
  2.93000  0.575280E+00
  2.94000  0.607312E+00
  2.95000  0.636644E+00
  2.96000  0.686485E+00
  2.97000  0.727478E+00
  2.98000  0.770280E+00
  2.99000  0.814430E+00
  3.00000  0.857857E+00
  3.01000  0.899083E+00
  3.02000  0.935651E+00
  3.03000  0.963983E+00
  3.04000  0.978179E+00
  3.05000  0.973511E+00
  3.06000  0.968905E+00
  3.07000  0.934528E+00
  3.08000  0.895824E+00
  3.09000  0.890892E+00
  3.10000  0.885745E+00
  3.11000  0.874591E+00
  3.12000  0.858919E+00
  3.13000  0.841331E+00
  3.14000  0.823705E+00
  3.15000  0.807008E+00
  3.16000  0.811895E+00
  3.17000  0.796254E+00
  3.18000  0.780996E+00
  3.19000  0.765832E+00
  3.20000  0.750412E+00
  3.21000  0.734237E+00
  3.22000  0.716608E+00
  3.23000  0.696855E+00
  3.24000  0.674704E+00
  3.25000  0.650508E+00
  3.26000  0.631894E+00
  3.27000  0.603779E+00
  3.28000  0.574231E+00
  3.29000  0.543041E+00
  3.30000  0.510315E+00
  3.31000  0.476490E+00
  3.32000  0.442362E+00
  3.33000  0.408741E+00
  3.34000  0.376201E+00
  3.35000  0.345040E+00
  3.36000  0.310445E+00
  3.37000  0.281956E+00
  3.38000  0.255591E+00
  3.39000  0.231619E+00
  3.40000  0.210215E+00
  3.41000  0.191315E+00
  3.42000  0.174704E+00
  3.43000  0.160145E+00
  3.44000  0.147419E+00
  3.45000  0.136251E+00
  3.46000  0.120665E+00
  3.47000  0.111882E+00
  3.48000  0.103913E+00
  3.49000  0.966616E-01
  3.50000  0.900227E-01
  3.51000  0.839068E-01
  3.52000  0.782481E-01
  3.53000  0.729877E-01
  3.54000  0.680908E-01
  3.55000  0.635887E-01
  3.56000  0.552203E-01
  3.57000  0.517358E-01
  3.58000  0.486842E-01
  3.59000  0.460409E-01
  3.60000  0.438270E-01
  3.61000  0.420467E-01
  3.62000  0.406703E-01
  3.63000  0.396286E-01
  3.64000  0.388182E-01
  3.65000  0.381149E-01
  3.66000  0.337298E-01
  3.67000  0.329764E-01
  3.68000  0.321144E-01
  3.69000  0.311276E-01
  3.70000  0.300134E-01
  3.71000  0.287863E-01
  3.72000  0.274744E-01
  3.73000  0.261084E-01
  3.74000  0.247157E-01
  3.75000  0.233177E-01
  3.76000  0.196129E-01
  3.77000  0.183847E-01
  3.78000  0.171836E-01
  3.79000  0.160148E-01
  3.80000  0.148769E-01
  3.81000  0.137596E-01
  3.82000  0.130397E-01
  3.83000  0.125325E-01
  3.84000  0.119907E-01
  3.85000  0.114064E-01
  3.86000  0.975015E-02
  3.87000  0.915062E-02
  3.88000  0.852775E-02
  3.89000  0.787829E-02
  3.90000  0.720377E-02
  3.91000  0.651530E-02
  3.92000  0.582492E-02
  3.93000  0.514708E-02
  3.94000  0.449747E-02
  3.95000  0.389320E-02
  3.96000  0.288863E-02
  3.97000  0.245498E-02
  3.98000  0.207542E-02
  3.99000  0.174644E-02
  4.00000  0.146245E-02
  4.01000  0.121699E-02
  4.02000  0.100532E-02
  4.03000  0.826724E-03
  4.04000  0.680578E-03
  4.05000  0.564399E-03
  4.06000  0.371796E-03
  4.07000  0.313010E-03
  4.08000  0.265968E-03
  4.09000  0.226569E-03
  4.10000  0.192240E-03
  4.11000  0.161887E-03
  4.12000  0.135271E-03
  4.13000  0.112485E-03
  4.14000  0.934640E-04
  4.15000  0.777821E-04
  4.16000  0.463717E-04
  4.17000  0.385259E-04
  4.18000  0.321474E-04
  4.19000  0.269947E-04
  4.20000  0.228771E-04
  4.21000  0.196126E-04
  4.22000  0.170229E-04
  4.23000  0.149419E-04
  4.24000  0.132305E-04
  4.25000  0.117932E-04
  4.26000  0.690702E-05
  4.27000  0.612915E-05
  4.28000  0.538918E-05
  4.29000  0.466785E-05
  4.30000  0.396991E-05
  4.31000  0.331123E-05
  4.32000  0.270837E-05
  4.33000  0.225611E-05
  4.34000  0.187952E-05
  4.35000  0.153997E-05
  4.36000  0.769288E-06
  4.37000  0.605836E-06
  4.38000  0.473431E-06
  4.39000  0.368551E-06
  4.40000  0.286525E-06
  4.41000  0.223241E-06
  4.42000  0.174814E-06
  4.43000  0.138092E-06
  4.44000  0.110368E-06
  4.45000  0.893560E-07
  4.46000  0.375827E-07
  4.47000  0.306459E-07
  4.48000  0.251527E-07
  4.49000  0.207379E-07
  4.50000  0.170931E-07
  4.51000  0.140211E-07
  4.52000  0.114018E-07
  4.53000  0.916035E-08
  4.54000  0.724788E-08
  4.55000  0.563428E-08
  4.56000  0.194077E-08
  4.57000  0.144515E-08
  4.58000  0.105945E-08
  4.59000  0.767069E-09
  4.60000  0.548683E-09
  4.61000  0.388103E-09
  4.62000  0.271875E-09
  4.63000  0.189209E-09
  4.64000  0.145647E-09
  4.65000  0.114010E-09
  4.66000  0.379125E-10
  4.67000  0.238738E-10
  4.68000  0.135585E-10
  4.69000  0.907150E-11
  4.70000  0.672508E-11
  4.71000  0.514253E-11
  4.72000  0.406538E-11
  4.73000  0.330817E-11
  4.74000  0.276447E-11
  4.75000  0.235524E-11
  4.76000  0.713632E-12
  4.77000  0.625743E-12
  4.78000  0.555781E-12
  4.79000  0.499496E-12
  4.80000  0.454754E-12
  4.81000  0.419098E-12
  4.82000  0.390902E-12
  4.83000  0.369035E-12
  4.84000  0.352136E-12
  4.85000  0.339356E-12
  4.86000  0.116921E-12
  4.87000  0.114830E-12
  4.88000  0.113682E-12
  4.89000  0.113345E-12
  4.90000  0.113793E-12
  4.91000  0.114692E-12
  4.92000  0.115645E-12
  4.93000  0.116215E-12
  4.94000  0.115836E-12
  4.95000  0.114038E-12
  4.96000  0.371119E-13
  4.97000  0.353248E-13
  4.98000  0.328932E-13
  4.99000  0.298492E-13
  5.00000  0.263376E-13
  5.01000  0.225223E-13
  5.02000  0.185757E-13
  5.03000  0.153223E-13
  5.04000  0.123857E-13
  5.05000  0.968401E-14
  5.06000  0.234092E-14
  5.07000  0.171417E-14
  5.08000  0.123247E-14
  5.09000  0.876876E-15
  5.10000  0.620539E-15
  5.11000  0.439239E-15
  5.12000  0.311698E-15
  5.13000  0.221629E-15
  5.14000  0.158217E-15
  5.15000  0.113978E-15
  5.16000  0.226125E-16
  5.17000  0.166130E-16
  5.18000  0.125534E-16
  5.19000  0.983808E-17
  5.20000  0.801295E-17
  5.21000  0.676602E-17
  5.22000  0.588475E-17
  5.23000  0.522680E-17
  5.24000  0.468552E-17
  5.25000  0.418966E-17
  5.26000  0.897746E-18
  5.27000  0.780234E-18
  5.28000  0.666194E-18
  5.29000  0.559363E-18
  5.30000  0.462519E-18
  5.31000  0.377251E-18
  5.32000  0.304124E-18
  5.33000  0.243279E-18
  5.34000  0.193461E-18
  5.35000  0.152980E-18
  5.36000  0.281808E-19
  5.37000  0.219785E-19
  5.38000  0.170058E-19
  5.39000  0.130373E-19
  5.40000  0.987244E-20
  5.41000  0.737523E-20
  5.42000  0.545203E-20
  5.43000  0.398374E-20
  5.44000  0.287887E-20
  5.45000  0.207037E-20
  5.46000  0.350466E-21
  5.47000  0.253739E-21
  5.48000  0.185220E-21
  5.49000  0.136276E-21
  5.50000  0.100949E-21
  5.51000  0.751009E-22
  5.52000  0.559202E-22
  5.53000  0.415431E-22
  5.54000  0.307892E-22
  5.55000  0.227874E-22
  5.56000  0.418199E-23
  5.57000  0.309236E-23
  5.58000  0.229183E-23
  5.59000  0.170293E-23
  5.60000  0.126878E-23
  5.61000  0.947316E-24
  5.62000  0.708128E-24
  5.63000  0.531161E-24
  5.64000  0.400283E-24
  5.65000  0.302943E-24
  5.66000  0.614640E-25
  5.67000  0.466940E-25
  5.68000  0.354778E-25
  5.69000  0.270872E-25
  5.70000  0.207669E-25
  5.71000  0.159732E-25
  5.72000  0.123337E-25
  5.73000  0.951325E-26
  5.74000  0.737591E-26
  5.75000  0.577147E-26
  5.76000  0.219863E-26
  5.77000  0.179899E-26
  5.78000  0.147869E-26
  5.79000  0.121918E-26
  5.80000  0.100802E-26
  5.81000  0.834393E-27
  5.82000  0.689837E-27
  5.83000  0.569865E-27
  5.84000  0.470309E-27
  5.85000  0.388108E-27
  5.86000  0.160782E-27
  5.87000  0.132722E-27
  5.88000  0.109294E-27
  5.89000  0.898119E-28
  5.90000  0.735784E-28
  5.91000  0.601468E-28
  5.92000  0.490093E-28
  5.93000  0.397285E-28
  5.94000  0.320879E-28
  5.95000  0.258377E-28
  5.96000  0.109580E-28
  5.97000  0.875730E-29
  5.98000  0.695435E-29
  5.99000  0.549442E-29
  6.00000  0.432650E-29
  6.20000  0.000000E+00
  6.40000  0.000000E+00
  6.60000  0.000000E+00
  6.80000  0.000000E+00
  7.00000  0.000000E+00
