  0.00000  0.000000E+00
  0.01000  0.000000E+00
  0.02000  0.000000E+00
  0.03000  0.000000E+00
  0.04000  0.000000E+00
  0.05000  0.000000E+00
  0.06000  0.000000E+00
  0.07000  0.000000E+00
  0.08000  0.000000E+00
  0.09000  0.000000E+00
  0.10000  0.000000E+00
  0.11000  0.000000E+00
  0.12000  0.000000E+00
  0.13000  0.000000E+00
  0.14000  0.000000E+00
  0.15000  0.000000E+00
  0.16000  0.000000E+00
  0.17000  0.000000E+00
  0.18000  0.000000E+00
  0.19000  0.000000E+00
  0.20000  0.000000E+00
  0.21000  0.000000E+00
  0.22000  0.000000E+00
  0.23000  0.000000E+00
  0.24000  0.000000E+00
  0.25000  0.000000E+00
  0.26000  0.000000E+00
  0.27000  0.000000E+00
  0.28000  0.000000E+00
  0.29000  0.000000E+00
  0.30000  0.000000E+00
  0.31000  0.000000E+00
  0.32000  0.000000E+00
  0.33000  0.000000E+00
  0.34000  0.000000E+00
  0.35000  0.000000E+00
  0.36000  0.000000E+00
  0.37000  0.000000E+00
  0.38000  0.000000E+00
  0.39000  0.000000E+00
  0.40000  0.000000E+00
  0.41000  0.000000E+00
  0.42000  0.000000E+00
  0.43000  0.000000E+00
  0.44000  0.000000E+00
  0.45000  0.000000E+00
  0.46000  0.000000E+00
  0.47000  0.000000E+00
  0.48000  0.000000E+00
  0.49000  0.000000E+00
  0.50000  0.000000E+00
  0.51000  0.000000E+00
  0.52000  0.000000E+00
  0.53000  0.000000E+00
  0.54000  0.000000E+00
  0.55000  0.000000E+00
  0.56000  0.000000E+00
  0.57000  0.000000E+00
  0.58000  0.000000E+00
  0.59000  0.000000E+00
  0.60000  0.000000E+00
  0.61000  0.000000E+00
  0.62000  0.000000E+00
  0.63000  0.000000E+00
  0.64000  0.000000E+00
  0.65000  0.000000E+00
  0.66000  0.000000E+00
  0.67000  0.000000E+00
  0.68000  0.000000E+00
  0.69000  0.000000E+00
  0.70000  0.000000E+00
  0.71000  0.000000E+00
  0.72000  0.000000E+00
  0.73000  0.000000E+00
  0.74000  0.000000E+00
  0.75000  0.000000E+00
  0.76000  0.000000E+00
  0.77000  0.000000E+00
  0.78000  0.000000E+00
  0.79000  0.000000E+00
  0.80000  0.000000E+00
  0.81000  0.000000E+00
  0.82000  0.000000E+00
  0.83000  0.000000E+00
  0.84000  0.000000E+00
  0.85000  0.000000E+00
  0.86000  0.000000E+00
  0.87000  0.000000E+00
  0.88000  0.000000E+00
  0.89000  0.000000E+00
  0.90000  0.000000E+00
  0.91000  0.000000E+00
  0.92000  0.000000E+00
  0.93000  0.000000E+00
  0.94000  0.000000E+00
  0.95000  0.000000E+00
  0.96000  0.000000E+00
  0.97000  0.000000E+00
  0.98000  0.000000E+00
  0.99000  0.000000E+00
  1.00000  0.000000E+00
  1.01000  0.000000E+00
  1.02000  0.000000E+00
  1.03000  0.000000E+00
  1.04000  0.000000E+00
  1.05000  0.000000E+00
  1.06000  0.000000E+00
  1.07000  0.000000E+00
  1.08000  0.000000E+00
  1.09000  0.000000E+00
  1.10000  0.000000E+00
  1.11000  0.000000E+00
  1.12000  0.000000E+00
  1.13000  0.000000E+00
  1.14000  0.000000E+00
  1.15000  0.000000E+00
  1.16000  0.000000E+00
  1.17000  0.000000E+00
  1.18000  0.000000E+00
  1.19000  0.000000E+00
  1.20000  0.000000E+00
  1.21000  0.000000E+00
  1.22000  0.000000E+00
  1.23000  0.000000E+00
  1.24000  0.000000E+00
  1.25000  0.000000E+00
  1.26000  0.000000E+00
  1.27000  0.000000E+00
  1.28000  0.000000E+00
  1.29000  0.000000E+00
  1.30000  0.000000E+00
  1.31000  0.000000E+00
  1.32000  0.000000E+00
  1.33000  0.000000E+00
  1.34000  0.000000E+00
  1.35000  0.000000E+00
  1.36000  0.000000E+00
  1.37000  0.000000E+00
  1.38000  0.000000E+00
  1.39000  0.000000E+00
  1.40000  0.000000E+00
  1.41000  0.000000E+00
  1.42000  0.888520E-24
  1.43000  0.522400E-24
  1.44000  0.319829E-24
  1.45000  0.195264E-24
  1.46000  0.209988E-18
  1.47000  0.154115E-18
  1.48000  0.110170E-18
  1.49000  0.230463E-10
  1.50000  0.152021E-10
  1.51000  0.105681E-10
  1.52000  0.782495E-11
  1.53000  0.126177E+00
  1.54000  0.114530E+00
  1.55000  0.112818E+00
  1.56000  0.127641E+00
  1.57000  0.175947E+00
  1.58000  0.259158E+00
  1.59000  0.339209E+00
  1.60000  0.399429E+00
  1.61000  0.427869E+00
  1.62000  0.408462E+00
  1.63000  0.347320E+00
  1.64000  0.267020E+00
  1.65000  0.188936E+00
  1.66000  0.125423E+00
  1.67000  0.100000E+01
  1.68000  0.454266E+00
  1.69000  0.172422E+00
  1.70000  0.591506E-01
  1.71000  0.213647E-01
  1.72000  0.925190E-02
  1.73000  0.481185E-02
  1.74000  0.281475E-02
  1.75000  0.177534E-02
  1.76000  0.120200E-02
  1.77000  0.841986E-03
  1.78000  0.620736E-03
  1.79000  0.508667E-03
  1.80000  0.446434E-03
  1.81000  0.395997E-03
  1.82000  0.365060E-03
  1.83000  0.344263E-03
  1.84000  0.318660E-03
  1.85000  0.271744E-03
  1.86000  0.209966E-03
  1.87000  0.136322E-03
  1.88000  0.807634E-04
  1.89000  0.477626E-04
  1.90000  0.306960E-04
  1.91000  0.219630E-04
  1.92000  0.170781E-04
  1.93000  0.138373E-04
  1.94000  0.112179E-04
  1.95000  0.898209E-05
  1.96000  0.836637E-05
  1.97000  0.754490E-05
  1.98000  0.638279E-05
  1.99000  0.495566E-05
  2.00000  0.351384E-05
  2.01000  0.230461E-05
  2.02000  0.144627E-05
  2.03000  0.897151E-06
  2.04000  0.552145E-06
  2.05000  0.334676E-06
  2.06000  0.200933E-06
  2.07000  0.125658E-06
  2.08000  0.832281E-07
  2.09000  0.588242E-07
  2.10000  0.438674E-07
  2.11000  0.342914E-07
  2.12000  0.279176E-07
  2.13000  0.236958E-07
  2.14000  0.208908E-07
  2.15000  0.190426E-07
  2.16000  0.161451E-07
  2.17000  0.153148E-07
  2.18000  0.148675E-07
  2.19000  0.145042E-07
  2.20000  0.136433E-07
  2.21000  0.545059E-07
  2.22000  0.186592E-06
  2.23000  0.440861E-06
  2.24000  0.674467E-06
  2.25000  0.702155E-06
  2.26000  0.527472E-06
  2.27000  0.328154E-06
  2.28000  0.179713E-06
  2.29000  0.895184E-07
  2.30000  0.418489E-07
  2.31000  0.190387E-07
  2.32000  0.859487E-08
  2.33000  0.389901E-08
  2.34000  0.180024E-08
  2.35000  0.845205E-09
  2.36000  0.312550E-09
  2.37000  0.153718E-09
  2.38000  0.745553E-10
  2.39000  0.388424E-10
  2.40000  0.637673E-10
  2.41000  0.109432E-09
  2.42000  0.162866E-09
  2.43000  0.216373E-09
  2.44000  0.272949E-09
  2.45000  0.336942E-09
  2.46000  0.312654E-09
  2.47000  0.386504E-09
  2.48000  0.477160E-09
  2.49000  0.583754E-09
  2.50000  0.740829E-09
  2.51000  0.137273E-08
  2.52000  0.247329E-08
  2.53000  0.360616E-08
  2.54000  0.409274E-08
  2.55000  0.370259E-08
  2.56000  0.279203E-08
  2.57000  0.233497E-08
  2.58000  0.228047E-08
  2.59000  0.255237E-08
  2.60000  0.314382E-08
  2.61000  0.419802E-08
  2.62000  0.593130E-08
  2.63000  0.857751E-08
  2.64000  0.125608E-07
  2.65000  0.192460E-07
  2.66000  0.335975E-07
  2.67000  0.667063E-07
  2.68000  0.159351E-06
  2.69000  0.444070E-06
  2.70000  0.132494E-05
  2.71000  0.375619E-05
  2.72000  0.899032E-05
  2.73000  0.166827E-04
  2.74000  0.233881E-04
  2.75000  0.252849E-04
  2.76000  0.128791E-04
  2.77000  0.838875E-05
  2.78000  0.434025E-05
  2.79000  0.173327E-05
  2.80000  0.520514E-06
  2.81000  0.112554E-06
  2.82000  0.161166E-07
  2.83000  0.135380E-08
  2.84000  0.593198E-10
  2.85000  0.123386E-11
  2.86000  0.610362E-14
  2.87000  0.431378E-14
  2.88000  0.339973E-14
  2.89000  0.303295E-14
  2.90000  0.296549E-14
  2.91000  0.300859E-14
  2.92000  0.296226E-14
  2.93000  0.266067E-14
  2.94000  0.211543E-14
  2.95000  0.148623E-14
  2.96000  0.318145E-15
  2.97000  0.194330E-15
  2.98000  0.120663E-15
  2.99000  0.114293E-15
  3.00000  0.153327E-15
  3.01000  0.189937E-15
  3.02000  0.213603E-15
  3.03000  0.216850E-15
  3.04000  0.199028E-15
  3.05000  0.167454E-15
  3.06000  0.402189E-16
  3.07000  0.124032E-15
  3.08000  0.198312E-15
  3.09000  0.152019E-15
  3.10000  0.644158E-16
  3.11000  0.175514E-16
  3.12000  0.344187E-17
  3.13000  0.106514E-17
  3.14000  0.460772E-18
  3.15000  0.184278E-18
  3.16000  0.159706E-19
  3.17000  0.588951E-20
  3.18000  0.212041E-20
  3.19000  0.763394E-21
  3.20000  0.290467E-21
  3.21000  0.127233E-21
  3.22000  0.118070E-21
  3.23000  0.184733E-21
  3.24000  0.345083E-21
  3.25000  0.717089E-21
  3.26000  0.602434E-21
  3.27000  0.126399E-20
  3.28000  0.243512E-20
  3.29000  0.425695E-20
  3.30000  0.672435E-20
  3.31000  0.987880E-20
  3.32000  0.161856E-19
  3.33000  0.238939E-19
  3.34000  0.316478E-19
  3.35000  0.377631E-19
  3.36000  0.199252E-19
  3.37000  0.195015E-19
  3.38000  0.181604E-19
  3.39000  0.164383E-19
  3.40000  0.148438E-19
  3.41000  0.136077E-19
  3.42000  0.127227E-19
  3.43000  0.120625E-19
  3.44000  0.113985E-19
  3.45000  0.105094E-19
  3.46000  0.345454E-20
  3.47000  0.296289E-20
  3.48000  0.240060E-20
  3.49000  0.182352E-20
  3.50000  0.130333E-20
  3.51000  0.873173E-21
  3.52000  0.106158E-20
  3.53000  0.120179E-20
  3.54000  0.126517E-20
  3.55000  0.123490E-20
  3.56000  0.433374E-21
  3.57000  0.341292E-21
  3.58000  0.241126E-21
  3.59000  0.191701E-21
  3.60000  0.162623E-21
  3.61000  0.109446E-21
  3.62000  0.626187E-22
  3.63000  0.335360E-22
  3.64000  0.179255E-22
  3.65000  0.966986E-23
  3.66000  0.117028E-23
  3.67000  0.574593E-24
  3.68000  0.269421E-24
  3.69000  0.119302E-24
  3.70000  0.494079E-25
  3.71000  0.197021E-25
  3.72000  0.857960E-26
  3.73000  0.346702E-26
  3.74000  0.130681E-26
  3.75000  0.463754E-27
  3.76000  0.177399E-28
  3.77000  0.559340E-29
  3.78000  0.174782E-29
  3.79000  0.000000E+00
  3.80000  0.000000E+00
  3.81000  0.000000E+00
  3.82000  0.000000E+00
  3.83000  0.000000E+00
  3.84000  0.000000E+00
  3.85000  0.000000E+00
  3.86000  0.000000E+00
  3.87000  0.000000E+00
  3.88000  0.000000E+00
  3.89000  0.000000E+00
  3.90000  0.000000E+00
  3.91000  0.000000E+00
  3.92000  0.000000E+00
  3.93000  0.000000E+00
  3.94000  0.000000E+00
  3.95000  0.000000E+00
  3.96000  0.000000E+00
  3.97000  0.000000E+00
  3.98000  0.000000E+00
  3.99000  0.000000E+00
  4.00000  0.000000E+00
  4.01000  0.000000E+00
  4.02000  0.000000E+00
  4.03000  0.000000E+00
  4.04000  0.000000E+00
  4.05000  0.000000E+00
  4.06000  0.000000E+00
  4.07000  0.000000E+00
  4.08000  0.000000E+00
  4.09000  0.000000E+00
  4.10000  0.000000E+00
  4.11000  0.000000E+00
  4.12000  0.000000E+00
  4.13000  0.000000E+00
  4.14000  0.000000E+00
  4.15000  0.000000E+00
  4.16000  0.000000E+00
  4.17000  0.000000E+00
  4.18000  0.000000E+00
  4.19000  0.000000E+00
  4.20000  0.000000E+00
  4.21000  0.000000E+00
  4.22000  0.000000E+00
  4.23000  0.000000E+00
  4.24000  0.000000E+00
  4.25000  0.000000E+00
  4.26000  0.000000E+00
  4.27000  0.000000E+00
  4.28000  0.000000E+00
  4.29000  0.000000E+00
  4.30000  0.000000E+00
  4.31000  0.000000E+00
  4.32000  0.000000E+00
  4.33000  0.000000E+00
  4.34000  0.000000E+00
  4.35000  0.000000E+00
  4.36000  0.000000E+00
  4.37000  0.000000E+00
  4.38000  0.000000E+00
  4.39000  0.000000E+00
  4.40000  0.000000E+00
  4.41000  0.000000E+00
  4.42000  0.000000E+00
  4.43000  0.000000E+00
  4.44000  0.000000E+00
  4.45000  0.000000E+00
  4.46000  0.000000E+00
  4.47000  0.000000E+00
  4.48000  0.000000E+00
  4.49000  0.000000E+00
  4.50000  0.000000E+00
  4.51000  0.000000E+00
  4.52000  0.000000E+00
  4.53000  0.000000E+00
  4.54000  0.000000E+00
  4.55000  0.000000E+00
  4.56000  0.000000E+00
  4.57000  0.000000E+00
  4.58000  0.000000E+00
  4.59000  0.000000E+00
  4.60000  0.000000E+00
  4.61000  0.000000E+00
  4.62000  0.000000E+00
  4.63000  0.000000E+00
  4.64000  0.000000E+00
  4.65000  0.000000E+00
  4.66000  0.000000E+00
  4.67000  0.000000E+00
  4.68000  0.000000E+00
  4.69000  0.000000E+00
  4.70000  0.000000E+00
  4.71000  0.000000E+00
  4.72000  0.000000E+00
  4.73000  0.000000E+00
  4.74000  0.000000E+00
  4.75000  0.000000E+00
  4.76000  0.000000E+00
  4.77000  0.000000E+00
  4.78000  0.000000E+00
  4.79000  0.000000E+00
  4.80000  0.000000E+00
  4.81000  0.000000E+00
  4.82000  0.000000E+00
  4.83000  0.000000E+00
  4.84000  0.000000E+00
  4.85000  0.000000E+00
  4.86000  0.000000E+00
  4.87000  0.000000E+00
  4.88000  0.000000E+00
  4.89000  0.000000E+00
  4.90000  0.000000E+00
  4.91000  0.000000E+00
  4.92000  0.000000E+00
  4.93000  0.000000E+00
  4.94000  0.000000E+00
  4.95000  0.000000E+00
  4.96000  0.000000E+00
  4.97000  0.000000E+00
  4.98000  0.000000E+00
  4.99000  0.000000E+00
  5.00000  0.000000E+00
  5.01000  0.000000E+00
  5.02000  0.000000E+00
  5.03000  0.000000E+00
  5.04000  0.000000E+00
  5.05000  0.000000E+00
  5.06000  0.000000E+00
  5.07000  0.000000E+00
  5.08000  0.000000E+00
  5.09000  0.000000E+00
  5.10000  0.000000E+00
  5.11000  0.000000E+00
  5.12000  0.000000E+00
  5.13000  0.000000E+00
  5.14000  0.000000E+00
  5.15000  0.000000E+00
  5.16000  0.000000E+00
  5.17000  0.000000E+00
  5.18000  0.000000E+00
  5.19000  0.000000E+00
  5.20000  0.000000E+00
  5.21000  0.000000E+00
  5.22000  0.000000E+00
  5.23000  0.000000E+00
  5.24000  0.000000E+00
  5.25000  0.000000E+00
  5.26000  0.000000E+00
  5.27000  0.000000E+00
  5.28000  0.000000E+00
  5.29000  0.000000E+00
  5.30000  0.000000E+00
  5.31000  0.000000E+00
  5.32000  0.000000E+00
  5.33000  0.000000E+00
  5.34000  0.000000E+00
  5.35000  0.000000E+00
  5.36000  0.000000E+00
  5.37000  0.000000E+00
  5.38000  0.000000E+00
  5.39000  0.000000E+00
  5.40000  0.000000E+00
  5.41000  0.000000E+00
  5.42000  0.000000E+00
  5.43000  0.000000E+00
  5.44000  0.000000E+00
  5.45000  0.000000E+00
  5.46000  0.000000E+00
  5.47000  0.000000E+00
  5.48000  0.000000E+00
  5.49000  0.000000E+00
  5.50000  0.000000E+00
  5.51000  0.000000E+00
  5.52000  0.000000E+00
  5.53000  0.000000E+00
  5.54000  0.000000E+00
  5.55000  0.000000E+00
  5.56000  0.000000E+00
  5.57000  0.000000E+00
  5.58000  0.000000E+00
  5.59000  0.000000E+00
  5.60000  0.000000E+00
  5.61000  0.000000E+00
  5.62000  0.000000E+00
  5.63000  0.000000E+00
  5.64000  0.000000E+00
  5.65000  0.000000E+00
  5.66000  0.000000E+00
  5.67000  0.000000E+00
  5.68000  0.000000E+00
  5.69000  0.000000E+00
  5.70000  0.000000E+00
  5.71000  0.000000E+00
  5.72000  0.000000E+00
  5.73000  0.000000E+00
  5.74000  0.000000E+00
  5.75000  0.000000E+00
  5.76000  0.000000E+00
  5.77000  0.000000E+00
  5.78000  0.000000E+00
  5.79000  0.000000E+00
  5.80000  0.000000E+00
  5.81000  0.000000E+00
  5.82000  0.000000E+00
  5.83000  0.000000E+00
  5.84000  0.000000E+00
  5.85000  0.000000E+00
  5.86000  0.000000E+00
  5.87000  0.000000E+00
  5.88000  0.000000E+00
  5.89000  0.000000E+00
  5.90000  0.000000E+00
  5.91000  0.000000E+00
  5.92000  0.000000E+00
  5.93000  0.000000E+00
  5.94000  0.000000E+00
  5.95000  0.000000E+00
  5.96000  0.000000E+00
  5.97000  0.000000E+00
  5.98000  0.000000E+00
  5.99000  0.000000E+00
  6.00000  0.000000E+00
  6.20000  0.000000E+00
  6.40000  0.000000E+00
  6.60000  0.000000E+00
  6.80000  0.000000E+00
  7.00000  0.000000E+00
