  0.00000  0.000000E+00
  0.01000  0.000000E+00
  0.02000  0.400940E-23
  0.03000  0.592267E-09
  0.04000  0.370857E-07
  0.05000  0.174618E-06
  0.06000  0.343609E-06
  0.07000  0.583683E-06
  0.08000  0.956327E-06
  0.09000  0.131535E-05
  0.10000  0.123799E-05
  0.11000  0.141968E-05
  0.12000  0.204487E-05
  0.13000  0.326403E-05
  0.14000  0.643356E-05
  0.15000  0.162259E-04
  0.16000  0.316869E-04
  0.17000  0.476390E-04
  0.18000  0.668809E-04
  0.19000  0.840496E-04
  0.20000  0.100050E-03
  0.21000  0.119437E-03
  0.22000  0.135426E-03
  0.23000  0.172458E-03
  0.24000  0.219703E-03
  0.25000  0.271768E-03
  0.26000  0.304901E-03
  0.27000  0.336640E-03
  0.28000  0.448217E-03
  0.29000  0.566142E-03
  0.30000  0.671263E-03
  0.31000  0.788203E-03
  0.32000  0.952155E-03
  0.33000  0.121273E-02
  0.34000  0.150330E-02
  0.35000  0.176446E-02
  0.36000  0.206431E-02
  0.37000  0.248097E-02
  0.38000  0.324476E-02
  0.39000  0.446769E-02
  0.40000  0.561708E-02
  0.41000  0.691737E-02
  0.42000  0.858764E-02
  0.43000  0.101958E-01
  0.44000  0.110096E-01
  0.45000  0.116955E-01
  0.46000  0.128080E-01
  0.47000  0.140547E-01
  0.48000  0.151569E-01
  0.49000  0.164605E-01
  0.50000  0.201208E-01
  0.51000  0.255340E-01
  0.52000  0.324973E-01
  0.53000  0.423691E-01
  0.54000  0.571252E-01
  0.55000  0.787207E-01
  0.56000  0.103220E+00
  0.57000  0.126213E+00
  0.58000  0.149322E+00
  0.59000  0.174465E+00
  0.60000  0.205108E+00
  0.61000  0.245237E+00
  0.62000  0.320584E+00
  0.63000  0.479091E+00
  0.64000  0.692421E+00
  0.65000  0.891711E+00
  0.66000  0.100000E+01
  0.67000  0.934846E+00
  0.68000  0.781092E+00
  0.69000  0.677261E+00
  0.70000  0.639106E+00
  0.71000  0.648607E+00
  0.72000  0.696816E+00
  0.73000  0.757978E+00
  0.74000  0.815695E+00
  0.75000  0.874092E+00
  0.76000  0.919160E+00
  0.77000  0.950717E+00
  0.78000  0.986178E+00
  0.79000  0.996200E+00
  0.80000  0.933576E+00
  0.81000  0.780570E+00
  0.82000  0.500949E+00
  0.83000  0.253436E+00
  0.84000  0.157010E+00
  0.85000  0.158685E+00
  0.86000  0.162693E+00
  0.87000  0.167086E+00
  0.88000  0.170952E+00
  0.89000  0.172599E+00
  0.90000  0.172537E+00
  0.91000  0.171781E+00
  0.92000  0.171576E+00
  0.93000  0.171109E+00
  0.94000  0.169714E+00
  0.95000  0.174210E+00
  0.96000  0.179524E+00
  0.97000  0.184675E+00
  0.98000  0.190602E+00
  0.99000  0.196567E+00
  1.00000  0.207562E+00
  1.01000  0.219947E+00
  1.02000  0.232886E+00
  1.03000  0.246028E+00
  1.04000  0.259462E+00
  1.05000  0.268660E+00
  1.06000  0.274259E+00
  1.07000  0.278831E+00
  1.08000  0.287667E+00
  1.09000  0.301052E+00
  1.10000  0.317480E+00
  1.11000  0.338859E+00
  1.12000  0.374510E+00
  1.13000  0.455570E+00
  1.14000  0.555907E+00
  1.15000  0.608109E+00
  1.16000  0.621684E+00
  1.17000  0.616828E+00
  1.18000  0.600260E+00
  1.19000  0.578237E+00
  1.20000  0.557228E+00
  1.21000  0.540575E+00
  1.22000  0.535419E+00
  1.23000  0.536586E+00
  1.24000  0.534625E+00
  1.25000  0.525537E+00
  1.26000  0.508816E+00
  1.27000  0.485603E+00
  1.28000  0.461216E+00
  1.29000  0.436985E+00
  1.30000  0.415549E+00
  1.31000  0.399461E+00
  1.32000  0.393646E+00
  1.33000  0.391315E+00
  1.34000  0.392346E+00
  1.35000  0.396231E+00
  1.36000  0.400738E+00
  1.37000  0.403722E+00
  1.38000  0.406495E+00
  1.39000  0.382845E+00
  1.40000  0.331139E+00
  1.41000  0.300858E+00
  1.42000  0.286277E+00
  1.43000  0.282733E+00
  1.44000  0.275257E+00
  1.45000  0.257628E+00
  1.46000  0.228926E+00
  1.47000  0.199030E+00
  1.48000  0.176307E+00
  1.49000  0.159589E+00
  1.50000  0.146310E+00
  1.51000  0.135882E+00
  1.52000  0.127844E+00
  1.53000  0.123825E+00
  1.54000  0.122879E+00
  1.55000  0.125037E+00
  1.56000  0.130191E+00
  1.57000  0.132693E+00
  1.58000  0.125953E+00
  1.59000  0.115022E+00
  1.60000  0.103424E+00
  1.61000  0.934286E-01
  1.62000  0.855309E-01
  1.63000  0.795762E-01
  1.64000  0.777070E-01
  1.65000  0.759742E-01
  1.66000  0.738780E-01
  1.67000  0.722531E-01
  1.68000  0.713841E-01
  1.69000  0.703797E-01
  1.70000  0.686935E-01
  1.71000  0.664530E-01
  1.72000  0.639227E-01
  1.73000  0.613240E-01
  1.74000  0.591203E-01
  1.75000  0.574450E-01
  1.76000  0.560129E-01
  1.77000  0.546186E-01
  1.78000  0.533936E-01
  1.79000  0.540004E-01
  1.80000  0.621625E-01
  1.81000  0.700681E-01
  1.82000  0.756015E-01
  1.83000  0.801170E-01
  1.84000  0.828326E-01
  1.85000  0.848012E-01
  1.86000  0.884402E-01
  1.87000  0.948768E-01
  1.88000  0.102468E+00
  1.89000  0.107862E+00
  1.90000  0.110232E+00
  1.91000  0.111531E+00
  1.92000  0.112621E+00
  1.93000  0.112870E+00
  1.94000  0.111511E+00
  1.95000  0.108819E+00
  1.96000  0.106395E+00
  1.97000  0.105621E+00
  1.98000  0.106268E+00
  1.99000  0.108106E+00
  2.00000  0.111859E+00
  2.01000  0.118062E+00
  2.02000  0.125521E+00
  2.03000  0.131845E+00
  2.04000  0.135849E+00
  2.05000  0.137491E+00
  2.06000  0.136901E+00
  2.07000  0.134596E+00
  2.08000  0.130489E+00
  2.09000  0.123893E+00
  2.10000  0.115543E+00
  2.11000  0.108050E+00
  2.12000  0.105162E+00
  2.13000  0.105338E+00
  2.14000  0.105570E+00
  2.15000  0.105047E+00
  2.16000  0.103826E+00
  2.17000  0.102391E+00
  2.18000  0.102010E+00
  2.19000  0.103050E+00
  2.20000  0.102320E+00
  2.21000  0.948501E-01
  2.22000  0.834115E-01
  2.23000  0.757820E-01
  2.24000  0.733071E-01
  2.25000  0.733402E-01
  2.26000  0.740659E-01
  2.27000  0.749782E-01
  2.28000  0.759864E-01
  2.29000  0.769498E-01
  2.30000  0.774669E-01
  2.31000  0.772659E-01
  2.32000  0.765292E-01
  2.33000  0.756438E-01
  2.34000  0.748710E-01
  2.35000  0.743554E-01
  2.36000  0.740365E-01
  2.37000  0.735864E-01
  2.38000  0.726408E-01
  2.39000  0.715281E-01
  2.40000  0.705251E-01
  2.41000  0.697080E-01
  2.42000  0.691688E-01
  2.43000  0.687289E-01
  2.44000  0.682329E-01
  2.45000  0.678099E-01
  2.46000  0.677394E-01
  2.47000  0.685310E-01
  2.48000  0.707644E-01
  2.49000  0.748180E-01
  2.50000  0.803073E-01
  2.51000  0.864204E-01
  2.52000  0.924139E-01
  2.53000  0.977810E-01
  2.54000  0.102276E+00
  2.55000  0.105896E+00
  2.56000  0.108636E+00
  2.57000  0.110349E+00
  2.58000  0.111092E+00
  2.59000  0.111046E+00
  2.60000  0.110668E+00
  2.61000  0.110409E+00
  2.62000  0.110243E+00
  2.63000  0.109829E+00
  2.64000  0.109071E+00
  2.65000  0.108154E+00
  2.66000  0.107357E+00
  2.67000  0.106634E+00
  2.68000  0.105979E+00
  2.69000  0.105334E+00
  2.70000  0.104555E+00
  2.71000  0.103511E+00
  2.72000  0.102101E+00
  2.73000  0.100469E+00
  2.74000  0.987207E-01
  2.75000  0.966502E-01
  2.76000  0.940639E-01
  2.77000  0.912280E-01
  2.78000  0.887289E-01
  2.79000  0.865493E-01
  2.80000  0.842821E-01
  2.81000  0.816134E-01
  2.82000  0.787273E-01
  2.83000  0.762642E-01
  2.84000  0.735482E-01
  2.85000  0.707161E-01
  2.86000  0.678578E-01
  2.87000  0.649297E-01
  2.88000  0.620594E-01
  2.89000  0.592937E-01
  2.90000  0.566672E-01
  2.91000  0.541622E-01
  2.92000  0.517255E-01
  2.93000  0.491777E-01
  2.94000  0.462740E-01
  2.95000  0.429523E-01
  2.96000  0.394992E-01
  2.97000  0.362245E-01
  2.98000  0.332276E-01
  2.99000  0.304080E-01
  3.00000  0.276978E-01
  3.01000  0.250762E-01
  3.02000  0.225629E-01
  3.03000  0.201254E-01
  3.04000  0.177738E-01
  3.05000  0.155617E-01
  3.06000  0.135231E-01
  3.07000  0.117615E-01
  3.08000  0.102830E-01
  3.09000  0.905196E-02
  3.10000  0.801810E-02
  3.11000  0.713592E-02
  3.12000  0.637040E-02
  3.13000  0.569277E-02
  3.14000  0.508464E-02
  3.15000  0.452977E-02
  3.16000  0.401946E-02
  3.17000  0.356434E-02
  3.18000  0.316353E-02
  3.19000  0.288366E-02
  3.20000  0.267894E-02
  3.21000  0.249202E-02
  3.22000  0.231908E-02
  3.23000  0.215998E-02
  3.24000  0.201711E-02
  3.25000  0.188825E-02
  3.26000  0.176503E-02
  3.27000  0.164423E-02
  3.28000  0.152339E-02
  3.29000  0.140640E-02
  3.30000  0.129734E-02
  3.31000  0.119890E-02
  3.32000  0.111282E-02
  3.33000  0.103893E-02
  3.34000  0.974193E-03
  3.35000  0.913288E-03
  3.36000  0.850913E-03
  3.37000  0.791294E-03
  3.38000  0.737238E-03
  3.39000  0.691830E-03
  3.40000  0.655318E-03
  3.41000  0.625563E-03
  3.42000  0.598659E-03
  3.43000  0.571925E-03
  3.44000  0.545116E-03
  3.45000  0.518736E-03
  3.46000  0.492828E-03
  3.47000  0.471072E-03
  3.48000  0.452143E-03
  3.49000  0.433953E-03
  3.50000  0.413679E-03
  3.51000  0.386884E-03
  3.52000  0.349376E-03
  3.53000  0.305796E-03
  3.54000  0.269229E-03
  3.55000  0.247868E-03
  3.56000  0.240496E-03
  3.57000  0.244405E-03
  3.58000  0.256869E-03
  3.59000  0.276530E-03
  3.60000  0.302189E-03
  3.61000  0.331650E-03
  3.62000  0.362466E-03
  3.63000  0.391895E-03
  3.64000  0.417507E-03
  3.65000  0.437360E-03
  3.66000  0.450087E-03
  3.67000  0.457490E-03
  3.68000  0.460642E-03
  3.69000  0.461348E-03
  3.70000  0.461514E-03
  3.71000  0.462461E-03
  3.72000  0.464790E-03
  3.73000  0.467665E-03
  3.74000  0.469324E-03
  3.75000  0.468086E-03
  3.76000  0.463112E-03
  3.77000  0.456109E-03
  3.78000  0.447587E-03
  3.79000  0.438289E-03
  3.80000  0.428931E-03
  3.81000  0.419881E-03
  3.82000  0.411308E-03
  3.83000  0.402850E-03
  3.84000  0.394295E-03
  3.85000  0.384997E-03
  3.86000  0.374202E-03
  3.87000  0.362364E-03
  3.88000  0.349201E-03
  3.89000  0.335123E-03
  3.90000  0.321296E-03
  3.91000  0.308403E-03
  3.92000  0.297029E-03
  3.93000  0.287176E-03
  3.94000  0.278839E-03
  3.95000  0.271894E-03
  3.96000  0.265485E-03
  3.97000  0.260678E-03
  3.98000  0.256522E-03
  3.99000  0.252690E-03
  4.00000  0.249154E-03
  4.01000  0.245965E-03
  4.02000  0.244092E-03
  4.03000  0.250015E-03
  4.04000  0.257065E-03
  4.05000  0.264823E-03
  4.06000  0.272304E-03
  4.07000  0.280931E-03
  4.08000  0.290200E-03
  4.09000  0.300313E-03
  4.10000  0.311117E-03
  4.11000  0.324166E-03
  4.12000  0.338333E-03
  4.13000  0.352660E-03
  4.14000  0.367189E-03
  4.15000  0.381768E-03
  4.16000  0.397275E-03
  4.17000  0.412911E-03
  4.18000  0.429138E-03
  4.19000  0.445893E-03
  4.20000  0.462874E-03
  4.21000  0.479627E-03
  4.22000  0.495499E-03
  4.23000  0.509595E-03
  4.24000  0.521302E-03
  4.25000  0.530368E-03
  4.26000  0.539868E-03
  4.27000  0.543670E-03
  4.28000  0.544846E-03
  4.29000  0.543631E-03
  4.30000  0.540501E-03
  4.31000  0.536960E-03
  4.32000  0.534772E-03
  4.33000  0.535158E-03
  4.34000  0.537722E-03
  4.35000  0.540577E-03
  4.36000  0.545485E-03
  4.37000  0.543415E-03
  4.38000  0.537677E-03
  4.39000  0.528812E-03
  4.40000  0.517312E-03
  4.41000  0.504355E-03
  4.42000  0.490649E-03
  4.43000  0.476186E-03
  4.44000  0.462261E-03
  4.45000  0.452442E-03
  4.46000  0.453745E-03
  4.47000  0.450358E-03
  4.48000  0.446691E-03
  4.49000  0.442922E-03
  4.50000  0.439150E-03
  4.51000  0.441263E-03
  4.52000  0.446144E-03
  4.53000  0.451165E-03
  4.54000  0.455829E-03
  4.55000  0.459865E-03
  4.56000  0.461003E-03
  4.57000  0.462781E-03
  4.58000  0.463752E-03
  4.59000  0.464290E-03
  4.60000  0.464613E-03
  4.61000  0.464729E-03
  4.62000  0.464570E-03
  4.63000  0.464431E-03
  4.64000  0.464647E-03
  4.65000  0.465624E-03
  4.66000  0.461884E-03
  4.67000  0.465542E-03
  4.68000  0.471105E-03
  4.69000  0.478736E-03
  4.70000  0.488370E-03
  4.71000  0.499645E-03
  4.72000  0.511845E-03
  4.73000  0.523725E-03
  4.74000  0.534321E-03
  4.75000  0.543063E-03
  4.76000  0.538929E-03
  4.77000  0.544381E-03
  4.78000  0.549027E-03
  4.79000  0.553380E-03
  4.80000  0.557749E-03
  4.81000  0.562222E-03
  4.82000  0.566661E-03
  4.83000  0.570626E-03
  4.84000  0.574338E-03
  4.85000  0.577383E-03
  4.86000  0.567629E-03
  4.87000  0.569122E-03
  4.88000  0.570248E-03
  4.89000  0.571743E-03
  4.90000  0.574310E-03
  4.91000  0.578207E-03
  4.92000  0.582957E-03
  4.93000  0.588338E-03
  4.94000  0.592786E-03
  4.95000  0.594810E-03
  4.96000  0.580316E-03
  4.97000  0.576400E-03
  4.98000  0.579466E-03
  4.99000  0.580629E-03
  5.00000  0.579808E-03
  5.01000  0.577441E-03
  5.02000  0.573351E-03
  5.03000  0.567701E-03
  5.04000  0.560303E-03
  5.05000  0.551008E-03
  5.06000  0.527020E-03
  5.07000  0.513835E-03
  5.08000  0.498833E-03
  5.09000  0.482188E-03
  5.10000  0.464238E-03
  5.11000  0.445354E-03
  5.12000  0.425767E-03
  5.13000  0.405746E-03
  5.14000  0.385437E-03
  5.15000  0.365110E-03
  5.16000  0.345961E-03
  5.17000  0.339761E-03
  5.18000  0.332694E-03
  5.19000  0.322946E-03
  5.20000  0.311093E-03
  5.21000  0.297640E-03
  5.22000  0.282657E-03
  5.23000  0.266991E-03
  5.24000  0.250861E-03
  5.25000  0.234690E-03
  5.26000  0.211515E-03
  5.27000  0.196340E-03
  5.28000  0.181752E-03
  5.29000  0.167936E-03
  5.30000  0.154953E-03
  5.31000  0.142867E-03
  5.32000  0.131650E-03
  5.33000  0.121286E-03
  5.34000  0.111721E-03
  5.35000  0.102903E-03
  5.36000  0.912859E-04
  5.37000  0.839396E-04
  5.38000  0.770998E-04
  5.39000  0.714896E-04
  5.40000  0.664830E-04
  5.41000  0.618356E-04
  5.42000  0.575523E-04
  5.43000  0.536117E-04
  5.44000  0.500065E-04
  5.45000  0.466919E-04
  5.46000  0.415917E-04
  5.47000  0.389487E-04
  5.48000  0.365110E-04
  5.49000  0.342545E-04
  5.50000  0.321209E-04
  5.51000  0.300857E-04
  5.52000  0.281432E-04
  5.53000  0.262959E-04
  5.54000  0.245434E-04
  5.55000  0.228877E-04
  5.56000  0.203024E-04
  5.57000  0.188891E-04
  5.58000  0.175602E-04
  5.59000  0.163102E-04
  5.60000  0.151364E-04
  5.61000  0.140364E-04
  5.62000  0.129958E-04
  5.63000  0.121560E-04
  5.64000  0.115272E-04
  5.65000  0.109275E-04
  5.66000  0.988467E-05
  5.67000  0.935499E-05
  5.68000  0.884314E-05
  5.69000  0.835891E-05
  5.70000  0.790276E-05
  5.71000  0.746932E-05
  5.72000  0.706189E-05
  5.73000  0.666777E-05
  5.74000  0.629819E-05
  5.75000  0.595622E-05
  5.76000  0.538502E-05
  5.77000  0.510053E-05
  5.78000  0.483333E-05
  5.79000  0.457650E-05
  5.80000  0.433718E-05
  5.81000  0.411235E-05
  5.82000  0.389657E-05
  5.83000  0.369151E-05
  5.84000  0.349325E-05
  5.85000  0.330398E-05
  5.86000  0.298881E-05
  5.87000  0.282615E-05
  5.88000  0.267027E-05
  5.89000  0.252192E-05
  5.90000  0.237903E-05
  5.91000  0.224380E-05
  5.92000  0.211458E-05
  5.93000  0.198979E-05
  5.94000  0.187036E-05
  5.95000  0.176513E-05
  5.96000  0.159369E-05
  5.97000  0.151640E-05
  5.98000  0.144089E-05
  5.99000  0.136798E-05
  6.00000  0.129896E-05
  6.20000  0.332438E-06
  6.40000  0.720264E-07
  6.60000  0.115225E-07
  6.80000  0.982604E-09
  7.00000  0.639000E-10
