  0.00000  0.000000E+00
  0.01000  0.000000E+00
  0.02000  0.000000E+00
  0.03000  0.188005E-08
  0.04000  0.142711E-03
  0.05000  0.591346E-03
  0.06000  0.849458E-03
  0.07000  0.113792E-02
  0.08000  0.146335E-02
  0.09000  0.186887E-02
  0.10000  0.242155E-02
  0.11000  0.301686E-02
  0.12000  0.363303E-02
  0.13000  0.430378E-02
  0.14000  0.488335E-02
  0.15000  0.532509E-02
  0.16000  0.594352E-02
  0.17000  0.683699E-02
  0.18000  0.798774E-02
  0.19000  0.937147E-02
  0.20000  0.110858E-01
  0.21000  0.127960E-01
  0.22000  0.143902E-01
  0.23000  0.158070E-01
  0.24000  0.170896E-01
  0.25000  0.184413E-01
  0.26000  0.196947E-01
  0.27000  0.206035E-01
  0.28000  0.214707E-01
  0.29000  0.224584E-01
  0.30000  0.239652E-01
  0.31000  0.257834E-01
  0.32000  0.277698E-01
  0.33000  0.307302E-01
  0.34000  0.340731E-01
  0.35000  0.369024E-01
  0.36000  0.395189E-01
  0.37000  0.419366E-01
  0.38000  0.442064E-01
  0.39000  0.468909E-01
  0.40000  0.494885E-01
  0.41000  0.519453E-01
  0.42000  0.545866E-01
  0.43000  0.574036E-01
  0.44000  0.609148E-01
  0.45000  0.647043E-01
  0.46000  0.681278E-01
  0.47000  0.713721E-01
  0.48000  0.735760E-01
  0.49000  0.752111E-01
  0.50000  0.762246E-01
  0.51000  0.766531E-01
  0.52000  0.774574E-01
  0.53000  0.781943E-01
  0.54000  0.789295E-01
  0.55000  0.804072E-01
  0.56000  0.815415E-01
  0.57000  0.841268E-01
  0.58000  0.888744E-01
  0.59000  0.930343E-01
  0.60000  0.975811E-01
  0.61000  0.102604E+00
  0.62000  0.107581E+00
  0.63000  0.112633E+00
  0.64000  0.116340E+00
  0.65000  0.118598E+00
  0.66000  0.119057E+00
  0.67000  0.114937E+00
  0.68000  0.107140E+00
  0.69000  0.103240E+00
  0.70000  0.103943E+00
  0.71000  0.106324E+00
  0.72000  0.108953E+00
  0.73000  0.111284E+00
  0.74000  0.114072E+00
  0.75000  0.117824E+00
  0.76000  0.121616E+00
  0.77000  0.124844E+00
  0.78000  0.128734E+00
  0.79000  0.133364E+00
  0.80000  0.138045E+00
  0.81000  0.142754E+00
  0.82000  0.147270E+00
  0.83000  0.152100E+00
  0.84000  0.156859E+00
  0.85000  0.161164E+00
  0.86000  0.165529E+00
  0.87000  0.169484E+00
  0.88000  0.172338E+00
  0.89000  0.175142E+00
  0.90000  0.178552E+00
  0.91000  0.182259E+00
  0.92000  0.186095E+00
  0.93000  0.189840E+00
  0.94000  0.192743E+00
  0.95000  0.194774E+00
  0.96000  0.197243E+00
  0.97000  0.200599E+00
  0.98000  0.204086E+00
  0.99000  0.206931E+00
  1.00000  0.209003E+00
  1.01000  0.211046E+00
  1.02000  0.213488E+00
  1.03000  0.216542E+00
  1.04000  0.220364E+00
  1.05000  0.224241E+00
  1.06000  0.227320E+00
  1.07000  0.230065E+00
  1.08000  0.234405E+00
  1.09000  0.240669E+00
  1.10000  0.248262E+00
  1.11000  0.256779E+00
  1.12000  0.265315E+00
  1.13000  0.275153E+00
  1.14000  0.278110E+00
  1.15000  0.276450E+00
  1.16000  0.273988E+00
  1.17000  0.270586E+00
  1.18000  0.266682E+00
  1.19000  0.261143E+00
  1.20000  0.255095E+00
  1.21000  0.255094E+00
  1.22000  0.255454E+00
  1.23000  0.255908E+00
  1.24000  0.256180E+00
  1.25000  0.256205E+00
  1.26000  0.256149E+00
  1.27000  0.256077E+00
  1.28000  0.255780E+00
  1.29000  0.255355E+00
  1.30000  0.254951E+00
  1.31000  0.254436E+00
  1.32000  0.253734E+00
  1.33000  0.252701E+00
  1.34000  0.251355E+00
  1.35000  0.249858E+00
  1.36000  0.248208E+00
  1.37000  0.246408E+00
  1.38000  0.246601E+00
  1.39000  0.246672E+00
  1.40000  0.246292E+00
  1.41000  0.245009E+00
  1.42000  0.242356E+00
  1.43000  0.238690E+00
  1.44000  0.235686E+00
  1.45000  0.234566E+00
  1.46000  0.234949E+00
  1.47000  0.236294E+00
  1.48000  0.238089E+00
  1.49000  0.239997E+00
  1.50000  0.241772E+00
  1.51000  0.243284E+00
  1.52000  0.244512E+00
  1.53000  0.245410E+00
  1.54000  0.245942E+00
  1.55000  0.246083E+00
  1.56000  0.244804E+00
  1.57000  0.239083E+00
  1.58000  0.228622E+00
  1.59000  0.222419E+00
  1.60000  0.224459E+00
  1.61000  0.223433E+00
  1.62000  0.220486E+00
  1.63000  0.216483E+00
  1.64000  0.211972E+00
  1.65000  0.206919E+00
  1.66000  0.205128E+00
  1.67000  0.207902E+00
  1.68000  0.211068E+00
  1.69000  0.214143E+00
  1.70000  0.216842E+00
  1.71000  0.219145E+00
  1.72000  0.221301E+00
  1.73000  0.223421E+00
  1.74000  0.225508E+00
  1.75000  0.227735E+00
  1.76000  0.230408E+00
  1.77000  0.233581E+00
  1.78000  0.236960E+00
  1.79000  0.240428E+00
  1.80000  0.244059E+00
  1.81000  0.253596E+00
  1.82000  0.262406E+00
  1.83000  0.269959E+00
  1.84000  0.275485E+00
  1.85000  0.279403E+00
  1.86000  0.282902E+00
  1.87000  0.287095E+00
  1.88000  0.292975E+00
  1.89000  0.299687E+00
  1.90000  0.306356E+00
  1.91000  0.312695E+00
  1.92000  0.317950E+00
  1.93000  0.321374E+00
  1.94000  0.322574E+00
  1.95000  0.322151E+00
  1.96000  0.326978E+00
  1.97000  0.334450E+00
  1.98000  0.341838E+00
  1.99000  0.348940E+00
  2.00000  0.355698E+00
  2.01000  0.362272E+00
  2.02000  0.368845E+00
  2.03000  0.375598E+00
  2.04000  0.382682E+00
  2.05000  0.390198E+00
  2.06000  0.397949E+00
  2.07000  0.406154E+00
  2.08000  0.414393E+00
  2.09000  0.422466E+00
  2.10000  0.430362E+00
  2.11000  0.438023E+00
  2.12000  0.445272E+00
  2.13000  0.452531E+00
  2.14000  0.460694E+00
  2.15000  0.468998E+00
  2.16000  0.477219E+00
  2.17000  0.485557E+00
  2.18000  0.493960E+00
  2.19000  0.502489E+00
  2.20000  0.511024E+00
  2.21000  0.519529E+00
  2.22000  0.528111E+00
  2.23000  0.536569E+00
  2.24000  0.544567E+00
  2.25000  0.551997E+00
  2.26000  0.558837E+00
  2.27000  0.565812E+00
  2.28000  0.572960E+00
  2.29000  0.580054E+00
  2.30000  0.586719E+00
  2.31000  0.592900E+00
  2.32000  0.598694E+00
  2.33000  0.604317E+00
  2.34000  0.609655E+00
  2.35000  0.614477E+00
  2.36000  0.618590E+00
  2.37000  0.622284E+00
  2.38000  0.625960E+00
  2.39000  0.630075E+00
  2.40000  0.634630E+00
  2.41000  0.639405E+00
  2.42000  0.643695E+00
  2.43000  0.646747E+00
  2.44000  0.648776E+00
  2.45000  0.650163E+00
  2.46000  0.650757E+00
  2.47000  0.649797E+00
  2.48000  0.648293E+00
  2.49000  0.647783E+00
  2.50000  0.648880E+00
  2.51000  0.651566E+00
  2.52000  0.656109E+00
  2.53000  0.662048E+00
  2.54000  0.667551E+00
  2.55000  0.672071E+00
  2.56000  0.677039E+00
  2.57000  0.682193E+00
  2.58000  0.687517E+00
  2.59000  0.693323E+00
  2.60000  0.699745E+00
  2.61000  0.705904E+00
  2.62000  0.711042E+00
  2.63000  0.715644E+00
  2.64000  0.720923E+00
  2.65000  0.727462E+00
  2.66000  0.735136E+00
  2.67000  0.742313E+00
  2.68000  0.749624E+00
  2.69000  0.757579E+00
  2.70000  0.766040E+00
  2.71000  0.774667E+00
  2.72000  0.783308E+00
  2.73000  0.792090E+00
  2.74000  0.801396E+00
  2.75000  0.811384E+00
  2.76000  0.822048E+00
  2.77000  0.832175E+00
  2.78000  0.842393E+00
  2.79000  0.853061E+00
  2.80000  0.864114E+00
  2.81000  0.875205E+00
  2.82000  0.886013E+00
  2.83000  0.896332E+00
  2.84000  0.905998E+00
  2.85000  0.914992E+00
  2.86000  0.924137E+00
  2.87000  0.932065E+00
  2.88000  0.938864E+00
  2.89000  0.944344E+00
  2.90000  0.949431E+00
  2.91000  0.954971E+00
  2.92000  0.960771E+00
  2.93000  0.966464E+00
  2.94000  0.972026E+00
  2.95000  0.977415E+00
  2.96000  0.982881E+00
  2.97000  0.986939E+00
  2.98000  0.989884E+00
  2.99000  0.991840E+00
  3.00000  0.993422E+00
  3.01000  0.995266E+00
  3.02000  0.997287E+00
  3.03000  0.998854E+00
  3.04000  0.999691E+00
  3.05000  0.100000E+01
  3.06000  0.999809E+00
  3.07000  0.999185E+00
  3.08000  0.997806E+00
  3.09000  0.996966E+00
  3.10000  0.999023E+00
  3.11000  0.998657E+00
  3.12000  0.996460E+00
  3.13000  0.993788E+00
  3.14000  0.991332E+00
  3.15000  0.988922E+00
  3.16000  0.985780E+00
  3.17000  0.981765E+00
  3.18000  0.976450E+00
  3.19000  0.970153E+00
  3.20000  0.963438E+00
  3.21000  0.956582E+00
  3.22000  0.949413E+00
  3.23000  0.941515E+00
  3.24000  0.932200E+00
  3.25000  0.921050E+00
  3.26000  0.908944E+00
  3.27000  0.896758E+00
  3.28000  0.884974E+00
  3.29000  0.873334E+00
  3.30000  0.861733E+00
  3.31000  0.850334E+00
  3.32000  0.839008E+00
  3.33000  0.827440E+00
  3.34000  0.815718E+00
  3.35000  0.804453E+00
  3.36000  0.794039E+00
  3.37000  0.784580E+00
  3.38000  0.775586E+00
  3.39000  0.766646E+00
  3.40000  0.757538E+00
  3.41000  0.748337E+00
  3.42000  0.739231E+00
  3.43000  0.730151E+00
  3.44000  0.720784E+00
  3.45000  0.711014E+00
  3.46000  0.700647E+00
  3.47000  0.690393E+00
  3.48000  0.680008E+00
  3.49000  0.669550E+00
  3.50000  0.659027E+00
  3.51000  0.648440E+00
  3.52000  0.637834E+00
  3.53000  0.627276E+00
  3.54000  0.616790E+00
  3.55000  0.606252E+00
  3.56000  0.595306E+00
  3.57000  0.584410E+00
  3.58000  0.573312E+00
  3.59000  0.561966E+00
  3.60000  0.550343E+00
  3.61000  0.538426E+00
  3.62000  0.526242E+00
  3.63000  0.513837E+00
  3.64000  0.501300E+00
  3.65000  0.488696E+00
  3.66000  0.475673E+00
  3.67000  0.463168E+00
  3.68000  0.450843E+00
  3.69000  0.438741E+00
  3.70000  0.426878E+00
  3.71000  0.415236E+00
  3.72000  0.403796E+00
  3.73000  0.392532E+00
  3.74000  0.381399E+00
  3.75000  0.370385E+00
  3.76000  0.358749E+00
  3.77000  0.347986E+00
  3.78000  0.337409E+00
  3.79000  0.327040E+00
  3.80000  0.316884E+00
  3.81000  0.306914E+00
  3.82000  0.297107E+00
  3.83000  0.287455E+00
  3.84000  0.277962E+00
  3.85000  0.268638E+00
  3.86000  0.258272E+00
  3.87000  0.249279E+00
  3.88000  0.240478E+00
  3.89000  0.231864E+00
  3.90000  0.223461E+00
  3.91000  0.215302E+00
  3.92000  0.207397E+00
  3.93000  0.199842E+00
  3.94000  0.193524E+00
  3.95000  0.187166E+00
  3.96000  0.179759E+00
  3.97000  0.173324E+00
  3.98000  0.166954E+00
  3.99000  0.160683E+00
  4.00000  0.154529E+00
  4.01000  0.148522E+00
  4.02000  0.142686E+00
  4.03000  0.137054E+00
  4.04000  0.131642E+00
  4.05000  0.126493E+00
  4.06000  0.120648E+00
  4.07000  0.116025E+00
  4.08000  0.111597E+00
  4.09000  0.107328E+00
  4.10000  0.103207E+00
  4.11000  0.992278E-01
  4.12000  0.953717E-01
  4.13000  0.916892E-01
  4.14000  0.885788E-01
  4.15000  0.856035E-01
  4.16000  0.813249E-01
  4.17000  0.786374E-01
  4.18000  0.760641E-01
  4.19000  0.735969E-01
  4.20000  0.712351E-01
  4.21000  0.689781E-01
  4.22000  0.668231E-01
  4.23000  0.647659E-01
  4.24000  0.627995E-01
  4.25000  0.609168E-01
  4.26000  0.580161E-01
  4.27000  0.562982E-01
  4.28000  0.546308E-01
  4.29000  0.530083E-01
  4.30000  0.514243E-01
  4.31000  0.498760E-01
  4.32000  0.483597E-01
  4.33000  0.468731E-01
  4.34000  0.454112E-01
  4.35000  0.439747E-01
  4.36000  0.419190E-01
  4.37000  0.406533E-01
  4.38000  0.393992E-01
  4.39000  0.381513E-01
  4.40000  0.369077E-01
  4.41000  0.356694E-01
  4.42000  0.344382E-01
  4.43000  0.332178E-01
  4.44000  0.320107E-01
  4.45000  0.308224E-01
  4.46000  0.291203E-01
  4.47000  0.280011E-01
  4.48000  0.269112E-01
  4.49000  0.258533E-01
  4.50000  0.248251E-01
  4.51000  0.238250E-01
  4.52000  0.228500E-01
  4.53000  0.218975E-01
  4.54000  0.209696E-01
  4.55000  0.200708E-01
  4.56000  0.188407E-01
  4.57000  0.180258E-01
  4.58000  0.172442E-01
  4.59000  0.164940E-01
  4.60000  0.157749E-01
  4.61000  0.150864E-01
  4.62000  0.144272E-01
  4.63000  0.137956E-01
  4.64000  0.131903E-01
  4.65000  0.126110E-01
  4.66000  0.118260E-01
  4.67000  0.113067E-01
  4.68000  0.108120E-01
  4.69000  0.103417E-01
  4.70000  0.989579E-02
  4.71000  0.947271E-02
  4.72000  0.907064E-02
  4.73000  0.868817E-02
  4.74000  0.832448E-02
  4.75000  0.797894E-02
  4.76000  0.750051E-02
  4.77000  0.719345E-02
  4.78000  0.690119E-02
  4.79000  0.662181E-02
  4.80000  0.635435E-02
  4.81000  0.609694E-02
  4.82000  0.584689E-02
  4.83000  0.560332E-02
  4.84000  0.536545E-02
  4.85000  0.513225E-02
  4.86000  0.481617E-02
  4.87000  0.459602E-02
  4.88000  0.437956E-02
  4.89000  0.416759E-02
  4.90000  0.396060E-02
  4.91000  0.375866E-02
  4.92000  0.356189E-02
  4.93000  0.337105E-02
  4.94000  0.318671E-02
  4.95000  0.300962E-02
  4.96000  0.278993E-02
  4.97000  0.263039E-02
  4.98000  0.247834E-02
  4.99000  0.233407E-02
  5.00000  0.219779E-02
  5.01000  0.206953E-02
  5.02000  0.194905E-02
  5.03000  0.183582E-02
  5.04000  0.172923E-02
  5.05000  0.162881E-02
  5.06000  0.150556E-02
  5.07000  0.141815E-02
  5.08000  0.133600E-02
  5.09000  0.125859E-02
  5.10000  0.118568E-02
  5.11000  0.111687E-02
  5.12000  0.105197E-02
  5.13000  0.990760E-03
  5.14000  0.933272E-03
  5.15000  0.879449E-03
  5.16000  0.812819E-03
  5.17000  0.767074E-03
  5.18000  0.724719E-03
  5.19000  0.685705E-03
  5.20000  0.649731E-03
  5.21000  0.616446E-03
  5.22000  0.585502E-03
  5.23000  0.556513E-03
  5.24000  0.529214E-03
  5.25000  0.503362E-03
  5.26000  0.469519E-03
  5.27000  0.446653E-03
  5.28000  0.424848E-03
  5.29000  0.404007E-03
  5.30000  0.384033E-03
  5.31000  0.364824E-03
  5.32000  0.347053E-03
  5.33000  0.330685E-03
  5.34000  0.314945E-03
  5.35000  0.299814E-03
  5.36000  0.280161E-03
  5.37000  0.266420E-03
  5.38000  0.253200E-03
  5.39000  0.240494E-03
  5.40000  0.228271E-03
  5.41000  0.216519E-03
  5.42000  0.205236E-03
  5.43000  0.194412E-03
  5.44000  0.184037E-03
  5.45000  0.174097E-03
  5.46000  0.161896E-03
  5.47000  0.152977E-03
  5.48000  0.144482E-03
  5.49000  0.136406E-03
  5.50000  0.128733E-03
  5.51000  0.121456E-03
  5.52000  0.114572E-03
  5.53000  0.108063E-03
  5.54000  0.101916E-03
  5.55000  0.961065E-04
  5.56000  0.892369E-04
  5.57000  0.841439E-04
  5.58000  0.793467E-04
  5.59000  0.748245E-04
  5.60000  0.705632E-04
  5.61000  0.665406E-04
  5.62000  0.627463E-04
  5.63000  0.591654E-04
  5.64000  0.557868E-04
  5.65000  0.526002E-04
  5.66000  0.488716E-04
  5.67000  0.460777E-04
  5.68000  0.434484E-04
  5.69000  0.409754E-04
  5.70000  0.386506E-04
  5.71000  0.364589E-04
  5.72000  0.343957E-04
  5.73000  0.324532E-04
  5.74000  0.306238E-04
  5.75000  0.288991E-04
  5.76000  0.268927E-04
  5.77000  0.253759E-04
  5.78000  0.239457E-04
  5.79000  0.225964E-04
  5.80000  0.213223E-04
  5.81000  0.201180E-04
  5.82000  0.189784E-04
  5.83000  0.179017E-04
  5.84000  0.168849E-04
  5.85000  0.159245E-04
  5.86000  0.148176E-04
  5.87000  0.139694E-04
  5.88000  0.131685E-04
  5.89000  0.124139E-04
  5.90000  0.117035E-04
  5.91000  0.110345E-04
  5.92000  0.104034E-04
  5.93000  0.980686E-05
  5.94000  0.924553E-05
  5.95000  0.871741E-05
  5.96000  0.811668E-05
  5.97000  0.765353E-05
  5.98000  0.721503E-05
  5.99000  0.680099E-05
  6.00000  0.641131E-05
  6.20000  0.187005E-05
  6.40000  0.517275E-06
  6.60000  0.136264E-06
  6.80000  0.344663E-07
  7.00000  0.858897E-08
