  0.00000  0.000000E+00
  0.01000  0.000000E+00
  0.02000  0.000000E+00
  0.03000  0.000000E+00
  0.04000  0.000000E+00
  0.05000  0.000000E+00
  0.06000  0.000000E+00
  0.07000  0.000000E+00
  0.08000  0.000000E+00
  0.09000  0.000000E+00
  0.10000  0.000000E+00
  0.11000  0.000000E+00
  0.12000  0.000000E+00
  0.13000  0.000000E+00
  0.14000  0.000000E+00
  0.15000  0.000000E+00
  0.16000  0.000000E+00
  0.17000  0.000000E+00
  0.18000  0.000000E+00
  0.19000  0.000000E+00
  0.20000  0.000000E+00
  0.21000  0.000000E+00
  0.22000  0.000000E+00
  0.23000  0.000000E+00
  0.24000  0.000000E+00
  0.25000  0.000000E+00
  0.26000  0.000000E+00
  0.27000  0.000000E+00
  0.28000  0.000000E+00
  0.29000  0.000000E+00
  0.30000  0.000000E+00
  0.31000  0.000000E+00
  0.32000  0.000000E+00
  0.33000  0.000000E+00
  0.34000  0.000000E+00
  0.35000  0.000000E+00
  0.36000  0.000000E+00
  0.37000  0.000000E+00
  0.38000  0.000000E+00
  0.39000  0.000000E+00
  0.40000  0.000000E+00
  0.41000  0.000000E+00
  0.42000  0.000000E+00
  0.43000  0.000000E+00
  0.44000  0.000000E+00
  0.45000  0.000000E+00
  0.46000  0.000000E+00
  0.47000  0.000000E+00
  0.48000  0.000000E+00
  0.49000  0.000000E+00
  0.50000  0.000000E+00
  0.51000  0.000000E+00
  0.52000  0.000000E+00
  0.53000  0.492753E-28
  0.54000  0.144234E-25
  0.55000  0.221598E-23
  0.56000  0.145639E-21
  0.57000  0.525378E-20
  0.58000  0.725198E-19
  0.59000  0.479689E-18
  0.60000  0.883058E-17
  0.61000  0.300293E-15
  0.62000  0.231708E-14
  0.63000  0.548139E-14
  0.64000  0.129280E-13
  0.65000  0.204667E-13
  0.66000  0.361192E-13
  0.67000  0.269336E-11
  0.68000  0.263889E-10
  0.69000  0.601699E-10
  0.70000  0.781929E-10
  0.71000  0.758368E-10
  0.72000  0.646662E-10
  0.73000  0.151151E-09
  0.74000  0.128981E-09
  0.75000  0.879594E-10
  0.76000  0.930837E-10
  0.77000  0.460538E-09
  0.78000  0.649331E-08
  0.79000  0.698140E-07
  0.80000  0.353642E-06
  0.81000  0.107128E-05
  0.82000  0.136451E-05
  0.83000  0.908060E-06
  0.84000  0.500353E-06
  0.85000  0.154260E-06
  0.86000  0.280966E-07
  0.87000  0.423386E-08
  0.88000  0.224886E-09
  0.89000  0.191814E-10
  0.90000  0.497374E-11
  0.91000  0.898284E-12
  0.92000  0.383594E-13
  0.93000  0.509865E-15
  0.94000  0.362414E-17
  0.95000  0.172295E-19
  0.96000  0.419128E-20
  0.97000  0.493570E-20
  0.98000  0.258709E-20
  0.99000  0.266850E-21
  1.00000  0.702793E-23
  1.01000  0.115358E-24
  1.02000  0.517413E-27
  1.03000  0.151554E-29
  1.04000  0.000000E+00
  1.05000  0.000000E+00
  1.06000  0.000000E+00
  1.07000  0.000000E+00
  1.08000  0.000000E+00
  1.09000  0.000000E+00
  1.10000  0.000000E+00
  1.11000  0.792671E-29
  1.12000  0.993965E-27
  1.13000  0.458730E-25
  1.14000  0.762872E-24
  1.15000  0.506356E-23
  1.16000  0.309725E-22
  1.17000  0.482723E-21
  1.18000  0.846644E-20
  1.19000  0.217315E-18
  1.20000  0.575924E-17
  1.21000  0.739750E-16
  1.22000  0.426154E-15
  1.23000  0.202850E-14
  1.24000  0.129305E-13
  1.25000  0.168639E-12
  1.26000  0.137709E-10
  1.27000  0.193015E-08
  1.28000  0.200624E-06
  1.29000  0.970162E-05
  1.30000  0.209638E-03
  1.31000  0.212473E-02
  1.32000  0.120050E-01
  1.33000  0.356119E-01
  1.34000  0.793357E-01
  1.35000  0.343859E+00
  1.36000  0.973333E+00
  1.37000  0.100000E+01
  1.38000  0.198989E+00
  1.39000  0.972507E-02
  1.40000  0.221584E-03
  1.41000  0.397904E-05
  1.42000  0.137595E-06
  1.43000  0.209610E-07
  1.44000  0.930278E-08
  1.45000  0.470245E-08
  1.46000  0.278231E-08
  1.47000  0.262824E-08
  1.48000  0.252461E-08
  1.49000  0.133102E-08
  1.50000  0.332937E-09
  1.51000  0.310022E-10
  1.52000  0.759090E-12
  1.53000  0.583757E-14
  1.54000  0.226783E-16
  1.55000  0.429580E-19
  1.56000  0.181204E-22
  1.57000  0.634769E-27
  1.58000  0.000000E+00
  1.59000  0.000000E+00
  1.60000  0.000000E+00
  1.61000  0.000000E+00
  1.62000  0.000000E+00
  1.63000  0.000000E+00
  1.64000  0.000000E+00
  1.65000  0.000000E+00
  1.66000  0.000000E+00
  1.67000  0.000000E+00
  1.68000  0.000000E+00
  1.69000  0.000000E+00
  1.70000  0.000000E+00
  1.71000  0.000000E+00
  1.72000  0.000000E+00
  1.73000  0.000000E+00
  1.74000  0.000000E+00
  1.75000  0.000000E+00
  1.76000  0.000000E+00
  1.77000  0.000000E+00
  1.78000  0.000000E+00
  1.79000  0.000000E+00
  1.80000  0.000000E+00
  1.81000  0.000000E+00
  1.82000  0.000000E+00
  1.83000  0.000000E+00
  1.84000  0.000000E+00
  1.85000  0.000000E+00
  1.86000  0.000000E+00
  1.87000  0.000000E+00
  1.88000  0.000000E+00
  1.89000  0.000000E+00
  1.90000  0.000000E+00
  1.91000  0.000000E+00
  1.92000  0.000000E+00
  1.93000  0.000000E+00
  1.94000  0.000000E+00
  1.95000  0.000000E+00
  1.96000  0.000000E+00
  1.97000  0.000000E+00
  1.98000  0.000000E+00
  1.99000  0.000000E+00
  2.00000  0.000000E+00
  2.01000  0.000000E+00
  2.02000  0.000000E+00
  2.03000  0.000000E+00
  2.04000  0.000000E+00
  2.05000  0.000000E+00
  2.06000  0.000000E+00
  2.07000  0.000000E+00
  2.08000  0.000000E+00
  2.09000  0.000000E+00
  2.10000  0.000000E+00
  2.11000  0.000000E+00
  2.12000  0.000000E+00
  2.13000  0.000000E+00
  2.14000  0.000000E+00
  2.15000  0.000000E+00
  2.16000  0.000000E+00
  2.17000  0.000000E+00
  2.18000  0.000000E+00
  2.19000  0.000000E+00
  2.20000  0.000000E+00
  2.21000  0.000000E+00
  2.22000  0.000000E+00
  2.23000  0.000000E+00
  2.24000  0.000000E+00
  2.25000  0.000000E+00
  2.26000  0.000000E+00
  2.27000  0.000000E+00
  2.28000  0.000000E+00
  2.29000  0.000000E+00
  2.30000  0.000000E+00
  2.31000  0.000000E+00
  2.32000  0.000000E+00
  2.33000  0.000000E+00
  2.34000  0.000000E+00
  2.35000  0.000000E+00
  2.36000  0.000000E+00
  2.37000  0.000000E+00
  2.38000  0.000000E+00
  2.39000  0.000000E+00
  2.40000  0.000000E+00
  2.41000  0.000000E+00
  2.42000  0.000000E+00
  2.43000  0.000000E+00
  2.44000  0.000000E+00
  2.45000  0.000000E+00
  2.46000  0.000000E+00
  2.47000  0.000000E+00
  2.48000  0.000000E+00
  2.49000  0.000000E+00
  2.50000  0.000000E+00
  2.51000  0.000000E+00
  2.52000  0.000000E+00
  2.53000  0.000000E+00
  2.54000  0.000000E+00
  2.55000  0.000000E+00
  2.56000  0.000000E+00
  2.57000  0.000000E+00
  2.58000  0.000000E+00
  2.59000  0.000000E+00
  2.60000  0.000000E+00
  2.61000  0.000000E+00
  2.62000  0.000000E+00
  2.63000  0.000000E+00
  2.64000  0.000000E+00
  2.65000  0.000000E+00
  2.66000  0.000000E+00
  2.67000  0.000000E+00
  2.68000  0.000000E+00
  2.69000  0.000000E+00
  2.70000  0.000000E+00
  2.71000  0.000000E+00
  2.72000  0.000000E+00
  2.73000  0.000000E+00
  2.74000  0.000000E+00
  2.75000  0.000000E+00
  2.76000  0.000000E+00
  2.77000  0.000000E+00
  2.78000  0.000000E+00
  2.79000  0.000000E+00
  2.80000  0.000000E+00
  2.81000  0.000000E+00
  2.82000  0.000000E+00
  2.83000  0.000000E+00
  2.84000  0.000000E+00
  2.85000  0.000000E+00
  2.86000  0.000000E+00
  2.87000  0.000000E+00
  2.88000  0.000000E+00
  2.89000  0.000000E+00
  2.90000  0.000000E+00
  2.91000  0.000000E+00
  2.92000  0.000000E+00
  2.93000  0.000000E+00
  2.94000  0.000000E+00
  2.95000  0.000000E+00
  2.96000  0.000000E+00
  2.97000  0.000000E+00
  2.98000  0.000000E+00
  2.99000  0.000000E+00
  3.00000  0.000000E+00
  3.01000  0.000000E+00
  3.02000  0.000000E+00
  3.03000  0.000000E+00
  3.04000  0.000000E+00
  3.05000  0.000000E+00
  3.06000  0.000000E+00
  3.07000  0.000000E+00
  3.08000  0.000000E+00
  3.09000  0.000000E+00
  3.10000  0.000000E+00
  3.11000  0.000000E+00
  3.12000  0.000000E+00
  3.13000  0.000000E+00
  3.14000  0.000000E+00
  3.15000  0.000000E+00
  3.16000  0.000000E+00
  3.17000  0.000000E+00
  3.18000  0.000000E+00
  3.19000  0.000000E+00
  3.20000  0.000000E+00
  3.21000  0.000000E+00
  3.22000  0.000000E+00
  3.23000  0.000000E+00
  3.24000  0.000000E+00
  3.25000  0.000000E+00
  3.26000  0.000000E+00
  3.27000  0.000000E+00
  3.28000  0.000000E+00
  3.29000  0.000000E+00
  3.30000  0.000000E+00
  3.31000  0.000000E+00
  3.32000  0.000000E+00
  3.33000  0.000000E+00
  3.34000  0.000000E+00
  3.35000  0.000000E+00
  3.36000  0.000000E+00
  3.37000  0.000000E+00
  3.38000  0.000000E+00
  3.39000  0.000000E+00
  3.40000  0.000000E+00
  3.41000  0.000000E+00
  3.42000  0.000000E+00
  3.43000  0.000000E+00
  3.44000  0.000000E+00
  3.45000  0.000000E+00
  3.46000  0.000000E+00
  3.47000  0.000000E+00
  3.48000  0.000000E+00
  3.49000  0.000000E+00
  3.50000  0.000000E+00
  3.51000  0.000000E+00
  3.52000  0.000000E+00
  3.53000  0.000000E+00
  3.54000  0.000000E+00
  3.55000  0.000000E+00
  3.56000  0.000000E+00
  3.57000  0.000000E+00
  3.58000  0.000000E+00
  3.59000  0.000000E+00
  3.60000  0.000000E+00
  3.61000  0.000000E+00
  3.62000  0.000000E+00
  3.63000  0.000000E+00
  3.64000  0.000000E+00
  3.65000  0.000000E+00
  3.66000  0.000000E+00
  3.67000  0.000000E+00
  3.68000  0.000000E+00
  3.69000  0.000000E+00
  3.70000  0.000000E+00
  3.71000  0.000000E+00
  3.72000  0.000000E+00
  3.73000  0.000000E+00
  3.74000  0.000000E+00
  3.75000  0.000000E+00
  3.76000  0.000000E+00
  3.77000  0.000000E+00
  3.78000  0.000000E+00
  3.79000  0.000000E+00
  3.80000  0.000000E+00
  3.81000  0.000000E+00
  3.82000  0.000000E+00
  3.83000  0.000000E+00
  3.84000  0.000000E+00
  3.85000  0.000000E+00
  3.86000  0.000000E+00
  3.87000  0.000000E+00
  3.88000  0.000000E+00
  3.89000  0.000000E+00
  3.90000  0.000000E+00
  3.91000  0.000000E+00
  3.92000  0.000000E+00
  3.93000  0.000000E+00
  3.94000  0.000000E+00
  3.95000  0.000000E+00
  3.96000  0.000000E+00
  3.97000  0.000000E+00
  3.98000  0.000000E+00
  3.99000  0.000000E+00
  4.00000  0.000000E+00
  4.01000  0.000000E+00
  4.02000  0.000000E+00
  4.03000  0.000000E+00
  4.04000  0.000000E+00
  4.05000  0.000000E+00
  4.06000  0.000000E+00
  4.07000  0.000000E+00
  4.08000  0.000000E+00
  4.09000  0.000000E+00
  4.10000  0.000000E+00
  4.11000  0.000000E+00
  4.12000  0.000000E+00
  4.13000  0.000000E+00
  4.14000  0.000000E+00
  4.15000  0.000000E+00
  4.16000  0.000000E+00
  4.17000  0.000000E+00
  4.18000  0.000000E+00
  4.19000  0.000000E+00
  4.20000  0.000000E+00
  4.21000  0.000000E+00
  4.22000  0.000000E+00
  4.23000  0.000000E+00
  4.24000  0.000000E+00
  4.25000  0.000000E+00
  4.26000  0.000000E+00
  4.27000  0.000000E+00
  4.28000  0.000000E+00
  4.29000  0.000000E+00
  4.30000  0.000000E+00
  4.31000  0.000000E+00
  4.32000  0.000000E+00
  4.33000  0.000000E+00
  4.34000  0.000000E+00
  4.35000  0.000000E+00
  4.36000  0.000000E+00
  4.37000  0.000000E+00
  4.38000  0.000000E+00
  4.39000  0.000000E+00
  4.40000  0.000000E+00
  4.41000  0.000000E+00
  4.42000  0.000000E+00
  4.43000  0.000000E+00
  4.44000  0.000000E+00
  4.45000  0.000000E+00
  4.46000  0.000000E+00
  4.47000  0.000000E+00
  4.48000  0.000000E+00
  4.49000  0.000000E+00
  4.50000  0.000000E+00
  4.51000  0.000000E+00
  4.52000  0.000000E+00
  4.53000  0.000000E+00
  4.54000  0.000000E+00
  4.55000  0.000000E+00
  4.56000  0.000000E+00
  4.57000  0.000000E+00
  4.58000  0.000000E+00
  4.59000  0.000000E+00
  4.60000  0.000000E+00
  4.61000  0.000000E+00
  4.62000  0.000000E+00
  4.63000  0.000000E+00
  4.64000  0.000000E+00
  4.65000  0.000000E+00
  4.66000  0.000000E+00
  4.67000  0.000000E+00
  4.68000  0.000000E+00
  4.69000  0.000000E+00
  4.70000  0.000000E+00
  4.71000  0.000000E+00
  4.72000  0.000000E+00
  4.73000  0.000000E+00
  4.74000  0.000000E+00
  4.75000  0.000000E+00
  4.76000  0.000000E+00
  4.77000  0.000000E+00
  4.78000  0.000000E+00
  4.79000  0.000000E+00
  4.80000  0.000000E+00
  4.81000  0.000000E+00
  4.82000  0.000000E+00
  4.83000  0.000000E+00
  4.84000  0.000000E+00
  4.85000  0.000000E+00
  4.86000  0.000000E+00
  4.87000  0.000000E+00
  4.88000  0.000000E+00
  4.89000  0.000000E+00
  4.90000  0.000000E+00
  4.91000  0.000000E+00
  4.92000  0.000000E+00
  4.93000  0.000000E+00
  4.94000  0.000000E+00
  4.95000  0.000000E+00
  4.96000  0.000000E+00
  4.97000  0.000000E+00
  4.98000  0.000000E+00
  4.99000  0.000000E+00
  5.00000  0.000000E+00
  5.01000  0.000000E+00
  5.02000  0.000000E+00
  5.03000  0.000000E+00
  5.04000  0.000000E+00
  5.05000  0.000000E+00
  5.06000  0.000000E+00
  5.07000  0.000000E+00
  5.08000  0.000000E+00
  5.09000  0.000000E+00
  5.10000  0.000000E+00
  5.11000  0.000000E+00
  5.12000  0.000000E+00
  5.13000  0.000000E+00
  5.14000  0.000000E+00
  5.15000  0.000000E+00
  5.16000  0.000000E+00
  5.17000  0.000000E+00
  5.18000  0.000000E+00
  5.19000  0.000000E+00
  5.20000  0.000000E+00
  5.21000  0.000000E+00
  5.22000  0.000000E+00
  5.23000  0.000000E+00
  5.24000  0.000000E+00
  5.25000  0.000000E+00
  5.26000  0.000000E+00
  5.27000  0.000000E+00
  5.28000  0.000000E+00
  5.29000  0.000000E+00
  5.30000  0.000000E+00
  5.31000  0.000000E+00
  5.32000  0.000000E+00
  5.33000  0.000000E+00
  5.34000  0.000000E+00
  5.35000  0.000000E+00
  5.36000  0.000000E+00
  5.37000  0.000000E+00
  5.38000  0.000000E+00
  5.39000  0.000000E+00
  5.40000  0.000000E+00
  5.41000  0.000000E+00
  5.42000  0.000000E+00
  5.43000  0.000000E+00
  5.44000  0.000000E+00
  5.45000  0.000000E+00
  5.46000  0.000000E+00
  5.47000  0.000000E+00
  5.48000  0.000000E+00
  5.49000  0.000000E+00
  5.50000  0.000000E+00
  5.51000  0.000000E+00
  5.52000  0.000000E+00
  5.53000  0.000000E+00
  5.54000  0.000000E+00
  5.55000  0.000000E+00
  5.56000  0.000000E+00
  5.57000  0.000000E+00
  5.58000  0.000000E+00
  5.59000  0.000000E+00
  5.60000  0.000000E+00
  5.61000  0.000000E+00
  5.62000  0.000000E+00
  5.63000  0.000000E+00
  5.64000  0.000000E+00
  5.65000  0.000000E+00
  5.66000  0.000000E+00
  5.67000  0.000000E+00
  5.68000  0.000000E+00
  5.69000  0.000000E+00
  5.70000  0.000000E+00
  5.71000  0.000000E+00
  5.72000  0.000000E+00
  5.73000  0.000000E+00
  5.74000  0.000000E+00
  5.75000  0.000000E+00
  5.76000  0.000000E+00
  5.77000  0.000000E+00
  5.78000  0.000000E+00
  5.79000  0.000000E+00
  5.80000  0.000000E+00
  5.81000  0.000000E+00
  5.82000  0.000000E+00
  5.83000  0.000000E+00
  5.84000  0.000000E+00
  5.85000  0.000000E+00
  5.86000  0.000000E+00
  5.87000  0.000000E+00
  5.88000  0.000000E+00
  5.89000  0.000000E+00
  5.90000  0.000000E+00
  5.91000  0.000000E+00
  5.92000  0.000000E+00
  5.93000  0.000000E+00
  5.94000  0.000000E+00
  5.95000  0.000000E+00
  5.96000  0.000000E+00
  5.97000  0.000000E+00
  5.98000  0.000000E+00
  5.99000  0.000000E+00
  6.00000  0.000000E+00
  6.20000  0.000000E+00
  6.40000  0.000000E+00
  6.60000  0.000000E+00
  6.80000  0.000000E+00
  7.00000  0.000000E+00
