  0.00000  0.000000E+00
  0.01000  0.120980E-03
  0.02000  0.129934E-03
  0.03000  0.139696E-03
  0.04000  0.150261E-03
  0.05000  0.161661E-03
  0.06000  0.173841E-03
  0.07000  0.186777E-03
  0.08000  0.200577E-03
  0.09000  0.215268E-03
  0.10000  0.230824E-03
  0.11000  0.247267E-03
  0.12000  0.264546E-03
  0.13000  0.282630E-03
  0.14000  0.301528E-03
  0.15000  0.321086E-03
  0.16000  0.345217E-03
  0.17000  0.449071E-03
  0.18000  0.575190E-03
  0.19000  0.725649E-03
  0.20000  0.906395E-03
  0.21000  0.111528E-02
  0.22000  0.135360E-02
  0.23000  0.162260E-02
  0.24000  0.190858E-02
  0.25000  0.218754E-02
  0.26000  0.245536E-02
  0.27000  0.273290E-02
  0.28000  0.302756E-02
  0.29000  0.335728E-02
  0.30000  0.364980E-02
  0.31000  0.393481E-02
  0.32000  0.420172E-02
  0.33000  0.443366E-02
  0.34000  0.463264E-02
  0.35000  0.478463E-02
  0.36000  0.491521E-02
  0.37000  0.499973E-02
  0.38000  0.518316E-02
  0.39000  0.535394E-02
  0.40000  0.546207E-02
  0.41000  0.555093E-02
  0.42000  0.559510E-02
  0.43000  0.563305E-02
  0.44000  0.565762E-02
  0.45000  0.571163E-02
  0.46000  0.583204E-02
  0.47000  0.598530E-02
  0.48000  0.611093E-02
  0.49000  0.620701E-02
  0.50000  0.625073E-02
  0.51000  0.638277E-02
  0.52000  0.659155E-02
  0.53000  0.679002E-02
  0.54000  0.693426E-02
  0.55000  0.703486E-02
  0.56000  0.709232E-02
  0.57000  0.713504E-02
  0.58000  0.722081E-02
  0.59000  0.733031E-02
  0.60000  0.768027E-02
  0.61000  0.858631E-02
  0.62000  0.989032E-02
  0.63000  0.115545E-01
  0.64000  0.134714E-01
  0.65000  0.155836E-01
  0.66000  0.177698E-01
  0.67000  0.198208E-01
  0.68000  0.216945E-01
  0.69000  0.236413E-01
  0.70000  0.259109E-01
  0.71000  0.286725E-01
  0.72000  0.318327E-01
  0.73000  0.353158E-01
  0.74000  0.393199E-01
  0.75000  0.438920E-01
  0.76000  0.490894E-01
  0.77000  0.556916E-01
  0.78000  0.636869E-01
  0.79000  0.731012E-01
  0.80000  0.839555E-01
  0.81000  0.959267E-01
  0.82000  0.108826E+00
  0.83000  0.122569E+00
  0.84000  0.136769E+00
  0.85000  0.151416E+00
  0.86000  0.166867E+00
  0.87000  0.184013E+00
  0.88000  0.203976E+00
  0.89000  0.227332E+00
  0.90000  0.253804E+00
  0.91000  0.282228E+00
  0.92000  0.311173E+00
  0.93000  0.339966E+00
  0.94000  0.368755E+00
  0.95000  0.398754E+00
  0.96000  0.430399E+00
  0.97000  0.462137E+00
  0.98000  0.492948E+00
  0.99000  0.523958E+00
  1.00000  0.556235E+00
  1.01000  0.588432E+00
  1.02000  0.618388E+00
  1.03000  0.644169E+00
  1.04000  0.667925E+00
  1.05000  0.692611E+00
  1.06000  0.717267E+00
  1.07000  0.739095E+00
  1.08000  0.759015E+00
  1.09000  0.778354E+00
  1.10000  0.794818E+00
  1.11000  0.808509E+00
  1.12000  0.820151E+00
  1.13000  0.828387E+00
  1.14000  0.834304E+00
  1.15000  0.840827E+00
  1.16000  0.846501E+00
  1.17000  0.852020E+00
  1.18000  0.859133E+00
  1.19000  0.866897E+00
  1.20000  0.871543E+00
  1.21000  0.869907E+00
  1.22000  0.864985E+00
  1.23000  0.859705E+00
  1.24000  0.852246E+00
  1.25000  0.842309E+00
  1.26000  0.830273E+00
  1.27000  0.816643E+00
  1.28000  0.801053E+00
  1.29000  0.782812E+00
  1.30000  0.760936E+00
  1.31000  0.736492E+00
  1.32000  0.706511E+00
  1.33000  0.671208E+00
  1.34000  0.633846E+00
  1.35000  0.597167E+00
  1.36000  0.562262E+00
  1.37000  0.528293E+00
  1.38000  0.494633E+00
  1.39000  0.462387E+00
  1.40000  0.434326E+00
  1.41000  0.412585E+00
  1.42000  0.392968E+00
  1.43000  0.371049E+00
  1.44000  0.347524E+00
  1.45000  0.323947E+00
  1.46000  0.300420E+00
  1.47000  0.277111E+00
  1.48000  0.255566E+00
  1.49000  0.257347E+00
  1.50000  0.266694E+00
  1.51000  0.275904E+00
  1.52000  0.284303E+00
  1.53000  0.291866E+00
  1.54000  0.299080E+00
  1.55000  0.305926E+00
  1.56000  0.311807E+00
  1.57000  0.316578E+00
  1.58000  0.320638E+00
  1.59000  0.324471E+00
  1.60000  0.328542E+00
  1.61000  0.333328E+00
  1.62000  0.338680E+00
  1.63000  0.344141E+00
  1.64000  0.349492E+00
  1.65000  0.363963E+00
  1.66000  0.381205E+00
  1.67000  0.399680E+00
  1.68000  0.418736E+00
  1.69000  0.438149E+00
  1.70000  0.458197E+00
  1.71000  0.478199E+00
  1.72000  0.496568E+00
  1.73000  0.511862E+00
  1.74000  0.523317E+00
  1.75000  0.531172E+00
  1.76000  0.543707E+00
  1.77000  0.572505E+00
  1.78000  0.599617E+00
  1.79000  0.624304E+00
  1.80000  0.646151E+00
  1.81000  0.665468E+00
  1.82000  0.682187E+00
  1.83000  0.695715E+00
  1.84000  0.705742E+00
  1.85000  0.712512E+00
  1.86000  0.715661E+00
  1.87000  0.728326E+00
  1.88000  0.760584E+00
  1.89000  0.789387E+00
  1.90000  0.814480E+00
  1.91000  0.835939E+00
  1.92000  0.853696E+00
  1.93000  0.867512E+00
  1.94000  0.877634E+00
  1.95000  0.883413E+00
  1.96000  0.882020E+00
  1.97000  0.871018E+00
  1.98000  0.850580E+00
  1.99000  0.822174E+00
  2.00000  0.788010E+00
  2.01000  0.749414E+00
  2.02000  0.720005E+00
  2.03000  0.742155E+00
  2.04000  0.752669E+00
  2.05000  0.771281E+00
  2.06000  0.804977E+00
  2.07000  0.831414E+00
  2.08000  0.851285E+00
  2.09000  0.865704E+00
  2.10000  0.875726E+00
  2.11000  0.881557E+00
  2.12000  0.882335E+00
  2.13000  0.876385E+00
  2.14000  0.876323E+00
  2.15000  0.879721E+00
  2.16000  0.877585E+00
  2.17000  0.869544E+00
  2.18000  0.855475E+00
  2.19000  0.860410E+00
  2.20000  0.889837E+00
  2.21000  0.913702E+00
  2.22000  0.931491E+00
  2.23000  0.942953E+00
  2.24000  0.948052E+00
  2.25000  0.946999E+00
  2.26000  0.939887E+00
  2.27000  0.932135E+00
  2.28000  0.927310E+00
  2.29000  0.935603E+00
  2.30000  0.949882E+00
  2.31000  0.957039E+00
  2.32000  0.956812E+00
  2.33000  0.969727E+00
  2.34000  0.985673E+00
  2.35000  0.994848E+00
  2.36000  0.998718E+00
  2.37000  0.998388E+00
  2.38000  0.994075E+00
  2.39000  0.988582E+00
  2.40000  0.995443E+00
  2.41000  0.999117E+00
  2.42000  0.100000E+01
  2.43000  0.998711E+00
  2.44000  0.995544E+00
  2.45000  0.990366E+00
  2.46000  0.982978E+00
  2.47000  0.738096E+00
  2.48000  0.716886E+00
  2.49000  0.303375E+00
  2.50000  0.283890E+00
  2.51000  0.266755E+00
  2.52000  0.246474E+00
  2.53000  0.100970E+00
  2.54000  0.928453E-01
  2.55000  0.372349E-01
  2.56000  0.360935E-01
  2.57000  0.139820E-01
  2.58000  0.136955E-01
  2.59000  0.134974E-01
  2.60000  0.823467E-02
  2.61000  0.758117E-02
  2.62000  0.199082E-02
  2.63000  0.180482E-02
  2.64000  0.163101E-02
  2.65000  0.147186E-02
  2.66000  0.920558E-03
  2.67000  0.879773E-03
  2.68000  0.841401E-03
  2.69000  0.581020E-03
  2.70000  0.804049E-04
  2.71000  0.652670E-04
  2.72000  0.641280E-04
  2.73000  0.650609E-04
  2.74000  0.658437E-04
  2.75000  0.664809E-04
  2.76000  0.669129E-04
  2.77000  0.670352E-04
  2.78000  0.668269E-04
  2.79000  0.664258E-04
  2.80000  0.658907E-04
  2.81000  0.652204E-04
  2.82000  0.644717E-04
  2.83000  0.637037E-04
  2.84000  0.629608E-04
  2.85000  0.622576E-04
  2.86000  0.615896E-04
  2.87000  0.100924E-04
  2.88000  0.966193E-05
  2.89000  0.925585E-05
  2.90000  0.889456E-05
  2.91000  0.861203E-05
  2.92000  0.843013E-05
  2.93000  0.442565E-05
  2.94000  0.169867E-06
  2.95000  0.171938E-06
  2.96000  0.178190E-06
  2.97000  0.188331E-06
  2.98000  0.198868E-06
  2.99000  0.205513E-06
  3.00000  0.207252E-06
  3.01000  0.206434E-06
  3.02000  0.204831E-06
  3.03000  0.203921E-06
  3.04000  0.245246E-08
  3.05000  0.246375E-08
  3.06000  0.249009E-08
  3.07000  0.253654E-08
  3.08000  0.260508E-08
  3.09000  0.268907E-08
  3.10000  0.278240E-08
  3.11000  0.287485E-08
  3.12000  0.295529E-08
  3.13000  0.302770E-08
  3.14000  0.309850E-08
  3.15000  0.316861E-08
  3.16000  0.324190E-08
  3.17000  0.209365E-08
  3.18000  0.237174E-10
  3.19000  0.241143E-10
  3.20000  0.245543E-10
  3.21000  0.249422E-10
  3.22000  0.252164E-10
  3.23000  0.253468E-10
  3.24000  0.253171E-10
  3.25000  0.251297E-10
  3.26000  0.248218E-10
  3.27000  0.243926E-10
  3.28000  0.238836E-10
  3.29000  0.233354E-10
  3.30000  0.227439E-10
  3.31000  0.220728E-10
  3.32000  0.120355E-10
  3.33000  0.114017E-10
  3.34000  0.108159E-12
  3.35000  0.101953E-12
  3.36000  0.959830E-13
  3.37000  0.902436E-13
  3.38000  0.848420E-13
  3.39000  0.799627E-13
  3.40000  0.756580E-13
  3.41000  0.716523E-13
  3.42000  0.677694E-13
  3.43000  0.639065E-13
  3.44000  0.601139E-13
  3.45000  0.564426E-13
  3.46000  0.528161E-13
  3.47000  0.492775E-13
  3.48000  0.459437E-13
  3.49000  0.428656E-13
  3.50000  0.208904E-13
  3.51000  0.193133E-13
  3.52000  0.178733E-13
  3.53000  0.165946E-13
  3.54000  0.154788E-13
  3.55000  0.167928E-14
  3.56000  0.178761E-15
  3.57000  0.167176E-15
  3.58000  0.155498E-15
  3.59000  0.142978E-15
  3.60000  0.128336E-15
  3.61000  0.111143E-15
  3.62000  0.930978E-16
  3.63000  0.770925E-16
  3.64000  0.647077E-16
  3.65000  0.555116E-16
  3.66000  0.484158E-16
  3.67000  0.425825E-16
  3.68000  0.375768E-16
  3.69000  0.331704E-16
  3.70000  0.292136E-16
  3.71000  0.255885E-16
  3.72000  0.222135E-16
  3.73000  0.943601E-17
  3.74000  0.787059E-17
  3.75000  0.650711E-17
  3.76000  0.535079E-17
  3.77000  0.440034E-17
  3.78000  0.364215E-17
  3.79000  0.305001E-17
  3.80000  0.259253E-17
  3.81000  0.224030E-17
  3.82000  0.124100E-18
  3.83000  0.115225E-18
  3.84000  0.107005E-18
  3.85000  0.993741E-19
  3.86000  0.923192E-19
  3.87000  0.858088E-19
  3.88000  0.797921E-19
  3.89000  0.742112E-19
  3.90000  0.690300E-19
  3.91000  0.642257E-19
  3.92000  0.597806E-19
  3.93000  0.556785E-19
  3.94000  0.384568E-19
  3.95000  0.267029E-19
  3.96000  0.238321E-19
  3.97000  0.222888E-19
  3.98000  0.208241E-19
  3.99000  0.194107E-19
  4.00000  0.180416E-19
  4.01000  0.655216E-20
  4.02000  0.596481E-20
  4.03000  0.542643E-20
  4.04000  0.493508E-20
  4.05000  0.448819E-20
  4.06000  0.408301E-20
  4.07000  0.371879E-20
  4.08000  0.339283E-20
  4.09000  0.310018E-20
  4.10000  0.283505E-20
  4.11000  0.259162E-20
  4.12000  0.227362E-21
  4.13000  0.212353E-21
  4.14000  0.198565E-21
  4.15000  0.185911E-21
  4.16000  0.174235E-21
  4.17000  0.163386E-21
  4.18000  0.153283E-21
  4.19000  0.143858E-21
  4.20000  0.135029E-21
  4.21000  0.126718E-21
  4.22000  0.118870E-21
  4.23000  0.111459E-21
  4.24000  0.104476E-21
  4.25000  0.979354E-22
  4.26000  0.918336E-22
  4.27000  0.861271E-22
  4.28000  0.807649E-22
  4.29000  0.434797E-22
  4.30000  0.397833E-22
  4.31000  0.364750E-22
  4.32000  0.335194E-22
  4.33000  0.308531E-22
  4.34000  0.284036E-22
  4.35000  0.261224E-22
  4.36000  0.239889E-22
  4.37000  0.219979E-22
  4.38000  0.201518E-22
  4.39000  0.184464E-22
  4.40000  0.135883E-22
  4.41000  0.128916E-22
  4.42000  0.892186E-23
  4.43000  0.827504E-23
  4.44000  0.767688E-23
  4.45000  0.712479E-23
  4.46000  0.661442E-23
  4.47000  0.614158E-23
  4.48000  0.570300E-23
  4.49000  0.529643E-23
  4.50000  0.491991E-23
  4.51000  0.457110E-23
  4.52000  0.424796E-23
  4.53000  0.394826E-23
  4.54000  0.367015E-23
  4.55000  0.341238E-23
  4.56000  0.215002E-23
  4.57000  0.199017E-23
  4.58000  0.184446E-23
  4.59000  0.171153E-23
  4.60000  0.104615E-23
  4.61000  0.972345E-24
  4.62000  0.661301E-24
  4.63000  0.617029E-24
  4.64000  0.454429E-24
  4.65000  0.439488E-24
  4.66000  0.425292E-24
  4.67000  0.411856E-24
  4.68000  0.399160E-24
  4.69000  0.387164E-24
  4.70000  0.119874E-24
  4.71000  0.116955E-24
  4.72000  0.114125E-24
  4.73000  0.111385E-24
  4.74000  0.108738E-24
  4.75000  0.106196E-24
  4.76000  0.103783E-24
  4.77000  0.101505E-24
  4.78000  0.993715E-25
  4.79000  0.973838E-25
  4.80000  0.955296E-25
  4.81000  0.937840E-25
  4.82000  0.644197E-25
  4.83000  0.629525E-25
  4.84000  0.615004E-25
  4.85000  0.600894E-25
  4.86000  0.587358E-25
  4.87000  0.574351E-25
  4.88000  0.561560E-25
  4.89000  0.548527E-25
  4.90000  0.415720E-25
  4.91000  0.336156E-25
  4.92000  0.114210E-25
  4.93000  0.111493E-25
  4.94000  0.108812E-25
  4.95000  0.106184E-25
  4.96000  0.103597E-25
  4.97000  0.101053E-25
  4.98000  0.985814E-26
  4.99000  0.962205E-26
  5.00000  0.940075E-26
  5.01000  0.919830E-26
  5.02000  0.901596E-26
  5.03000  0.732768E-26
  5.04000  0.729791E-26
  5.05000  0.729268E-26
  5.06000  0.730871E-26
  5.07000  0.734213E-26
  5.08000  0.738910E-26
  5.09000  0.744539E-26
  5.10000  0.750441E-26
  5.11000  0.755754E-26
  5.12000  0.759748E-26
  5.13000  0.762066E-26
  5.14000  0.762689E-26
  5.15000  0.761734E-26
  5.16000  0.759496E-26
  5.17000  0.756250E-26
  5.18000  0.752135E-26
  5.19000  0.244474E-26
  5.20000  0.240043E-26
  5.21000  0.235752E-26
  5.22000  0.231536E-26
  5.23000  0.110693E-26
  5.24000  0.109348E-26
  5.25000  0.108092E-26
  5.26000  0.106935E-26
  5.27000  0.105889E-26
  5.28000  0.104946E-26
  5.29000  0.104065E-26
  5.30000  0.103212E-26
  5.31000  0.102384E-26
  5.32000  0.101562E-26
  5.33000  0.100723E-26
  5.34000  0.998624E-27
  5.35000  0.989397E-27
  5.36000  0.979472E-27
  5.37000  0.969042E-27
  5.38000  0.958260E-27
  5.39000  0.947406E-27
  5.40000  0.936438E-27
  5.41000  0.925251E-27
  5.42000  0.913799E-27
  5.43000  0.802650E-27
  5.44000  0.792069E-27
  5.45000  0.239964E-27
  5.46000  0.237558E-27
  5.47000  0.235215E-27
  5.48000  0.232903E-27
  5.49000  0.230638E-27
  5.50000  0.228454E-27
  5.51000  0.226350E-27
  5.52000  0.224337E-27
  5.53000  0.222405E-27
  5.54000  0.220523E-27
  5.55000  0.218684E-27
  5.56000  0.216834E-27
  5.57000  0.214945E-27
  5.58000  0.213007E-27
  5.59000  0.211037E-27
  5.60000  0.209061E-27
  5.61000  0.207130E-27
  5.62000  0.205244E-27
  5.63000  0.203409E-27
  5.64000  0.201591E-27
  5.65000  0.199769E-27
  5.66000  0.197958E-27
  5.67000  0.196145E-27
  5.68000  0.194318E-27
  5.69000  0.192468E-27
  5.70000  0.190628E-27
  5.71000  0.188809E-27
  5.72000  0.187008E-27
  5.73000  0.185243E-27
  5.74000  0.183497E-27
  5.75000  0.181776E-27
  5.76000  0.180091E-27
  5.77000  0.178469E-27
  5.78000  0.176919E-27
  5.79000  0.175427E-27
  5.80000  0.173976E-27
  5.81000  0.172562E-27
  5.82000  0.171193E-27
  5.83000  0.169843E-27
  5.84000  0.168529E-27
  5.85000  0.167248E-27
  5.86000  0.165968E-27
  5.87000  0.164691E-27
  5.88000  0.151750E-27
  5.89000  0.000000E+00
  5.90000  0.000000E+00
  5.91000  0.000000E+00
  5.92000  0.000000E+00
  5.93000  0.000000E+00
  5.94000  0.000000E+00
  5.95000  0.000000E+00
  5.96000  0.000000E+00
  5.97000  0.000000E+00
  5.98000  0.000000E+00
  5.99000  0.000000E+00
  6.00000  0.000000E+00
  6.20000  0.000000E+00
  6.40000  0.000000E+00
  6.60000  0.000000E+00
  6.80000  0.000000E+00
  7.00000  0.000000E+00
