  0.00000  0.000000E+00
  0.01000  0.000000E+00
  0.02000  0.000000E+00
  0.03000  0.000000E+00
  0.04000  0.000000E+00
  0.05000  0.000000E+00
  0.06000  0.000000E+00
  0.07000  0.000000E+00
  0.08000  0.000000E+00
  0.09000  0.000000E+00
  0.10000  0.000000E+00
  0.11000  0.000000E+00
  0.12000  0.000000E+00
  0.13000  0.000000E+00
  0.14000  0.000000E+00
  0.15000  0.000000E+00
  0.16000  0.000000E+00
  0.17000  0.000000E+00
  0.18000  0.000000E+00
  0.19000  0.000000E+00
  0.20000  0.000000E+00
  0.21000  0.000000E+00
  0.22000  0.000000E+00
  0.23000  0.000000E+00
  0.24000  0.000000E+00
  0.25000  0.000000E+00
  0.26000  0.000000E+00
  0.27000  0.000000E+00
  0.28000  0.000000E+00
  0.29000  0.000000E+00
  0.30000  0.000000E+00
  0.31000  0.000000E+00
  0.32000  0.000000E+00
  0.33000  0.000000E+00
  0.34000  0.000000E+00
  0.35000  0.000000E+00
  0.36000  0.000000E+00
  0.37000  0.000000E+00
  0.38000  0.000000E+00
  0.39000  0.000000E+00
  0.40000  0.000000E+00
  0.41000  0.000000E+00
  0.42000  0.000000E+00
  0.43000  0.000000E+00
  0.44000  0.000000E+00
  0.45000  0.000000E+00
  0.46000  0.000000E+00
  0.47000  0.000000E+00
  0.48000  0.000000E+00
  0.49000  0.000000E+00
  0.50000  0.000000E+00
  0.51000  0.000000E+00
  0.52000  0.000000E+00
  0.53000  0.000000E+00
  0.54000  0.000000E+00
  0.55000  0.000000E+00
  0.56000  0.000000E+00
  0.57000  0.000000E+00
  0.58000  0.000000E+00
  0.59000  0.000000E+00
  0.60000  0.000000E+00
  0.61000  0.000000E+00
  0.62000  0.000000E+00
  0.63000  0.000000E+00
  0.64000  0.000000E+00
  0.65000  0.000000E+00
  0.66000  0.000000E+00
  0.67000  0.000000E+00
  0.68000  0.000000E+00
  0.69000  0.000000E+00
  0.70000  0.000000E+00
  0.71000  0.000000E+00
  0.72000  0.000000E+00
  0.73000  0.000000E+00
  0.74000  0.000000E+00
  0.75000  0.000000E+00
  0.76000  0.000000E+00
  0.77000  0.000000E+00
  0.78000  0.000000E+00
  0.79000  0.000000E+00
  0.80000  0.000000E+00
  0.81000  0.000000E+00
  0.82000  0.000000E+00
  0.83000  0.000000E+00
  0.84000  0.000000E+00
  0.85000  0.000000E+00
  0.86000  0.000000E+00
  0.87000  0.000000E+00
  0.88000  0.000000E+00
  0.89000  0.000000E+00
  0.90000  0.000000E+00
  0.91000  0.000000E+00
  0.92000  0.000000E+00
  0.93000  0.000000E+00
  0.94000  0.000000E+00
  0.95000  0.000000E+00
  0.96000  0.000000E+00
  0.97000  0.000000E+00
  0.98000  0.000000E+00
  0.99000  0.000000E+00
  1.00000  0.000000E+00
  1.01000  0.000000E+00
  1.02000  0.000000E+00
  1.03000  0.000000E+00
  1.04000  0.000000E+00
  1.05000  0.000000E+00
  1.06000  0.000000E+00
  1.07000  0.000000E+00
  1.08000  0.000000E+00
  1.09000  0.000000E+00
  1.10000  0.000000E+00
  1.11000  0.000000E+00
  1.12000  0.000000E+00
  1.13000  0.000000E+00
  1.14000  0.000000E+00
  1.15000  0.000000E+00
  1.16000  0.000000E+00
  1.17000  0.000000E+00
  1.18000  0.000000E+00
  1.19000  0.000000E+00
  1.20000  0.355437E-07
  1.21000  0.347587E+00
  1.22000  0.100000E+01
  1.23000  0.793512E+00
  1.24000  0.761224E+00
  1.25000  0.683933E+00
  1.26000  0.581465E+00
  1.27000  0.467485E+00
  1.28000  0.366410E+00
  1.29000  0.286318E+00
  1.30000  0.219408E+00
  1.31000  0.164329E+00
  1.32000  0.122560E+00
  1.33000  0.925119E-01
  1.34000  0.700980E-01
  1.35000  0.531533E-01
  1.36000  0.405946E-01
  1.37000  0.314649E-01
  1.38000  0.242710E-01
  1.39000  0.183612E-01
  1.40000  0.136055E-01
  1.41000  0.100192E-01
  1.42000  0.746005E-02
  1.43000  0.559251E-02
  1.44000  0.421742E-02
  1.45000  0.317615E-02
  1.46000  0.237014E-02
  1.47000  0.171887E-02
  1.48000  0.120120E-02
  1.49000  0.832954E-03
  1.50000  0.590401E-03
  1.51000  0.424690E-03
  1.52000  0.307909E-03
  1.53000  0.224808E-03
  1.54000  0.167152E-03
  1.55000  0.128301E-03
  1.56000  0.102742E-03
  1.57000  0.832632E-04
  1.58000  0.634893E-04
  1.59000  0.439471E-04
  1.60000  0.282469E-04
  1.61000  0.175582E-04
  1.62000  0.107978E-04
  1.63000  0.663607E-05
  1.64000  0.633786E-05
  1.65000  0.612172E-05
  1.66000  0.581809E-05
  1.67000  0.539919E-05
  1.68000  0.485577E-05
  1.69000  0.421713E-05
  1.70000  0.352490E-05
  1.71000  0.282175E-05
  1.72000  0.216419E-05
  1.73000  0.160893E-05
  1.74000  0.117198E-05
  1.75000  0.844812E-06
  1.76000  0.607784E-06
  1.77000  0.442705E-06
  1.78000  0.321227E-06
  1.79000  0.229137E-06
  1.80000  0.160325E-06
  1.81000  0.112879E-06
  1.82000  0.802344E-07
  1.83000  0.565230E-07
  1.84000  0.392561E-07
  1.85000  0.267820E-07
  1.86000  0.174965E-07
  1.87000  0.113036E-07
  1.88000  0.714385E-08
  1.89000  0.442654E-08
  1.90000  0.268052E-08
  1.91000  0.159927E-08
  1.92000  0.951401E-09
  1.93000  0.563534E-09
  1.94000  0.330280E-09
  1.95000  0.192537E-09
  1.96000  0.107553E-09
  1.97000  0.617729E-10
  1.98000  0.348046E-10
  1.99000  0.189088E-10
  2.00000  0.975959E-11
  2.01000  0.476237E-11
  2.02000  0.219440E-11
  2.03000  0.937671E-12
  2.04000  0.363832E-12
  2.05000  0.128562E-12
  2.06000  0.379906E-13
  2.07000  0.117216E-13
  2.08000  0.355899E-14
  2.09000  0.106895E-14
  2.10000  0.423360E-15
  2.11000  0.257843E-15
  2.12000  0.155408E-15
  2.13000  0.932030E-16
  2.14000  0.549241E-16
  2.15000  0.315456E-16
  2.16000  0.136636E-16
  2.17000  0.694793E-17
  2.18000  0.309105E-17
  2.19000  0.120326E-17
  2.20000  0.443914E-18
  2.21000  0.153250E-18
  2.22000  0.475059E-19
  2.23000  0.134105E-19
  2.24000  0.366865E-20
  2.25000  0.107644E-20
  2.26000  0.225235E-21
  2.27000  0.792605E-22
  2.28000  0.295496E-22
  2.29000  0.115082E-22
  2.30000  0.454389E-23
  2.31000  0.178538E-23
  2.32000  0.725620E-24
  2.33000  0.323573E-24
  2.34000  0.163698E-24
  2.35000  0.925119E-25
  2.36000  0.381087E-25
  2.37000  0.222144E-25
  2.38000  0.128242E-25
  2.39000  0.814935E-26
  2.40000  0.561500E-26
  2.41000  0.403782E-26
  2.42000  0.305915E-26
  2.43000  0.244258E-26
  2.44000  0.202600E-26
  2.45000  0.173354E-26
  2.46000  0.104717E-26
  2.47000  0.954401E-27
  2.48000  0.907842E-27
  2.49000  0.910696E-27
  2.50000  0.939866E-27
  2.51000  0.958231E-27
  2.52000  0.945521E-27
  2.53000  0.905862E-27
  2.54000  0.862412E-27
  2.55000  0.825733E-27
  2.56000  0.534606E-27
  2.57000  0.506762E-27
  2.58000  0.476525E-27
  2.59000  0.457790E-27
  2.60000  0.464262E-27
  2.61000  0.508039E-27
  2.62000  0.604719E-27
  2.63000  0.769087E-27
  2.64000  0.100809E-26
  2.65000  0.130665E-26
  2.66000  0.972109E-27
  2.67000  0.110803E-26
  2.68000  0.116206E-26
  2.69000  0.111011E-26
  2.70000  0.955103E-27
  2.71000  0.731544E-27
  2.72000  0.496729E-27
  2.73000  0.299812E-27
  2.74000  0.160876E-27
  2.75000  0.762777E-28
  2.76000  0.171503E-28
  2.77000  0.662898E-29
  2.78000  0.247439E-29
  2.79000  0.000000E+00
  2.80000  0.000000E+00
  2.81000  0.000000E+00
  2.82000  0.000000E+00
  2.83000  0.000000E+00
  2.84000  0.000000E+00
  2.85000  0.000000E+00
  2.86000  0.000000E+00
  2.87000  0.000000E+00
  2.88000  0.000000E+00
  2.89000  0.000000E+00
  2.90000  0.000000E+00
  2.91000  0.000000E+00
  2.92000  0.000000E+00
  2.93000  0.000000E+00
  2.94000  0.000000E+00
  2.95000  0.000000E+00
  2.96000  0.000000E+00
  2.97000  0.000000E+00
  2.98000  0.000000E+00
  2.99000  0.000000E+00
  3.00000  0.000000E+00
  3.01000  0.000000E+00
  3.02000  0.000000E+00
  3.03000  0.000000E+00
  3.04000  0.000000E+00
  3.05000  0.000000E+00
  3.06000  0.000000E+00
  3.07000  0.000000E+00
  3.08000  0.000000E+00
  3.09000  0.000000E+00
  3.10000  0.000000E+00
  3.11000  0.000000E+00
  3.12000  0.000000E+00
  3.13000  0.000000E+00
  3.14000  0.000000E+00
  3.15000  0.000000E+00
  3.16000  0.000000E+00
  3.17000  0.000000E+00
  3.18000  0.000000E+00
  3.19000  0.000000E+00
  3.20000  0.000000E+00
  3.21000  0.000000E+00
  3.22000  0.000000E+00
  3.23000  0.000000E+00
  3.24000  0.000000E+00
  3.25000  0.000000E+00
  3.26000  0.000000E+00
  3.27000  0.000000E+00
  3.28000  0.000000E+00
  3.29000  0.000000E+00
  3.30000  0.000000E+00
  3.31000  0.000000E+00
  3.32000  0.000000E+00
  3.33000  0.000000E+00
  3.34000  0.000000E+00
  3.35000  0.000000E+00
  3.36000  0.000000E+00
  3.37000  0.000000E+00
  3.38000  0.000000E+00
  3.39000  0.000000E+00
  3.40000  0.000000E+00
  3.41000  0.000000E+00
  3.42000  0.000000E+00
  3.43000  0.000000E+00
  3.44000  0.000000E+00
  3.45000  0.000000E+00
  3.46000  0.000000E+00
  3.47000  0.000000E+00
  3.48000  0.000000E+00
  3.49000  0.000000E+00
  3.50000  0.000000E+00
  3.51000  0.000000E+00
  3.52000  0.000000E+00
  3.53000  0.000000E+00
  3.54000  0.000000E+00
  3.55000  0.000000E+00
  3.56000  0.000000E+00
  3.57000  0.000000E+00
  3.58000  0.000000E+00
  3.59000  0.000000E+00
  3.60000  0.000000E+00
  3.61000  0.000000E+00
  3.62000  0.000000E+00
  3.63000  0.000000E+00
  3.64000  0.000000E+00
  3.65000  0.000000E+00
  3.66000  0.000000E+00
  3.67000  0.000000E+00
  3.68000  0.000000E+00
  3.69000  0.000000E+00
  3.70000  0.000000E+00
  3.71000  0.000000E+00
  3.72000  0.000000E+00
  3.73000  0.000000E+00
  3.74000  0.000000E+00
  3.75000  0.000000E+00
  3.76000  0.000000E+00
  3.77000  0.000000E+00
  3.78000  0.000000E+00
  3.79000  0.000000E+00
  3.80000  0.000000E+00
  3.81000  0.000000E+00
  3.82000  0.000000E+00
  3.83000  0.000000E+00
  3.84000  0.000000E+00
  3.85000  0.000000E+00
  3.86000  0.000000E+00
  3.87000  0.000000E+00
  3.88000  0.000000E+00
  3.89000  0.000000E+00
  3.90000  0.000000E+00
  3.91000  0.000000E+00
  3.92000  0.000000E+00
  3.93000  0.000000E+00
  3.94000  0.000000E+00
  3.95000  0.000000E+00
  3.96000  0.000000E+00
  3.97000  0.000000E+00
  3.98000  0.000000E+00
  3.99000  0.000000E+00
  4.00000  0.000000E+00
  4.01000  0.000000E+00
  4.02000  0.000000E+00
  4.03000  0.000000E+00
  4.04000  0.000000E+00
  4.05000  0.000000E+00
  4.06000  0.000000E+00
  4.07000  0.000000E+00
  4.08000  0.000000E+00
  4.09000  0.000000E+00
  4.10000  0.000000E+00
  4.11000  0.000000E+00
  4.12000  0.000000E+00
  4.13000  0.000000E+00
  4.14000  0.000000E+00
  4.15000  0.000000E+00
  4.16000  0.000000E+00
  4.17000  0.000000E+00
  4.18000  0.000000E+00
  4.19000  0.000000E+00
  4.20000  0.000000E+00
  4.21000  0.000000E+00
  4.22000  0.000000E+00
  4.23000  0.000000E+00
  4.24000  0.000000E+00
  4.25000  0.000000E+00
  4.26000  0.000000E+00
  4.27000  0.000000E+00
  4.28000  0.000000E+00
  4.29000  0.000000E+00
  4.30000  0.000000E+00
  4.31000  0.000000E+00
  4.32000  0.000000E+00
  4.33000  0.000000E+00
  4.34000  0.000000E+00
  4.35000  0.000000E+00
  4.36000  0.000000E+00
  4.37000  0.000000E+00
  4.38000  0.000000E+00
  4.39000  0.000000E+00
  4.40000  0.000000E+00
  4.41000  0.000000E+00
  4.42000  0.000000E+00
  4.43000  0.000000E+00
  4.44000  0.000000E+00
  4.45000  0.000000E+00
  4.46000  0.000000E+00
  4.47000  0.000000E+00
  4.48000  0.000000E+00
  4.49000  0.000000E+00
  4.50000  0.000000E+00
  4.51000  0.000000E+00
  4.52000  0.000000E+00
  4.53000  0.000000E+00
  4.54000  0.000000E+00
  4.55000  0.000000E+00
  4.56000  0.000000E+00
  4.57000  0.000000E+00
  4.58000  0.000000E+00
  4.59000  0.000000E+00
  4.60000  0.000000E+00
  4.61000  0.000000E+00
  4.62000  0.000000E+00
  4.63000  0.000000E+00
  4.64000  0.000000E+00
  4.65000  0.000000E+00
  4.66000  0.000000E+00
  4.67000  0.000000E+00
  4.68000  0.000000E+00
  4.69000  0.000000E+00
  4.70000  0.000000E+00
  4.71000  0.000000E+00
  4.72000  0.000000E+00
  4.73000  0.000000E+00
  4.74000  0.000000E+00
  4.75000  0.000000E+00
  4.76000  0.000000E+00
  4.77000  0.000000E+00
  4.78000  0.000000E+00
  4.79000  0.000000E+00
  4.80000  0.000000E+00
  4.81000  0.000000E+00
  4.82000  0.000000E+00
  4.83000  0.000000E+00
  4.84000  0.000000E+00
  4.85000  0.000000E+00
  4.86000  0.000000E+00
  4.87000  0.000000E+00
  4.88000  0.000000E+00
  4.89000  0.000000E+00
  4.90000  0.000000E+00
  4.91000  0.000000E+00
  4.92000  0.000000E+00
  4.93000  0.000000E+00
  4.94000  0.000000E+00
  4.95000  0.000000E+00
  4.96000  0.000000E+00
  4.97000  0.000000E+00
  4.98000  0.000000E+00
  4.99000  0.000000E+00
  5.00000  0.000000E+00
  5.01000  0.000000E+00
  5.02000  0.000000E+00
  5.03000  0.000000E+00
  5.04000  0.000000E+00
  5.05000  0.000000E+00
  5.06000  0.000000E+00
  5.07000  0.000000E+00
  5.08000  0.000000E+00
  5.09000  0.000000E+00
  5.10000  0.000000E+00
  5.11000  0.000000E+00
  5.12000  0.000000E+00
  5.13000  0.000000E+00
  5.14000  0.000000E+00
  5.15000  0.000000E+00
  5.16000  0.000000E+00
  5.17000  0.000000E+00
  5.18000  0.000000E+00
  5.19000  0.000000E+00
  5.20000  0.000000E+00
  5.21000  0.000000E+00
  5.22000  0.000000E+00
  5.23000  0.000000E+00
  5.24000  0.000000E+00
  5.25000  0.000000E+00
  5.26000  0.000000E+00
  5.27000  0.000000E+00
  5.28000  0.000000E+00
  5.29000  0.000000E+00
  5.30000  0.000000E+00
  5.31000  0.000000E+00
  5.32000  0.000000E+00
  5.33000  0.000000E+00
  5.34000  0.000000E+00
  5.35000  0.000000E+00
  5.36000  0.000000E+00
  5.37000  0.000000E+00
  5.38000  0.000000E+00
  5.39000  0.000000E+00
  5.40000  0.000000E+00
  5.41000  0.000000E+00
  5.42000  0.000000E+00
  5.43000  0.000000E+00
  5.44000  0.000000E+00
  5.45000  0.000000E+00
  5.46000  0.000000E+00
  5.47000  0.000000E+00
  5.48000  0.000000E+00
  5.49000  0.000000E+00
  5.50000  0.000000E+00
  5.51000  0.000000E+00
  5.52000  0.000000E+00
  5.53000  0.000000E+00
  5.54000  0.000000E+00
  5.55000  0.000000E+00
  5.56000  0.000000E+00
  5.57000  0.000000E+00
  5.58000  0.000000E+00
  5.59000  0.000000E+00
  5.60000  0.000000E+00
  5.61000  0.000000E+00
  5.62000  0.000000E+00
  5.63000  0.000000E+00
  5.64000  0.000000E+00
  5.65000  0.000000E+00
  5.66000  0.000000E+00
  5.67000  0.000000E+00
  5.68000  0.000000E+00
  5.69000  0.000000E+00
  5.70000  0.000000E+00
  5.71000  0.000000E+00
  5.72000  0.000000E+00
  5.73000  0.000000E+00
  5.74000  0.000000E+00
  5.75000  0.000000E+00
  5.76000  0.000000E+00
  5.77000  0.000000E+00
  5.78000  0.000000E+00
  5.79000  0.000000E+00
  5.80000  0.000000E+00
  5.81000  0.000000E+00
  5.82000  0.000000E+00
  5.83000  0.000000E+00
  5.84000  0.000000E+00
  5.85000  0.000000E+00
  5.86000  0.000000E+00
  5.87000  0.000000E+00
  5.88000  0.000000E+00
  5.89000  0.000000E+00
  5.90000  0.000000E+00
  5.91000  0.000000E+00
  5.92000  0.000000E+00
  5.93000  0.000000E+00
  5.94000  0.000000E+00
  5.95000  0.000000E+00
  5.96000  0.000000E+00
  5.97000  0.000000E+00
  5.98000  0.000000E+00
  5.99000  0.000000E+00
  6.00000  0.000000E+00
  6.20000  0.000000E+00
  6.40000  0.000000E+00
  6.60000  0.000000E+00
  6.80000  0.000000E+00
  7.00000  0.000000E+00
