  0.00000  0.000000E+00
  0.01000  0.000000E+00
  0.02000  0.000000E+00
  0.03000  0.000000E+00
  0.04000  0.000000E+00
  0.05000  0.000000E+00
  0.06000  0.000000E+00
  0.07000  0.000000E+00
  0.08000  0.000000E+00
  0.09000  0.000000E+00
  0.10000  0.000000E+00
  0.11000  0.000000E+00
  0.12000  0.000000E+00
  0.13000  0.000000E+00
  0.14000  0.000000E+00
  0.15000  0.000000E+00
  0.16000  0.000000E+00
  0.17000  0.000000E+00
  0.18000  0.000000E+00
  0.19000  0.000000E+00
  0.20000  0.000000E+00
  0.21000  0.000000E+00
  0.22000  0.000000E+00
  0.23000  0.000000E+00
  0.24000  0.000000E+00
  0.25000  0.000000E+00
  0.26000  0.000000E+00
  0.27000  0.000000E+00
  0.28000  0.000000E+00
  0.29000  0.000000E+00
  0.30000  0.000000E+00
  0.31000  0.000000E+00
  0.32000  0.000000E+00
  0.33000  0.000000E+00
  0.34000  0.000000E+00
  0.35000  0.000000E+00
  0.36000  0.000000E+00
  0.37000  0.000000E+00
  0.38000  0.000000E+00
  0.39000  0.000000E+00
  0.40000  0.000000E+00
  0.41000  0.000000E+00
  0.42000  0.000000E+00
  0.43000  0.000000E+00
  0.44000  0.000000E+00
  0.45000  0.000000E+00
  0.46000  0.000000E+00
  0.47000  0.000000E+00
  0.48000  0.000000E+00
  0.49000  0.000000E+00
  0.50000  0.000000E+00
  0.51000  0.000000E+00
  0.52000  0.000000E+00
  0.53000  0.000000E+00
  0.54000  0.000000E+00
  0.55000  0.000000E+00
  0.56000  0.000000E+00
  0.57000  0.000000E+00
  0.58000  0.000000E+00
  0.59000  0.000000E+00
  0.60000  0.000000E+00
  0.61000  0.000000E+00
  0.62000  0.000000E+00
  0.63000  0.000000E+00
  0.64000  0.000000E+00
  0.65000  0.000000E+00
  0.66000  0.000000E+00
  0.67000  0.000000E+00
  0.68000  0.000000E+00
  0.69000  0.000000E+00
  0.70000  0.000000E+00
  0.71000  0.000000E+00
  0.72000  0.000000E+00
  0.73000  0.000000E+00
  0.74000  0.000000E+00
  0.75000  0.000000E+00
  0.76000  0.000000E+00
  0.77000  0.000000E+00
  0.78000  0.000000E+00
  0.79000  0.000000E+00
  0.80000  0.000000E+00
  0.81000  0.000000E+00
  0.82000  0.000000E+00
  0.83000  0.000000E+00
  0.84000  0.000000E+00
  0.85000  0.000000E+00
  0.86000  0.000000E+00
  0.87000  0.000000E+00
  0.88000  0.000000E+00
  0.89000  0.000000E+00
  0.90000  0.000000E+00
  0.91000  0.000000E+00
  0.92000  0.000000E+00
  0.93000  0.000000E+00
  0.94000  0.000000E+00
  0.95000  0.000000E+00
  0.96000  0.000000E+00
  0.97000  0.000000E+00
  0.98000  0.000000E+00
  0.99000  0.000000E+00
  1.00000  0.000000E+00
  1.01000  0.000000E+00
  1.02000  0.000000E+00
  1.03000  0.000000E+00
  1.04000  0.000000E+00
  1.05000  0.000000E+00
  1.06000  0.000000E+00
  1.07000  0.000000E+00
  1.08000  0.000000E+00
  1.09000  0.000000E+00
  1.10000  0.000000E+00
  1.11000  0.125977E-02
  1.12000  0.243939E-02
  1.13000  0.433769E-02
  1.14000  0.671104E-02
  1.15000  0.782313E-02
  1.16000  0.928916E-02
  1.17000  0.163213E-01
  1.18000  0.266061E-01
  1.19000  0.409423E-01
  1.20000  0.564256E-01
  1.21000  0.644080E-01
  1.22000  0.642255E-01
  1.23000  0.781138E-01
  1.24000  0.112675E+00
  1.25000  0.148110E+00
  1.26000  0.183317E+00
  1.27000  0.245842E+00
  1.28000  0.300527E+00
  1.29000  0.315147E+00
  1.30000  0.412470E+00
  1.31000  0.492011E+00
  1.32000  0.535694E+00
  1.33000  0.522607E+00
  1.34000  0.461341E+00
  1.35000  0.618758E+00
  1.36000  0.814059E+00
  1.37000  0.982272E+00
  1.38000  0.100000E+01
  1.39000  0.870185E+00
  1.40000  0.695526E+00
  1.41000  0.532891E+00
  1.42000  0.580710E+00
  1.43000  0.622705E+00
  1.44000  0.602845E+00
  1.45000  0.551403E+00
  1.46000  0.492020E+00
  1.47000  0.424154E+00
  1.48000  0.339659E+00
  1.49000  0.259530E+00
  1.50000  0.197142E+00
  1.51000  0.184062E+00
  1.52000  0.173874E+00
  1.53000  0.151300E+00
  1.54000  0.124762E+00
  1.55000  0.100826E+00
  1.56000  0.812349E-01
  1.57000  0.636309E-01
  1.58000  0.455775E-01
  1.59000  0.300574E-01
  1.60000  0.186691E-01
  1.61000  0.148364E-01
  1.62000  0.128836E-01
  1.63000  0.103340E-01
  1.64000  0.784808E-02
  1.65000  0.566800E-02
  1.66000  0.388512E-02
  1.67000  0.252528E-02
  1.68000  0.157519E-02
  1.69000  0.963880E-03
  1.70000  0.583121E-03
  1.71000  0.343529E-03
  1.72000  0.197374E-03
  1.73000  0.108907E-03
  1.74000  0.550741E-04
  1.75000  0.254038E-04
  1.76000  0.109015E-04
  1.77000  0.439647E-05
  1.78000  0.168744E-05
  1.79000  0.627505E-06
  1.80000  0.226687E-06
  1.81000  0.113087E-06
  1.82000  0.570627E-07
  1.83000  0.278985E-07
  1.84000  0.132344E-07
  1.85000  0.612077E-08
  1.86000  0.285520E-08
  1.87000  0.137810E-08
  1.88000  0.664158E-09
  1.89000  0.310623E-09
  1.90000  0.139422E-09
  1.91000  0.915996E-10
  1.92000  0.866686E-10
  1.93000  0.797905E-10
  1.94000  0.720149E-10
  1.95000  0.627983E-10
  1.96000  0.509886E-10
  1.97000  0.381176E-10
  1.98000  0.269000E-10
  1.99000  0.183573E-10
  2.00000  0.119048E-10
  2.01000  0.720696E-11
  2.02000  0.413927E-11
  2.03000  0.227914E-11
  2.04000  0.119777E-11
  2.05000  0.592280E-12
  2.06000  0.272909E-12
  2.07000  0.117581E-12
  2.08000  0.470753E-13
  2.09000  0.296170E-13
  2.10000  0.174151E-13
  2.11000  0.102920E-13
  2.12000  0.650324E-14
  2.13000  0.431005E-14
  2.14000  0.283828E-14
  2.15000  0.181307E-14
  2.16000  0.110311E-14
  2.17000  0.630916E-15
  2.18000  0.338418E-15
  2.19000  0.174311E-15
  2.20000  0.833240E-16
  2.21000  0.322573E-16
  2.22000  0.104776E-16
  2.23000  0.372374E-17
  2.24000  0.160740E-17
  2.25000  0.789116E-18
  2.26000  0.652555E-18
  2.27000  0.551191E-18
  2.28000  0.456535E-18
  2.29000  0.361325E-18
  2.30000  0.268179E-18
  2.31000  0.183997E-18
  2.32000  0.120309E-18
  2.33000  0.796430E-19
  2.34000  0.559765E-19
  2.35000  0.420751E-19
  2.36000  0.327505E-19
  2.37000  0.262381E-19
  2.38000  0.209089E-19
  2.39000  0.168555E-19
  2.40000  0.141576E-19
  2.41000  0.124118E-19
  2.42000  0.110629E-19
  2.43000  0.946522E-20
  2.44000  0.746968E-20
  2.45000  0.544281E-20
  2.46000  0.377216E-20
  2.47000  0.270722E-20
  2.48000  0.211672E-20
  2.49000  0.187649E-20
  2.50000  0.187201E-20
  2.51000  0.201039E-20
  2.52000  0.220003E-20
  2.53000  0.233877E-20
  2.54000  0.238063E-20
  2.55000  0.234376E-20
  2.56000  0.220526E-20
  2.57000  0.197231E-20
  2.58000  0.163572E-20
  2.59000  0.128028E-20
  2.60000  0.986741E-21
  2.61000  0.777057E-21
  2.62000  0.648249E-21
  2.63000  0.584643E-21
  2.64000  0.568785E-21
  2.65000  0.580013E-21
  2.66000  0.583622E-21
  2.67000  0.684851E-21
  2.68000  0.140230E-20
  2.69000  0.276562E-20
  2.70000  0.523451E-20
  2.71000  0.941812E-20
  2.72000  0.160036E-19
  2.73000  0.254877E-19
  2.74000  0.372932E-19
  2.75000  0.492239E-19
  2.76000  0.576973E-19
  2.77000  0.634270E-19
  2.78000  0.661967E-19
  2.79000  0.675061E-19
  2.80000  0.686786E-19
  2.81000  0.705912E-19
  2.82000  0.735035E-19
  2.83000  0.773314E-19
  2.84000  0.822567E-19
  2.85000  0.885500E-19
  2.86000  0.944243E-19
  2.87000  0.103056E-18
  2.88000  0.112310E-18
  2.89000  0.121936E-18
  2.90000  0.132617E-18
  2.91000  0.146530E-18
  2.92000  0.167770E-18
  2.93000  0.202317E-18
  2.94000  0.258695E-18
  2.95000  0.348217E-18
  2.96000  0.475044E-18
  2.97000  0.665855E-18
  2.98000  0.919135E-18
  2.99000  0.121924E-17
  3.00000  0.153162E-17
  3.01000  0.181438E-17
  3.02000  0.202655E-17
  3.03000  0.211683E-17
  3.04000  0.203904E-17
  3.05000  0.179214E-17
  3.06000  0.140357E-17
  3.07000  0.104683E-17
  3.08000  0.755296E-18
  3.09000  0.546949E-18
  3.10000  0.406767E-18
  3.11000  0.312238E-18
  3.12000  0.245031E-18
  3.13000  0.193289E-18
  3.14000  0.150829E-18
  3.15000  0.115335E-18
  3.16000  0.836859E-19
  3.17000  0.608254E-19
  3.18000  0.436010E-19
  3.19000  0.310702E-19
  3.20000  0.220238E-19
  3.21000  0.156064E-19
  3.22000  0.110774E-19
  3.23000  0.789608E-20
  3.24000  0.569909E-20
  3.25000  0.420679E-20
  3.26000  0.308885E-20
  3.27000  0.236916E-20
  3.28000  0.185459E-20
  3.29000  0.148844E-20
  3.30000  0.121742E-20
  3.31000  0.997156E-21
  3.32000  0.805802E-21
  3.33000  0.105444E-20
  3.34000  0.189617E-20
  3.35000  0.325696E-20
  3.36000  0.527395E-20
  3.37000  0.854309E-20
  3.38000  0.136795E-19
  3.39000  0.218051E-19
  3.40000  0.347398E-19
  3.41000  0.551091E-19
  3.42000  0.876429E-19
  3.43000  0.142713E-18
  3.44000  0.241888E-18
  3.45000  0.430593E-18
  3.46000  0.761036E-18
  3.47000  0.145923E-17
  3.48000  0.279271E-17
  3.49000  0.513663E-17
  3.50000  0.882528E-17
  3.51000  0.138511E-16
  3.52000  0.222349E-16
  3.53000  0.333264E-16
  3.54000  0.460959E-16
  3.55000  0.600138E-16
  3.56000  0.696342E-16
  3.57000  0.827442E-16
  3.58000  0.943069E-16
  3.59000  0.102315E-15
  3.60000  0.104461E-15
  3.61000  0.990658E-16
  3.62000  0.867439E-16
  3.63000  0.702114E-16
  3.64000  0.542147E-16
  3.65000  0.427940E-16
  3.66000  0.295935E-16
  3.67000  0.215924E-16
  3.68000  0.155159E-16
  3.69000  0.111106E-16
  3.70000  0.801125E-17
  3.71000  0.585078E-17
  3.72000  0.432568E-17
  3.73000  0.322800E-17
  3.74000  0.242370E-17
  3.75000  0.181993E-17
  3.76000  0.126107E-17
  3.77000  0.931680E-18
  3.78000  0.677990E-18
  3.79000  0.483850E-18
  3.80000  0.337773E-18
  3.81000  0.230414E-18
  3.82000  0.152810E-18
  3.83000  0.983056E-19
  3.84000  0.742366E-19
  3.85000  0.134631E-18
  3.86000  0.240352E-18
  3.87000  0.428643E-18
  3.88000  0.732654E-18
  3.89000  0.119393E-17
  3.90000  0.184553E-17
  3.91000  0.270018E-17
  3.92000  0.372645E-17
  3.93000  0.483280E-17
  3.94000  0.585125E-17
  3.95000  0.657923E-17
  3.96000  0.712864E-17
  3.97000  0.699662E-17
  3.98000  0.659697E-17
  3.99000  0.616005E-17
  4.00000  0.589562E-17
  4.01000  0.592450E-17
  4.02000  0.625427E-17
  4.03000  0.674928E-17
  4.04000  0.718525E-17
  4.05000  0.733849E-17
  4.06000  0.695706E-17
  4.07000  0.636633E-17
  4.08000  0.561664E-17
  4.09000  0.482307E-17
  4.10000  0.404010E-17
  4.11000  0.328154E-17
  4.12000  0.254665E-17
  4.13000  0.184486E-17
  4.14000  0.122977E-17
  4.15000  0.745464E-18
  4.16000  0.370635E-18
  4.17000  0.185028E-18
  4.18000  0.864129E-19
  4.19000  0.392737E-19
  4.20000  0.182458E-19
  4.21000  0.906853E-20
  4.22000  0.496046E-20
  4.23000  0.300395E-20
  4.24000  0.197976E-20
  4.25000  0.138071E-20
  4.26000  0.832990E-21
  4.27000  0.617983E-21
  4.28000  0.461171E-21
  4.29000  0.345325E-21
  4.30000  0.260394E-21
  4.31000  0.197377E-21
  4.32000  0.148976E-21
  4.33000  0.110896E-21
  4.34000  0.807014E-22
  4.35000  0.568061E-22
  4.36000  0.315922E-22
  4.37000  0.518226E-22
  4.38000  0.722564E-22
  4.39000  0.848706E-22
  4.40000  0.845736E-22
  4.41000  0.720318E-22
  4.42000  0.545273E-22
  4.43000  0.390679E-22
  4.44000  0.282536E-22
  4.45000  0.213963E-22
  4.46000  0.122589E-22
  4.47000  0.102318E-22
  4.48000  0.932789E-23
  4.49000  0.918295E-23
  4.50000  0.969778E-23
  4.51000  0.108679E-22
  4.52000  0.129265E-22
  4.53000  0.166634E-22
  4.54000  0.240218E-22
  4.55000  0.388156E-22
  4.56000  0.461990E-22
  4.57000  0.873694E-22
  4.58000  0.171171E-21
  4.59000  0.336885E-21
  4.60000  0.647423E-21
  4.61000  0.120131E-20
  4.62000  0.213707E-20
  4.63000  0.355126E-20
  4.64000  0.529565E-20
  4.65000  0.681154E-20
  4.66000  0.372354E-20
  4.67000  0.310681E-20
  4.68000  0.211676E-20
  4.69000  0.119876E-20
  4.70000  0.594121E-21
  4.71000  0.277300E-21
  4.72000  0.130099E-21
  4.73000  0.639915E-22
  4.74000  0.331580E-22
  4.75000  0.178818E-22
  4.76000  0.322013E-23
  4.77000  0.185523E-23
  4.78000  0.110003E-23
  4.79000  0.652045E-24
  4.80000  0.383720E-24
  4.81000  0.222192E-24
  4.82000  0.123794E-24
  4.83000  0.665432E-25
  4.84000  0.337487E-25
  4.85000  0.153725E-25
  4.86000  0.212474E-26
  4.87000  0.760175E-27
  4.88000  0.241252E-27
  4.89000  0.827922E-28
  4.90000  0.607433E-28
  4.91000  0.463333E-28
  4.92000  0.561796E-28
  4.93000  0.779809E-28
  4.94000  0.102001E-27
  4.95000  0.123657E-27
  4.96000  0.359396E-28
  4.97000  0.359483E-28
  4.98000  0.381304E-28
  4.99000  0.118708E-27
  5.00000  0.332116E-27
  5.01000  0.820617E-27
  5.02000  0.176206E-26
  5.03000  0.320992E-26
  5.04000  0.485048E-26
  5.05000  0.593755E-26
  5.06000  0.439204E-26
  5.07000  0.148530E-25
  5.08000  0.369008E-25
  5.09000  0.632991E-25
  5.10000  0.708141E-25
  5.11000  0.492531E-25
  5.12000  0.203883E-25
  5.13000  0.486496E-26
  5.14000  0.671986E-27
  5.15000  0.581558E-28
  5.16000  0.000000E+00
  5.17000  0.000000E+00
  5.18000  0.000000E+00
  5.19000  0.000000E+00
  5.20000  0.000000E+00
  5.21000  0.000000E+00
  5.22000  0.000000E+00
  5.23000  0.000000E+00
  5.24000  0.000000E+00
  5.25000  0.000000E+00
  5.26000  0.000000E+00
  5.27000  0.000000E+00
  5.28000  0.000000E+00
  5.29000  0.000000E+00
  5.30000  0.000000E+00
  5.31000  0.000000E+00
  5.32000  0.000000E+00
  5.33000  0.000000E+00
  5.34000  0.000000E+00
  5.35000  0.000000E+00
  5.36000  0.000000E+00
  5.37000  0.000000E+00
  5.38000  0.000000E+00
  5.39000  0.000000E+00
  5.40000  0.000000E+00
  5.41000  0.000000E+00
  5.42000  0.000000E+00
  5.43000  0.000000E+00
  5.44000  0.000000E+00
  5.45000  0.000000E+00
  5.46000  0.000000E+00
  5.47000  0.000000E+00
  5.48000  0.000000E+00
  5.49000  0.000000E+00
  5.50000  0.000000E+00
  5.51000  0.000000E+00
  5.52000  0.000000E+00
  5.53000  0.000000E+00
  5.54000  0.000000E+00
  5.55000  0.000000E+00
  5.56000  0.000000E+00
  5.57000  0.000000E+00
  5.58000  0.000000E+00
  5.59000  0.000000E+00
  5.60000  0.000000E+00
  5.61000  0.000000E+00
  5.62000  0.000000E+00
  5.63000  0.000000E+00
  5.64000  0.000000E+00
  5.65000  0.000000E+00
  5.66000  0.000000E+00
  5.67000  0.000000E+00
  5.68000  0.000000E+00
  5.69000  0.000000E+00
  5.70000  0.000000E+00
  5.71000  0.000000E+00
  5.72000  0.000000E+00
  5.73000  0.000000E+00
  5.74000  0.000000E+00
  5.75000  0.000000E+00
  5.76000  0.000000E+00
  5.77000  0.000000E+00
  5.78000  0.000000E+00
  5.79000  0.000000E+00
  5.80000  0.000000E+00
  5.81000  0.000000E+00
  5.82000  0.000000E+00
  5.83000  0.000000E+00
  5.84000  0.000000E+00
  5.85000  0.000000E+00
  5.86000  0.000000E+00
  5.87000  0.000000E+00
  5.88000  0.000000E+00
  5.89000  0.000000E+00
  5.90000  0.000000E+00
  5.91000  0.000000E+00
  5.92000  0.000000E+00
  5.93000  0.000000E+00
  5.94000  0.000000E+00
  5.95000  0.000000E+00
  5.96000  0.000000E+00
  5.97000  0.000000E+00
  5.98000  0.000000E+00
  5.99000  0.000000E+00
  6.00000  0.000000E+00
  6.20000  0.000000E+00
  6.40000  0.000000E+00
  6.60000  0.000000E+00
  6.80000  0.000000E+00
  7.00000  0.000000E+00
