  0.00000  0.000000E+00
  0.01000  0.000000E+00
  0.02000  0.401063E-25
  0.03000  0.515527E-14
  0.04000  0.575281E-11
  0.05000  0.129407E-10
  0.06000  0.332270E-10
  0.07000  0.487375E-10
  0.08000  0.481446E-10
  0.09000  0.696048E-10
  0.10000  0.115480E-09
  0.11000  0.177526E-09
  0.12000  0.291633E-09
  0.13000  0.503048E-09
  0.14000  0.832483E-09
  0.15000  0.116867E-08
  0.16000  0.153956E-08
  0.17000  0.238297E-08
  0.18000  0.435096E-08
  0.19000  0.759619E-08
  0.20000  0.137557E-07
  0.21000  0.243051E-07
  0.22000  0.388093E-07
  0.23000  0.494536E-07
  0.24000  0.589250E-07
  0.25000  0.735084E-07
  0.26000  0.923164E-07
  0.27000  0.124561E-06
  0.28000  0.180499E-06
  0.29000  0.273634E-06
  0.30000  0.392241E-06
  0.31000  0.525897E-06
  0.32000  0.608990E-06
  0.33000  0.618403E-06
  0.34000  0.599615E-06
  0.35000  0.612740E-06
  0.36000  0.653596E-06
  0.37000  0.647503E-06
  0.38000  0.574863E-06
  0.39000  0.510471E-06
  0.40000  0.494034E-06
  0.41000  0.452995E-06
  0.42000  0.396582E-06
  0.43000  0.380759E-06
  0.44000  0.423468E-06
  0.45000  0.484954E-06
  0.46000  0.588040E-06
  0.47000  0.705223E-06
  0.48000  0.768777E-06
  0.49000  0.791275E-06
  0.50000  0.760162E-06
  0.51000  0.714046E-06
  0.52000  0.695675E-06
  0.53000  0.678522E-06
  0.54000  0.676483E-06
  0.55000  0.682273E-06
  0.56000  0.703105E-06
  0.57000  0.766407E-06
  0.58000  0.886287E-06
  0.59000  0.105903E-05
  0.60000  0.126275E-05
  0.61000  0.146399E-05
  0.62000  0.160169E-05
  0.63000  0.170505E-05
  0.64000  0.172736E-05
  0.65000  0.169559E-05
  0.66000  0.163145E-05
  0.67000  0.148718E-05
  0.68000  0.134366E-05
  0.69000  0.137003E-05
  0.70000  0.153731E-05
  0.71000  0.176458E-05
  0.72000  0.198754E-05
  0.73000  0.218982E-05
  0.74000  0.237983E-05
  0.75000  0.263163E-05
  0.76000  0.295685E-05
  0.77000  0.326095E-05
  0.78000  0.360949E-05
  0.79000  0.406732E-05
  0.80000  0.457462E-05
  0.81000  0.514199E-05
  0.82000  0.642671E-05
  0.83000  0.103856E-04
  0.84000  0.147459E-04
  0.85000  0.178440E-04
  0.86000  0.201440E-04
  0.87000  0.217113E-04
  0.88000  0.225970E-04
  0.89000  0.235142E-04
  0.90000  0.249402E-04
  0.91000  0.265660E-04
  0.92000  0.281574E-04
  0.93000  0.294543E-04
  0.94000  0.304045E-04
  0.95000  0.311316E-04
  0.96000  0.323948E-04
  0.97000  0.346601E-04
  0.98000  0.383849E-04
  0.99000  0.422227E-04
  1.00000  0.447268E-04
  1.01000  0.463097E-04
  1.02000  0.478645E-04
  1.03000  0.497226E-04
  1.04000  0.516383E-04
  1.05000  0.539038E-04
  1.06000  0.555904E-04
  1.07000  0.566708E-04
  1.08000  0.603655E-04
  1.09000  0.683743E-04
  1.10000  0.849326E-04
  1.11000  0.117385E-03
  1.12000  0.195557E-03
  1.13000  0.486830E-03
  1.14000  0.121614E-02
  1.15000  0.192918E-02
  1.16000  0.239893E-02
  1.17000  0.270056E-02
  1.18000  0.283601E-02
  1.19000  0.275867E-02
  1.20000  0.251754E-02
  1.21000  0.233083E-02
  1.22000  0.225178E-02
  1.23000  0.222967E-02
  1.24000  0.220377E-02
  1.25000  0.215937E-02
  1.26000  0.213142E-02
  1.27000  0.213790E-02
  1.28000  0.221426E-02
  1.29000  0.233458E-02
  1.30000  0.247624E-02
  1.31000  0.261500E-02
  1.32000  0.269909E-02
  1.33000  0.272431E-02
  1.34000  0.272062E-02
  1.35000  0.270343E-02
  1.36000  0.266373E-02
  1.37000  0.257391E-02
  1.38000  0.240963E-02
  1.39000  0.235609E-02
  1.40000  0.241065E-02
  1.41000  0.246641E-02
  1.42000  0.264885E-02
  1.43000  0.297193E-02
  1.44000  0.333479E-02
  1.45000  0.367431E-02
  1.46000  0.401624E-02
  1.47000  0.436419E-02
  1.48000  0.465448E-02
  1.49000  0.486432E-02
  1.50000  0.500848E-02
  1.51000  0.508783E-02
  1.52000  0.512013E-02
  1.53000  0.509568E-02
  1.54000  0.500258E-02
  1.55000  0.484146E-02
  1.56000  0.458787E-02
  1.57000  0.414557E-02
  1.58000  0.367812E-02
  1.59000  0.351141E-02
  1.60000  0.356492E-02
  1.61000  0.372671E-02
  1.62000  0.391714E-02
  1.63000  0.411470E-02
  1.64000  0.434740E-02
  1.65000  0.453721E-02
  1.66000  0.461456E-02
  1.67000  0.462057E-02
  1.68000  0.455938E-02
  1.69000  0.440125E-02
  1.70000  0.415269E-02
  1.71000  0.388047E-02
  1.72000  0.368421E-02
  1.73000  0.355124E-02
  1.74000  0.344493E-02
  1.75000  0.335230E-02
  1.76000  0.329190E-02
  1.77000  0.327339E-02
  1.78000  0.332748E-02
  1.79000  0.373699E-02
  1.80000  0.455547E-02
  1.81000  0.521191E-02
  1.82000  0.551976E-02
  1.83000  0.572959E-02
  1.84000  0.590164E-02
  1.85000  0.603927E-02
  1.86000  0.618352E-02
  1.87000  0.635582E-02
  1.88000  0.650263E-02
  1.89000  0.656693E-02
  1.90000  0.721133E-02
  1.91000  0.767152E-02
  1.92000  0.810758E-02
  1.93000  0.847025E-02
  1.94000  0.862029E-02
  1.95000  0.857993E-02
  1.96000  0.861853E-02
  1.97000  0.891570E-02
  1.98000  0.947491E-02
  1.99000  0.102661E-01
  2.00000  0.113345E-01
  2.01000  0.127117E-01
  2.02000  0.141521E-01
  2.03000  0.153518E-01
  2.04000  0.162885E-01
  2.05000  0.171636E-01
  2.06000  0.181934E-01
  2.07000  0.195911E-01
  2.08000  0.214552E-01
  2.09000  0.226974E-01
  2.10000  0.229086E-01
  2.11000  0.234220E-01
  2.12000  0.239110E-01
  2.13000  0.243742E-01
  2.14000  0.247238E-01
  2.15000  0.247854E-01
  2.16000  0.246700E-01
  2.17000  0.246875E-01
  2.18000  0.260876E-01
  2.19000  0.289710E-01
  2.20000  0.305345E-01
  2.21000  0.333609E-01
  2.22000  0.368664E-01
  2.23000  0.404356E-01
  2.24000  0.444235E-01
  2.25000  0.490457E-01
  2.26000  0.544833E-01
  2.27000  0.602701E-01
  2.28000  0.664510E-01
  2.29000  0.730402E-01
  2.30000  0.801900E-01
  2.31000  0.879611E-01
  2.32000  0.963523E-01
  2.33000  0.105330E+00
  2.34000  0.114842E+00
  2.35000  0.124843E+00
  2.36000  0.135744E+00
  2.37000  0.146774E+00
  2.38000  0.158391E+00
  2.39000  0.170533E+00
  2.40000  0.182722E+00
  2.41000  0.194590E+00
  2.42000  0.206436E+00
  2.43000  0.218792E+00
  2.44000  0.231659E+00
  2.45000  0.244513E+00
  2.46000  0.260526E+00
  2.47000  0.280331E+00
  2.48000  0.298219E+00
  2.49000  0.312950E+00
  2.50000  0.323495E+00
  2.51000  0.340221E+00
  2.52000  0.356010E+00
  2.53000  0.371733E+00
  2.54000  0.387860E+00
  2.55000  0.404503E+00
  2.56000  0.423188E+00
  2.57000  0.441230E+00
  2.58000  0.461368E+00
  2.59000  0.493735E+00
  2.60000  0.527061E+00
  2.61000  0.560664E+00
  2.62000  0.593814E+00
  2.63000  0.626298E+00
  2.64000  0.658673E+00
  2.65000  0.691084E+00
  2.66000  0.724516E+00
  2.67000  0.751868E+00
  2.68000  0.776675E+00
  2.69000  0.801287E+00
  2.70000  0.826572E+00
  2.71000  0.852305E+00
  2.72000  0.878094E+00
  2.73000  0.903232E+00
  2.74000  0.926819E+00
  2.75000  0.947915E+00
  2.76000  0.968597E+00
  2.77000  0.982180E+00
  2.78000  0.991954E+00
  2.79000  0.997927E+00
  2.80000  0.100000E+01
  2.81000  0.998398E+00
  2.82000  0.993518E+00
  2.83000  0.985931E+00
  2.84000  0.975897E+00
  2.85000  0.963120E+00
  2.86000  0.951215E+00
  2.87000  0.929935E+00
  2.88000  0.903552E+00
  2.89000  0.873096E+00
  2.90000  0.839249E+00
  2.91000  0.802241E+00
  2.92000  0.762627E+00
  2.93000  0.721222E+00
  2.94000  0.678663E+00
  2.95000  0.635473E+00
  2.96000  0.594366E+00
  2.97000  0.551112E+00
  2.98000  0.508632E+00
  2.99000  0.467028E+00
  3.00000  0.426022E+00
  3.01000  0.385501E+00
  3.02000  0.346144E+00
  3.03000  0.308987E+00
  3.04000  0.274532E+00
  3.05000  0.245264E+00
  3.06000  0.218858E+00
  3.07000  0.194175E+00
  3.08000  0.171575E+00
  3.09000  0.151134E+00
  3.10000  0.132951E+00
  3.11000  0.116951E+00
  3.12000  0.102615E+00
  3.13000  0.893900E-01
  3.14000  0.771015E-01
  3.15000  0.658140E-01
  3.16000  0.554498E-01
  3.17000  0.464276E-01
  3.18000  0.385784E-01
  3.19000  0.318444E-01
  3.20000  0.261144E-01
  3.21000  0.212874E-01
  3.22000  0.172797E-01
  3.23000  0.140178E-01
  3.24000  0.114335E-01
  3.25000  0.941351E-02
  3.26000  0.769070E-02
  3.27000  0.631952E-02
  3.28000  0.515602E-02
  3.29000  0.419215E-02
  3.30000  0.339917E-02
  3.31000  0.278077E-02
  3.32000  0.244826E-02
  3.33000  0.215720E-02
  3.34000  0.190690E-02
  3.35000  0.168828E-02
  3.36000  0.145948E-02
  3.37000  0.128438E-02
  3.38000  0.113944E-02
  3.39000  0.102754E-02
  3.40000  0.942629E-03
  3.41000  0.872413E-03
  3.42000  0.804958E-03
  3.43000  0.734936E-03
  3.44000  0.663423E-03
  3.45000  0.593576E-03
  3.46000  0.513736E-03
  3.47000  0.456900E-03
  3.48000  0.406454E-03
  3.49000  0.360067E-03
  3.50000  0.314515E-03
  3.51000  0.266073E-03
  3.52000  0.213031E-03
  3.53000  0.162477E-03
  3.54000  0.124857E-03
  3.55000  0.102829E-03
  3.56000  0.890957E-04
  3.57000  0.839403E-04
  3.58000  0.814111E-04
  3.59000  0.801848E-04
  3.60000  0.794307E-04
  3.61000  0.784250E-04
  3.62000  0.767140E-04
  3.63000  0.740733E-04
  3.64000  0.706042E-04
  3.65000  0.666823E-04
  3.66000  0.607554E-04
  3.67000  0.570931E-04
  3.68000  0.538347E-04
  3.69000  0.509731E-04
  3.70000  0.483558E-04
  3.71000  0.458962E-04
  3.72000  0.435873E-04
  3.73000  0.414771E-04
  3.74000  0.395729E-04
  3.75000  0.377615E-04
  3.76000  0.348538E-04
  3.77000  0.330334E-04
  3.78000  0.311639E-04
  3.79000  0.292831E-04
  3.80000  0.274371E-04
  3.81000  0.256749E-04
  3.82000  0.239899E-04
  3.83000  0.223622E-04
  3.84000  0.207975E-04
  3.85000  0.193068E-04
  3.86000  0.172850E-04
  3.87000  0.159509E-04
  3.88000  0.146510E-04
  3.89000  0.133929E-04
  3.90000  0.121975E-04
  3.91000  0.110866E-04
  3.92000  0.100561E-04
  3.93000  0.910021E-05
  3.94000  0.822684E-05
  3.95000  0.744642E-05
  3.96000  0.645015E-05
  3.97000  0.585049E-05
  3.98000  0.530046E-05
  3.99000  0.478997E-05
  4.00000  0.431434E-05
  4.01000  0.386940E-05
  4.02000  0.345027E-05
  4.03000  0.306376E-05
  4.04000  0.271372E-05
  4.05000  0.240634E-05
  4.06000  0.201205E-05
  4.07000  0.179835E-05
  4.08000  0.161591E-05
  4.09000  0.145468E-05
  4.10000  0.130523E-05
  4.11000  0.116295E-05
  4.12000  0.102801E-05
  4.13000  0.903792E-06
  4.14000  0.792325E-06
  4.15000  0.693920E-06
  4.16000  0.563927E-06
  4.17000  0.492399E-06
  4.18000  0.429243E-06
  4.19000  0.373784E-06
  4.20000  0.325769E-06
  4.21000  0.284595E-06
  4.22000  0.249144E-06
  4.23000  0.218061E-06
  4.24000  0.190482E-06
  4.25000  0.166171E-06
  4.26000  0.133112E-06
  4.27000  0.115905E-06
  4.28000  0.100688E-06
  4.29000  0.872012E-07
  4.30000  0.753526E-07
  4.31000  0.651854E-07
  4.32000  0.566765E-07
  4.33000  0.496593E-07
  4.34000  0.438083E-07
  4.35000  0.387621E-07
  4.36000  0.309578E-07
  4.37000  0.271982E-07
  4.38000  0.237826E-07
  4.39000  0.207164E-07
  4.40000  0.180034E-07
  4.41000  0.156416E-07
  4.42000  0.135938E-07
  4.43000  0.118213E-07
  4.44000  0.102977E-07
  4.45000  0.899739E-08
  4.46000  0.703658E-08
  4.47000  0.618520E-08
  4.48000  0.545957E-08
  4.49000  0.484213E-08
  4.50000  0.430886E-08
  4.51000  0.384189E-08
  4.52000  0.342931E-08
  4.53000  0.306454E-08
  4.54000  0.274277E-08
  4.55000  0.245887E-08
  4.56000  0.194739E-08
  4.57000  0.175121E-08
  4.58000  0.157990E-08
  4.59000  0.143141E-08
  4.60000  0.130263E-08
  4.61000  0.118955E-08
  4.62000  0.108879E-08
  4.63000  0.997566E-09
  4.64000  0.913457E-09
  4.65000  0.835411E-09
  4.66000  0.672365E-09
  4.67000  0.612856E-09
  4.68000  0.558410E-09
  4.69000  0.509065E-09
  4.70000  0.464587E-09
  4.71000  0.424431E-09
  4.72000  0.387951E-09
  4.73000  0.354684E-09
  4.74000  0.324535E-09
  4.75000  0.297319E-09
  4.76000  0.239608E-09
  4.77000  0.220195E-09
  4.78000  0.202707E-09
  4.79000  0.186790E-09
  4.80000  0.172233E-09
  4.81000  0.158816E-09
  4.82000  0.146204E-09
  4.83000  0.134348E-09
  4.84000  0.122997E-09
  4.85000  0.111940E-09
  4.86000  0.896650E-10
  4.87000  0.802522E-10
  4.88000  0.711886E-10
  4.89000  0.225959E-10
  4.90000  0.865856E-11
  4.91000  0.753436E-11
  4.92000  0.651236E-11
  4.93000  0.558230E-11
  4.94000  0.473798E-11
  4.95000  0.398306E-11
  4.96000  0.292971E-11
  4.97000  0.243060E-11
  4.98000  0.201412E-11
  4.99000  0.167408E-11
  5.00000  0.139857E-11
  5.01000  0.117458E-11
  5.02000  0.990547E-12
  5.03000  0.837336E-12
  5.04000  0.707942E-12
  5.05000  0.597875E-12
  5.06000  0.442824E-12
  5.07000  0.373350E-12
  5.08000  0.130806E-12
  5.09000  0.108892E-12
  5.10000  0.907348E-13
  5.11000  0.754804E-13
  5.12000  0.626067E-13
  5.13000  0.516308E-13
  5.14000  0.423977E-13
  5.15000  0.347143E-13
  5.16000  0.233427E-13
  5.17000  0.933759E-15
  5.18000  0.835700E-15
  5.19000  0.757214E-15
  5.20000  0.694470E-15
  5.21000  0.644072E-15
  5.22000  0.602292E-15
  5.23000  0.566541E-15
  5.24000  0.534468E-15
  5.25000  0.504640E-15
  5.26000  0.398127E-15
  5.27000  0.918579E-16
  5.28000  0.867673E-16
  5.29000  0.821811E-16
  5.30000  0.778856E-16
  5.31000  0.736693E-16
  5.32000  0.695302E-16
  5.33000  0.654466E-16
  5.34000  0.614339E-16
  5.35000  0.575559E-16
  5.36000  0.448958E-16
  5.37000  0.418684E-16
  5.38000  0.389322E-16
  5.39000  0.360484E-16
  5.40000  0.332315E-16
  5.41000  0.304885E-16
  5.42000  0.278483E-16
  5.43000  0.826260E-17
  5.44000  0.771113E-17
  5.45000  0.718853E-17
  5.46000  0.311484E-17
  5.47000  0.286786E-17
  5.48000  0.265964E-17
  5.49000  0.248588E-17
  5.50000  0.234099E-17
  5.51000  0.221694E-17
  5.52000  0.210970E-17
  5.53000  0.201304E-17
  5.54000  0.130885E-17
  5.55000  0.120963E-17
  5.56000  0.955547E-18
  5.57000  0.882961E-18
  5.58000  0.816213E-18
  5.59000  0.754857E-18
  5.60000  0.698467E-18
  5.61000  0.646307E-18
  5.62000  0.597900E-18
  5.63000  0.552983E-18
  5.64000  0.233986E-19
  5.65000  0.216987E-19
  5.66000  0.171244E-19
  5.67000  0.158706E-19
  5.68000  0.146986E-19
  5.69000  0.136134E-19
  5.70000  0.126128E-19
  5.71000  0.116912E-19
  5.72000  0.108431E-19
  5.73000  0.100533E-19
  5.74000  0.932202E-20
  5.75000  0.864076E-20
  5.76000  0.229578E-20
  5.77000  0.219648E-20
  5.78000  0.209810E-20
  5.79000  0.200096E-20
  5.80000  0.190773E-20
  5.81000  0.181936E-20
  5.82000  0.173435E-20
  5.83000  0.165173E-20
  5.84000  0.156991E-20
  5.85000  0.148808E-20
  5.86000  0.118134E-20
  5.87000  0.111213E-20
  5.88000  0.104316E-20
  5.89000  0.230837E-21
  5.90000  0.216851E-21
  5.91000  0.203044E-21
  5.92000  0.189523E-21
  5.93000  0.175960E-21
  5.94000  0.162914E-21
  5.95000  0.150361E-21
  5.96000  0.116928E-21
  5.97000  0.107178E-21
  5.98000  0.977382E-22
  5.99000  0.887948E-22
  6.00000  0.805363E-22
  6.20000  0.134846E-23
  6.40000  0.108456E-24
  6.60000  0.420194E-27
  6.80000  0.565295E-28
  7.00000  0.796035E-29
