  0.00000  0.000000E+00
  0.01000  0.000000E+00
  0.02000  0.000000E+00
  0.03000  0.000000E+00
  0.04000  0.000000E+00
  0.05000  0.000000E+00
  0.06000  0.000000E+00
  0.07000  0.000000E+00
  0.08000  0.000000E+00
  0.09000  0.000000E+00
  0.10000  0.000000E+00
  0.11000  0.000000E+00
  0.12000  0.000000E+00
  0.13000  0.000000E+00
  0.14000  0.000000E+00
  0.15000  0.000000E+00
  0.16000  0.000000E+00
  0.17000  0.000000E+00
  0.18000  0.000000E+00
  0.19000  0.000000E+00
  0.20000  0.000000E+00
  0.21000  0.000000E+00
  0.22000  0.000000E+00
  0.23000  0.000000E+00
  0.24000  0.000000E+00
  0.25000  0.000000E+00
  0.26000  0.000000E+00
  0.27000  0.000000E+00
  0.28000  0.000000E+00
  0.29000  0.000000E+00
  0.30000  0.000000E+00
  0.31000  0.000000E+00
  0.32000  0.000000E+00
  0.33000  0.000000E+00
  0.34000  0.000000E+00
  0.35000  0.000000E+00
  0.36000  0.000000E+00
  0.37000  0.000000E+00
  0.38000  0.000000E+00
  0.39000  0.000000E+00
  0.40000  0.000000E+00
  0.41000  0.000000E+00
  0.42000  0.000000E+00
  0.43000  0.000000E+00
  0.44000  0.000000E+00
  0.45000  0.000000E+00
  0.46000  0.000000E+00
  0.47000  0.000000E+00
  0.48000  0.000000E+00
  0.49000  0.000000E+00
  0.50000  0.000000E+00
  0.51000  0.000000E+00
  0.52000  0.000000E+00
  0.53000  0.000000E+00
  0.54000  0.000000E+00
  0.55000  0.000000E+00
  0.56000  0.000000E+00
  0.57000  0.000000E+00
  0.58000  0.000000E+00
  0.59000  0.000000E+00
  0.60000  0.000000E+00
  0.61000  0.000000E+00
  0.62000  0.000000E+00
  0.63000  0.000000E+00
  0.64000  0.000000E+00
  0.65000  0.000000E+00
  0.66000  0.000000E+00
  0.67000  0.000000E+00
  0.68000  0.000000E+00
  0.69000  0.000000E+00
  0.70000  0.000000E+00
  0.71000  0.000000E+00
  0.72000  0.000000E+00
  0.73000  0.000000E+00
  0.74000  0.000000E+00
  0.75000  0.000000E+00
  0.76000  0.000000E+00
  0.77000  0.000000E+00
  0.78000  0.000000E+00
  0.79000  0.000000E+00
  0.80000  0.000000E+00
  0.81000  0.000000E+00
  0.82000  0.000000E+00
  0.83000  0.000000E+00
  0.84000  0.000000E+00
  0.85000  0.000000E+00
  0.86000  0.000000E+00
  0.87000  0.000000E+00
  0.88000  0.000000E+00
  0.89000  0.000000E+00
  0.90000  0.000000E+00
  0.91000  0.000000E+00
  0.92000  0.000000E+00
  0.93000  0.000000E+00
  0.94000  0.000000E+00
  0.95000  0.000000E+00
  0.96000  0.000000E+00
  0.97000  0.000000E+00
  0.98000  0.000000E+00
  0.99000  0.000000E+00
  1.00000  0.000000E+00
  1.01000  0.000000E+00
  1.02000  0.000000E+00
  1.03000  0.000000E+00
  1.04000  0.000000E+00
  1.05000  0.000000E+00
  1.06000  0.000000E+00
  1.07000  0.000000E+00
  1.08000  0.000000E+00
  1.09000  0.000000E+00
  1.10000  0.000000E+00
  1.11000  0.000000E+00
  1.12000  0.000000E+00
  1.13000  0.000000E+00
  1.14000  0.000000E+00
  1.15000  0.000000E+00
  1.16000  0.000000E+00
  1.17000  0.000000E+00
  1.18000  0.000000E+00
  1.19000  0.000000E+00
  1.20000  0.000000E+00
  1.21000  0.000000E+00
  1.22000  0.000000E+00
  1.23000  0.000000E+00
  1.24000  0.000000E+00
  1.25000  0.000000E+00
  1.26000  0.000000E+00
  1.27000  0.000000E+00
  1.28000  0.000000E+00
  1.29000  0.000000E+00
  1.30000  0.000000E+00
  1.31000  0.000000E+00
  1.32000  0.000000E+00
  1.33000  0.000000E+00
  1.34000  0.000000E+00
  1.35000  0.000000E+00
  1.36000  0.000000E+00
  1.37000  0.000000E+00
  1.38000  0.000000E+00
  1.39000  0.000000E+00
  1.40000  0.150476E-06
  1.41000  0.207458E-06
  1.42000  0.262085E-06
  1.43000  0.203723E-02
  1.44000  0.221941E-02
  1.45000  0.100000E+01
  1.46000  0.983278E+00
  1.47000  0.945999E+00
  1.48000  0.894353E+00
  1.49000  0.837685E+00
  1.50000  0.782803E+00
  1.51000  0.731451E+00
  1.52000  0.684616E+00
  1.53000  0.642888E+00
  1.54000  0.603560E+00
  1.55000  0.568745E+00
  1.56000  0.562962E+00
  1.57000  0.481884E+00
  1.58000  0.444131E+00
  1.59000  0.407209E+00
  1.60000  0.371527E+00
  1.61000  0.338242E+00
  1.62000  0.307056E+00
  1.63000  0.275571E+00
  1.64000  0.243188E+00
  1.65000  0.210993E+00
  1.66000  0.180537E+00
  1.67000  0.153523E+00
  1.68000  0.130018E+00
  1.69000  0.109079E+00
  1.70000  0.903557E-01
  1.71000  0.740133E-01
  1.72000  0.602085E-01
  1.73000  0.488809E-01
  1.74000  0.397647E-01
  1.75000  0.344891E-01
  1.76000  0.303136E-01
  1.77000  0.265918E-01
  1.78000  0.255931E-01
  1.79000  0.345365E-01
  1.80000  0.515270E-01
  1.81000  0.582253E-01
  1.82000  0.561250E-01
  1.83000  0.507447E-01
  1.84000  0.432749E-01
  1.85000  0.357595E-01
  1.86000  0.291486E-01
  1.87000  0.235217E-01
  1.88000  0.183343E-01
  1.89000  0.137895E-01
  1.90000  0.103875E-01
  1.91000  0.786696E-02
  1.92000  0.591802E-02
  1.93000  0.443717E-02
  1.94000  0.425116E-02
  1.95000  0.458450E-02
  1.96000  0.489101E-02
  1.97000  0.523784E-02
  1.98000  0.567899E-02
  1.99000  0.624735E-02
  2.00000  0.698349E-02
  2.01000  0.792929E-02
  2.02000  0.908267E-02
  2.03000  0.103155E-01
  2.04000  0.115592E-01
  2.05000  0.128399E-01
  2.06000  0.140560E-01
  2.07000  0.153708E-01
  2.08000  0.165511E-01
  2.09000  0.172034E-01
  2.10000  0.169956E-01
  2.11000  0.160457E-01
  2.12000  0.147966E-01
  2.13000  0.135213E-01
  2.14000  0.122352E-01
  2.15000  0.109846E-01
  2.16000  0.968171E-02
  2.17000  0.864145E-02
  2.18000  0.774270E-02
  2.19000  0.700794E-02
  2.20000  0.639521E-02
  2.21000  0.587809E-02
  2.22000  0.544727E-02
  2.23000  0.509867E-02
  2.24000  0.482845E-02
  2.25000  0.460920E-02
  2.26000  0.428981E-02
  2.27000  0.404489E-02
  2.28000  0.374544E-02
  2.29000  0.340936E-02
  2.30000  0.308163E-02
  2.31000  0.278277E-02
  2.32000  0.251425E-02
  2.33000  0.226718E-02
  2.34000  0.202620E-02
  2.35000  0.178568E-02
  2.36000  0.152111E-02
  2.37000  0.132149E-02
  2.38000  0.114017E-02
  2.39000  0.969745E-03
  2.40000  0.819916E-03
  2.41000  0.698805E-03
  2.42000  0.600559E-03
  2.43000  0.518448E-03
  2.44000  0.450730E-03
  2.45000  0.395641E-03
  2.46000  0.342779E-03
  2.47000  0.309409E-03
  2.48000  0.284966E-03
  2.49000  0.267163E-03
  2.50000  0.252347E-03
  2.51000  0.238657E-03
  2.52000  0.225940E-03
  2.53000  0.212821E-03
  2.54000  0.196851E-03
  2.55000  0.177780E-03
  2.56000  0.153436E-03
  2.57000  0.133069E-03
  2.58000  0.113774E-03
  2.59000  0.965914E-04
  2.60000  0.814826E-04
  2.61000  0.681711E-04
  2.62000  0.564726E-04
  2.63000  0.463805E-04
  2.64000  0.380919E-04
  2.65000  0.315402E-04
  2.66000  0.255067E-04
  2.67000  0.209884E-04
  2.68000  0.170577E-04
  2.69000  0.138262E-04
  2.70000  0.119172E-04
  2.71000  0.108166E-04
  2.72000  0.985484E-05
  2.73000  0.888843E-05
  2.74000  0.763264E-05
  2.75000  0.602653E-05
  2.76000  0.443549E-05
  2.77000  0.338156E-05
  2.78000  0.279753E-05
  2.79000  0.247783E-05
  2.80000  0.227119E-05
  2.81000  0.210958E-05
  2.82000  0.196568E-05
  2.83000  0.182989E-05
  2.84000  0.170127E-05
  2.85000  0.158046E-05
  2.86000  0.144828E-05
  2.87000  0.133590E-05
  2.88000  0.121814E-05
  2.89000  0.108827E-05
  2.90000  0.947292E-06
  2.91000  0.804052E-06
  2.92000  0.668648E-06
  2.93000  0.547044E-06
  2.94000  0.441588E-06
  2.95000  0.352181E-06
  2.96000  0.322961E-06
  2.97000  0.311203E-06
  2.98000  0.294034E-06
  2.99000  0.274364E-06
  3.00000  0.254516E-06
  3.01000  0.235975E-06
  3.02000  0.219065E-06
  3.03000  0.204168E-06
  3.04000  0.191006E-06
  3.05000  0.179212E-06
  3.06000  0.164921E-06
  3.07000  0.155175E-06
  3.08000  0.145816E-06
  3.09000  0.136250E-06
  3.10000  0.125828E-06
  3.11000  0.114298E-06
  3.12000  0.102202E-06
  3.13000  0.901873E-07
  3.14000  0.786826E-07
  3.15000  0.679886E-07
  3.16000  0.571454E-07
  3.17000  0.486664E-07
  3.18000  0.411147E-07
  3.19000  0.393435E-07
  3.20000  0.408421E-07
  3.21000  0.413582E-07
  3.22000  0.406553E-07
  3.23000  0.386763E-07
  3.24000  0.355941E-07
  3.25000  0.317012E-07
  3.26000  0.263380E-07
  3.27000  0.219984E-07
  3.28000  0.179141E-07
  3.29000  0.143596E-07
  3.30000  0.114006E-07
  3.31000  0.900975E-08
  3.32000  0.712972E-08
  3.33000  0.568016E-08
  3.34000  0.455737E-08
  3.35000  0.367779E-08
  3.36000  0.285249E-08
  3.37000  0.232811E-08
  3.38000  0.192452E-08
  3.39000  0.162168E-08
  3.40000  0.139700E-08
  3.41000  0.122846E-08
  3.42000  0.110262E-08
  3.43000  0.101321E-08
  3.44000  0.953940E-09
  3.45000  0.921864E-09
  3.46000  0.870893E-09
  3.47000  0.880653E-09
  3.48000  0.897831E-09
  3.49000  0.910943E-09
  3.50000  0.908154E-09
  3.51000  0.877753E-09
  3.52000  0.812441E-09
  3.53000  0.722974E-09
  3.54000  0.664041E-09
  3.55000  0.590939E-09
  3.56000  0.486661E-09
  3.57000  0.405607E-09
  3.58000  0.327743E-09
  3.59000  0.257422E-09
  3.60000  0.202846E-09
  3.61000  0.159746E-09
  3.62000  0.123386E-09
  3.63000  0.937483E-10
  3.64000  0.703537E-10
  3.65000  0.524212E-10
  3.66000  0.372227E-10
  3.67000  0.277992E-10
  3.68000  0.208952E-10
  3.69000  0.158121E-10
  3.70000  0.120378E-10
  3.71000  0.921542E-11
  3.72000  0.709572E-11
  3.73000  0.550552E-11
  3.74000  0.432097E-11
  3.75000  0.343702E-11
  3.76000  0.318734E-11
  3.77000  0.324514E-11
  3.78000  0.322999E-11
  3.79000  0.313941E-11
  3.80000  0.297089E-11
  3.81000  0.303623E-11
  3.82000  0.330580E-11
  3.83000  0.353553E-11
  3.84000  0.371033E-11
  3.85000  0.382630E-11
  3.86000  0.356274E-11
  3.87000  0.358145E-11
  3.88000  0.381278E-11
  3.89000  0.445735E-11
  3.90000  0.512980E-11
  3.91000  0.581101E-11
  3.92000  0.647638E-11
  3.93000  0.711526E-11
  3.94000  0.771825E-11
  3.95000  0.825956E-11
  3.96000  0.786235E-11
  3.97000  0.808499E-11
  3.98000  0.810137E-11
  3.99000  0.786694E-11
  4.00000  0.737317E-11
  4.01000  0.666207E-11
  4.02000  0.582008E-11
  4.03000  0.495352E-11
  4.04000  0.415070E-11
  4.05000  0.347287E-11
  4.06000  0.250423E-11
  4.07000  0.216127E-11
  4.08000  0.191452E-11
  4.09000  0.173145E-11
  4.10000  0.158920E-11
  4.11000  0.147396E-11
  4.12000  0.138108E-11
  4.13000  0.130602E-11
  4.14000  0.124695E-11
  4.15000  0.119747E-11
  4.16000  0.947483E-12
  4.17000  0.899237E-12
  4.18000  0.834659E-12
  4.19000  0.747000E-12
  4.20000  0.637630E-12
  4.21000  0.517381E-12
  4.22000  0.401127E-12
  4.23000  0.301465E-12
  4.24000  0.224444E-12
  4.25000  0.169146E-12
  4.26000  0.992635E-13
  4.27000  0.773611E-13
  4.28000  0.608853E-13
  4.29000  0.478987E-13
  4.30000  0.371666E-13
  4.31000  0.282248E-13
  4.32000  0.209315E-13
  4.33000  0.151436E-13
  4.34000  0.106537E-13
  4.35000  0.726087E-14
  4.36000  0.344522E-14
  4.37000  0.217657E-14
  4.38000  0.132701E-14
  4.39000  0.775892E-15
  4.40000  0.431899E-15
  4.41000  0.229275E-15
  4.42000  0.134285E-15
  4.43000  0.855243E-16
  4.44000  0.553065E-16
  4.45000  0.368116E-16
  4.46000  0.166038E-16
  4.47000  0.119140E-16
  4.48000  0.896640E-17
  4.49000  0.706245E-17
  4.50000  0.576624E-17
  4.51000  0.482150E-17
  4.52000  0.409007E-17
  4.53000  0.349864E-17
  4.54000  0.300371E-17
  4.55000  0.257689E-17
  4.56000  0.141884E-17
  4.57000  0.120118E-17
  4.58000  0.100605E-17
  4.59000  0.832726E-18
  4.60000  0.681095E-18
  4.61000  0.670949E-18
  4.62000  0.716101E-18
  4.63000  0.751245E-18
  4.64000  0.770348E-18
  4.65000  0.768173E-18
  4.66000  0.461436E-18
  4.67000  0.424431E-18
  4.68000  0.375151E-18
  4.69000  0.318670E-18
  4.70000  0.261800E-18
  4.71000  0.211157E-18
  4.72000  0.168921E-18
  4.73000  0.145465E-18
  4.74000  0.132874E-18
  4.75000  0.121455E-18
  4.76000  0.583262E-19
  4.77000  0.537519E-19
  4.78000  0.497907E-19
  4.79000  0.461537E-19
  4.80000  0.430177E-19
  4.81000  0.402879E-19
  4.82000  0.377730E-19
  4.83000  0.356600E-19
  4.84000  0.339191E-19
  4.85000  0.322210E-19
  4.86000  0.168620E-19
  4.87000  0.160899E-19
  4.88000  0.154137E-19
  4.89000  0.149328E-19
  4.90000  0.147308E-19
  4.91000  0.148241E-19
  4.92000  0.152441E-19
  4.93000  0.159978E-19
  4.94000  0.170301E-19
  4.95000  0.182572E-19
  4.96000  0.111402E-19
  4.97000  0.119555E-19
  4.98000  0.127108E-19
  4.99000  0.132909E-19
  5.00000  0.135891E-19
  5.01000  0.135081E-19
  5.02000  0.130074E-19
  5.03000  0.120904E-19
  5.04000  0.108148E-19
  5.05000  0.928799E-20
  5.06000  0.431463E-20
  5.07000  0.337350E-20
  5.08000  0.252443E-20
  5.09000  0.180908E-20
  5.10000  0.124516E-20
  5.11000  0.826120E-21
  5.12000  0.977989E-21
  5.13000  0.104652E-20
  5.14000  0.998515E-21
  5.15000  0.857484E-21
  5.16000  0.354621E-21
  5.17000  0.255550E-21
  5.18000  0.180530E-21
  5.19000  0.130535E-21
  5.20000  0.995930E-22
  5.21000  0.810887E-22
  5.22000  0.703396E-22
  5.23000  0.640420E-22
  5.24000  0.600787E-22
  5.25000  0.570879E-22
  5.26000  0.267827E-22
  5.27000  0.253973E-22
  5.28000  0.237740E-22
  5.29000  0.218638E-22
  5.30000  0.196672E-22
  5.31000  0.172144E-22
  5.32000  0.145936E-22
  5.33000  0.119699E-22
  5.34000  0.948118E-23
  5.35000  0.726758E-23
  5.36000  0.271070E-23
  5.37000  0.196411E-23
  5.38000  0.139716E-23
  5.39000  0.981574E-24
  5.40000  0.686106E-24
  5.41000  0.479539E-24
  5.42000  0.336824E-24
  5.43000  0.238124E-24
  5.44000  0.170150E-24
  5.45000  0.124178E-24
  5.46000  0.460480E-25
  5.47000  0.360661E-25
  5.48000  0.295099E-25
  5.49000  0.251298E-25
  5.50000  0.219962E-25
  5.51000  0.195275E-25
  5.52000  0.173668E-25
  5.53000  0.153513E-25
  5.54000  0.134460E-25
  5.55000  0.116563E-25
  5.56000  0.504654E-26
  5.57000  0.428465E-26
  5.58000  0.359985E-26
  5.59000  0.298362E-26
  5.60000  0.243594E-26
  5.61000  0.195447E-26
  5.62000  0.154140E-26
  5.63000  0.119046E-26
  5.64000  0.897843E-27
  5.65000  0.659812E-27
  5.66000  0.235214E-27
  5.67000  0.163276E-27
  5.68000  0.111136E-27
  5.69000  0.745015E-28
  5.70000  0.493801E-28
  5.71000  0.326788E-28
  5.72000  0.216061E-28
  5.73000  0.143173E-28
  5.74000  0.950393E-29
  5.75000  0.628418E-29
  5.76000  0.205135E-29
  5.77000  0.134357E-29
  5.78000  0.000000E+00
  5.79000  0.000000E+00
  5.80000  0.000000E+00
  5.81000  0.000000E+00
  5.82000  0.000000E+00
  5.83000  0.000000E+00
  5.84000  0.000000E+00
  5.85000  0.000000E+00
  5.86000  0.000000E+00
  5.87000  0.000000E+00
  5.88000  0.000000E+00
  5.89000  0.000000E+00
  5.90000  0.000000E+00
  5.91000  0.000000E+00
  5.92000  0.000000E+00
  5.93000  0.000000E+00
  5.94000  0.000000E+00
  5.95000  0.000000E+00
  5.96000  0.000000E+00
  5.97000  0.000000E+00
  5.98000  0.000000E+00
  5.99000  0.000000E+00
  6.00000  0.000000E+00
  6.20000  0.000000E+00
  6.40000  0.000000E+00
  6.60000  0.000000E+00
  6.80000  0.000000E+00
  7.00000  0.000000E+00
