  0.00000  0.000000E+00
  0.01000  0.000000E+00
  0.02000  0.428719E-25
  0.03000  0.172060E-24
  0.04000  0.434390E-24
  0.05000  0.200597E-23
  0.06000  0.300889E-21
  0.07000  0.400699E-20
  0.08000  0.214723E-20
  0.09000  0.365700E-21
  0.10000  0.121140E-22
  0.11000  0.542735E-23
  0.12000  0.637785E-23
  0.13000  0.124214E-22
  0.14000  0.511127E-22
  0.15000  0.459481E-21
  0.16000  0.124425E-20
  0.17000  0.140205E-20
  0.18000  0.127561E-20
  0.19000  0.125780E-20
  0.20000  0.262656E-20
  0.21000  0.389573E-20
  0.22000  0.215053E-20
  0.23000  0.196963E-20
  0.24000  0.231084E-20
  0.25000  0.252754E-20
  0.26000  0.171924E-20
  0.27000  0.606312E-21
  0.28000  0.488082E-21
  0.29000  0.255254E-21
  0.30000  0.122835E-21
  0.31000  0.660538E-22
  0.32000  0.287236E-22
  0.33000  0.271302E-22
  0.34000  0.389767E-22
  0.35000  0.302636E-22
  0.36000  0.235687E-22
  0.37000  0.161802E-22
  0.38000  0.121125E-22
  0.39000  0.170521E-22
  0.40000  0.771641E-22
  0.41000  0.192496E-21
  0.42000  0.521678E-21
  0.43000  0.148561E-20
  0.44000  0.182704E-20
  0.45000  0.182292E-20
  0.46000  0.294222E-20
  0.47000  0.396191E-20
  0.48000  0.447000E-20
  0.49000  0.562412E-20
  0.50000  0.269517E-19
  0.51000  0.452365E-18
  0.52000  0.253659E-17
  0.53000  0.865648E-17
  0.54000  0.306737E-16
  0.55000  0.968539E-16
  0.56000  0.245429E-15
  0.57000  0.107465E-14
  0.58000  0.480722E-14
  0.59000  0.148440E-13
  0.60000  0.443301E-13
  0.61000  0.125012E-12
  0.62000  0.375454E-12
  0.63000  0.143965E-11
  0.64000  0.496528E-11
  0.65000  0.131607E-10
  0.66000  0.310697E-10
  0.67000  0.890016E-10
  0.68000  0.325191E-09
  0.69000  0.977822E-09
  0.70000  0.234933E-08
  0.71000  0.501410E-08
  0.72000  0.880654E-08
  0.73000  0.132523E-07
  0.74000  0.225536E-07
  0.75000  0.408276E-07
  0.76000  0.578742E-07
  0.77000  0.600474E-07
  0.78000  0.557172E-07
  0.79000  0.611719E-07
  0.80000  0.826950E-07
  0.81000  0.118128E-06
  0.82000  0.163501E-06
  0.83000  0.213464E-06
  0.84000  0.238847E-06
  0.85000  0.227915E-06
  0.86000  0.210561E-06
  0.87000  0.210653E-06
  0.88000  0.210572E-06
  0.89000  0.199648E-06
  0.90000  0.189792E-06
  0.91000  0.188015E-06
  0.92000  0.175829E-06
  0.93000  0.146671E-06
  0.94000  0.121594E-06
  0.95000  0.106133E-06
  0.96000  0.912810E-07
  0.97000  0.726513E-07
  0.98000  0.559724E-07
  0.99000  0.450691E-07
  1.00000  0.373633E-07
  1.01000  0.302028E-07
  1.02000  0.236473E-07
  1.03000  0.185037E-07
  1.04000  0.141346E-07
  1.05000  0.100020E-07
  1.06000  0.657078E-08
  1.07000  0.426343E-08
  1.08000  0.280991E-08
  1.09000  0.177492E-08
  1.10000  0.333555E-08
  1.11000  0.110732E-07
  1.12000  0.600507E-07
  1.13000  0.263548E-06
  1.14000  0.386636E-06
  1.15000  0.404595E-06
  1.16000  0.498050E-06
  1.17000  0.704827E-06
  1.18000  0.151187E-05
  1.19000  0.464435E-05
  1.20000  0.136608E-04
  1.21000  0.298060E-04
  1.22000  0.508732E-04
  1.23000  0.764440E-04
  1.24000  0.106628E-03
  1.25000  0.139422E-03
  1.26000  0.171764E-03
  1.27000  0.203196E-03
  1.28000  0.270053E-03
  1.29000  0.355205E-03
  1.30000  0.430953E-03
  1.31000  0.538009E-03
  1.32000  0.725896E-03
  1.33000  0.112837E-02
  1.34000  0.178653E-02
  1.35000  0.241878E-02
  1.36000  0.285408E-02
  1.37000  0.332542E-02
  1.38000  0.384039E-02
  1.39000  0.517338E-02
  1.40000  0.606132E-02
  1.41000  0.526102E-02
  1.42000  0.472017E-02
  1.43000  0.519379E-02
  1.44000  0.536091E-02
  1.45000  0.519380E-02
  1.46000  0.497827E-02
  1.47000  0.468596E-02
  1.48000  0.453785E-02
  1.49000  0.449668E-02
  1.50000  0.426587E-02
  1.51000  0.391939E-02
  1.52000  0.484055E-02
  1.53000  0.608355E-02
  1.54000  0.723383E-02
  1.55000  0.823062E-02
  1.56000  0.905942E-02
  1.57000  0.959130E-02
  1.58000  0.959756E-02
  1.59000  0.921134E-02
  1.60000  0.871187E-02
  1.61000  0.834013E-02
  1.62000  0.809821E-02
  1.63000  0.779395E-02
  1.64000  0.732295E-02
  1.65000  0.673349E-02
  1.66000  0.610416E-02
  1.67000  0.794194E-02
  1.68000  0.116382E-01
  1.69000  0.168633E-01
  1.70000  0.243329E-01
  1.71000  0.349658E-01
  1.72000  0.495869E-01
  1.73000  0.686626E-01
  1.74000  0.923787E-01
  1.75000  0.121647E+00
  1.76000  0.159035E+00
  1.77000  0.207488E+00
  1.78000  0.267614E+00
  1.79000  0.338899E+00
  1.80000  0.420936E+00
  1.81000  0.512335E+00
  1.82000  0.613355E+00
  1.83000  0.722368E+00
  1.84000  0.828556E+00
  1.85000  0.915856E+00
  1.86000  0.973394E+00
  1.87000  0.100000E+01
  1.88000  0.997631E+00
  1.89000  0.969788E+00
  1.90000  0.944105E+00
  1.91000  0.973705E+00
  1.92000  0.977243E+00
  1.93000  0.949825E+00
  1.94000  0.883037E+00
  1.95000  0.783294E+00
  1.96000  0.662208E+00
  1.97000  0.542216E+00
  1.98000  0.428377E+00
  1.99000  0.323754E+00
  2.00000  0.232837E+00
  2.01000  0.160992E+00
  2.02000  0.108526E+00
  2.03000  0.706911E-01
  2.04000  0.440611E-01
  2.05000  0.263913E-01
  2.06000  0.148746E-01
  2.07000  0.894363E-02
  2.08000  0.547918E-02
  2.09000  0.328626E-02
  2.10000  0.188566E-02
  2.11000  0.103772E-02
  2.12000  0.560133E-03
  2.13000  0.299347E-03
  2.14000  0.156519E-03
  2.15000  0.801408E-04
  2.16000  0.387154E-04
  2.17000  0.194091E-04
  2.18000  0.956694E-05
  2.19000  0.458351E-05
  2.20000  0.216422E-05
  2.21000  0.110090E-05
  2.22000  0.562398E-06
  2.23000  0.286814E-06
  2.24000  0.144495E-06
  2.25000  0.713652E-07
  2.26000  0.319363E-07
  2.27000  0.151745E-07
  2.28000  0.710904E-08
  2.29000  0.328661E-08
  2.30000  0.149694E-08
  2.31000  0.670067E-09
  2.32000  0.295110E-09
  2.33000  0.127998E-09
  2.34000  0.547170E-10
  2.35000  0.230262E-10
  2.36000  0.873439E-11
  2.37000  0.357407E-11
  2.38000  0.153742E-11
  2.39000  0.779485E-12
  2.40000  0.392797E-12
  2.41000  0.198973E-12
  2.42000  0.101263E-12
  2.43000  0.513528E-13
  2.44000  0.258829E-13
  2.45000  0.130107E-13
  2.46000  0.595668E-14
  2.47000  0.302845E-14
  2.48000  0.157019E-14
  2.49000  0.832075E-15
  2.50000  0.448249E-15
  2.51000  0.245011E-15
  2.52000  0.135951E-15
  2.53000  0.757460E-16
  2.54000  0.416535E-16
  2.55000  0.252112E-16
  2.56000  0.185545E-16
  2.57000  0.228704E-16
  2.58000  0.233801E-16
  2.59000  0.207586E-16
  2.60000  0.163373E-16
  2.61000  0.116548E-16
  2.62000  0.768561E-17
  2.63000  0.476260E-17
  2.64000  0.284775E-17
  2.65000  0.169476E-17
  2.66000  0.823848E-18
  2.67000  0.640087E-18
  2.68000  0.703035E-18
  2.69000  0.770211E-18
  2.70000  0.831668E-18
  2.71000  0.858459E-18
  2.72000  0.818487E-18
  2.73000  0.700217E-18
  2.74000  0.530873E-18
  2.75000  0.360424E-18
  2.76000  0.172566E-18
  2.77000  0.102052E-18
  2.78000  0.599343E-19
  2.79000  0.358485E-19
  2.80000  0.220833E-19
  2.81000  0.139764E-19
  2.82000  0.900225E-20
  2.83000  0.583701E-20
  2.84000  0.371267E-20
  2.85000  0.221293E-20
  2.86000  0.808368E-21
  2.87000  0.366517E-21
  2.88000  0.142134E-21
  2.89000  0.493687E-22
  2.90000  0.164030E-22
  2.91000  0.553066E-23
  2.92000  0.199029E-23
  2.93000  0.796267E-24
  2.94000  0.369018E-24
  2.95000  0.205131E-24
  2.96000  0.100558E-24
  2.97000  0.763878E-25
  2.98000  0.624919E-25
  2.99000  0.533335E-25
  3.00000  0.467407E-25
  3.01000  0.413411E-25
  3.02000  0.350611E-25
  3.03000  0.260212E-25
  3.04000  0.152109E-25
  3.05000  0.642577E-26
  3.06000  0.921099E-27
  3.07000  0.180443E-27
  3.08000  0.309458E-28
  3.09000  0.570041E-29
  3.10000  0.128362E-29
  3.11000  0.000000E+00
  3.12000  0.000000E+00
  3.13000  0.000000E+00
  3.14000  0.000000E+00
  3.15000  0.000000E+00
  3.16000  0.000000E+00
  3.17000  0.000000E+00
  3.18000  0.000000E+00
  3.19000  0.000000E+00
  3.20000  0.000000E+00
  3.21000  0.000000E+00
  3.22000  0.000000E+00
  3.23000  0.000000E+00
  3.24000  0.000000E+00
  3.25000  0.000000E+00
  3.26000  0.000000E+00
  3.27000  0.000000E+00
  3.28000  0.000000E+00
  3.29000  0.000000E+00
  3.30000  0.000000E+00
  3.31000  0.000000E+00
  3.32000  0.000000E+00
  3.33000  0.000000E+00
  3.34000  0.000000E+00
  3.35000  0.000000E+00
  3.36000  0.000000E+00
  3.37000  0.000000E+00
  3.38000  0.000000E+00
  3.39000  0.000000E+00
  3.40000  0.000000E+00
  3.41000  0.000000E+00
  3.42000  0.000000E+00
  3.43000  0.000000E+00
  3.44000  0.000000E+00
  3.45000  0.000000E+00
  3.46000  0.000000E+00
  3.47000  0.000000E+00
  3.48000  0.000000E+00
  3.49000  0.000000E+00
  3.50000  0.000000E+00
  3.51000  0.000000E+00
  3.52000  0.000000E+00
  3.53000  0.000000E+00
  3.54000  0.000000E+00
  3.55000  0.000000E+00
  3.56000  0.000000E+00
  3.57000  0.000000E+00
  3.58000  0.000000E+00
  3.59000  0.000000E+00
  3.60000  0.000000E+00
  3.61000  0.000000E+00
  3.62000  0.000000E+00
  3.63000  0.000000E+00
  3.64000  0.000000E+00
  3.65000  0.000000E+00
  3.66000  0.000000E+00
  3.67000  0.000000E+00
  3.68000  0.000000E+00
  3.69000  0.000000E+00
  3.70000  0.000000E+00
  3.71000  0.000000E+00
  3.72000  0.000000E+00
  3.73000  0.000000E+00
  3.74000  0.000000E+00
  3.75000  0.000000E+00
  3.76000  0.000000E+00
  3.77000  0.000000E+00
  3.78000  0.000000E+00
  3.79000  0.000000E+00
  3.80000  0.000000E+00
  3.81000  0.000000E+00
  3.82000  0.000000E+00
  3.83000  0.000000E+00
  3.84000  0.000000E+00
  3.85000  0.000000E+00
  3.86000  0.000000E+00
  3.87000  0.000000E+00
  3.88000  0.000000E+00
  3.89000  0.000000E+00
  3.90000  0.000000E+00
  3.91000  0.000000E+00
  3.92000  0.000000E+00
  3.93000  0.000000E+00
  3.94000  0.000000E+00
  3.95000  0.000000E+00
  3.96000  0.000000E+00
  3.97000  0.000000E+00
  3.98000  0.000000E+00
  3.99000  0.000000E+00
  4.00000  0.000000E+00
  4.01000  0.000000E+00
  4.02000  0.000000E+00
  4.03000  0.000000E+00
  4.04000  0.000000E+00
  4.05000  0.000000E+00
  4.06000  0.000000E+00
  4.07000  0.000000E+00
  4.08000  0.000000E+00
  4.09000  0.000000E+00
  4.10000  0.000000E+00
  4.11000  0.000000E+00
  4.12000  0.000000E+00
  4.13000  0.000000E+00
  4.14000  0.000000E+00
  4.15000  0.000000E+00
  4.16000  0.000000E+00
  4.17000  0.000000E+00
  4.18000  0.000000E+00
  4.19000  0.000000E+00
  4.20000  0.000000E+00
  4.21000  0.000000E+00
  4.22000  0.000000E+00
  4.23000  0.000000E+00
  4.24000  0.000000E+00
  4.25000  0.000000E+00
  4.26000  0.000000E+00
  4.27000  0.000000E+00
  4.28000  0.000000E+00
  4.29000  0.000000E+00
  4.30000  0.000000E+00
  4.31000  0.000000E+00
  4.32000  0.000000E+00
  4.33000  0.000000E+00
  4.34000  0.000000E+00
  4.35000  0.000000E+00
  4.36000  0.000000E+00
  4.37000  0.000000E+00
  4.38000  0.000000E+00
  4.39000  0.000000E+00
  4.40000  0.000000E+00
  4.41000  0.000000E+00
  4.42000  0.000000E+00
  4.43000  0.000000E+00
  4.44000  0.000000E+00
  4.45000  0.000000E+00
  4.46000  0.000000E+00
  4.47000  0.000000E+00
  4.48000  0.000000E+00
  4.49000  0.000000E+00
  4.50000  0.000000E+00
  4.51000  0.000000E+00
  4.52000  0.000000E+00
  4.53000  0.000000E+00
  4.54000  0.000000E+00
  4.55000  0.000000E+00
  4.56000  0.000000E+00
  4.57000  0.000000E+00
  4.58000  0.000000E+00
  4.59000  0.000000E+00
  4.60000  0.000000E+00
  4.61000  0.000000E+00
  4.62000  0.000000E+00
  4.63000  0.000000E+00
  4.64000  0.000000E+00
  4.65000  0.000000E+00
  4.66000  0.000000E+00
  4.67000  0.000000E+00
  4.68000  0.000000E+00
  4.69000  0.000000E+00
  4.70000  0.000000E+00
  4.71000  0.000000E+00
  4.72000  0.000000E+00
  4.73000  0.000000E+00
  4.74000  0.000000E+00
  4.75000  0.000000E+00
  4.76000  0.000000E+00
  4.77000  0.000000E+00
  4.78000  0.000000E+00
  4.79000  0.000000E+00
  4.80000  0.000000E+00
  4.81000  0.000000E+00
  4.82000  0.000000E+00
  4.83000  0.000000E+00
  4.84000  0.000000E+00
  4.85000  0.000000E+00
  4.86000  0.000000E+00
  4.87000  0.000000E+00
  4.88000  0.000000E+00
  4.89000  0.000000E+00
  4.90000  0.000000E+00
  4.91000  0.000000E+00
  4.92000  0.000000E+00
  4.93000  0.000000E+00
  4.94000  0.000000E+00
  4.95000  0.000000E+00
  4.96000  0.000000E+00
  4.97000  0.000000E+00
  4.98000  0.000000E+00
  4.99000  0.000000E+00
  5.00000  0.000000E+00
  5.01000  0.000000E+00
  5.02000  0.000000E+00
  5.03000  0.000000E+00
  5.04000  0.000000E+00
  5.05000  0.000000E+00
  5.06000  0.000000E+00
  5.07000  0.000000E+00
  5.08000  0.000000E+00
  5.09000  0.000000E+00
  5.10000  0.000000E+00
  5.11000  0.000000E+00
  5.12000  0.000000E+00
  5.13000  0.000000E+00
  5.14000  0.000000E+00
  5.15000  0.000000E+00
  5.16000  0.000000E+00
  5.17000  0.000000E+00
  5.18000  0.000000E+00
  5.19000  0.000000E+00
  5.20000  0.000000E+00
  5.21000  0.000000E+00
  5.22000  0.000000E+00
  5.23000  0.000000E+00
  5.24000  0.000000E+00
  5.25000  0.000000E+00
  5.26000  0.000000E+00
  5.27000  0.000000E+00
  5.28000  0.000000E+00
  5.29000  0.000000E+00
  5.30000  0.000000E+00
  5.31000  0.000000E+00
  5.32000  0.000000E+00
  5.33000  0.000000E+00
  5.34000  0.000000E+00
  5.35000  0.000000E+00
  5.36000  0.000000E+00
  5.37000  0.000000E+00
  5.38000  0.000000E+00
  5.39000  0.000000E+00
  5.40000  0.000000E+00
  5.41000  0.000000E+00
  5.42000  0.000000E+00
  5.43000  0.000000E+00
  5.44000  0.000000E+00
  5.45000  0.000000E+00
  5.46000  0.000000E+00
  5.47000  0.000000E+00
  5.48000  0.000000E+00
  5.49000  0.000000E+00
  5.50000  0.000000E+00
  5.51000  0.000000E+00
  5.52000  0.000000E+00
  5.53000  0.000000E+00
  5.54000  0.000000E+00
  5.55000  0.000000E+00
  5.56000  0.000000E+00
  5.57000  0.000000E+00
  5.58000  0.000000E+00
  5.59000  0.000000E+00
  5.60000  0.000000E+00
  5.61000  0.000000E+00
  5.62000  0.000000E+00
  5.63000  0.000000E+00
  5.64000  0.000000E+00
  5.65000  0.000000E+00
  5.66000  0.000000E+00
  5.67000  0.000000E+00
  5.68000  0.000000E+00
  5.69000  0.000000E+00
  5.70000  0.000000E+00
  5.71000  0.000000E+00
  5.72000  0.000000E+00
  5.73000  0.000000E+00
  5.74000  0.000000E+00
  5.75000  0.000000E+00
  5.76000  0.000000E+00
  5.77000  0.000000E+00
  5.78000  0.000000E+00
  5.79000  0.000000E+00
  5.80000  0.000000E+00
  5.81000  0.000000E+00
  5.82000  0.000000E+00
  5.83000  0.000000E+00
  5.84000  0.000000E+00
  5.85000  0.000000E+00
  5.86000  0.000000E+00
  5.87000  0.000000E+00
  5.88000  0.000000E+00
  5.89000  0.000000E+00
  5.90000  0.000000E+00
  5.91000  0.000000E+00
  5.92000  0.000000E+00
  5.93000  0.000000E+00
  5.94000  0.000000E+00
  5.95000  0.000000E+00
  5.96000  0.000000E+00
  5.97000  0.000000E+00
  5.98000  0.000000E+00
  5.99000  0.000000E+00
  6.00000  0.000000E+00
  6.20000  0.000000E+00
  6.40000  0.000000E+00
  6.60000  0.000000E+00
  6.80000  0.000000E+00
  7.00000  0.000000E+00
