  0.00000  0.000000E+00
  0.01000  0.101286E-02
  0.02000  0.108959E-02
  0.03000  0.115182E-02
  0.04000  0.120915E-02
  0.05000  0.125942E-02
  0.06000  0.129758E-02
  0.07000  0.132625E-02
  0.08000  0.135416E-02
  0.09000  0.138425E-02
  0.10000  0.141809E-02
  0.11000  0.146078E-02
  0.12000  0.151461E-02
  0.13000  0.158377E-02
  0.14000  0.167080E-02
  0.15000  0.177273E-02
  0.16000  0.188742E-02
  0.17000  0.201537E-02
  0.18000  0.213368E-02
  0.19000  0.222894E-02
  0.20000  0.232045E-02
  0.21000  0.240632E-02
  0.22000  0.249298E-02
  0.23000  0.260183E-02
  0.24000  0.269656E-02
  0.25000  0.277855E-02
  0.26000  0.284266E-02
  0.27000  0.289764E-02
  0.28000  0.294092E-02
  0.29000  0.298010E-02
  0.30000  0.301455E-02
  0.31000  0.306686E-02
  0.32000  0.311583E-02
  0.33000  0.315943E-02
  0.34000  0.321026E-02
  0.35000  0.327618E-02
  0.36000  0.335955E-02
  0.37000  0.346166E-02
  0.38000  0.360373E-02
  0.39000  0.376067E-02
  0.40000  0.393709E-02
  0.41000  0.414388E-02
  0.42000  0.436918E-02
  0.43000  0.461416E-02
  0.44000  0.489895E-02
  0.45000  0.523671E-02
  0.46000  0.561944E-02
  0.47000  0.605145E-02
  0.48000  0.651784E-02
  0.49000  0.701405E-02
  0.50000  0.755355E-02
  0.51000  0.813438E-02
  0.52000  0.875504E-02
  0.53000  0.940803E-02
  0.54000  0.100820E-01
  0.55000  0.107800E-01
  0.56000  0.114913E-01
  0.57000  0.122248E-01
  0.58000  0.129961E-01
  0.59000  0.137940E-01
  0.60000  0.146121E-01
  0.61000  0.154667E-01
  0.62000  0.163686E-01
  0.63000  0.173110E-01
  0.64000  0.182854E-01
  0.65000  0.192854E-01
  0.66000  0.203057E-01
  0.67000  0.213487E-01
  0.68000  0.224193E-01
  0.69000  0.235151E-01
  0.70000  0.246733E-01
  0.71000  0.262645E-01
  0.72000  0.280032E-01
  0.73000  0.298830E-01
  0.74000  0.319739E-01
  0.75000  0.343163E-01
  0.76000  0.369386E-01
  0.77000  0.399861E-01
  0.78000  0.434177E-01
  0.79000  0.472133E-01
  0.80000  0.513802E-01
  0.81000  0.558874E-01
  0.82000  0.607300E-01
  0.83000  0.659122E-01
  0.84000  0.713894E-01
  0.85000  0.771635E-01
  0.86000  0.832888E-01
  0.87000  0.898862E-01
  0.88000  0.970872E-01
  0.89000  0.104932E+00
  0.90000  0.113337E+00
  0.91000  0.122139E+00
  0.92000  0.131182E+00
  0.93000  0.140409E+00
  0.94000  0.149846E+00
  0.95000  0.159588E+00
  0.96000  0.169644E+00
  0.97000  0.179837E+00
  0.98000  0.190026E+00
  0.99000  0.200319E+00
  1.00000  0.210848E+00
  1.01000  0.221518E+00
  1.02000  0.232160E+00
  1.03000  0.242612E+00
  1.04000  0.253104E+00
  1.05000  0.263878E+00
  1.06000  0.274661E+00
  1.07000  0.284978E+00
  1.08000  0.295019E+00
  1.09000  0.305149E+00
  1.10000  0.315074E+00
  1.11000  0.324857E+00
  1.12000  0.334656E+00
  1.13000  0.344180E+00
  1.14000  0.353511E+00
  1.15000  0.363213E+00
  1.16000  0.373144E+00
  1.17000  0.383379E+00
  1.18000  0.394199E+00
  1.19000  0.405546E+00
  1.20000  0.416748E+00
  1.21000  0.427169E+00
  1.22000  0.437479E+00
  1.23000  0.448288E+00
  1.24000  0.459239E+00
  1.25000  0.470293E+00
  1.26000  0.481470E+00
  1.27000  0.492670E+00
  1.28000  0.503558E+00
  1.29000  0.513864E+00
  1.30000  0.523312E+00
  1.31000  0.532205E+00
  1.32000  0.539283E+00
  1.33000  0.544131E+00
  1.34000  0.547613E+00
  1.35000  0.550713E+00
  1.36000  0.553916E+00
  1.37000  0.558509E+00
  1.38000  0.562499E+00
  1.39000  0.566407E+00
  1.40000  0.572395E+00
  1.41000  0.582969E+00
  1.42000  0.595501E+00
  1.43000  0.604929E+00
  1.44000  0.610494E+00
  1.45000  0.613534E+00
  1.46000  0.614568E+00
  1.47000  0.613828E+00
  1.48000  0.612597E+00
  1.49000  0.610379E+00
  1.50000  0.606199E+00
  1.51000  0.600929E+00
  1.52000  0.594994E+00
  1.53000  0.588168E+00
  1.54000  0.579952E+00
  1.55000  0.570201E+00
  1.56000  0.559947E+00
  1.57000  0.551099E+00
  1.58000  0.542697E+00
  1.59000  0.533155E+00
  1.60000  0.523511E+00
  1.61000  0.513871E+00
  1.62000  0.504218E+00
  1.63000  0.495901E+00
  1.64000  0.489494E+00
  1.65000  0.483318E+00
  1.66000  0.476898E+00
  1.67000  0.471642E+00
  1.68000  0.467688E+00
  1.69000  0.464459E+00
  1.70000  0.463307E+00
  1.71000  0.464191E+00
  1.72000  0.463820E+00
  1.73000  0.459387E+00
  1.74000  0.450584E+00
  1.75000  0.439321E+00
  1.76000  0.428042E+00
  1.77000  0.417560E+00
  1.78000  0.407250E+00
  1.79000  0.396653E+00
  1.80000  0.386033E+00
  1.81000  0.375551E+00
  1.82000  0.366054E+00
  1.83000  0.357696E+00
  1.84000  0.350170E+00
  1.85000  0.343477E+00
  1.86000  0.337690E+00
  1.87000  0.332006E+00
  1.88000  0.325222E+00
  1.89000  0.317270E+00
  1.90000  0.308749E+00
  1.91000  0.300515E+00
  1.92000  0.302672E+00
  1.93000  0.308012E+00
  1.94000  0.313076E+00
  1.95000  0.317817E+00
  1.96000  0.321991E+00
  1.97000  0.325456E+00
  1.98000  0.328300E+00
  1.99000  0.330589E+00
  2.00000  0.334538E+00
  2.01000  0.345407E+00
  2.02000  0.355860E+00
  2.03000  0.365289E+00
  2.04000  0.373534E+00
  2.05000  0.380888E+00
  2.06000  0.387553E+00
  2.07000  0.393582E+00
  2.08000  0.399054E+00
  2.09000  0.404071E+00
  2.10000  0.408632E+00
  2.11000  0.412604E+00
  2.12000  0.415742E+00
  2.13000  0.417795E+00
  2.14000  0.418599E+00
  2.15000  0.423309E+00
  2.16000  0.433693E+00
  2.17000  0.443355E+00
  2.18000  0.452132E+00
  2.19000  0.461636E+00
  2.20000  0.469862E+00
  2.21000  0.476289E+00
  2.22000  0.480925E+00
  2.23000  0.483863E+00
  2.24000  0.485266E+00
  2.25000  0.485308E+00
  2.26000  0.483918E+00
  2.27000  0.480807E+00
  2.28000  0.482558E+00
  2.29000  0.492247E+00
  2.30000  0.500244E+00
  2.31000  0.506355E+00
  2.32000  0.510562E+00
  2.33000  0.515773E+00
  2.34000  0.520601E+00
  2.35000  0.524693E+00
  2.36000  0.528248E+00
  2.37000  0.531343E+00
  2.38000  0.533956E+00
  2.39000  0.536000E+00
  2.40000  0.537429E+00
  2.41000  0.538343E+00
  2.42000  0.538950E+00
  2.43000  0.539410E+00
  2.44000  0.539640E+00
  2.45000  0.539527E+00
  2.46000  0.539277E+00
  2.47000  0.542854E+00
  2.48000  0.548793E+00
  2.49000  0.555450E+00
  2.50000  0.563073E+00
  2.51000  0.571593E+00
  2.52000  0.580439E+00
  2.53000  0.588793E+00
  2.54000  0.596109E+00
  2.55000  0.602301E+00
  2.56000  0.607547E+00
  2.57000  0.612073E+00
  2.58000  0.616078E+00
  2.59000  0.619741E+00
  2.60000  0.623164E+00
  2.61000  0.626310E+00
  2.62000  0.629046E+00
  2.63000  0.631273E+00
  2.64000  0.632981E+00
  2.65000  0.634255E+00
  2.66000  0.635214E+00
  2.67000  0.635988E+00
  2.68000  0.636637E+00
  2.69000  0.637120E+00
  2.70000  0.637352E+00
  2.71000  0.640779E+00
  2.72000  0.648140E+00
  2.73000  0.655328E+00
  2.74000  0.662344E+00
  2.75000  0.669220E+00
  2.76000  0.676020E+00
  2.77000  0.682823E+00
  2.78000  0.689665E+00
  2.79000  0.696507E+00
  2.80000  0.703262E+00
  2.81000  0.709829E+00
  2.82000  0.716200E+00
  2.83000  0.722363E+00
  2.84000  0.728305E+00
  2.85000  0.734022E+00
  2.86000  0.739484E+00
  2.87000  0.744712E+00
  2.88000  0.749782E+00
  2.89000  0.754750E+00
  2.90000  0.759639E+00
  2.91000  0.764353E+00
  2.92000  0.768773E+00
  2.93000  0.772827E+00
  2.94000  0.776486E+00
  2.95000  0.779757E+00
  2.96000  0.782645E+00
  2.97000  0.785130E+00
  2.98000  0.787224E+00
  2.99000  0.788996E+00
  3.00000  0.790532E+00
  3.01000  0.791898E+00
  3.02000  0.793104E+00
  3.03000  0.794162E+00
  3.04000  0.795040E+00
  3.05000  0.795692E+00
  3.06000  0.796101E+00
  3.07000  0.796337E+00
  3.08000  0.796487E+00
  3.09000  0.796579E+00
  3.10000  0.796478E+00
  3.11000  0.833530E+00
  3.12000  0.834408E+00
  3.13000  0.834179E+00
  3.14000  0.833217E+00
  3.15000  0.831661E+00
  3.16000  0.829565E+00
  3.17000  0.826949E+00
  3.18000  0.823909E+00
  3.19000  0.820546E+00
  3.20000  0.817035E+00
  3.21000  0.813657E+00
  3.22000  0.810554E+00
  3.23000  0.807703E+00
  3.24000  0.804912E+00
  3.25000  0.801985E+00
  3.26000  0.798803E+00
  3.27000  0.795227E+00
  3.28000  0.791187E+00
  3.29000  0.786841E+00
  3.30000  0.782403E+00
  3.31000  0.778083E+00
  3.32000  0.773938E+00
  3.33000  0.769886E+00
  3.34000  0.765869E+00
  3.35000  0.761991E+00
  3.36000  0.758338E+00
  3.37000  0.754802E+00
  3.38000  0.751194E+00
  3.39000  0.747358E+00
  3.40000  0.743292E+00
  3.41000  0.739108E+00
  3.42000  0.734934E+00
  3.43000  0.730846E+00
  3.44000  0.726787E+00
  3.45000  0.722667E+00
  3.46000  0.718415E+00
  3.47000  0.714030E+00
  3.48000  0.710877E+00
  3.49000  0.713124E+00
  3.50000  0.715378E+00
  3.51000  0.717601E+00
  3.52000  0.719817E+00
  3.53000  0.722085E+00
  3.54000  0.724450E+00
  3.55000  0.726936E+00
  3.56000  0.729597E+00
  3.57000  0.732496E+00
  3.58000  0.735575E+00
  3.59000  0.738647E+00
  3.60000  0.741454E+00
  3.61000  0.743886E+00
  3.62000  0.745999E+00
  3.63000  0.827750E+00
  3.64000  0.932416E+00
  3.65000  0.100000E+01
  3.66000  0.752097E+00
  3.67000  0.753148E+00
  3.68000  0.754103E+00
  3.69000  0.754949E+00
  3.70000  0.755678E+00
  3.71000  0.756345E+00
  3.72000  0.757000E+00
  3.73000  0.757639E+00
  3.74000  0.758193E+00
  3.75000  0.758591E+00
  3.76000  0.758870E+00
  3.77000  0.759212E+00
  3.78000  0.759839E+00
  3.79000  0.760879E+00
  3.80000  0.762371E+00
  3.81000  0.764274E+00
  3.82000  0.766492E+00
  3.83000  0.768925E+00
  3.84000  0.771391E+00
  3.85000  0.773624E+00
  3.86000  0.775351E+00
  3.87000  0.776413E+00
  3.88000  0.776819E+00
  3.89000  0.498748E+00
  3.90000  0.495795E+00
  3.91000  0.492767E+00
  3.92000  0.489695E+00
  3.93000  0.486604E+00
  3.94000  0.483488E+00
  3.95000  0.480973E+00
  3.96000  0.482558E+00
  3.97000  0.483910E+00
  3.98000  0.484959E+00
  3.99000  0.352263E+00
  4.00000  0.349312E+00
  4.01000  0.346114E+00
  4.02000  0.342848E+00
  4.03000  0.339691E+00
  4.04000  0.336692E+00
  4.05000  0.333786E+00
  4.06000  0.330868E+00
  4.07000  0.310011E+00
  4.08000  0.152437E+00
  4.09000  0.149241E+00
  4.10000  0.140974E+00
  4.11000  0.139526E+00
  4.12000  0.138019E+00
  4.13000  0.136540E+00
  4.14000  0.245130E-01
  4.15000  0.244854E-01
  4.16000  0.244572E-01
  4.17000  0.244034E-01
  4.18000  0.243120E-01
  4.19000  0.241863E-01
  4.20000  0.240523E-01
  4.21000  0.239150E-01
  4.22000  0.237869E-01
  4.23000  0.236493E-01
  4.24000  0.235018E-01
  4.25000  0.233360E-01
  4.26000  0.231654E-01
  4.27000  0.184017E-01
  4.28000  0.181940E-01
  4.29000  0.179816E-01
  4.30000  0.177734E-01
  4.31000  0.163526E-01
  4.32000  0.164282E-01
  4.33000  0.117451E-01
  4.34000  0.115358E-01
  4.35000  0.113090E-01
  4.36000  0.110609E-01
  4.37000  0.107983E-01
  4.38000  0.918879E-02
  4.39000  0.488287E-02
  4.40000  0.485173E-02
  4.41000  0.481870E-02
  4.42000  0.478455E-02
  4.43000  0.474965E-02
  4.44000  0.384648E-02
  4.45000  0.373122E-02
  4.46000  0.361914E-02
  4.47000  0.353207E-02
  4.48000  0.352084E-02
  4.49000  0.277215E-02
  4.50000  0.194602E-02
  4.51000  0.191816E-02
  4.52000  0.188767E-02
  4.53000  0.185414E-02
  4.54000  0.181774E-02
  4.55000  0.893380E-03
  4.56000  0.866306E-03
  4.57000  0.840207E-03
  4.58000  0.815367E-03
  4.59000  0.791691E-03
  4.60000  0.769189E-03
  4.61000  0.748261E-03
  4.62000  0.729448E-03
  4.63000  0.183251E-03
  4.64000  0.176956E-03
  4.65000  0.170938E-03
  4.66000  0.164889E-03
  4.67000  0.158681E-03
  4.68000  0.152317E-03
  4.69000  0.145834E-03
  4.70000  0.139350E-03
  4.71000  0.132917E-03
  4.72000  0.121317E-03
  4.73000  0.117053E-03
  4.74000  0.112887E-03
  4.75000  0.108828E-03
  4.76000  0.104852E-03
  4.77000  0.100933E-03
  4.78000  0.970752E-04
  4.79000  0.933354E-04
  4.80000  0.897777E-04
  4.81000  0.864465E-04
  4.82000  0.501608E-04
  4.83000  0.483955E-04
  4.84000  0.466504E-04
  4.85000  0.448869E-04
  4.86000  0.431120E-04
  4.87000  0.413604E-04
  4.88000  0.396633E-04
  4.89000  0.380269E-04
  4.90000  0.364529E-04
  4.91000  0.349452E-04
  4.92000  0.203687E-04
  4.93000  0.195904E-04
  4.94000  0.188366E-04
  4.95000  0.180853E-04
  4.96000  0.173127E-04
  4.97000  0.165119E-04
  4.98000  0.156993E-04
  4.99000  0.149087E-04
  5.00000  0.141767E-04
  5.01000  0.135295E-04
  5.02000  0.129732E-04
  5.03000  0.124993E-04
  5.04000  0.302738E-05
  5.05000  0.288277E-05
  5.06000  0.274467E-05
  5.07000  0.261290E-05
  5.08000  0.248855E-05
  5.09000  0.237087E-05
  5.10000  0.225921E-05
  5.11000  0.215286E-05
  5.12000  0.205141E-05
  5.13000  0.195555E-05
  5.14000  0.186555E-05
  5.15000  0.178153E-05
  5.16000  0.170335E-05
  5.17000  0.163054E-05
  5.18000  0.156265E-05
  5.19000  0.149921E-05
  5.20000  0.143965E-05
  5.21000  0.138355E-05
  5.22000  0.133049E-05
  5.23000  0.128015E-05
  5.24000  0.123223E-05
  5.25000  0.118622E-05
  5.26000  0.114176E-05
  5.27000  0.109862E-05
  5.28000  0.105655E-05
  5.29000  0.101553E-05
  5.30000  0.975574E-06
  5.31000  0.936812E-06
  5.32000  0.899427E-06
  5.33000  0.863635E-06
  5.34000  0.829501E-06
  5.35000  0.797073E-06
  5.36000  0.766276E-06
  5.37000  0.736879E-06
  5.38000  0.708622E-06
  5.39000  0.681277E-06
  5.40000  0.654674E-06
  5.41000  0.628703E-06
  5.42000  0.603404E-06
  5.43000  0.578764E-06
  5.44000  0.554892E-06
  5.45000  0.531786E-06
  5.46000  0.509464E-06
  5.47000  0.487900E-06
  5.48000  0.467092E-06
  5.49000  0.447016E-06
  5.50000  0.427623E-06
  5.51000  0.408914E-06
  5.52000  0.390854E-06
  5.53000  0.313429E-06
  5.54000  0.300806E-06
  5.55000  0.288643E-06
  5.56000  0.276977E-06
  5.57000  0.265856E-06
  5.58000  0.255323E-06
  5.59000  0.245390E-06
  5.60000  0.236032E-06
  5.61000  0.227191E-06
  5.62000  0.218848E-06
  5.63000  0.210876E-06
  5.64000  0.203284E-06
  5.65000  0.196015E-06
  5.66000  0.189031E-06
  5.67000  0.182319E-06
  5.68000  0.175841E-06
  5.69000  0.169561E-06
  5.70000  0.163501E-06
  5.71000  0.157629E-06
  5.72000  0.151971E-06
  5.73000  0.146548E-06
  5.74000  0.141355E-06
  5.75000  0.124833E-06
  5.76000  0.120944E-06
  5.77000  0.117262E-06
  5.78000  0.113801E-06
  5.79000  0.110537E-06
  5.80000  0.107455E-06
  5.81000  0.104545E-06
  5.82000  0.428961E-07
  5.83000  0.418093E-07
  5.84000  0.407629E-07
  5.85000  0.397505E-07
  5.86000  0.387701E-07
  5.87000  0.378224E-07
  5.88000  0.369092E-07
  5.89000  0.360348E-07
  5.90000  0.352022E-07
  5.91000  0.344129E-07
  5.92000  0.336677E-07
  5.93000  0.329655E-07
  5.94000  0.323052E-07
  5.95000  0.316855E-07
  5.96000  0.311046E-07
  5.97000  0.305600E-07
  5.98000  0.300490E-07
  5.99000  0.295690E-07
  6.00000  0.291193E-07
  6.20000  0.240877E-07
  6.40000  0.193305E-07
  6.60000  0.153985E-07
  6.80000  0.139402E-08
  7.00000  0.112431E-08
