  0.00000  0.000000E+00
  0.01000  0.000000E+00
  0.02000  0.000000E+00
  0.03000  0.000000E+00
  0.04000  0.000000E+00
  0.05000  0.000000E+00
  0.06000  0.000000E+00
  0.07000  0.000000E+00
  0.08000  0.000000E+00
  0.09000  0.000000E+00
  0.10000  0.000000E+00
  0.11000  0.000000E+00
  0.12000  0.000000E+00
  0.13000  0.000000E+00
  0.14000  0.000000E+00
  0.15000  0.000000E+00
  0.16000  0.000000E+00
  0.17000  0.000000E+00
  0.18000  0.000000E+00
  0.19000  0.000000E+00
  0.20000  0.000000E+00
  0.21000  0.000000E+00
  0.22000  0.000000E+00
  0.23000  0.000000E+00
  0.24000  0.000000E+00
  0.25000  0.000000E+00
  0.26000  0.000000E+00
  0.27000  0.000000E+00
  0.28000  0.000000E+00
  0.29000  0.000000E+00
  0.30000  0.000000E+00
  0.31000  0.000000E+00
  0.32000  0.000000E+00
  0.33000  0.000000E+00
  0.34000  0.000000E+00
  0.35000  0.000000E+00
  0.36000  0.000000E+00
  0.37000  0.000000E+00
  0.38000  0.000000E+00
  0.39000  0.000000E+00
  0.40000  0.000000E+00
  0.41000  0.000000E+00
  0.42000  0.000000E+00
  0.43000  0.000000E+00
  0.44000  0.000000E+00
  0.45000  0.000000E+00
  0.46000  0.000000E+00
  0.47000  0.000000E+00
  0.48000  0.000000E+00
  0.49000  0.000000E+00
  0.50000  0.000000E+00
  0.51000  0.000000E+00
  0.52000  0.000000E+00
  0.53000  0.000000E+00
  0.54000  0.000000E+00
  0.55000  0.000000E+00
  0.56000  0.000000E+00
  0.57000  0.000000E+00
  0.58000  0.429647E-29
  0.59000  0.263855E-29
  0.60000  0.000000E+00
  0.61000  0.000000E+00
  0.62000  0.220787E-29
  0.63000  0.425032E-28
  0.64000  0.810462E-27
  0.65000  0.759844E-26
  0.66000  0.244605E-25
  0.67000  0.739336E-25
  0.68000  0.120781E-24
  0.69000  0.241836E-25
  0.70000  0.206178E-26
  0.71000  0.259586E-27
  0.72000  0.772203E-28
  0.73000  0.521777E-28
  0.74000  0.248389E-27
  0.75000  0.901479E-26
  0.76000  0.791735E-24
  0.77000  0.119911E-21
  0.78000  0.156650E-19
  0.79000  0.633093E-18
  0.80000  0.737393E-17
  0.81000  0.264191E-16
  0.82000  0.261315E-16
  0.83000  0.762833E-17
  0.84000  0.843644E-18
  0.85000  0.699263E-19
  0.86000  0.101549E-19
  0.87000  0.345278E-20
  0.88000  0.234942E-20
  0.89000  0.364334E-20
  0.90000  0.162506E-19
  0.91000  0.197238E-18
  0.92000  0.360944E-17
  0.93000  0.475680E-16
  0.94000  0.310817E-15
  0.95000  0.102851E-14
  0.96000  0.193650E-14
  0.97000  0.220407E-14
  0.98000  0.196875E-14
  0.99000  0.202038E-14
  1.00000  0.281635E-14
  1.01000  0.423672E-14
  1.02000  0.384146E-14
  1.03000  0.177225E-14
  1.04000  0.589333E-15
  1.05000  0.187090E-15
  1.06000  0.542990E-16
  1.07000  0.123088E-16
  1.08000  0.170593E-17
  1.09000  0.109284E-18
  1.10000  0.316364E-20
  1.11000  0.972207E-21
  1.12000  0.176574E-20
  1.13000  0.403979E-20
  1.14000  0.102755E-19
  1.15000  0.248929E-19
  1.16000  0.670169E-19
  1.17000  0.233580E-18
  1.18000  0.723409E-18
  1.19000  0.654299E-17
  1.20000  0.443756E-16
  1.21000  0.139144E-15
  1.22000  0.315016E-15
  1.23000  0.625760E-15
  1.24000  0.978206E-15
  1.25000  0.683248E-15
  1.26000  0.287854E-15
  1.27000  0.673081E-15
  1.28000  0.161514E-14
  1.29000  0.455861E-14
  1.30000  0.153664E-13
  1.31000  0.540241E-13
  1.32000  0.168393E-12
  1.33000  0.756023E-12
  1.34000  0.344411E-10
  1.35000  0.151778E-08
  1.36000  0.179610E-07
  1.37000  0.848608E-07
  1.38000  0.259722E-06
  1.39000  0.626286E-06
  1.40000  0.103369E-05
  1.41000  0.138616E-05
  1.42000  0.177307E-05
  1.43000  0.188262E-05
  1.44000  0.215336E-05
  1.45000  0.316394E-05
  1.46000  0.529197E-05
  1.47000  0.835309E-05
  1.48000  0.115932E-04
  1.49000  0.158358E-04
  1.50000  0.211725E-04
  1.51000  0.240967E-04
  1.52000  0.212704E-04
  1.53000  0.160812E-04
  1.54000  0.120111E-04
  1.55000  0.867260E-05
  1.56000  0.576813E-05
  1.57000  0.367530E-05
  1.58000  0.236106E-05
  1.59000  0.174055E-05
  1.60000  0.259470E-05
  1.61000  0.176753E-04
  1.62000  0.980805E-04
  1.63000  0.377103E-03
  1.64000  0.102091E-02
  1.65000  0.218996E-02
  1.66000  0.383975E-02
  1.67000  0.505261E-02
  1.68000  0.436996E-02
  1.69000  0.258152E-02
  1.70000  0.125115E-02
  1.71000  0.548971E-03
  1.72000  0.232031E-03
  1.73000  0.108864E-03
  1.74000  0.649293E-04
  1.75000  0.511073E-04
  1.76000  0.496008E-04
  1.77000  0.562789E-04
  1.78000  0.700843E-04
  1.79000  0.964444E-04
  1.80000  0.151516E-03
  1.81000  0.278142E-03
  1.82000  0.554176E-03
  1.83000  0.103377E-02
  1.84000  0.175487E-02
  1.85000  0.295115E-02
  1.86000  0.503427E-02
  1.87000  0.105724E-01
  1.88000  0.204145E-01
  1.89000  0.339887E-01
  1.90000  0.528495E-01
  1.91000  0.841876E-01
  1.92000  0.141373E+00
  1.93000  0.243266E+00
  1.94000  0.413530E+00
  1.95000  0.669526E+00
  1.96000  0.797447E+00
  1.97000  0.993416E+00
  1.98000  0.100000E+01
  1.99000  0.810587E+00
  2.00000  0.530796E+00
  2.01000  0.273035E+00
  2.02000  0.101005E+00
  2.03000  0.232841E-01
  2.04000  0.290494E-02
  2.05000  0.189333E-03
  2.06000  0.497610E-05
  2.07000  0.140788E-06
  2.08000  0.373436E-08
  2.09000  0.108684E-09
  2.10000  0.976564E-11
  2.11000  0.570965E-11
  2.12000  0.346475E-11
  2.13000  0.187854E-11
  2.14000  0.949225E-12
  2.15000  0.473730E-12
  2.16000  0.129363E-12
  2.17000  0.526518E-13
  2.18000  0.197785E-13
  2.19000  0.638650E-14
  2.20000  0.183812E-14
  2.21000  0.116122E-14
  2.22000  0.536647E-14
  2.23000  0.318748E-13
  2.24000  0.111222E-12
  2.25000  0.222443E-12
  2.26000  0.134441E-12
  2.27000  0.936081E-13
  2.28000  0.388553E-13
  2.29000  0.914194E-14
  2.30000  0.114449E-14
  2.31000  0.965742E-16
  2.32000  0.124487E-16
  2.33000  0.145620E-17
  2.34000  0.176285E-18
  2.35000  0.227615E-19
  2.36000  0.155890E-20
  2.37000  0.503252E-21
  2.38000  0.273076E-21
  2.39000  0.136727E-21
  2.40000  0.664488E-22
  2.41000  0.309436E-22
  2.42000  0.129944E-22
  2.43000  0.531315E-23
  2.44000  0.158337E-23
  2.45000  0.363967E-24
  2.46000  0.543729E-24
  2.47000  0.196051E-23
  2.48000  0.720742E-23
  2.49000  0.242778E-22
  2.50000  0.703178E-22
  2.51000  0.168375E-21
  2.52000  0.326047E-21
  2.53000  0.498392E-21
  2.54000  0.592555E-21
  2.55000  0.544532E-21
  2.56000  0.179428E-21
  2.57000  0.121528E-21
  2.58000  0.853444E-22
  2.59000  0.654775E-22
  2.60000  0.566285E-22
  2.61000  0.578907E-22
  2.62000  0.685514E-22
  2.63000  0.867903E-22
  2.64000  0.109339E-21
  2.65000  0.193421E-21
  2.66000  0.136121E-21
  2.67000  0.257704E-21
  2.68000  0.501247E-21
  2.69000  0.953018E-21
  2.70000  0.157890E-20
  2.71000  0.191589E-20
  2.72000  0.144786E-20
  2.73000  0.588133E-21
  2.74000  0.120047E-21
  2.75000  0.121841E-22
  2.76000  0.102865E-24
  2.77000  0.244636E-26
  2.78000  0.314574E-28
  2.79000  0.000000E+00
  2.80000  0.000000E+00
  2.81000  0.000000E+00
  2.82000  0.000000E+00
  2.83000  0.000000E+00
  2.84000  0.000000E+00
  2.85000  0.000000E+00
  2.86000  0.000000E+00
  2.87000  0.000000E+00
  2.88000  0.000000E+00
  2.89000  0.000000E+00
  2.90000  0.000000E+00
  2.91000  0.000000E+00
  2.92000  0.000000E+00
  2.93000  0.000000E+00
  2.94000  0.000000E+00
  2.95000  0.000000E+00
  2.96000  0.000000E+00
  2.97000  0.000000E+00
  2.98000  0.000000E+00
  2.99000  0.000000E+00
  3.00000  0.000000E+00
  3.01000  0.000000E+00
  3.02000  0.000000E+00
  3.03000  0.000000E+00
  3.04000  0.000000E+00
  3.05000  0.000000E+00
  3.06000  0.000000E+00
  3.07000  0.000000E+00
  3.08000  0.000000E+00
  3.09000  0.000000E+00
  3.10000  0.000000E+00
  3.11000  0.000000E+00
  3.12000  0.000000E+00
  3.13000  0.000000E+00
  3.14000  0.000000E+00
  3.15000  0.000000E+00
  3.16000  0.000000E+00
  3.17000  0.000000E+00
  3.18000  0.000000E+00
  3.19000  0.000000E+00
  3.20000  0.000000E+00
  3.21000  0.000000E+00
  3.22000  0.000000E+00
  3.23000  0.000000E+00
  3.24000  0.000000E+00
  3.25000  0.000000E+00
  3.26000  0.000000E+00
  3.27000  0.000000E+00
  3.28000  0.000000E+00
  3.29000  0.000000E+00
  3.30000  0.000000E+00
  3.31000  0.000000E+00
  3.32000  0.000000E+00
  3.33000  0.000000E+00
  3.34000  0.000000E+00
  3.35000  0.000000E+00
  3.36000  0.000000E+00
  3.37000  0.000000E+00
  3.38000  0.000000E+00
  3.39000  0.000000E+00
  3.40000  0.000000E+00
  3.41000  0.000000E+00
  3.42000  0.000000E+00
  3.43000  0.000000E+00
  3.44000  0.000000E+00
  3.45000  0.000000E+00
  3.46000  0.000000E+00
  3.47000  0.000000E+00
  3.48000  0.000000E+00
  3.49000  0.000000E+00
  3.50000  0.000000E+00
  3.51000  0.000000E+00
  3.52000  0.000000E+00
  3.53000  0.000000E+00
  3.54000  0.000000E+00
  3.55000  0.000000E+00
  3.56000  0.000000E+00
  3.57000  0.000000E+00
  3.58000  0.000000E+00
  3.59000  0.000000E+00
  3.60000  0.000000E+00
  3.61000  0.000000E+00
  3.62000  0.000000E+00
  3.63000  0.000000E+00
  3.64000  0.000000E+00
  3.65000  0.000000E+00
  3.66000  0.000000E+00
  3.67000  0.000000E+00
  3.68000  0.000000E+00
  3.69000  0.000000E+00
  3.70000  0.000000E+00
  3.71000  0.000000E+00
  3.72000  0.000000E+00
  3.73000  0.000000E+00
  3.74000  0.000000E+00
  3.75000  0.000000E+00
  3.76000  0.000000E+00
  3.77000  0.000000E+00
  3.78000  0.000000E+00
  3.79000  0.000000E+00
  3.80000  0.000000E+00
  3.81000  0.000000E+00
  3.82000  0.000000E+00
  3.83000  0.000000E+00
  3.84000  0.000000E+00
  3.85000  0.000000E+00
  3.86000  0.000000E+00
  3.87000  0.000000E+00
  3.88000  0.000000E+00
  3.89000  0.000000E+00
  3.90000  0.000000E+00
  3.91000  0.000000E+00
  3.92000  0.000000E+00
  3.93000  0.000000E+00
  3.94000  0.000000E+00
  3.95000  0.000000E+00
  3.96000  0.000000E+00
  3.97000  0.000000E+00
  3.98000  0.000000E+00
  3.99000  0.000000E+00
  4.00000  0.000000E+00
  4.01000  0.000000E+00
  4.02000  0.000000E+00
  4.03000  0.000000E+00
  4.04000  0.000000E+00
  4.05000  0.000000E+00
  4.06000  0.000000E+00
  4.07000  0.000000E+00
  4.08000  0.000000E+00
  4.09000  0.000000E+00
  4.10000  0.000000E+00
  4.11000  0.000000E+00
  4.12000  0.000000E+00
  4.13000  0.000000E+00
  4.14000  0.000000E+00
  4.15000  0.000000E+00
  4.16000  0.000000E+00
  4.17000  0.000000E+00
  4.18000  0.000000E+00
  4.19000  0.000000E+00
  4.20000  0.000000E+00
  4.21000  0.000000E+00
  4.22000  0.000000E+00
  4.23000  0.000000E+00
  4.24000  0.000000E+00
  4.25000  0.000000E+00
  4.26000  0.000000E+00
  4.27000  0.000000E+00
  4.28000  0.000000E+00
  4.29000  0.000000E+00
  4.30000  0.000000E+00
  4.31000  0.000000E+00
  4.32000  0.000000E+00
  4.33000  0.000000E+00
  4.34000  0.000000E+00
  4.35000  0.000000E+00
  4.36000  0.000000E+00
  4.37000  0.000000E+00
  4.38000  0.000000E+00
  4.39000  0.000000E+00
  4.40000  0.000000E+00
  4.41000  0.000000E+00
  4.42000  0.000000E+00
  4.43000  0.000000E+00
  4.44000  0.000000E+00
  4.45000  0.000000E+00
  4.46000  0.000000E+00
  4.47000  0.000000E+00
  4.48000  0.000000E+00
  4.49000  0.000000E+00
  4.50000  0.000000E+00
  4.51000  0.000000E+00
  4.52000  0.000000E+00
  4.53000  0.000000E+00
  4.54000  0.000000E+00
  4.55000  0.000000E+00
  4.56000  0.000000E+00
  4.57000  0.000000E+00
  4.58000  0.000000E+00
  4.59000  0.000000E+00
  4.60000  0.000000E+00
  4.61000  0.000000E+00
  4.62000  0.000000E+00
  4.63000  0.000000E+00
  4.64000  0.000000E+00
  4.65000  0.000000E+00
  4.66000  0.000000E+00
  4.67000  0.000000E+00
  4.68000  0.000000E+00
  4.69000  0.000000E+00
  4.70000  0.000000E+00
  4.71000  0.000000E+00
  4.72000  0.000000E+00
  4.73000  0.000000E+00
  4.74000  0.000000E+00
  4.75000  0.000000E+00
  4.76000  0.000000E+00
  4.77000  0.000000E+00
  4.78000  0.000000E+00
  4.79000  0.000000E+00
  4.80000  0.000000E+00
  4.81000  0.000000E+00
  4.82000  0.000000E+00
  4.83000  0.000000E+00
  4.84000  0.000000E+00
  4.85000  0.000000E+00
  4.86000  0.000000E+00
  4.87000  0.000000E+00
  4.88000  0.000000E+00
  4.89000  0.000000E+00
  4.90000  0.000000E+00
  4.91000  0.000000E+00
  4.92000  0.000000E+00
  4.93000  0.000000E+00
  4.94000  0.000000E+00
  4.95000  0.000000E+00
  4.96000  0.000000E+00
  4.97000  0.000000E+00
  4.98000  0.000000E+00
  4.99000  0.000000E+00
  5.00000  0.000000E+00
  5.01000  0.000000E+00
  5.02000  0.000000E+00
  5.03000  0.000000E+00
  5.04000  0.000000E+00
  5.05000  0.000000E+00
  5.06000  0.000000E+00
  5.07000  0.000000E+00
  5.08000  0.000000E+00
  5.09000  0.000000E+00
  5.10000  0.000000E+00
  5.11000  0.000000E+00
  5.12000  0.000000E+00
  5.13000  0.000000E+00
  5.14000  0.000000E+00
  5.15000  0.000000E+00
  5.16000  0.000000E+00
  5.17000  0.000000E+00
  5.18000  0.000000E+00
  5.19000  0.000000E+00
  5.20000  0.000000E+00
  5.21000  0.000000E+00
  5.22000  0.000000E+00
  5.23000  0.000000E+00
  5.24000  0.000000E+00
  5.25000  0.000000E+00
  5.26000  0.000000E+00
  5.27000  0.000000E+00
  5.28000  0.000000E+00
  5.29000  0.000000E+00
  5.30000  0.000000E+00
  5.31000  0.000000E+00
  5.32000  0.000000E+00
  5.33000  0.000000E+00
  5.34000  0.000000E+00
  5.35000  0.000000E+00
  5.36000  0.000000E+00
  5.37000  0.000000E+00
  5.38000  0.000000E+00
  5.39000  0.000000E+00
  5.40000  0.000000E+00
  5.41000  0.000000E+00
  5.42000  0.000000E+00
  5.43000  0.000000E+00
  5.44000  0.000000E+00
  5.45000  0.000000E+00
  5.46000  0.000000E+00
  5.47000  0.000000E+00
  5.48000  0.000000E+00
  5.49000  0.000000E+00
  5.50000  0.000000E+00
  5.51000  0.000000E+00
  5.52000  0.000000E+00
  5.53000  0.000000E+00
  5.54000  0.000000E+00
  5.55000  0.000000E+00
  5.56000  0.000000E+00
  5.57000  0.000000E+00
  5.58000  0.000000E+00
  5.59000  0.000000E+00
  5.60000  0.000000E+00
  5.61000  0.000000E+00
  5.62000  0.000000E+00
  5.63000  0.000000E+00
  5.64000  0.000000E+00
  5.65000  0.000000E+00
  5.66000  0.000000E+00
  5.67000  0.000000E+00
  5.68000  0.000000E+00
  5.69000  0.000000E+00
  5.70000  0.000000E+00
  5.71000  0.000000E+00
  5.72000  0.000000E+00
  5.73000  0.000000E+00
  5.74000  0.000000E+00
  5.75000  0.000000E+00
  5.76000  0.000000E+00
  5.77000  0.000000E+00
  5.78000  0.000000E+00
  5.79000  0.000000E+00
  5.80000  0.000000E+00
  5.81000  0.000000E+00
  5.82000  0.000000E+00
  5.83000  0.000000E+00
  5.84000  0.000000E+00
  5.85000  0.000000E+00
  5.86000  0.000000E+00
  5.87000  0.000000E+00
  5.88000  0.000000E+00
  5.89000  0.000000E+00
  5.90000  0.000000E+00
  5.91000  0.000000E+00
  5.92000  0.000000E+00
  5.93000  0.000000E+00
  5.94000  0.000000E+00
  5.95000  0.000000E+00
  5.96000  0.000000E+00
  5.97000  0.000000E+00
  5.98000  0.000000E+00
  5.99000  0.000000E+00
  6.00000  0.000000E+00
  6.20000  0.000000E+00
  6.40000  0.000000E+00
  6.60000  0.000000E+00
  6.80000  0.000000E+00
  7.00000  0.000000E+00
