  0.00000  0.000000E+00
  0.01000  0.000000E+00
  0.02000  0.000000E+00
  0.03000  0.882953E-21
  0.04000  0.687987E-15
  0.05000  0.136271E-14
  0.06000  0.296134E-14
  0.07000  0.588192E-14
  0.08000  0.969949E-14
  0.09000  0.130979E-13
  0.10000  0.114609E-13
  0.11000  0.158066E-13
  0.12000  0.278755E-13
  0.13000  0.541185E-13
  0.14000  0.153424E-12
  0.15000  0.667563E-12
  0.16000  0.181739E-11
  0.17000  0.321584E-11
  0.18000  0.538782E-11
  0.19000  0.787788E-11
  0.20000  0.120842E-10
  0.21000  0.194805E-10
  0.22000  0.330461E-10
  0.23000  0.632764E-10
  0.24000  0.120971E-09
  0.25000  0.202079E-09
  0.26000  0.281444E-09
  0.27000  0.427672E-09
  0.28000  0.655958E-09
  0.29000  0.101167E-08
  0.30000  0.155580E-08
  0.31000  0.236693E-08
  0.32000  0.345620E-08
  0.33000  0.472927E-08
  0.34000  0.625918E-08
  0.35000  0.827526E-08
  0.36000  0.113166E-07
  0.37000  0.154396E-07
  0.38000  0.203020E-07
  0.39000  0.259879E-07
  0.40000  0.341362E-07
  0.41000  0.447293E-07
  0.42000  0.595160E-07
  0.43000  0.792710E-07
  0.44000  0.102141E-06
  0.45000  0.132273E-06
  0.46000  0.178083E-06
  0.47000  0.239912E-06
  0.48000  0.315460E-06
  0.49000  0.394681E-06
  0.50000  0.486033E-06
  0.51000  0.612044E-06
  0.52000  0.762081E-06
  0.53000  0.957805E-06
  0.54000  0.119038E-05
  0.55000  0.147967E-05
  0.56000  0.183977E-05
  0.57000  0.227333E-05
  0.58000  0.279446E-05
  0.59000  0.341908E-05
  0.60000  0.413518E-05
  0.61000  0.511322E-05
  0.62000  0.727562E-05
  0.63000  0.105642E-04
  0.64000  0.146200E-04
  0.65000  0.189940E-04
  0.66000  0.241928E-04
  0.67000  0.309160E-04
  0.68000  0.391793E-04
  0.69000  0.493543E-04
  0.70000  0.632778E-04
  0.71000  0.822501E-04
  0.72000  0.104060E-03
  0.73000  0.129949E-03
  0.74000  0.158956E-03
  0.75000  0.191890E-03
  0.76000  0.231998E-03
  0.77000  0.277623E-03
  0.78000  0.331733E-03
  0.79000  0.400677E-03
  0.80000  0.484638E-03
  0.81000  0.593944E-03
  0.82000  0.800715E-03
  0.83000  0.132464E-02
  0.84000  0.198063E-02
  0.85000  0.257895E-02
  0.86000  0.319642E-02
  0.87000  0.387082E-02
  0.88000  0.458271E-02
  0.89000  0.534902E-02
  0.90000  0.623356E-02
  0.91000  0.725353E-02
  0.92000  0.843343E-02
  0.93000  0.972874E-02
  0.94000  0.110619E-01
  0.95000  0.124437E-01
  0.96000  0.139773E-01
  0.97000  0.157907E-01
  0.98000  0.182421E-01
  0.99000  0.209124E-01
  1.00000  0.230749E-01
  1.01000  0.248463E-01
  1.02000  0.267450E-01
  1.03000  0.288947E-01
  1.04000  0.310337E-01
  1.05000  0.333697E-01
  1.06000  0.355514E-01
  1.07000  0.374283E-01
  1.08000  0.404141E-01
  1.09000  0.451445E-01
  1.10000  0.516329E-01
  1.11000  0.629408E-01
  1.12000  0.861617E-01
  1.13000  0.145667E+00
  1.14000  0.242568E+00
  1.15000  0.320471E+00
  1.16000  0.380819E+00
  1.17000  0.438826E+00
  1.18000  0.492562E+00
  1.19000  0.532901E+00
  1.20000  0.560840E+00
  1.21000  0.592817E+00
  1.22000  0.630525E+00
  1.23000  0.668305E+00
  1.24000  0.698875E+00
  1.25000  0.721424E+00
  1.26000  0.743065E+00
  1.27000  0.761135E+00
  1.28000  0.773771E+00
  1.29000  0.788431E+00
  1.30000  0.808005E+00
  1.31000  0.830312E+00
  1.32000  0.848369E+00
  1.33000  0.862029E+00
  1.34000  0.873298E+00
  1.35000  0.882239E+00
  1.36000  0.890416E+00
  1.37000  0.892673E+00
  1.38000  0.880258E+00
  1.39000  0.878750E+00
  1.40000  0.887371E+00
  1.41000  0.892962E+00
  1.42000  0.914442E+00
  1.43000  0.953699E+00
  1.44000  0.986153E+00
  1.45000  0.100000E+01
  1.46000  0.996308E+00
  1.47000  0.978814E+00
  1.48000  0.953181E+00
  1.49000  0.925197E+00
  1.50000  0.895915E+00
  1.51000  0.866455E+00
  1.52000  0.840209E+00
  1.53000  0.818723E+00
  1.54000  0.803346E+00
  1.55000  0.797598E+00
  1.56000  0.807508E+00
  1.57000  0.834319E+00
  1.58000  0.851034E+00
  1.59000  0.854740E+00
  1.60000  0.859709E+00
  1.61000  0.866275E+00
  1.62000  0.867611E+00
  1.63000  0.864476E+00
  1.64000  0.863385E+00
  1.65000  0.859269E+00
  1.66000  0.846289E+00
  1.67000  0.830488E+00
  1.68000  0.813634E+00
  1.69000  0.790921E+00
  1.70000  0.756148E+00
  1.71000  0.711887E+00
  1.72000  0.667310E+00
  1.73000  0.624734E+00
  1.74000  0.581594E+00
  1.75000  0.537108E+00
  1.76000  0.493721E+00
  1.77000  0.452741E+00
  1.78000  0.432133E+00
  1.79000  0.441727E+00
  1.80000  0.461680E+00
  1.81000  0.466891E+00
  1.82000  0.504852E+00
  1.83000  0.576282E+00
  1.84000  0.619411E+00
  1.85000  0.644273E+00
  1.86000  0.668990E+00
  1.87000  0.709139E+00
  1.88000  0.765447E+00
  1.89000  0.810895E+00
  1.90000  0.835186E+00
  1.91000  0.844946E+00
  1.92000  0.844955E+00
  1.93000  0.836500E+00
  1.94000  0.821547E+00
  1.95000  0.804130E+00
  1.96000  0.792260E+00
  1.97000  0.789955E+00
  1.98000  0.797240E+00
  1.99000  0.812738E+00
  2.00000  0.836855E+00
  2.01000  0.864317E+00
  2.02000  0.880663E+00
  2.03000  0.878793E+00
  2.04000  0.865297E+00
  2.05000  0.842753E+00
  2.06000  0.807320E+00
  2.07000  0.751717E+00
  2.08000  0.675150E+00
  2.09000  0.584684E+00
  2.10000  0.530994E+00
  2.11000  0.518229E+00
  2.12000  0.502421E+00
  2.13000  0.485346E+00
  2.14000  0.467341E+00
  2.15000  0.448779E+00
  2.16000  0.431377E+00
  2.17000  0.413672E+00
  2.18000  0.400840E+00
  2.19000  0.395114E+00
  2.20000  0.388425E+00
  2.21000  0.380438E+00
  2.22000  0.371281E+00
  2.23000  0.361308E+00
  2.24000  0.350658E+00
  2.25000  0.339409E+00
  2.26000  0.328408E+00
  2.27000  0.315836E+00
  2.28000  0.302368E+00
  2.29000  0.288105E+00
  2.30000  0.296147E+00
  2.31000  0.305351E+00
  2.32000  0.313976E+00
  2.33000  0.322196E+00
  2.34000  0.329833E+00
  2.35000  0.336555E+00
  2.36000  0.342692E+00
  2.37000  0.347672E+00
  2.38000  0.352196E+00
  2.39000  0.356743E+00
  2.40000  0.362705E+00
  2.41000  0.370226E+00
  2.42000  0.376372E+00
  2.43000  0.378738E+00
  2.44000  0.377805E+00
  2.45000  0.377095E+00
  2.46000  0.377194E+00
  2.47000  0.372683E+00
  2.48000  0.364246E+00
  2.49000  0.353715E+00
  2.50000  0.343090E+00
  2.51000  0.335179E+00
  2.52000  0.333132E+00
  2.53000  0.336275E+00
  2.54000  0.339839E+00
  2.55000  0.342010E+00
  2.56000  0.344749E+00
  2.57000  0.347523E+00
  2.58000  0.350285E+00
  2.59000  0.355257E+00
  2.60000  0.362774E+00
  2.61000  0.369885E+00
  2.62000  0.374889E+00
  2.63000  0.377405E+00
  2.64000  0.380407E+00
  2.65000  0.385566E+00
  2.66000  0.391339E+00
  2.67000  0.393369E+00
  2.68000  0.391932E+00
  2.69000  0.392802E+00
  2.70000  0.395301E+00
  2.71000  0.398926E+00
  2.72000  0.402997E+00
  2.73000  0.407933E+00
  2.74000  0.414608E+00
  2.75000  0.421880E+00
  2.76000  0.427994E+00
  2.77000  0.430696E+00
  2.78000  0.432461E+00
  2.79000  0.433785E+00
  2.80000  0.433836E+00
  2.81000  0.431683E+00
  2.82000  0.426495E+00
  2.83000  0.417916E+00
  2.84000  0.406561E+00
  2.85000  0.393471E+00
  2.86000  0.380293E+00
  2.87000  0.365928E+00
  2.88000  0.350658E+00
  2.89000  0.334719E+00
  2.90000  0.318877E+00
  2.91000  0.303375E+00
  2.92000  0.288343E+00
  2.93000  0.273929E+00
  2.94000  0.259859E+00
  2.95000  0.245806E+00
  2.96000  0.231205E+00
  2.97000  0.217381E+00
  2.98000  0.203913E+00
  2.99000  0.190967E+00
  3.00000  0.178759E+00
  3.01000  0.167496E+00
  3.02000  0.157101E+00
  3.03000  0.147187E+00
  3.04000  0.137536E+00
  3.05000  0.128211E+00
  3.06000  0.118027E+00
  3.07000  0.109453E+00
  3.08000  0.101227E+00
  3.09000  0.933702E-01
  3.10000  0.859422E-01
  3.11000  0.789421E-01
  3.12000  0.722722E-01
  3.13000  0.658655E-01
  3.14000  0.597465E-01
  3.15000  0.586383E-01
  3.16000  0.565585E-01
  3.17000  0.545037E-01
  3.18000  0.521108E-01
  3.19000  0.494833E-01
  3.20000  0.466564E-01
  3.21000  0.437000E-01
  3.22000  0.407526E-01
  3.23000  0.380003E-01
  3.24000  0.356066E-01
  3.25000  0.335129E-01
  3.26000  0.311298E-01
  3.27000  0.287316E-01
  3.28000  0.260876E-01
  3.29000  0.235545E-01
  3.30000  0.213880E-01
  3.31000  0.195713E-01
  3.32000  0.180049E-01
  3.33000  0.166291E-01
  3.34000  0.153720E-01
  3.35000  0.141302E-01
  3.36000  0.126809E-01
  3.37000  0.113966E-01
  3.38000  0.102657E-01
  3.39000  0.938468E-02
  3.40000  0.874659E-02
  3.41000  0.826759E-02
  3.42000  0.784033E-02
  3.43000  0.740638E-02
  3.44000  0.697195E-02
  3.45000  0.656062E-02
  3.46000  0.609620E-02
  3.47000  0.578555E-02
  3.48000  0.551280E-02
  3.49000  0.522460E-02
  3.50000  0.485842E-02
  3.51000  0.434416E-02
  3.52000  0.363717E-02
  3.53000  0.287104E-02
  3.54000  0.228173E-02
  3.55000  0.195927E-02
  3.56000  0.180295E-02
  3.57000  0.178806E-02
  3.58000  0.182069E-02
  3.59000  0.187148E-02
  3.60000  0.192173E-02
  3.61000  0.195881E-02
  3.62000  0.197893E-02
  3.63000  0.198113E-02
  3.64000  0.196651E-02
  3.65000  0.193691E-02
  3.66000  0.185283E-02
  3.67000  0.180169E-02
  3.68000  0.175051E-02
  3.69000  0.170339E-02
  3.70000  0.165923E-02
  3.71000  0.161767E-02
  3.72000  0.157944E-02
  3.73000  0.154421E-02
  3.74000  0.151017E-02
  3.75000  0.147537E-02
  3.76000  0.141054E-02
  3.77000  0.137645E-02
  3.78000  0.134184E-02
  3.79000  0.130741E-02
  3.80000  0.127453E-02
  3.81000  0.124340E-02
  3.82000  0.121203E-02
  3.83000  0.117843E-02
  3.84000  0.114242E-02
  3.85000  0.110360E-02
  3.86000  0.104078E-02
  3.87000  0.998527E-03
  3.88000  0.955201E-03
  3.89000  0.911115E-03
  3.90000  0.867785E-03
  3.91000  0.826984E-03
  3.92000  0.788811E-03
  3.93000  0.752588E-03
  3.94000  0.718773E-03
  3.95000  0.687747E-03
  3.96000  0.643567E-03
  3.97000  0.614846E-03
  3.98000  0.585077E-03
  3.99000  0.553831E-03
  4.00000  0.520881E-03
  4.01000  0.486615E-03
  4.02000  0.451821E-03
  4.03000  0.417912E-03
  4.04000  0.385509E-03
  4.05000  0.355757E-03
  4.06000  0.319112E-03
  4.07000  0.296251E-03
  4.08000  0.275969E-03
  4.09000  0.257421E-03
  4.10000  0.239657E-03
  4.11000  0.222145E-03
  4.12000  0.205026E-03
  4.13000  0.188832E-03
  4.14000  0.173860E-03
  4.15000  0.160098E-03
  4.16000  0.141398E-03
  4.17000  0.129950E-03
  4.18000  0.119152E-03
  4.19000  0.108863E-03
  4.20000  0.991728E-04
  4.21000  0.901742E-04
  4.22000  0.818958E-04
  4.23000  0.743130E-04
  4.24000  0.674508E-04
  4.25000  0.613262E-04
  4.26000  0.530211E-04
  4.27000  0.483574E-04
  4.28000  0.441676E-04
  4.29000  0.403633E-04
  4.30000  0.368548E-04
  4.31000  0.336564E-04
  4.32000  0.308056E-04
  4.33000  0.282928E-04
  4.34000  0.260364E-04
  4.35000  0.239417E-04
  4.36000  0.206011E-04
  4.37000  0.187901E-04
  4.38000  0.170505E-04
  4.39000  0.153925E-04
  4.40000  0.138243E-04
  4.41000  0.123723E-04
  4.42000  0.110433E-04
  4.43000  0.983488E-05
  4.44000  0.875519E-05
  4.45000  0.781233E-05
  4.46000  0.650858E-05
  4.47000  0.586488E-05
  4.48000  0.531702E-05
  4.49000  0.485087E-05
  4.50000  0.444368E-05
  4.51000  0.408136E-05
  4.52000  0.375236E-05
  4.53000  0.344877E-05
  4.54000  0.262736E-05
  4.55000  0.242084E-05
  4.56000  0.197396E-05
  4.57000  0.181460E-05
  4.58000  0.135794E-05
  4.59000  0.146602E-06
  4.60000  0.136040E-06
  4.61000  0.126689E-06
  4.62000  0.118379E-06
  4.63000  0.110934E-06
  4.64000  0.104150E-06
  4.65000  0.978963E-07
  4.66000  0.805660E-07
  4.67000  0.758857E-07
  4.68000  0.716432E-07
  4.69000  0.678235E-07
  4.70000  0.644262E-07
  4.71000  0.614236E-07
  4.72000  0.587219E-07
  4.73000  0.562355E-07
  4.74000  0.138292E-07
  4.75000  0.133019E-07
  4.76000  0.111162E-07
  4.77000  0.107376E-07
  4.78000  0.103921E-07
  4.79000  0.100682E-07
  4.80000  0.976953E-08
  4.81000  0.948802E-08
  4.82000  0.248840E-08
  4.83000  0.310267E-10
  4.84000  0.321722E-10
  4.85000  0.333591E-10
  4.86000  0.286407E-10
  4.87000  0.294480E-10
  4.88000  0.301282E-10
  4.89000  0.307663E-10
  4.90000  0.314019E-10
  4.91000  0.319641E-10
  4.92000  0.323001E-10
  4.93000  0.323392E-10
  4.94000  0.319844E-10
  4.95000  0.312081E-10
  4.96000  0.252419E-10
  4.97000  0.240073E-10
  4.98000  0.226624E-10
  4.99000  0.213300E-10
  5.00000  0.200776E-10
  5.01000  0.188983E-10
  5.02000  0.177608E-10
  5.03000  0.270139E-11
  5.04000  0.253860E-11
  5.05000  0.236735E-11
  5.06000  0.184713E-11
  5.07000  0.169751E-11
  5.08000  0.155017E-11
  5.09000  0.140712E-11
  5.10000  0.126829E-11
  5.11000  0.113155E-11
  5.12000  0.997031E-12
  5.13000  0.626411E-13
  5.14000  0.556452E-13
  5.15000  0.488433E-13
  5.16000  0.341357E-13
  5.17000  0.296205E-13
  5.18000  0.149163E-13
  5.19000  0.142959E-13
  5.20000  0.137827E-13
  5.21000  0.133687E-13
  5.22000  0.130197E-13
  5.23000  0.245341E-15
  5.24000  0.230796E-15
  5.25000  0.220816E-15
  5.26000  0.179121E-15
  5.27000  0.175658E-15
  5.28000  0.173595E-15
  5.29000  0.172581E-15
  5.30000  0.172377E-15
  5.31000  0.172813E-15
  5.32000  0.173614E-15
  5.33000  0.174622E-15
  5.34000  0.675649E-16
  5.35000  0.652677E-16
  5.36000  0.504620E-16
  5.37000  0.483820E-16
  5.38000  0.462156E-16
  5.39000  0.439489E-16
  5.40000  0.415762E-16
  5.41000  0.390917E-16
  5.42000  0.365894E-16
  5.43000  0.341102E-16
  5.44000  0.317096E-16
  5.45000  0.477237E-17
  5.46000  0.360613E-17
  5.47000  0.339864E-17
  5.48000  0.322777E-17
  5.49000  0.309119E-17
  5.50000  0.298128E-17
  5.51000  0.288653E-17
  5.52000  0.280446E-17
  5.53000  0.272852E-17
  5.54000  0.265557E-17
  5.55000  0.258183E-17
  5.56000  0.202777E-17
  5.57000  0.224155E-18
  5.58000  0.213130E-18
  5.59000  0.201777E-18
  5.60000  0.190235E-18
  5.61000  0.178535E-18
  5.62000  0.166718E-18
  5.63000  0.155109E-18
  5.64000  0.103276E-18
  5.65000  0.954279E-19
  5.66000  0.301120E-19
  5.67000  0.282795E-19
  5.68000  0.264646E-19
  5.69000  0.248074E-19
  5.70000  0.233145E-19
  5.71000  0.219530E-19
  5.72000  0.207507E-19
  5.73000  0.195694E-19
  5.74000  0.185274E-19
  5.75000  0.176590E-19
  5.76000  0.137864E-19
  5.77000  0.132045E-19
  5.78000  0.126710E-19
  5.79000  0.121458E-19
  5.80000  0.117127E-19
  5.81000  0.113494E-19
  5.82000  0.109785E-19
  5.83000  0.106282E-19
  5.84000  0.102600E-19
  5.85000  0.991095E-20
  5.86000  0.779170E-20
  5.87000  0.756327E-20
  5.88000  0.733333E-20
  5.89000  0.712475E-20
  5.90000  0.690922E-20
  5.91000  0.672837E-20
  5.92000  0.657324E-20
  5.93000  0.641613E-20
  5.94000  0.626480E-20
  5.95000  0.612180E-20
  5.96000  0.480012E-20
  5.97000  0.449236E-22
  5.98000  0.438822E-22
  5.99000  0.251672E-22
  6.00000  0.252056E-22
  6.20000  0.685140E-23
  6.40000  0.885057E-25
  6.60000  0.184359E-26
  6.80000  0.323767E-29
  7.00000  0.000000E+00
